1000	10	6
0	1	0.00815 0.83142 0.15666 0.00327 0.24879 0.83474 
1	1	0.02710 0.91889 0.09046 0.00838 0.46820 0.73940 
2	1	0.03178 0.75092 0.41971 0.00402 0.24621 0.88400 
3	1	0.01613 0.96701 0.05297 0.00659 0.47914 0.74389 
4	1	0.04421 0.83537 0.36691 0.00649 0.20461 0.84835 
5	1	0.02415 0.74094 0.35191 0.00167 0.11996 0.92080 
6	1	0.02371 0.70577 0.31871 0.00511 0.20775 0.84826 
7	1	0.06108 0.93236 0.14448 0.01037 0.34954 0.78194 
8	1	0.03195 0.78361 0.25134 0.00316 0.13571 0.86199 
9	1	0.02164 0.89369 0.13178 0.00909 0.47954 0.72214 
10	1	0.01954 0.91129 0.13641 0.00312 0.27744 0.84258 
11	1	0.01983 0.81047 0.24957 0.00216 0.17274 0.88616 
12	1	0.02053 0.88736 0.17370 0.00534 0.30781 0.81521 
13	1	0.01798 0.77672 0.30165 0.00295 0.14481 0.88558 
14	1	0.01328 0.83033 0.18396 0.00227 0.18876 0.85589 
15	1	0.01855 0.90944 0.18254 0.00529 0.32946 0.82512 
16	1	0.04778 0.89608 0.09365 0.01123 0.36481 0.73560 
17	1	0.03911 0.85996 0.18853 0.00927 0.31161 0.77165 
18	1	0.15779 0.89169 0.17420 0.04366 0.46434 0.68983 
19	1	0.01781 0.66261 0.37527 0.00157 0.09920 0.91153 
20	1	0.05090 0.89387 0.13641 0.00733 0.32009 0.80053 
21	1	0.02340 0.96256 0.06831 0.00502 0.40157 0.78393 
22	1	0.01838 0.84008 0.23383 0.00295 0.24149 0.87246 
23	1	0.04042 0.85805 0.29406 0.00469 0.23181 0.88053 
24	1	0.20946 0.91370 0.17132 0.05162 0.43642 0.71697 
25	1	0.01818 0.79453 0.29745 0.00172 0.14406 0.91311 
26	1	0.03913 0.85828 0.24086 0.00455 0.27861 0.85217 
27	1	0.05316 0.95312 0.06944 0.00925 0.48359 0.73885 
28	1	0.09170 0.88099 0.24560 0.01493 0.28043 0.82596 
29	1	0.09844 0.88139 0.18618 0.01615 0.38313 0.77268 
30	1	0.00221 0.64731 0.29308 0.00143 0.07535 0.88863 
31	1	0.00461 0.51259 0.71836 0.00024 0.00326 0.99567 
32	1	0.07438 0.86190 0.19883 0.01329 0.34741 0.77994 
33	1	0.01674 0.72812 0.26752 0.00609 0.31464 0.81821 
34	1	0.00453 0.77159 0.28476 0.00135 0.16533 0.89919 
35	1	0.04016 0.86282 0.17700 0.01021 0.40006 0.76596 
36	1	0.02366 0.92833 0.08281 0.00731 0.40533 0.75017 
37	1	0.01972 0.79728 0.24053 0.00401 0.24218 0.84371 
38	1	0.08774 0.90118 0.11913 0.02142 0.43854 0.70912 
39	1	0.05476 0.94607 0.14725 0.01453 0.43616 0.74331 
40	1	0.05409 0.91672 0.16535 0.01241 0.41278 0.73538 
41	1	0.03905 0.91610 0.20991 0.00896 0.37826 0.78677 
42	1	0.06826 0.89012 0.12207 0.01501 0.38826 0.73177 
43	1	0.06454 0.92071 0.20708 0.01555 0.45518 0.74194 
44	1	0.13160 0.99744 0.02742 0.04849 0.67759 0.53002 
45	1	0.11999 0.82825 0.17823 0.03638 0.48989 0.65815 
46	1	0.20638 0.81695 0.17310 0.06388 0.51925 0.60586 
47	1	0.00888 0.76705 0.36757 0.00097 0.11572 0.93427 
48	1	0.02943 0.76374 0.23186 0.00730 0.27868 0.79613 
49	1	0.01424 0.74696 0.40179 0.00426 0.25813 0.86017 
50	1	0.01043 0.85323 0.17868 0.00391 0.30325 0.82483 
51	1	0.01262 0.68865 0.46573 0.00195 0.10111 0.92864 
52	1	0.00206 0.78093 0.30777 0.00072 0.10457 0.93198 
53	1	0.02487 0.82487 0.23394 0.00206 0.16471 0.88989 
54	1	0.04097 0.80974 0.35960 0.00507 0.24996 0.87726 
55	1	0.03322 0.86624 0.22477 0.00978 0.35201 0.78749 
56	1	0.01580 0.73503 0.36565 0.00264 0.13876 0.90085 
57	1	0.13429 0.86693 0.18416 0.03569 0.41673 0.71945 
58	1	0.01525 0.79766 0.20759 0.00406 0.24400 0.83650 
59	1	0.01650 0.79387 0.32671 0.00356 0.20205 0.87695 
60	1	0.01009 0.77778 0.29131 0.00297 0.19535 0.86871 
61	1	0.00273 0.63514 0.43590 0.00050 0.04929 0.95490 
62	1	0.07850 0.91568 0.14149 0.01246 0.36191 0.75107 
63	1	0.05035 0.59310 1.00000 0.00581 0.14011 0.94493 
64	1	0.01855 0.77746 0.40607 0.00238 0.14838 0.92002 
65	1	0.15242 0.94363 0.11994 0.04490 0.59949 0.59632 
66	1	0.13679 0.88000 0.15498 0.02760 0.40571 0.72804 
67	1	0.03450 0.84173 0.16993 0.00670 0.34678 0.79026 
68	1	0.04235 0.86030 0.17191 0.01000 0.40343 0.76699 
69	1	0.11105 0.79409 0.19808 0.02241 0.35496 0.70968 
70	1	0.00668 0.56699 0.36724 0.00196 0.09658 0.90296 
71	1	0.00776 0.87134 0.14155 0.00342 0.30996 0.82399 
72	1	0.03038 0.87439 0.18812 0.00560 0.26579 0.83925 
73	1	0.10686 0.85053 0.21075 0.02701 0.39606 0.69192 
74	1	0.06166 0.96193 0.02961 0.01500 0.53897 0.65306 
75	1	0.00707 0.82446 0.24737 0.00198 0.20588 0.88502 
76	1	0.02283 0.77073 0.32895 0.00496 0.22164 0.85407 
77	1	0.01292 0.83265 0.22365 0.00244 0.20855 0.86557 
78	1	0.05524 0.76268 0.22316 0.00969 0.29601 0.78169 
79	1	0.11884 0.87892 0.09668 0.05322 0.68027 0.50447 
80	1	0.00864 0.76679 0.33559 0.00188 0.16630 0.90004 
81	1	0.07203 0.87308 0.19104 0.01360 0.33475 0.77302 
82	1	0.03729 0.71356 0.34392 0.00567 0.18783 0.85002 
83	1	0.07061 0.89301 0.13718 0.01742 0.41519 0.72390 
84	1	0.03774 0.73097 0.43866 0.00718 0.20955 0.86860 
85	1	0.05791 0.73516 0.28891 0.01047 0.27836 0.78971 
86	1	0.03129 0.79412 0.29171 0.00309 0.15949 0.90689 
87	1	0.02421 0.67232 0.40314 0.00288 0.12108 0.89755 
88	1	0.02340 0.68826 0.26629 0.00478 0.23756 0.83832 
89	1	0.00854 0.43465 0.68484 0.00202 0.05111 0.92644 
90	1	0.01755 0.77891 0.35766 0.00200 0.12103 0.90888 
91	1	0.02677 0.82973 0.25633 0.00464 0.24333 0.85562 
92	1	0.01838 0.91384 0.08101 0.00875 0.46597 0.72734 
93	1	0.02090 0.86477 0.24688 0.00365 0.24680 0.87075 
94	1	0.02079 0.83472 0.23666 0.00351 0.22763 0.85956 
95	1	0.07712 0.97318 0.08292 0.02062 0.51893 0.67952 
96	1	0.01206 0.87623 0.19916 0.00291 0.25971 0.85727 
97	1	0.01474 0.89862 0.08142 0.00606 0.34496 0.76578 
98	1	0.01033 0.81405 0.14356 0.00434 0.26421 0.80274 
99	1	0.03670 0.75490 0.28920 0.00565 0.24381 0.83880 
100	2	0.01290 0.60378 0.48485 0.00295 0.20731 0.90289 
101	2	0.02978 0.75496 0.20768 0.01018 0.45076 0.72365 
102	2	0.03658 0.71272 0.16489 0.01382 0.46467 0.70789 
103	2	0.04353 0.90093 0.10488 0.01421 0.46656 0.67673 
104	2	0.02946 0.64176 0.22236 0.00819 0.31787 0.76342 
105	2	0.02273 0.89435 0.07854 0.00844 0.43526 0.71171 
106	2	0.02839 0.67619 0.30607 0.01372 0.49273 0.71807 
107	2	0.02754 0.41507 0.56991 0.00868 0.27972 0.85088 
108	2	0.01879 0.64153 0.19251 0.00822 0.22433 0.75483 
109	2	0.09618 0.73873 0.44803 0.01234 0.18536 0.87540 
110	2	0.05440 0.50869 0.37236 0.01386 0.30696 0.80399 
111	2	0.03793 0.85891 0.11424 0.01175 0.44116 0.71873 
112	2	0.04858 0.91204 0.06962 0.01419 0.49120 0.70904 
113	2	0.02942 0.63391 0.30083 0.00402 0.16710 0.87305 
114	2	0.01435 0.80721 0.33065 0.00296 0.15914 0.87701 
115	2	0.02320 0.89065 0.18957 0.00504 0.32398 0.82078 
116	2	0.05348 0.60194 0.36036 0.01032 0.29719 0.81479 
117	2	0.07533 0.58457 0.43251 0.01554 0.32124 0.77066 
118	2	0.00766 0.71912 0.30745 0.00331 0.23614 0.85498 
119	2	0.06122 0.83475 0.25027 0.01959 0.41633 0.70501 
120	2	0.05578 0.79665 0.14880 0.01391 0.45115 0.71908 
121	2	0.08432 0.76155 0.25400 0.03248 0.45511 0.64278 
122	2	0.06151 0.69277 0.30144 0.01187 0.33771 0.76150 
123	2	0.03781 0.79299 0.10614 0.01423 0.35048 0.67060 
124	2	0.07466 0.88667 0.18819 0.01411 0.37287 0.76607 
125	2	0.08186 0.90634 0.07675 0.02229 0.44741 0.68721 
126	2	0.05612 0.86445 0.02829 0.03117 0.69337 0.52387 
127	2	0.05794 0.82920 0.06651 0.01890 0.41647 0.63634 
128	2	0.04067 0.80245 0.29708 0.01066 0.31268 0.80740 
129	2	0.07059 0.80268 0.17807 0.01269 0.28073 0.76709 
130	2	0.03014 0.89955 0.10681 0.01079 0.46225 0.71444 
131	2	0.04795 0.96370 0.02866 0.02110 0.58501 0.61400 
132	2	0.02650 0.79774 0.18647 0.00784 0.38496 0.78837 
133	2	0.03290 0.88461 0.12096 0.00815 0.37518 0.75093 
134	2	0.00419 0.69143 0.24839 0.00189 0.13031 0.87473 
135	2	0.04160 0.83929 0.11964 0.01577 0.52078 0.70653 
136	2	0.03056 0.71935 0.19838 0.01142 0.42196 0.73462 
137	2	0.09188 0.69687 0.15417 0.04658 0.61071 0.55962 
138	2	0.08092 0.84805 0.08532 0.03529 0.63885 0.57729 
139	2	0.01765 0.67408 0.26018 0.00561 0.20683 0.80782 
140	2	0.02445 0.62470 0.55562 0.00352 0.18171 0.89890 
141	2	0.03752 0.77512 0.19152 0.01445 0.44931 0.73016 
142	2	0.02755 0.73076 0.20756 0.00979 0.38477 0.76866 
143	2	0.03001 0.94184 0.03585 0.01400 0.58724 0.62772 
144	2	0.08727 0.82587 0.29871 0.01253 0.21297 0.85290 
145	2	0.02056 0.90828 0.10043 0.00632 0.30831 0.76830 
146	2	0.05224 0.80711 0.12962 0.01335 0.36578 0.66734 
147	2	0.03355 0.61846 0.30452 0.00557 0.23119 0.85072 
148	2	0.05879 0.87120 0.14829 0.01275 0.38096 0.72335 
149	2	0.06540 0.61473 0.13077 0.02916 0.56506 0.58400 
150	2	0.03962 0.74371 0.19672 0.01151 0.42714 0.74472 
151	2	0.04983 0.64935 0.16461 0.02099 0.46046 0.68860 
152	2	0.05503 0.87129 0.05651 0.02628 0.45595 0.53416 
153	2	0.00454 0.70019 0.38244 0.00050 0.05719 0.94537 
154	2	0.03747 0.82269 0.17120 0.00929 0.34339 0.78647 
155	2	0.05827 0.80495 0.09457 0.02664 0.49599 0.61288 
156	2	0.11738 0.59950 0.17324 0.05204 0.55877 0.56369 
157	2	0.05864 0.72469 0.14239 0.01820 0.48722 0.67138 
158	2	0.12509 0.66501 0.28160 0.04103 0.40577 0.64204 
159	2	0.06327 0.74170 0.18305 0.02368 0.41916 0.67782 
160	2	0.02096 0.82456 0.30034 0.00233 0.16499 0.89214 
161	2	0.17984 0.65340 0.05038 0.07934 0.69038 0.43248 
162	2	0.04072 0.87692 0.10250 0.01469 0.58959 0.67592 
163	2	0.02959 0.84331 0.08156 0.01079 0.36198 0.69857 
164	2	0.01887 0.69854 0.23812 0.00700 0.21123 0.76134 
165	2	0.10622 0.65058 0.23875 0.02367 0.45215 0.67022 
166	2	0.06728 0.75859 0.22516 0.01727 0.41241 0.76253 
167	2	0.01876 0.80860 0.15536 0.00406 0.20241 0.79728 
168	2	0.08797 0.88412 0.13043 0.02242 0.41387 0.71525 
169	2	0.08518 0.78873 0.22136 0.02759 0.45804 0.72220 
170	2	0.02325 0.73723 0.27153 0.00297 0.20509 0.86166 
171	2	0.05252 0.63409 0.24849 0.00778 0.25767 0.79989 
172	2	0.05520 0.36191 0.32194 0.01519 0.33399 0.75915 
173	2	0.15188 0.83187 0.12632 0.04468 0.49104 0.63064 
174	2	0.02027 0.50773 0.35276 0.00558 0.24352 0.81652 
175	2	0.01760 0.72040 0.31463 0.00368 0.21142 0.87801 
176	2	0.03210 0.67063 0.24940 0.01014 0.29812 0.78022 
177	2	0.12354 0.73577 0.19481 0.04793 0.46916 0.65953 
178	2	0.06779 0.74661 0.29439 0.01455 0.36344 0.78140 
179	2	0.08391 0.81838 0.14895 0.01440 0.33898 0.73818 
180	2	0.08163 0.71120 0.11837 0.02985 0.49978 0.60947 
181	2	0.09928 0.65843 0.28649 0.04164 0.50341 0.65569 
182	2	0.04794 0.77077 0.29138 0.00688 0.17859 0.81586 
183	2	0.06549 0.73059 0.15329 0.02656 0.50005 0.63476 
184	2	0.04282 0.44216 0.32401 0.01382 0.38001 0.72575 
185	2	0.01782 0.74326 0.17567 0.00709 0.31064 0.76200 
186	2	0.06382 0.70354 0.07014 0.03373 0.65142 0.53478 
187	2	0.05182 0.84134 0.17123 0.01285 0.44490 0.71787 
188	2	0.02577 0.87558 0.14452 0.00910 0.47212 0.74904 
189	2	0.05027 0.91711 0.09939 0.01367 0.50744 0.69104 
190	2	0.01935 0.89447 0.13519 0.00576 0.38236 0.79463 
191	2	0.16482 0.32708 0.29634 0.07249 0.53502 0.59401 
192	2	0.08289 0.65811 0.19030 0.03368 0.51100 0.62022 
193	2	0.04806 0.52751 0.63429 0.00795 0.17138 0.89264 
194	2	0.08808 0.71199 0.18847 0.03654 0.63475 0.61911 
195	2	0.06917 0.63190 0.25069 0.02720 0.51365 0.67698 
196	2	0.03265 0.57663 0.68959 0.00353 0.09054 0.93079 
197	2	0.04902 0.79509 0.16929 0.01298 0.43890 0.71410 
198	2	0.02097 0.78604 0.22648 0.00944 0.36745 0.73736 
199	2	0.02198 0.96317 0.05084 0.00968 0.47400 0.67923 
200	3	0.06154 0.63742 0.31865 0.01851 0.38090 0.75370 
201	3	0.09994 0.87203 0.25212 0.02303 0.45475 0.69670 
202	3	0.05820 0.74800 0.30165 0.02602 0.51176 0.71226 
203	3	0.05488 0.67511 0.49845 0.01104 0.22426 0.85270 
204	3	0.03103 0.53264 0.43341 0.00664 0.22624 0.87071 
205	3	0.06591 0.54520 0.43882 0.02296 0.51169 0.72817 
206	3	0.14881 0.80377 0.33597 0.02574 0.26130 0.82444 
207	3	0.12761 0.94937 0.14472 0.03339 0.54403 0.67431 
208	3	0.17104 0.94062 0.10853 0.03451 0.47243 0.69387 
209	3	0.11759 0.83319 0.37402 0.01909 0.23976 0.82972 
210	3	0.05183 0.77411 0.47816 0.00899 0.20315 0.87000 
211	3	0.09489 0.67369 0.71763 0.01507 0.24643 0.88161 
212	3	0.10312 0.65109 0.55527 0.01244 0.15173 0.89418 
213	3	0.11375 0.80020 0.20798 0.05125 0.72282 0.56064 
214	3	0.05357 0.81113 0.17581 0.03352 0.71371 0.59883 
215	3	0.12439 0.81947 0.23498 0.03214 0.61156 0.65958 
216	3	0.08386 0.66158 0.88142 0.01500 0.22362 0.85274 
217	3	0.04086 0.78235 0.44458 0.00899 0.22670 0.85385 
218	3	0.02603 0.56817 0.61628 0.00546 0.25352 0.86591 
219	3	0.03308 0.74697 0.37116 0.00929 0.33926 0.81987 
220	3	0.11119 0.85775 0.11872 0.04106 0.74097 0.58083 
221	3	0.01154 0.53430 0.76384 0.00031 0.00000 1.00000 
222	3	0.02262 0.54555 0.50118 0.00441 0.20102 0.89947 
223	3	0.06930 0.88543 0.29421 0.02064 0.37556 0.72705 
224	3	0.06681 0.84685 0.15790 0.03063 0.72216 0.58849 
225	3	0.05145 0.75247 0.39484 0.01071 0.27046 0.81143 
226	3	0.04864 0.77380 0.39486 0.01041 0.28523 0.86095 
227	3	0.24766 0.75887 0.28659 0.07159 0.52057 0.66758 
228	3	0.20757 0.74731 0.39947 0.05137 0.40180 0.73059 
229	3	0.04430 0.74449 0.36374 0.00856 0.31429 0.82522 
230	3	0.05131 0.71180 0.47437 0.00743 0.26394 0.87318 
231	3	0.01112 0.53702 0.59663 0.00216 0.16910 0.92122 
232	3	0.03232 0.75937 0.27027 0.00990 0.35936 0.80988 
233	3	0.11791 0.84940 0.20329 0.02166 0.40274 0.76653 
234	3	0.48383 0.97228 0.03893 0.25088 0.96979 0.27960 
235	3	0.04930 0.75642 0.29065 0.01839 0.48304 0.73444 
236	3	0.04007 0.80406 0.15197 0.00774 0.32421 0.75921 
237	3	0.00436 0.63905 0.59229 0.00082 0.11349 0.95832 
238	3	0.02833 0.51313 0.57837 0.00434 0.16925 0.90361 
239	3	0.05339 0.64388 0.31789 0.02542 0.55996 0.68879 
240	3	0.02174 0.71611 0.44522 0.00359 0.18015 0.90005 
241	3	0.04236 0.58248 0.42918 0.01177 0.41124 0.79140 
242	3	0.06125 0.58047 0.28177 0.03126 0.61755 0.64005 
243	3	0.06012 0.58236 0.51821 0.01490 0.32412 0.82356 
244	3	0.11533 0.51657 0.55661 0.03534 0.37362 0.76569 
245	3	0.10965 0.59503 0.15951 0.02752 0.20708 0.60791 
246	3	0.03581 0.64776 0.46088 0.00428 0.21292 0.89321 
247	3	0.01638 0.60927 0.54796 0.00154 0.06110 0.93893 
248	3	0.06902 0.68675 0.35400 0.02948 0.54036 0.70826 
249	3	0.02378 0.62289 0.36336 0.00343 0.11898 0.87868 
250	3	0.21300 0.66437 0.40817 0.04979 0.33581 0.76083 
251	3	0.04198 0.61311 0.42600 0.00845 0.28302 0.84657 
252	3	0.09521 0.83083 0.29335 0.03094 0.46301 0.72211 
253	3	0.03223 0.72898 0.46782 0.01049 0.36422 0.81268 
254	3	0.13402 0.84054 0.34659 0.02351 0.28314 0.79278 
255	3	0.00438 0.58448 0.42403 0.00077 0.05705 0.93683 
256	3	0.17949 0.89807 0.22761 0.05977 0.43941 0.68799 
257	3	0.02937 0.79929 0.28004 0.00540 0.24794 0.83279 
258	3	0.11700 0.91474 0.18317 0.04603 0.53772 0.63546 
259	3	0.03645 0.77752 0.30072 0.00320 0.14387 0.91087 
260	3	0.02145 0.71918 0.28408 0.00232 0.09626 0.87991 
261	3	0.06062 0.64963 0.56975 0.00978 0.22572 0.87619 
262	3	0.08046 0.77774 0.47795 0.01782 0.35605 0.81418 
263	3	0.04267 0.75227 0.19596 0.01774 0.58715 0.67727 
264	3	0.05946 0.78304 0.19837 0.02379 0.65612 0.63975 
265	3	0.07890 0.86977 0.33871 0.01644 0.37491 0.77087 
266	3	0.02957 0.76706 0.30392 0.00259 0.19246 0.89410 
267	3	0.00594 0.77279 0.23264 0.00172 0.14594 0.88599 
268	3	0.04868 0.82205 0.16213 0.01491 0.40667 0.71088 
269	3	0.06055 0.72330 0.45488 0.00791 0.17289 0.88190 
270	3	0.05747 0.81114 0.23975 0.01767 0.45731 0.73318 
271	3	0.12182 0.78367 0.24993 0.03591 0.52540 0.69293 
272	3	0.12482 0.73628 0.36567 0.03726 0.46682 0.72117 
273	3	0.46232 0.66976 0.34281 0.21550 0.41784 0.58020 
274	3	0.45994 0.87199 0.18157 0.23045 0.58152 0.48355 
275	3	0.05508 0.53814 0.72276 0.01296 0.31450 0.83119 
276	3	0.35089 0.92885 0.18175 0.14167 0.53076 0.53565 
277	3	0.03240 0.62374 0.38649 0.00347 0.19195 0.88803 
278	3	0.03966 0.78075 0.27332 0.01874 0.49970 0.71330 
279	3	0.04711 0.80923 0.24703 0.01136 0.41558 0.76873 
280	3	0.05299 0.73535 0.28773 0.01745 0.42958 0.76209 
281	3	0.05331 0.79811 0.34745 0.01141 0.27555 0.81207 
282	3	0.00271 0.63425 0.41189 0.00050 0.00835 0.94931 
283	3	0.07550 0.89752 0.24245 0.01783 0.40329 0.75693 
284	3	0.02943 0.76351 0.41579 0.00474 0.20691 0.89084 
285	3	0.06072 0.65428 0.39059 0.01633 0.26056 0.82698 
286	3	0.05551 0.62679 0.41192 0.01801 0.32325 0.78739 
287	3	0.04292 0.73666 0.37821 0.00692 0.19722 0.86791 
288	3	0.05788 0.55928 0.44949 0.01605 0.30595 0.81945 
289	3	0.03658 0.67779 0.30153 0.01274 0.34765 0.78959 
290	3	0.03859 0.87768 0.20460 0.01001 0.30641 0.77248 
291	3	0.00809 0.67749 0.30467 0.00140 0.10610 0.90950 
292	3	0.09586 0.87853 0.26267 0.02469 0.49337 0.72991 
293	3	0.06744 0.62045 0.30276 0.03118 0.47778 0.70782 
294	3	0.08423 0.87274 0.18258 0.02983 0.51420 0.69753 
295	3	0.35019 0.91164 0.07961 0.13535 0.51860 0.55232 
296	3	0.00766 0.88391 0.12551 0.00254 0.24496 0.84677 
297	3	0.36820 0.97130 0.06944 0.13864 0.54948 0.59498 
298	3	0.08824 0.68738 0.32243 0.02705 0.41503 0.74169 
299	3	0.07001 0.83713 0.27045 0.02157 0.52493 0.71862 
300	4	0.04568 0.68781 0.42576 0.01115 0.34260 0.78482 
301	4	0.07348 0.83982 0.26222 0.01735 0.42960 0.70931 
302	4	0.03618 0.66026 0.53700 0.00655 0.29956 0.85295 
303	4	0.14880 0.60178 0.54806 0.02849 0.34582 0.75904 
304	4	0.11031 0.81793 0.26707 0.02104 0.48179 0.70797 
305	4	0.04427 0.67706 0.52711 0.00844 0.28837 0.82786 
306	4	0.14084 0.76588 0.45611 0.02824 0.34752 0.80105 
307	4	0.02003 0.57092 0.67879 0.00151 0.10048 0.94873 
308	4	0.02175 0.72905 0.51206 0.00515 0.28743 0.87465 
309	4	0.03363 0.84925 0.28983 0.00954 0.47169 0.76993 
310	4	0.03630 0.62851 0.69125 0.00886 0.28719 0.85605 
311	4	0.02887 0.71974 0.41891 0.00813 0.41037 0.79059 
312	4	0.03438 0.69090 0.45929 0.00577 0.29945 0.84530 
313	4	0.03397 0.78792 0.37997 0.00671 0.36706 0.82618 
314	4	0.02723 0.78921 0.40400 0.00782 0.33973 0.78883 
315	4	0.02908 0.68385 0.58528 0.00618 0.25962 0.84688 
316	4	0.04633 0.86889 0.29079 0.01236 0.40572 0.76655 
317	4	0.07145 0.45688 0.53425 0.01152 0.26876 0.81397 
318	4	0.01819 0.64299 0.40213 0.00526 0.25875 0.83163 
319	4	0.03603 0.66940 0.44395 0.00761 0.26563 0.82975 
320	4	0.04652 0.73792 0.52708 0.00998 0.30220 0.82924 
321	4	0.05418 0.53854 0.85390 0.00822 0.27417 0.86028 
322	4	0.05328 0.73846 0.50198 0.01057 0.27264 0.80248 
323	4	0.04122 0.73651 0.57877 0.00913 0.29605 0.81316 
324	4	0.10133 0.72349 0.42454 0.01741 0.37606 0.78918 
325	4	0.03123 0.70575 0.61940 0.00548 0.26783 0.88166 
326	4	0.07705 0.70505 0.42246 0.01310 0.37257 0.79546 
327	4	0.11904 0.70253 0.55170 0.02424 0.31416 0.80848 
328	4	0.04343 0.66745 0.40975 0.00770 0.28514 0.83792 
329	4	0.07136 0.64324 0.64065 0.01067 0.22751 0.84238 
330	4	0.05737 0.78912 0.35458 0.01388 0.41644 0.76022 
331	4	0.03913 0.75944 0.32641 0.00703 0.31020 0.83060 
332	4	0.10138 0.75650 0.35478 0.01902 0.44145 0.76731 
333	4	0.04899 0.70119 0.47527 0.00994 0.33429 0.82873 
334	4	0.10324 0.76616 0.46897 0.02056 0.35867 0.80245 
335	4	0.11973 0.76978 0.56795 0.02421 0.40423 0.76441 
336	4	0.03033 0.69993 0.53155 0.00465 0.19833 0.89866 
337	4	0.05265 0.77959 0.40847 0.01323 0.37812 0.79480 
338	4	0.03507 0.67155 0.41345 0.00912 0.33447 0.82075 
339	4	0.09124 0.78108 0.36244 0.01775 0.38995 0.74438 
340	4	0.05684 0.67128 0.55804 0.00830 0.28617 0.84741 
341	4	0.07508 0.79255 0.39272 0.01165 0.37546 0.78650 
342	4	0.05450 0.72578 0.59121 0.01111 0.32984 0.80781 
343	4	0.02508 0.51131 0.60059 0.00557 0.24064 0.89780 
344	4	0.08960 0.68624 0.28746 0.01813 0.40034 0.73546 
345	4	0.07812 0.71398 0.56308 0.01313 0.35128 0.80482 
346	4	0.07331 0.77826 0.35395 0.01146 0.35830 0.79632 
347	4	0.07321 0.66430 0.41819 0.01533 0.35649 0.78401 
348	4	0.03325 0.66354 0.54079 0.00499 0.19306 0.88894 
349	4	0.03594 0.60219 0.44795 0.00603 0.25075 0.84813 
350	4	0.02465 0.68159 0.37601 0.00500 0.28751 0.83771 
351	4	0.08905 0.73776 0.60515 0.01661 0.30538 0.80642 
352	4	0.05591 0.69610 0.53187 0.00807 0.23706 0.86492 
353	4	0.04818 0.69533 0.44893 0.00687 0.22374 0.86959 
354	4	0.05968 0.80347 0.27880 0.01479 0.40777 0.76142 
355	4	0.03966 0.51980 0.58625 0.00363 0.13723 0.91605 
356	4	0.11138 0.82043 0.36937 0.02337 0.34167 0.76610 
357	4	0.15565 0.78979 0.38330 0.03499 0.43125 0.73293 
358	4	0.11014 0.72585 0.37834 0.02089 0.33519 0.75512 
359	4	0.01887 0.69261 0.39746 0.00598 0.30823 0.82820 
360	4	0.01687 0.70060 0.40826 0.00293 0.12308 0.86801 
361	4	0.09046 0.79396 0.36606 0.02303 0.37478 0.77021 
362	4	0.05716 0.76550 0.51508 0.01023 0.31382 0.83418 
363	4	0.10414 0.73175 0.47735 0.02175 0.42263 0.77587 
364	4	0.08467 0.82484 0.32637 0.02550 0.47081 0.73926 
365	4	0.02584 0.34992 0.74285 0.00189 0.05948 0.96604 
366	4	0.06201 0.68723 0.38307 0.01213 0.26189 0.78284 
367	4	0.02847 0.69641 0.61062 0.00557 0.27548 0.87107 
368	4	0.07837 0.68257 0.45315 0.02256 0.44262 0.73955 
369	4	0.01119 0.49430 0.73978 0.00145 0.06253 0.94002 
370	4	0.04032 0.64953 0.43577 0.00742 0.27184 0.83561 
371	4	0.09446 0.67363 0.54769 0.02483 0.46892 0.71172 
372	4	0.08195 0.65261 0.70110 0.01437 0.29410 0.81966 
373	4	0.10186 0.82765 0.28996 0.02748 0.50503 0.70125 
374	4	0.06267 0.80048 0.40545 0.00994 0.29301 0.83780 
375	4	0.04510 0.77423 0.33307 0.01182 0.36344 0.78864 
376	4	0.03716 0.79341 0.28983 0.01030 0.36680 0.77677 
377	4	0.04171 0.62493 0.41301 0.00672 0.30725 0.84025 
378	4	0.06346 0.79872 0.36170 0.01857 0.44237 0.74727 
379	4	0.02603 0.67588 0.48060 0.00545 0.27715 0.86641 
380	4	0.05665 0.76586 0.38186 0.01653 0.41834 0.75897 
381	4	0.02201 0.66989 0.59807 0.00335 0.26018 0.89532 
382	4	0.02768 0.77256 0.38325 0.00869 0.43821 0.78648 
383	4	0.08577 0.69456 0.58567 0.01062 0.19708 0.89097 
384	4	0.08238 0.69880 0.54335 0.01670 0.33757 0.80794 
385	4	0.10115 0.85500 0.20710 0.02417 0.54983 0.67235 
386	4	0.07015 0.78181 0.47014 0.01746 0.44808 0.77034 
387	4	0.06091 0.73713 0.44718 0.01220 0.34260 0.79654 
388	4	0.06218 0.70316 0.39818 0.01212 0.36039 0.79689 
389	4	0.04078 0.82179 0.29177 0.00737 0.35403 0.81390 
390	4	0.07849 0.68999 0.59528 0.01651 0.28980 0.77208 
391	4	0.02308 0.82535 0.32889 0.00635 0.31895 0.81586 
392	4	0.08382 0.73355 0.47171 0.01589 0.38124 0.79503 
393	4	0.03413 0.68352 0.48797 0.00461 0.15904 0.88297 
394	4	0.02314 0.64764 0.49295 0.00322 0.18826 0.89906 
395	4	0.01726 0.55584 0.72250 0.00218 0.10481 0.92698 
396	4	0.02586 0.72189 0.42049 0.00392 0.21753 0.87518 
397	4	0.03181 0.67283 0.50021 0.00478 0.20393 0.86565 
398	4	0.06319 0.66415 0.55882 0.01219 0.28024 0.80939 
399	4	0.02549 0.58457 0.65457 0.00257 0.19942 0.92166 
400	5	0.82173 0.82038 0.18313 0.68837 0.89324 0.13250 
401	5	0.55858 0.84440 0.18193 0.40501 0.79109 0.26072 
402	5	0.74790 0.89772 0.09966 0.55658 0.74786 0.28300 
403	5	0.47335 0.81817 0.15669 0.40794 0.87146 0.15298 
404	5	0.93416 0.87372 0.15914 0.86532 0.84984 0.13859 
405	5	0.63448 0.87581 0.15025 0.42811 0.82399 0.25971 
406	5	0.74551 0.84978 0.18093 0.57093 0.84493 0.19714 
407	5	0.69523 0.79829 0.13930 0.53486 0.88983 0.16331 
408	5	0.40612 0.91853 0.15617 0.19382 0.59972 0.47443 
409	5	0.70748 0.80808 0.31424 0.56046 0.85320 0.18730 
410	5	0.65119 0.87137 0.27793 0.43428 0.79027 0.29136 
411	5	0.58099 0.85259 0.16244 0.36120 0.74337 0.31572 
412	5	0.65058 0.91239 0.10891 0.44655 0.78346 0.26965 
413	5	0.47101 0.69419 0.24528 0.38132 0.87042 0.18467 
414	5	0.42798 0.83199 0.28644 0.28445 0.78983 0.30016 
415	5	0.34350 0.75838 0.26449 0.25051 0.84184 0.25752 
416	5	0.61283 0.70968 0.32626 0.44276 0.83847 0.20216 
417	5	0.72610 0.78348 0.27129 0.55098 0.82968 0.22072 
418	5	0.76201 0.81238 0.24689 0.58635 0.82966 0.21636 
419	5	0.79050 0.81786 0.28141 0.63258 0.80455 0.22063 
420	5	1.00000 0.83363 0.12629 1.00000 0.95275 0.01383 
421	5	0.77527 0.73524 0.25094 0.60952 0.85889 0.17118 
422	5	0.40313 0.85661 0.28203 0.21840 0.66989 0.41606 
423	5	0.55283 0.70225 0.23821 0.39501 0.93686 0.12956 
424	5	0.40215 0.85997 0.18187 0.24588 0.71634 0.35095 
425	5	0.22862 0.71178 0.24184 0.15032 0.71409 0.30817 
426	5	0.67450 0.89455 0.20108 0.46941 0.72231 0.31589 
427	5	0.84818 0.79379 0.19486 0.81790 0.93965 0.04647 
428	5	0.70064 0.86999 0.18587 0.50480 0.76006 0.28885 
429	5	0.78311 0.91752 0.08119 0.65437 0.89868 0.10654 
430	5	0.76268 0.82347 0.15433 0.61185 0.83154 0.19144 
431	5	0.90172 0.77281 0.14224 0.82177 0.93633 0.06183 
432	5	0.90538 0.84655 0.17444 0.81186 0.82982 0.16828 
433	5	0.92223 0.82577 0.18062 0.84222 0.83303 0.15536 
434	5	0.87743 0.76908 0.15444 0.80197 0.94375 0.05084 
435	5	0.54988 0.77823 0.16912 0.43838 0.83785 0.19092 
436	5	0.77712 0.87977 0.16774 0.60472 0.76963 0.24359 
437	5	0.73694 0.87477 0.11181 0.54854 0.79637 0.23295 
438	5	0.62918 0.84659 0.18476 0.43953 0.79875 0.25401 
439	5	0.75511 0.71820 0.16010 0.61961 0.92155 0.10053 
440	5	0.73019 0.87718 0.17596 0.54383 0.76798 0.26723 
441	5	0.77079 0.84678 0.15992 0.59367 0.77645 0.25098 
442	5	0.95438 0.85374 0.17656 0.90444 0.85792 0.11480 
443	5	0.78766 0.89005 0.15113 0.61674 0.77565 0.25254 
444	5	0.76806 0.84697 0.15137 0.58916 0.76094 0.24031 
445	5	0.61599 0.82868 0.23926 0.40663 0.76431 0.29534 
446	5	0.83480 0.86374 0.13411 0.70038 0.85967 0.15835 
447	5	0.77135 0.87678 0.15193 0.60971 0.82534 0.20283 
448	5	0.55294 0.84145 0.16910 0.44906 0.84050 0.20480 
449	5	0.70904 0.91896 0.15183 0.50658 0.72588 0.30753 
450	5	0.62986 0.87625 0.11259 0.43671 0.84935 0.20277 
451	5	0.69049 0.85043 0.15321 0.49305 0.79809 0.23764 
452	5	0.78466 0.87349 0.19009 0.61307 0.74898 0.25457 
453	5	0.89650 0.82249 0.18684 0.80638 0.89916 0.09310 
454	5	0.66598 0.87953 0.14246 0.52856 0.85612 0.17489 
455	5	0.63727 0.92610 0.17369 0.40698 0.65020 0.39119 
456	5	0.70822 0.87834 0.13528 0.65454 0.92469 0.07221 
457	5	0.74465 0.89188 0.12808 0.57749 0.84231 0.19361 
458	5	0.68298 0.78599 0.26651 0.46583 0.65998 0.35986 
459	5	0.73554 0.81665 0.23118 0.54089 0.72787 0.28052 
460	5	0.97172 0.82475 0.16312 0.94363 0.91507 0.05536 
461	5	0.47136 0.89393 0.15377 0.30046 0.71700 0.34633 
462	5	0.72210 0.86423 0.16975 0.52504 0.76795 0.25251 
463	5	0.79388 0.81286 0.13776 0.64460 0.86497 0.14537 
464	5	0.81466 0.86103 0.17219 0.70140 0.90292 0.10318 
465	5	0.85962 0.84614 0.19218 0.74534 0.86628 0.14669 
466	5	0.72259 0.79612 0.18060 0.54190 0.84788 0.19239 
467	5	0.84830 0.85710 0.15320 0.73246 0.90751 0.11592 
468	5	0.70444 0.88967 0.13094 0.52071 0.82292 0.21026 
469	5	0.87696 0.85579 0.08530 0.81531 1.00000 0.00000 
470	5	0.55741 0.88744 0.14878 0.38640 0.78191 0.27435 
471	5	0.74659 0.89166 0.15452 0.55837 0.77228 0.24785 
472	5	0.89761 0.85524 0.15041 0.80389 0.86790 0.13038 
473	5	0.69754 0.89238 0.12554 0.57414 0.84927 0.19619 
474	5	0.68341 0.79907 0.14160 0.53060 0.87636 0.15320 
475	5	0.53331 0.86680 0.29932 0.31548 0.75839 0.31685 
476	5	0.75373 0.83957 0.14931 0.57034 0.80674 0.23262 
477	5	0.44672 0.85629 0.09643 0.40285 0.88357 0.14141 
478	5	0.44704 0.84082 0.14312 0.39521 0.82115 0.22273 
479	5	0.65093 0.84696 0.15591 0.46658 0.81104 0.21894 
480	5	0.79798 0.87898 0.13372 0.65898 0.87851 0.14245 
481	5	0.94703 0.82765 0.15005 0.91744 0.93578 0.04245 
482	5	0.61013 0.89979 0.12358 0.40662 0.76780 0.27985 
483	5	0.75947 0.83274 0.15342 0.63877 0.88263 0.13990 
484	5	0.64286 0.88659 0.12962 0.47403 0.85351 0.19640 
485	5	0.56914 0.86428 0.21553 0.34023 0.66900 0.37396 
486	5	0.68139 0.86869 0.21624 0.47756 0.75969 0.28563 
487	5	0.70495 0.84957 0.17821 0.56086 0.85975 0.17316 
488	5	0.71463 0.89170 0.13341 0.54430 0.85309 0.18199 
489	5	0.61175 0.87064 0.14719 0.45208 0.87331 0.16540 
490	5	0.72738 0.88693 0.11082 0.54607 0.79941 0.23494 
491	5	0.72478 0.88284 0.12509 0.57461 0.87512 0.15054 
492	5	0.76413 0.89151 0.14621 0.59127 0.80380 0.21027 
493	5	0.41297 0.83130 0.10455 0.29345 0.84127 0.21272 
494	5	0.66735 0.84062 0.12318 0.51262 0.87303 0.14118 
495	5	0.76879 0.88848 0.11563 0.59444 0.82748 0.20230 
496	5	0.67778 0.81994 0.15044 0.49308 0.87300 0.16505 
497	5	0.82394 0.88857 0.10057 0.67620 0.81432 0.20075 
498	5	0.85287 0.85321 0.12585 0.73681 0.90404 0.11340 
499	5	0.82915 0.88348 0.15583 0.69795 0.83506 0.16493 
500	6	0.05467 0.86287 0.22394 0.00995 0.30954 0.81383 
501	6	0.02697 0.79001 0.32797 0.00178 0.10669 0.93445 
502	6	0.04815 0.74658 0.37634 0.00891 0.26965 0.85962 
503	6	0.01331 0.86227 0.19644 0.00145 0.15372 0.89703 
504	6	0.02223 0.75938 0.28648 0.00469 0.22089 0.85921 
505	6	0.33979 0.95905 0.10809 0.12196 0.46107 0.57984 
506	6	0.03050 0.84491 0.18529 0.00461 0.22669 0.83164 
507	6	0.14048 0.89959 0.15527 0.03794 0.44516 0.70265 
508	6	0.09191 0.86299 0.22329 0.01903 0.32533 0.77601 
509	6	0.02561 0.81469 0.13870 0.00639 0.24204 0.78988 
510	6	0.01135 0.77460 0.21388 0.00333 0.18249 0.84563 
511	6	0.04502 0.89718 0.14695 0.00922 0.26420 0.73079 
512	6	0.00114 0.63148 0.38259 0.00035 0.02731 0.95086 
513	6	0.04001 0.62264 0.31996 0.00437 0.16644 0.87504 
514	6	0.00857 0.79407 0.11061 0.00485 0.24341 0.77715 
515	6	0.04183 0.77301 0.21061 0.00487 0.15540 0.82823 
516	6	0.01409 0.85745 0.22906 0.00336 0.27858 0.85692 
517	6	0.03816 0.90869 0.19323 0.00910 0.34264 0.80217 
518	6	0.00169 0.78949 0.24848 0.00087 0.10849 0.91463 
519	6	0.00557 0.76728 0.25524 0.00191 0.19671 0.87981 
520	6	0.01560 0.90572 0.13335 0.00365 0.27072 0.82163 
521	6	0.06481 0.84067 0.18994 0.00983 0.24769 0.80232 
522	6	0.10383 0.91318 0.12635 0.01587 0.31287 0.76474 
523	6	0.14062 0.85364 0.16181 0.03216 0.43440 0.69448 
524	6	0.06766 0.88157 0.20350 0.01020 0.28273 0.82136 
525	6	0.02928 0.76489 0.24874 0.00390 0.19556 0.86739 
526	6	0.02501 0.69583 0.40944 0.00311 0.15407 0.91145 
527	6	0.05275 0.82875 0.23684 0.00842 0.26750 0.83193 
528	6	0.00570 0.90596 0.14264 0.00241 0.24199 0.85135 
529	6	0.05236 0.79678 0.17036 0.00872 0.27350 0.78096 
530	6	0.06882 0.93066 0.09782 0.01242 0.39635 0.75371 
531	6	0.00454 0.67004 0.24449 0.00179 0.08237 0.87605 
532	6	0.08076 0.75736 0.16478 0.02146 0.39844 0.71085 
533	6	0.03038 0.70838 0.29029 0.00599 0.19094 0.85720 
534	6	0.00708 0.86456 0.18232 0.00179 0.18052 0.87963 
535	6	0.02539 0.88024 0.13679 0.00378 0.22371 0.82910 
536	6	0.02513 0.76201 0.10993 0.01002 0.38567 0.71225 
537	6	0.04551 0.77278 0.25192 0.00519 0.20383 0.86091 
538	6	0.01083 0.69432 0.38332 0.00209 0.14626 0.90728 
539	6	0.08171 0.80275 0.23424 0.01930 0.27829 0.77901 
540	6	0.26600 0.63196 0.38446 0.08717 0.37496 0.70864 
541	6	0.00864 0.81052 0.11115 0.00442 0.21235 0.78509 
542	6	0.00998 0.77923 0.30135 0.00209 0.16753 0.90217 
543	6	0.00260 0.80610 0.25523 0.00122 0.15885 0.89997 
544	6	0.04236 0.87540 0.13436 0.00859 0.30784 0.78517 
545	6	0.03725 0.55205 0.37273 0.00462 0.16487 0.87717 
546	6	0.00473 0.83853 0.21935 0.00147 0.19522 0.88882 
547	6	0.13243 0.74693 0.18420 0.03753 0.33022 0.70370 
548	6	0.09567 0.94396 0.07288 0.01827 0.48077 0.70296 
549	6	0.00680 0.86085 0.23276 0.00173 0.17567 0.89294 
550	6	0.15425 0.94173 0.10887 0.03656 0.38160 0.69990 
551	6	0.01482 0.83115 0.22117 0.00317 0.23162 0.86150 
552	6	0.19576 0.56097 0.46076 0.04787 0.27690 0.79747 
553	6	0.07177 0.90168 0.12283 0.02539 0.50453 0.66543 
554	6	0.04264 0.90704 0.11945 0.00774 0.29666 0.77026 
555	6	0.02443 0.86190 0.21454 0.00452 0.24761 0.85056 
556	6	0.31640 0.66006 0.39439 0.11477 0.41278 0.67395 
557	6	0.00833 0.77735 0.26677 0.00137 0.12763 0.91406 
558	6	0.00462 0.70353 0.29486 0.00164 0.07664 0.89053 
559	6	0.02702 0.81749 0.20347 0.00911 0.31556 0.82319 
560	6	0.00638 0.74373 0.29641 0.00185 0.16167 0.89712 
561	6	0.05212 0.95159 0.06886 0.01796 0.54993 0.66771 
562	6	0.01029 0.84679 0.11959 0.00440 0.23668 0.79217 
563	6	0.00642 0.34767 0.60445 0.00044 0.00948 0.96407 
564	6	0.08154 0.84133 0.20130 0.01163 0.25135 0.80801 
565	6	0.18011 0.79178 0.12195 0.06707 0.57185 0.57417 
566	6	0.01923 0.92434 0.11539 0.00280 0.26706 0.83425 
567	6	0.01032 0.86380 0.19213 0.00144 0.15418 0.89535 
568	6	0.00702 0.86250 0.10999 0.00345 0.21948 0.80965 
569	6	0.00580 0.83541 0.20490 0.00176 0.19613 0.87459 
570	6	0.14894 0.86814 0.10739 0.04257 0.43480 0.64506 
571	6	0.00828 0.60736 0.40876 0.00181 0.14509 0.91788 
572	6	0.00399 0.80257 0.22884 0.00112 0.10827 0.91028 
573	6	0.17367 0.59315 0.45719 0.04996 0.32230 0.77203 
574	6	0.00511 0.88071 0.17099 0.00206 0.20283 0.86399 
575	6	0.01517 0.77593 0.21101 0.00314 0.15235 0.84461 
576	6	0.00894 0.82572 0.13785 0.00299 0.19943 0.82625 
577	6	0.03558 0.63855 0.33383 0.00511 0.22242 0.86048 
578	6	0.04061 0.82595 0.29663 0.00780 0.25818 0.84973 
579	6	0.07524 0.95201 0.07015 0.01736 0.43476 0.68952 
580	6	0.04725 0.82202 0.23129 0.00414 0.15753 0.87178 
581	6	0.00743 0.78257 0.37362 0.00102 0.06328 0.94110 
582	6	0.04923 0.90652 0.12499 0.01110 0.39398 0.75723 
583	6	0.00772 0.73883 0.33666 0.00098 0.08545 0.93425 
584	6	0.09863 0.89865 0.13953 0.02761 0.44825 0.68398 
585	6	0.07574 0.97167 0.08110 0.02473 0.53619 0.65901 
586	6	0.07073 0.89693 0.16395 0.03103 0.48890 0.66840 
587	6	0.00525 0.78992 0.19215 0.00167 0.14335 0.88230 
588	6	0.00743 0.77395 0.21306 0.00243 0.16433 0.87162 
589	6	0.07768 0.87338 0.20457 0.02417 0.44336 0.70859 
590	6	0.08808 0.92102 0.09737 0.02198 0.42055 0.72993 
591	6	0.03428 0.94889 0.09977 0.00971 0.42433 0.75838 
592	6	0.06859 0.87759 0.18762 0.02631 0.44623 0.69241 
593	6	0.04786 0.89601 0.14281 0.01772 0.44612 0.70191 
594	6	0.01003 0.75361 0.19306 0.00290 0.15669 0.85222 
595	6	0.09707 0.87596 0.19249 0.03046 0.47870 0.68472 
596	6	0.09925 0.96550 0.10315 0.02611 0.46781 0.69024 
597	6	0.07615 0.88003 0.15214 0.00892 0.25630 0.82405 
598	6	0.05991 0.87369 0.14284 0.02052 0.47642 0.71395 
599	6	0.19204 0.93742 0.11613 0.08282 0.63264 0.52243 
600	7	0.09942 0.97751 0.04754 0.04175 0.67451 0.52148 
601	7	0.03760 0.86067 0.04704 0.01455 0.50941 0.62431 
602	7	0.04635 0.87211 0.04589 0.02052 0.59320 0.58128 
603	7	0.33278 0.93683 0.05481 0.12384 0.65528 0.50176 
604	7	0.44380 0.98261 0.05333 0.26044 0.81515 0.32848 
605	7	0.02670 0.94053 0.08395 0.01171 0.49640 0.67801 
606	7	0.09736 0.96041 0.07088 0.03449 0.62613 0.59041 
607	7	0.08479 0.97856 0.03980 0.02106 0.56516 0.67134 
608	7	0.03739 0.86817 0.06546 0.01414 0.51096 0.63875 
609	7	0.36358 0.97717 0.05782 0.14688 0.72984 0.46565 
610	7	0.14568 0.90024 0.03706 0.04848 0.62999 0.53581 
611	7	0.32596 0.97712 0.06372 0.21233 0.75081 0.39468 
612	7	0.14518 0.98412 0.04195 0.07222 0.63521 0.54031 
613	7	0.62308 0.96116 0.08519 0.40047 0.73393 0.33614 
614	7	0.14935 0.97162 0.05573 0.04950 0.62366 0.57489 
615	7	0.34840 0.98333 0.05304 0.15950 0.69595 0.44873 
616	7	0.07556 0.91359 0.00000 0.05056 0.78630 0.39486 
617	7	0.52503 0.96967 0.08501 0.29957 0.74099 0.37903 
618	7	0.15979 0.97450 0.02779 0.04412 0.57990 0.58708 
619	7	0.03256 0.96034 0.05306 0.00882 0.44125 0.71435 
620	7	0.06731 0.87526 0.05406 0.02124 0.55962 0.61830 
621	7	0.25925 0.96217 0.04287 0.08188 0.60600 0.55870 
622	7	0.25394 0.90551 0.11855 0.12346 0.70342 0.47882 
623	7	0.11220 0.96081 0.05287 0.03095 0.66142 0.56841 
624	7	0.04233 0.92235 0.06022 0.01067 0.46950 0.69450 
625	7	0.60902 0.98143 0.07380 0.42855 0.86206 0.24713 
626	7	0.13929 0.92032 0.05975 0.04324 0.59225 0.57906 
627	7	0.37340 0.98635 0.06227 0.17226 0.76607 0.40132 
628	7	0.14950 0.97352 0.05433 0.04240 0.70216 0.54708 
629	7	0.30469 0.93158 0.06348 0.10508 0.61961 0.54410 
630	7	0.18124 0.95659 0.05073 0.04771 0.58617 0.60116 
631	7	0.10658 0.96615 0.08022 0.05413 0.72710 0.55008 
632	7	0.11356 0.96247 0.07067 0.03503 0.60457 0.60824 
633	7	0.20816 0.98719 0.04510 0.08684 0.70719 0.49637 
634	7	0.03815 0.93164 0.03194 0.01450 0.54230 0.63184 
635	7	0.08792 0.95251 0.06470 0.03647 0.63197 0.58201 
636	7	0.15472 0.97996 0.04054 0.04152 0.55378 0.61786 
637	7	0.30565 0.92737 0.06122 0.10391 0.64029 0.53089 
638	7	0.22258 0.97570 0.06916 0.06672 0.57740 0.58638 
639	7	0.10637 0.94237 0.03695 0.03692 0.71269 0.54460 
640	7	0.22316 0.90326 0.06267 0.08817 0.68760 0.49924 
641	7	0.14217 0.96755 0.06171 0.05011 0.72337 0.52799 
642	7	0.20432 0.97519 0.06902 0.07227 0.68453 0.52153 
643	7	0.07681 0.94169 0.00383 0.02918 0.67376 0.49567 
644	7	0.28872 0.96963 0.05929 0.11605 0.72617 0.42676 
645	7	0.22458 0.93154 0.05379 0.08268 0.67161 0.51445 
646	7	0.05084 0.90267 0.07343 0.01950 0.51601 0.65463 
647	7	0.37149 0.98364 0.04824 0.18598 0.78223 0.38456 
648	7	0.43411 0.98398 0.03275 0.23476 0.70379 0.40045 
649	7	0.55718 0.94109 0.09662 0.36129 0.78623 0.30898 
650	7	0.08193 0.96915 0.00142 0.04709 0.79884 0.42214 
651	7	0.15617 0.95590 0.09254 0.04965 0.61688 0.57631 
652	7	0.09099 0.95809 0.04476 0.03830 0.63191 0.55318 
653	7	0.44004 0.94410 0.09526 0.20718 0.69615 0.46327 
654	7	0.02429 0.89346 0.09197 0.00761 0.40775 0.74264 
655	7	0.19389 0.97331 0.03129 0.07619 0.69775 0.48468 
656	7	0.43766 0.98837 0.04064 0.26742 0.80908 0.31703 
657	7	0.07902 0.89851 0.00977 0.03049 0.62054 0.48318 
658	7	0.27150 0.97635 0.07007 0.16889 0.77670 0.37597 
659	7	0.31959 0.96216 0.03462 0.20715 0.75500 0.37631 
660	7	0.90408 0.97778 0.03550 0.80887 0.83615 0.18066 
661	7	0.41952 0.94820 0.11747 0.19206 0.63793 0.47411 
662	7	0.21644 0.91049 0.04063 0.10135 0.77136 0.38463 
663	7	0.21623 0.95651 0.02644 0.10261 0.76923 0.43595 
664	7	0.52266 0.94191 0.09655 0.39385 0.79746 0.26492 
665	7	0.25857 0.98027 0.03265 0.11812 0.72153 0.45441 
666	7	0.12381 0.97041 0.04756 0.04162 0.61244 0.58548 
667	7	0.04183 0.95439 0.02249 0.01417 0.55297 0.62579 
668	7	0.03980 0.89785 0.05187 0.01694 0.55685 0.62692 
669	7	0.04151 0.91090 0.02774 0.01948 0.58297 0.57856 
670	7	0.23390 0.93688 0.12979 0.06853 0.64163 0.57067 
671	7	0.24030 0.94657 0.11068 0.11207 0.58840 0.52358 
672	7	0.08947 0.92507 0.07169 0.01477 0.44235 0.71050 
673	7	0.11736 0.90266 0.07349 0.02126 0.44801 0.67856 
674	7	0.11002 0.95233 0.05860 0.02346 0.55030 0.65081 
675	7	0.15333 0.96029 0.06688 0.06344 0.68890 0.50188 
676	7	0.04481 0.91350 0.04111 0.01862 0.55817 0.61081 
677	7	0.10039 0.95824 0.00012 0.05818 0.87599 0.39904 
678	7	0.26295 0.96395 0.00073 0.14697 0.95216 0.27696 
679	7	0.21655 0.97689 0.03167 0.11379 0.83620 0.41904 
680	7	0.03628 0.91366 0.02019 0.02108 0.62434 0.55570 
681	7	0.11489 0.95392 0.01840 0.08973 0.91133 0.34040 
682	7	0.08299 0.96805 0.00495 0.05850 0.86804 0.39572 
683	7	0.05979 0.87214 0.11308 0.01890 0.56098 0.66859 
684	7	0.38630 0.94937 0.05793 0.21635 0.75109 0.37853 
685	7	0.14756 0.93109 0.11298 0.04669 0.58515 0.56496 
686	7	0.10341 0.90262 0.05376 0.03884 0.57166 0.56632 
687	7	0.09281 0.90130 0.12686 0.04251 0.56453 0.58635 
688	7	0.50125 0.86804 0.07692 0.27439 0.72622 0.33335 
689	7	0.24574 0.91763 0.14573 0.06875 0.47100 0.64898 
690	7	0.06227 0.85912 0.14206 0.01073 0.31402 0.76943 
691	7	0.12536 0.84638 0.03078 0.04842 0.59782 0.51965 
692	7	0.06056 0.97733 0.05955 0.02186 0.54604 0.65467 
693	7	0.01755 0.81515 0.13503 0.00676 0.31094 0.76474 
694	7	0.01543 0.97152 0.01686 0.00884 0.52260 0.66928 
695	7	0.02372 0.95736 0.01776 0.01048 0.49345 0.65488 
696	7	0.08527 0.91755 0.02088 0.03168 0.64237 0.54628 
697	7	0.09256 0.88688 0.07261 0.03067 0.53527 0.60116 
698	7	0.04809 0.94963 0.05114 0.01666 0.50592 0.65829 
699	7	0.04568 0.90429 0.07853 0.01460 0.37583 0.68964 
700	8	0.01838 0.60872 0.42987 0.00612 0.13374 0.80761 
701	8	0.00523 0.71630 0.19245 0.00246 0.11082 0.83833 
702	8	0.00502 0.63696 0.21721 0.00207 0.07780 0.85695 
703	8	0.00711 0.64737 0.23496 0.00205 0.09013 0.87054 
704	8	0.03852 0.75389 0.12209 0.01353 0.35486 0.70431 
705	8	0.00599 0.58203 0.43878 0.00129 0.03448 0.91249 
706	8	0.01003 0.58335 0.21166 0.00299 0.11704 0.81862 
707	8	0.03671 0.63384 0.18182 0.01324 0.25936 0.73412 
708	8	0.00216 0.51062 0.40594 0.00081 0.03638 0.93051 
709	8	0.02986 0.87038 0.15151 0.01277 0.32082 0.68132 
710	8	0.04803 0.85508 0.16862 0.01567 0.38848 0.67925 
711	8	0.01267 0.53944 0.24093 0.00437 0.13011 0.81046 
712	8	0.00479 0.68102 0.30414 0.00162 0.09384 0.88788 
713	8	0.01019 0.79947 0.16226 0.00432 0.13495 0.77990 
714	8	0.05795 0.88143 0.09211 0.02148 0.46387 0.65137 
715	8	0.11898 0.84331 0.09736 0.04511 0.49224 0.58036 
716	8	0.01169 0.73943 0.20670 0.00494 0.21342 0.80137 
717	8	0.03077 0.80484 0.37382 0.00783 0.26667 0.75846 
718	8	0.00696 0.57063 0.23189 0.00332 0.06378 0.80085 
719	8	0.01471 0.70081 0.16753 0.00615 0.19529 0.76736 
720	8	0.00586 0.48158 0.27522 0.00230 0.05474 0.86167 
721	8	0.02786 0.84660 0.15078 0.01074 0.35935 0.70034 
722	8	0.02138 0.69148 0.21898 0.01081 0.25831 0.69300 
723	8	0.02917 0.83992 0.15028 0.01089 0.33199 0.71286 
724	8	0.01667 0.81391 0.17735 0.00752 0.28630 0.74540 
725	8	0.01480 0.71295 0.27488 0.00495 0.21685 0.81672 
726	8	0.02711 0.67056 0.20573 0.00679 0.21586 0.77843 
727	8	0.00893 0.72330 0.11721 0.00419 0.19069 0.76990 
728	8	0.00671 0.67191 0.18946 0.00228 0.09244 0.85264 
729	8	0.01580 0.61250 0.33088 0.00399 0.15734 0.84804 
730	8	0.01523 0.75515 0.21311 0.00517 0.15356 0.79201 
731	8	0.02767 0.70754 0.24879 0.00382 0.12124 0.83321 
732	8	0.00851 0.62974 0.23708 0.00297 0.06378 0.83250 
733	8	0.05498 0.83482 0.11309 0.01921 0.46413 0.60797 
734	8	0.01636 0.65517 0.33347 0.00499 0.14035 0.82878 
735	8	0.01948 0.75766 0.20582 0.00480 0.15837 0.80262 
736	8	0.01262 0.77635 0.20402 0.00461 0.16630 0.80018 
737	8	0.02621 0.69584 0.18211 0.00543 0.16088 0.78937 
738	8	0.01241 0.78867 0.08906 0.00681 0.23341 0.72808 
739	8	0.01677 0.62112 0.32358 0.00581 0.15931 0.81648 
740	8	0.06342 0.85535 0.12471 0.01364 0.27764 0.71392 
741	8	0.01132 0.54109 0.16105 0.00493 0.13805 0.77367 
742	8	0.00769 0.69670 0.15665 0.00488 0.13274 0.76257 
743	8	0.03650 0.57925 0.24350 0.00956 0.17343 0.78530 
744	8	0.01928 0.57633 0.20427 0.00617 0.19042 0.77765 
745	8	0.02197 0.63483 0.26095 0.00698 0.22046 0.79204 
746	8	0.01636 0.73532 0.08298 0.00801 0.26370 0.70478 
747	8	0.02890 0.66984 0.30298 0.00676 0.14829 0.84296 
748	8	0.01299 0.72730 0.11054 0.00474 0.20259 0.75869 
749	8	0.01299 0.61830 0.19389 0.00611 0.17508 0.76524 
750	8	0.03111 0.52507 0.19577 0.01194 0.20371 0.72584 
751	8	0.00712 0.57217 0.24926 0.00338 0.05941 0.82613 
752	8	0.02819 0.65974 0.21675 0.01041 0.21293 0.74333 
753	8	0.03684 0.63068 0.18406 0.01200 0.29428 0.74461 
754	8	0.00430 0.72812 0.21805 0.00258 0.18495 0.84672 
755	8	0.00826 0.45774 0.38194 0.00255 0.05740 0.87877 
756	8	0.02420 0.52300 0.24036 0.00781 0.18655 0.78642 
757	8	0.01151 0.27616 0.19283 0.00513 0.09598 0.76306 
758	8	0.03418 0.68919 0.24774 0.00849 0.21724 0.80555 
759	8	0.02209 0.80333 0.15768 0.00711 0.19604 0.76007 
760	8	0.02917 0.54936 0.24418 0.00935 0.15661 0.77485 
761	8	0.00815 0.30593 0.36730 0.00270 0.06387 0.86341 
762	8	0.01435 0.63477 0.13525 0.00542 0.15942 0.76211 
763	8	0.02080 0.48418 0.27681 0.00333 0.06006 0.80562 
764	8	0.00767 0.62957 0.25878 0.00266 0.11034 0.84798 
765	8	0.05411 0.62175 0.21529 0.01473 0.35421 0.72713 
766	8	0.01337 0.58138 0.20603 0.00583 0.17029 0.76564 
767	8	0.00511 0.75544 0.17487 0.00266 0.10785 0.82390 
768	8	0.02120 0.44364 0.30478 0.00629 0.08527 0.81073 
769	8	0.01378 0.65296 0.19794 0.00393 0.10874 0.79067 
770	8	0.01143 0.49784 0.21109 0.00443 0.07940 0.77416 
771	8	0.15930 0.84683 0.11930 0.03486 0.29451 0.63430 
772	8	0.00671 0.80793 0.13104 0.00343 0.14116 0.79233 
773	8	0.00969 0.71734 0.12027 0.00501 0.17903 0.76426 
774	8	0.01077 0.55552 0.15909 0.00506 0.13387 0.77043 
775	8	0.01600 0.75619 0.26728 0.00290 0.17930 0.85914 
776	8	0.00846 0.38223 0.31986 0.00287 0.06811 0.85282 
777	8	0.03023 0.41549 0.33804 0.00664 0.16807 0.82185 
778	8	0.03964 0.47546 0.28688 0.01261 0.22055 0.76473 
779	8	0.05762 0.74111 0.20426 0.00928 0.19527 0.75382 
780	8	0.01521 0.00000 0.32216 0.00556 0.05892 0.79235 
781	8	0.02257 0.71222 0.16826 0.00632 0.15421 0.74698 
782	8	0.00844 0.66317 0.25844 0.00351 0.17568 0.83634 
783	8	0.00963 0.63340 0.39605 0.00278 0.12620 0.87718 
784	8	0.09669 0.85246 0.11434 0.02039 0.28548 0.67391 
785	8	0.02100 0.70156 0.09234 0.00762 0.26754 0.71397 
786	8	0.01937 0.69276 0.18528 0.00444 0.12590 0.78104 
787	8	0.02655 0.80177 0.17004 0.00860 0.28966 0.73544 
788	8	0.02007 0.59583 0.34401 0.00409 0.13059 0.86449 
789	8	0.02148 0.43575 0.29347 0.00609 0.08738 0.80600 
790	8	0.02082 0.40710 0.34696 0.00534 0.16143 0.83191 
791	8	0.01050 0.51630 0.22233 0.00391 0.07558 0.78937 
792	8	0.04668 0.74934 0.19326 0.00911 0.17299 0.76475 
793	8	0.01835 0.68767 0.21800 0.00528 0.18470 0.81414 
794	8	0.02998 0.77398 0.21268 0.00798 0.30545 0.79450 
795	8	0.00380 0.53284 0.23922 0.00263 0.05351 0.81565 
796	8	0.02148 0.72025 0.08391 0.00959 0.28167 0.69393 
797	8	0.01047 0.71974 0.11512 0.00458 0.19731 0.77243 
798	8	0.03255 0.70294 0.27539 0.00567 0.13594 0.80687 
799	8	0.01329 0.71793 0.18806 0.00573 0.14227 0.77750 
800	9	0.05426 0.70314 0.44897 0.00605 0.24479 0.89233 
801	9	0.03695 0.79056 0.43075 0.00730 0.26948 0.86536 
802	9	0.16932 0.84853 0.25948 0.03171 0.26094 0.80309 
803	9	0.01951 0.88858 0.13370 0.00421 0.25241 0.80074 
804	9	0.05893 0.66103 0.28351 0.02049 0.48421 0.70095 
805	9	0.04621 0.74430 0.21173 0.01469 0.36697 0.74701 
806	9	0.02555 0.90046 0.14834 0.00523 0.33048 0.82349 
807	9	0.06537 0.92931 0.08302 0.02506 0.57508 0.64591 
808	9	0.19809 0.96449 0.06986 0.05783 0.60713 0.56871 
809	9	0.12008 0.64037 0.43682 0.03062 0.36218 0.76391 
810	9	0.77811 0.95578 0.05457 0.61896 0.89069 0.17730 
811	9	0.11858 0.93084 0.09483 0.06431 0.67150 0.54360 
812	9	0.05122 0.82299 0.15809 0.01982 0.44604 0.70938 
813	9	0.04197 0.80959 0.17249 0.00979 0.30335 0.75854 
814	9	0.03485 0.86746 0.22040 0.00528 0.32328 0.82503 
815	9	0.03056 0.76379 0.38097 0.00670 0.35355 0.81564 
816	9	0.04018 0.95902 0.09333 0.01770 0.49625 0.65339 
817	9	0.25899 0.75549 0.29568 0.09062 0.52589 0.60788 
818	9	0.05910 0.88879 0.23930 0.01024 0.30336 0.82641 
819	9	0.13249 0.19653 0.76855 0.04407 0.34773 0.74096 
820	9	0.07553 0.94688 0.05361 0.02300 0.58997 0.63666 
821	9	0.06421 0.89969 0.15602 0.01005 0.38315 0.77150 
822	9	0.04710 0.90579 0.15045 0.01025 0.48691 0.73671 
823	9	0.04188 0.83202 0.15025 0.00815 0.35191 0.77702 
824	9	0.01082 0.88891 0.18340 0.00460 0.35954 0.81018 
825	9	0.03955 0.95588 0.07938 0.00991 0.43832 0.73709 
826	9	0.03343 0.91150 0.16920 0.00881 0.43551 0.74735 
827	9	0.04649 0.91309 0.21122 0.01251 0.44809 0.74522 
828	9	0.05800 0.69162 0.31168 0.02101 0.51547 0.72547 
829	9	0.02858 0.93124 0.11721 0.00953 0.40718 0.75004 
830	9	0.01538 0.80367 0.16935 0.00372 0.24625 0.82506 
831	9	0.12649 0.98778 0.04286 0.03388 0.74466 0.55620 
832	9	0.09914 0.82625 0.32282 0.01915 0.45649 0.73628 
833	9	0.06296 0.89307 0.13114 0.02939 0.58021 0.61461 
834	9	0.06391 0.81024 0.19744 0.02198 0.55675 0.68225 
835	9	0.03572 0.90716 0.13493 0.01231 0.48196 0.70089 
836	9	0.02935 0.96676 0.07669 0.00847 0.39437 0.73939 
837	9	0.01949 0.64817 0.25917 0.00372 0.21062 0.84381 
838	9	0.01283 0.82862 0.29162 0.00481 0.30642 0.83827 
839	9	0.04631 0.85720 0.12769 0.01802 0.43891 0.66916 
840	9	0.07607 0.79305 0.37195 0.00979 0.32677 0.85838 
841	9	0.05238 0.67400 0.77681 0.01058 0.32423 0.84605 
842	9	0.14599 0.95117 0.05507 0.04123 0.58519 0.58150 
843	9	0.08663 0.96429 0.09244 0.03327 0.56935 0.60771 
844	9	0.10974 0.75301 0.28974 0.03284 0.52154 0.69093 
845	9	0.06140 0.82805 0.15816 0.01238 0.28078 0.76155 
846	9	0.07969 0.86640 0.07309 0.04237 0.67199 0.54490 
847	9	0.02618 0.82530 0.26567 0.01040 0.36980 0.75862 
848	9	0.04125 0.82949 0.16171 0.01219 0.38563 0.72221 
849	9	0.02549 0.71317 0.47077 0.00498 0.27519 0.86302 
850	9	0.04363 0.98776 0.02322 0.01301 0.48575 0.66367 
851	9	0.03743 0.86467 0.26938 0.00784 0.29362 0.79490 
852	9	0.11000 0.96642 0.09465 0.03194 0.68226 0.58843 
853	9	0.16109 0.86259 0.15999 0.05660 0.50861 0.62282 
854	9	0.03702 0.74213 0.39690 0.00953 0.28249 0.83211 
855	9	0.03341 0.77847 0.39209 0.00526 0.23941 0.87604 
856	9	0.09575 0.84145 0.15871 0.02655 0.52953 0.66699 
857	9	0.04239 0.93101 0.15651 0.01826 0.45926 0.69136 
858	9	0.02494 0.69803 0.40150 0.00748 0.35674 0.81844 
859	9	0.01606 0.72989 0.43089 0.00467 0.33976 0.86226 
860	9	0.01210 0.85226 0.20446 0.00347 0.24476 0.84202 
861	9	0.05262 0.87280 0.15549 0.01962 0.49009 0.70603 
862	9	0.01196 0.81484 0.22273 0.00394 0.28443 0.82710 
863	9	0.03941 0.85560 0.15961 0.01175 0.41261 0.70837 
864	9	0.02311 0.80394 0.31005 0.00402 0.23865 0.89108 
865	9	0.06980 0.97817 0.04184 0.03128 0.51804 0.55026 
866	9	0.08148 0.91595 0.14269 0.02387 0.41360 0.69671 
867	9	0.22389 0.97536 0.05269 0.08104 0.66440 0.46329 
868	9	0.07569 0.95157 0.10418 0.02993 0.60668 0.62123 
869	9	0.06798 0.85716 0.29458 0.01111 0.27330 0.77482 
870	9	0.05152 0.79435 0.17116 0.01191 0.35953 0.74389 
871	9	0.04633 0.86806 0.11670 0.01693 0.58927 0.69983 
872	9	0.04217 0.73477 0.37829 0.01105 0.26475 0.79542 
873	9	0.06299 0.87330 0.21933 0.00904 0.36058 0.81298 
874	9	0.04259 0.89060 0.14510 0.00982 0.34310 0.75315 
875	9	0.02882 0.59678 0.28111 0.00887 0.35397 0.77996 
876	9	0.07400 0.75838 0.22250 0.03183 0.54621 0.67147 
877	9	0.03299 0.75898 0.38462 0.00755 0.33022 0.83933 
878	9	0.02945 0.78365 0.17965 0.00871 0.34542 0.78672 
879	9	0.04304 0.72139 0.40019 0.00871 0.30394 0.83874 
880	9	0.03923 0.65281 0.46676 0.01324 0.42856 0.76205 
881	9	0.03728 0.83635 0.19121 0.01031 0.44951 0.75611 
882	9	0.05421 0.64760 0.25310 0.00818 0.20381 0.82847 
883	9	0.01089 0.63959 0.29079 0.00307 0.19184 0.86474 
884	9	0.03318 1.00000 0.00730 0.01387 0.67423 0.62147 
885	9	0.02638 0.62325 0.75742 0.00361 0.15199 0.93481 
886	9	0.07088 0.91329 0.11807 0.01526 0.40820 0.72890 
887	9	0.02888 0.83852 0.27358 0.00418 0.18372 0.87174 
888	9	0.02092 0.94422 0.05142 0.00701 0.41114 0.73363 
889	9	0.03914 0.69298 0.30044 0.00920 0.30184 0.80449 
890	9	0.04166 0.90689 0.20541 0.01175 0.37966 0.77393 
891	9	0.01508 0.79806 0.24961 0.00276 0.22531 0.87072 
892	9	0.09339 0.69163 0.18806 0.02333 0.40413 0.62653 
893	9	0.07458 0.80722 0.30319 0.01157 0.32332 0.81123 
894	9	0.04093 0.83343 0.14566 0.01037 0.48974 0.73133 
895	9	0.04449 0.76615 0.24875 0.00514 0.22195 0.85592 
896	9	0.02942 0.80423 0.30050 0.00426 0.20119 0.88201 
897	9	0.05244 0.72000 0.19945 0.02362 0.58279 0.65238 
898	9	0.01011 0.78695 0.22415 0.00294 0.19439 0.83907 
899	9	0.00844 0.88674 0.13748 0.00279 0.23659 0.84676 
900	10	0.00000 0.71962 0.44133 0.00000 0.02666 0.97824 
901	10	0.09765 0.79889 0.28152 0.01300 0.26720 0.83183 
902	10	0.13405 0.90398 0.18907 0.03974 0.42527 0.73051 
903	10	0.06377 0.81241 0.46617 0.01278 0.29515 0.82632 
904	10	0.14190 0.92368 0.19764 0.03311 0.39090 0.70560 
905	10	0.02102 0.79311 0.35007 0.00522 0.28318 0.85398 
906	10	0.01041 0.68292 0.40522 0.00142 0.11846 0.92353 
907	10	0.03607 0.80632 0.28553 0.00429 0.22872 0.86231 
908	10	0.03372 0.77006 0.22875 0.00560 0.28070 0.81224 
909	10	0.20653 0.87946 0.21912 0.05603 0.46529 0.67497 
910	10	0.02848 0.71821 0.49148 0.00414 0.21073 0.90282 
911	10	0.02406 0.81431 0.38069 0.00412 0.20445 0.86517 
912	10	0.04185 0.89369 0.13051 0.01357 0.53976 0.71566 
913	10	0.09301 0.77683 0.37272 0.03961 0.47184 0.66734 
914	10	0.01676 0.62649 0.45915 0.00290 0.22048 0.90640 
915	10	0.01682 0.79708 0.25947 0.00317 0.27144 0.86186 
916	10	0.02708 0.74951 0.32771 0.00646 0.19201 0.84938 
917	10	0.02552 0.63294 0.38935 0.00500 0.26961 0.86820 
918	10	0.19983 0.65286 0.56270 0.04699 0.27089 0.78307 
919	10	0.00749 0.68493 0.45670 0.00101 0.14930 0.93974 
920	10	0.00754 0.80972 0.27640 0.00221 0.24919 0.87185 
921	10	0.09709 0.61655 0.43460 0.01904 0.32479 0.78705 
922	10	0.03629 0.70068 0.43105 0.00290 0.12272 0.91776 
923	10	0.01945 0.82676 0.27375 0.00510 0.27734 0.84043 
924	10	0.22024 0.62645 0.44780 0.05468 0.29252 0.75239 
925	10	0.13101 0.81561 0.26005 0.02640 0.31257 0.75976 
926	10	0.02581 0.74473 0.41656 0.00370 0.22527 0.88973 
927	10	0.02951 0.81065 0.33859 0.00326 0.21375 0.89374 
928	10	0.41198 0.80604 0.23456 0.19446 0.54651 0.53751 
929	10	0.24391 0.87699 0.18241 0.07821 0.54167 0.63284 
930	10	0.02073 0.66479 0.42060 0.00190 0.05925 0.92632 
931	10	0.09187 0.77320 0.38925 0.01192 0.16273 0.87919 
932	10	0.00685 0.71555 0.32400 0.00200 0.19671 0.89076 
933	10	0.03386 0.85218 0.23549 0.00540 0.36039 0.82970 
934	10	0.05269 0.68484 0.46537 0.00522 0.14862 0.91656 
935	10	0.07064 0.51119 0.50076 0.00768 0.11458 0.87866 
936	10	0.00844 0.77192 0.31467 0.00149 0.16846 0.90420 
937	10	0.02694 0.68018 0.47866 0.00333 0.20722 0.89836 
938	10	0.06704 0.82117 0.21001 0.01268 0.38823 0.78842 
939	10	0.01677 0.69587 0.42352 0.00137 0.10572 0.93523 
940	10	0.05995 0.73455 0.39069 0.00628 0.20926 0.87609 
941	10	0.06202 0.81115 0.29425 0.00516 0.13626 0.90304 
942	10	0.00749 0.62860 0.45044 0.00064 0.06533 0.95248 
943	10	0.10336 0.45219 0.47806 0.02304 0.26849 0.76443 
944	10	0.02061 0.72498 0.44045 0.00327 0.21926 0.89261 
945	10	0.00680 0.64588 0.49026 0.00061 0.07271 0.95898 
946	10	0.03467 0.74928 0.48312 0.00386 0.14569 0.93283 
947	10	0.03170 0.83987 0.22650 0.00697 0.38585 0.80414 
948	10	0.07626 0.71566 0.28038 0.01793 0.39937 0.73408 
949	10	0.18408 0.73680 0.36675 0.05778 0.35573 0.72967 
950	10	0.38059 0.82778 0.23318 0.15286 0.49536 0.61085 
951	10	0.53976 0.79524 0.25224 0.29093 0.52286 0.53193 
952	10	0.49215 0.72856 0.19424 0.26949 0.56656 0.45403 
953	10	0.17592 0.63191 0.36823 0.04089 0.34514 0.71723 
954	10	0.07339 0.70566 0.44717 0.01716 0.27863 0.79729 
955	10	0.10645 0.69127 0.54957 0.02039 0.23413 0.82878 
956	10	0.04482 0.75491 0.36259 0.00488 0.19917 0.87648 
957	10	0.00433 0.84321 0.19602 0.00199 0.23855 0.87596 
958	10	0.10217 0.81617 0.30155 0.02526 0.34721 0.73903 
959	10	0.26746 0.88241 0.17650 0.08979 0.46857 0.62612 
960	10	0.01470 0.79699 0.34130 0.00266 0.25700 0.88608 
961	10	0.19947 0.90382 0.19062 0.06006 0.50606 0.63670 
962	10	0.03911 0.81346 0.31638 0.00475 0.28446 0.87054 
963	10	0.12853 0.79642 0.28736 0.03426 0.31670 0.73669 
964	10	0.14856 0.60356 0.32800 0.02632 0.20970 0.77979 
965	10	0.11274 0.67666 0.55059 0.02585 0.27111 0.83373 
966	10	0.02962 0.74229 0.30429 0.00397 0.20481 0.86234 
967	10	0.06933 0.84885 0.21734 0.00680 0.24872 0.86015 
968	10	0.07475 0.72380 0.28957 0.02890 0.48242 0.67329 
969	10	0.43087 0.90795 0.24109 0.19079 0.58915 0.54303 
970	10	0.37795 0.78294 0.26398 0.14818 0.38776 0.62423 
971	10	0.02821 0.52878 0.41786 0.00339 0.13467 0.87952 
972	10	0.21449 0.81118 0.27086 0.06351 0.50324 0.67035 
973	10	0.44006 0.56803 0.51036 0.19687 0.42861 0.64044 
974	10	0.01140 0.66721 0.48052 0.00186 0.18575 0.92487 
975	10	0.03773 0.65108 0.41174 0.00442 0.18065 0.87933 
976	10	0.01742 0.68045 0.44218 0.00144 0.09887 0.93512 
977	10	0.00671 0.74411 0.34705 0.00144 0.16640 0.91993 
978	10	0.09152 0.65534 0.44195 0.01184 0.14459 0.87000 
979	10	0.14236 0.70301 0.35235 0.02746 0.25282 0.78191 
980	10	0.05632 0.80862 0.17643 0.00836 0.34288 0.79807 
981	10	0.07566 0.53993 0.60244 0.00832 0.09398 0.90164 
982	10	0.10948 0.85008 0.20720 0.05236 0.63039 0.61324 
983	10	0.35165 0.58373 0.45564 0.13751 0.38963 0.63032 
984	10	0.01309 0.75659 0.24500 0.00387 0.27939 0.83129 
985	10	0.00380 0.56257 0.52829 0.00073 0.08551 0.95519 
986	10	0.04136 0.83656 0.26948 0.00876 0.31672 0.83756 
987	10	0.02053 0.74772 0.23268 0.00623 0.33097 0.80290 
988	10	0.01306 0.68123 0.43080 0.00189 0.17678 0.91187 
989	10	0.00763 0.61244 0.45161 0.00083 0.09632 0.94209 
990	10	0.02510 0.66293 0.41314 0.00258 0.15892 0.90084 
991	10	0.02910 0.75871 0.40378 0.00527 0.29467 0.85655 
992	10	0.06721 0.77631 0.36069 0.00577 0.17055 0.90293 
993	10	0.07498 0.79708 0.47626 0.01255 0.22009 0.86652 
994	10	0.13652 0.71382 0.37192 0.03369 0.47320 0.71787 
995	10	0.33423 0.90226 0.18631 0.12596 0.49746 0.61051 
996	10	0.02859 0.88333 0.17401 0.00771 0.38639 0.79200 
997	10	0.28479 0.78274 0.34669 0.09495 0.51127 0.65417 
998	10	0.12565 0.68308 0.50556 0.02284 0.25994 0.79965 
999	10	0.01842 0.79484 0.34034 0.00307 0.16879 0.88547 
