1000	10	6
0	1	0.01013 0.81323 0.15067 0.00335 0.25691 0.82891 
1	1	0.02957 0.90207 0.08921 0.00902 0.47468 0.72882 
2	1	0.03696 0.71682 0.41248 0.00460 0.24825 0.87897 
3	1	0.02312 0.96263 0.05480 0.00691 0.48085 0.74164 
4	1	0.04747 0.81244 0.36492 0.00633 0.20443 0.85227 
5	1	0.01690 0.70877 0.35175 0.00157 0.11823 0.92032 
6	1	0.03804 0.66123 0.31604 0.00636 0.21173 0.83961 
7	1	0.06204 0.92595 0.13910 0.01138 0.36039 0.76699 
8	1	0.02064 0.75934 0.25014 0.00267 0.13655 0.86021 
9	1	0.02635 0.88267 0.13121 0.00933 0.48863 0.71614 
10	1	0.02058 0.90699 0.14204 0.00292 0.27134 0.85055 
11	1	0.02393 0.78924 0.25264 0.00218 0.17265 0.89046 
12	1	0.03036 0.87512 0.17748 0.00694 0.31689 0.80247 
13	1	0.01618 0.74729 0.30249 0.00306 0.14529 0.88540 
14	1	0.01398 0.82308 0.18236 0.00232 0.18947 0.85559 
15	1	0.02795 0.90266 0.18809 0.00707 0.33476 0.81469 
16	1	0.06604 0.87965 0.09582 0.01645 0.37340 0.71618 
17	1	0.06878 0.83805 0.18947 0.01270 0.31483 0.75424 
18	1	0.18269 0.87533 0.17207 0.05179 0.47218 0.66657 
19	1	0.01308 0.60497 0.37053 0.00155 0.09868 0.90796 
20	1	0.06039 0.87601 0.13410 0.00937 0.33030 0.78889 
21	1	0.04080 0.95432 0.06855 0.00599 0.40411 0.77689 
22	1	0.02100 0.82092 0.23327 0.00305 0.24263 0.87355 
23	1	0.03643 0.84071 0.29558 0.00444 0.23094 0.88151 
24	1	0.23301 0.89663 0.17273 0.06373 0.44264 0.69687 
25	1	0.02806 0.77803 0.29150 0.00192 0.14691 0.91408 
26	1	0.05056 0.84307 0.23900 0.00589 0.28558 0.83928 
27	1	0.06361 0.94629 0.07264 0.01069 0.48434 0.73219 
28	1	0.07584 0.86677 0.24303 0.01366 0.28280 0.82653 
29	1	0.11768 0.86127 0.18747 0.01988 0.39207 0.76560 
30	1	0.00227 0.57836 0.29348 0.00129 0.07141 0.89113 
31	1	0.00560 0.46022 0.70615 0.00016 0.00148 1.00000 
32	1	0.07355 0.84544 0.20265 0.01413 0.35087 0.77104 
33	1	0.02042 0.68625 0.26365 0.00604 0.31799 0.81627 
34	1	0.00777 0.75239 0.27879 0.00173 0.17158 0.88681 
35	1	0.04226 0.85393 0.17402 0.00950 0.39738 0.77051 
36	1	0.03323 0.91956 0.08467 0.00879 0.41270 0.73463 
37	1	0.02773 0.77063 0.24185 0.00558 0.24649 0.82988 
38	1	0.09820 0.88112 0.12171 0.02249 0.44383 0.70051 
39	1	0.05201 0.94039 0.15513 0.01397 0.43448 0.74313 
40	1	0.05296 0.90551 0.16848 0.01333 0.42447 0.72516 
41	1	0.04423 0.90363 0.21520 0.00932 0.37742 0.78635 
42	1	0.04939 0.86682 0.12160 0.01405 0.39173 0.72356 
43	1	0.06622 0.91441 0.20697 0.01698 0.45659 0.73696 
44	1	0.15443 0.99681 0.02882 0.04729 0.67850 0.52254 
45	1	0.14160 0.80061 0.17553 0.03975 0.49618 0.64673 
46	1	0.24378 0.78746 0.17706 0.07590 0.52519 0.59248 
47	1	0.00896 0.75026 0.37348 0.00102 0.11392 0.94020 
48	1	0.02953 0.73974 0.23046 0.00698 0.27826 0.80089 
49	1	0.01555 0.72019 0.39966 0.00425 0.25884 0.86071 
50	1	0.02326 0.84083 0.18889 0.00527 0.31166 0.81350 
51	1	0.01121 0.64752 0.45829 0.00186 0.10089 0.93002 
52	1	0.00279 0.76305 0.30886 0.00065 0.10293 0.93677 
53	1	0.02551 0.81523 0.23326 0.00191 0.16464 0.89848 
54	1	0.03383 0.79276 0.36356 0.00629 0.25475 0.86247 
55	1	0.04026 0.85211 0.22029 0.01100 0.35886 0.77629 
56	1	0.02327 0.69685 0.36233 0.00318 0.13934 0.89735 
57	1	0.25730 0.84660 0.18532 0.07191 0.42848 0.67662 
58	1	0.02096 0.78849 0.20996 0.00495 0.24608 0.83093 
59	1	0.02157 0.76010 0.33206 0.00442 0.20600 0.87201 
60	1	0.01347 0.75353 0.28689 0.00322 0.20105 0.86234 
61	1	0.00606 0.59374 0.42883 0.00063 0.05275 0.95343 
62	1	0.07958 0.90662 0.14235 0.01371 0.36885 0.73772 
63	1	0.04277 0.53892 1.00000 0.00563 0.14144 0.94994 
64	1	0.02001 0.74317 0.41366 0.00246 0.14504 0.92301 
65	1	0.13177 0.93443 0.12148 0.04519 0.59975 0.58559 
66	1	0.11267 0.84628 0.15360 0.02861 0.41280 0.71165 
67	1	0.04691 0.82028 0.16361 0.00770 0.35355 0.77997 
68	1	0.04560 0.84438 0.17013 0.00993 0.40210 0.76514 
69	1	0.12531 0.75236 0.19562 0.03299 0.38095 0.64593 
70	1	0.00655 0.50589 0.36651 0.00178 0.09384 0.90900 
71	1	0.00621 0.86669 0.14059 0.00310 0.31330 0.83005 
72	1	0.04467 0.85028 0.18818 0.00641 0.26340 0.83440 
73	1	0.12797 0.83747 0.20773 0.03693 0.40877 0.65833 
74	1	0.06634 0.96077 0.03023 0.01538 0.54099 0.65092 
75	1	0.00705 0.80175 0.24852 0.00205 0.20819 0.88424 
76	1	0.02592 0.73183 0.34147 0.00531 0.22283 0.85116 
77	1	0.00949 0.80225 0.22666 0.00196 0.20367 0.87850 
78	1	0.06804 0.75044 0.22017 0.01325 0.30352 0.75909 
79	1	0.13932 0.86440 0.09710 0.06245 0.69240 0.48042 
80	1	0.01264 0.74167 0.34322 0.00197 0.16306 0.90165 
81	1	0.08415 0.85072 0.18882 0.01536 0.34165 0.75546 
82	1	0.03874 0.66230 0.33991 0.00631 0.19142 0.84010 
83	1	0.10948 0.87159 0.14355 0.02225 0.41657 0.71193 
84	1	0.04037 0.69531 0.43583 0.00737 0.20730 0.86811 
85	1	0.06508 0.68781 0.28828 0.01108 0.27822 0.78403 
86	1	0.02565 0.77610 0.29676 0.00266 0.15642 0.91580 
87	1	0.02900 0.62921 0.40096 0.00327 0.12195 0.89506 
88	1	0.01969 0.66626 0.27350 0.00415 0.23237 0.84909 
89	1	0.00773 0.36602 0.68060 0.00182 0.05000 0.93250 
90	1	0.01241 0.75527 0.35524 0.00165 0.11969 0.91902 
91	1	0.02490 0.80674 0.25807 0.00472 0.24075 0.85526 
92	1	0.02435 0.90507 0.08207 0.00867 0.46796 0.72797 
93	1	0.02219 0.85118 0.24563 0.00355 0.24756 0.87312 
94	1	0.02664 0.82105 0.23505 0.00352 0.22893 0.86265 
95	1	0.08246 0.96998 0.08391 0.02221 0.52671 0.66902 
96	1	0.00920 0.86118 0.19927 0.00257 0.25764 0.86404 
97	1	0.01320 0.88519 0.08322 0.00564 0.34733 0.76759 
98	1	0.01115 0.78518 0.14061 0.00451 0.26946 0.79720 
99	1	0.04931 0.70814 0.28296 0.00659 0.24627 0.83142 
100	2	0.01657 0.56032 0.48827 0.00275 0.20779 0.90879 
101	2	0.03801 0.70083 0.21190 0.01144 0.45334 0.71290 
102	2	0.04514 0.64126 0.15498 0.01664 0.47858 0.68453 
103	2	0.03052 0.87472 0.10257 0.01227 0.46995 0.67625 
104	2	0.02269 0.57827 0.22177 0.00698 0.31181 0.77040 
105	2	0.04044 0.85821 0.08591 0.01110 0.43644 0.68850 
106	2	0.02665 0.59187 0.30308 0.01356 0.49595 0.71310 
107	2	0.03020 0.38095 0.56136 0.01021 0.29225 0.84217 
108	2	0.03044 0.61211 0.19210 0.00944 0.22846 0.74387 
109	2	0.06283 0.70133 0.43250 0.00763 0.17875 0.88562 
110	2	0.09510 0.40411 0.36953 0.01983 0.30838 0.79163 
111	2	0.03733 0.85142 0.11888 0.01000 0.44234 0.73449 
112	2	0.03661 0.91061 0.07167 0.00972 0.48365 0.72936 
113	2	0.03611 0.59627 0.29530 0.00488 0.17329 0.85852 
114	2	0.01789 0.78490 0.32868 0.00294 0.15974 0.87936 
115	2	0.02290 0.86782 0.18353 0.00503 0.33025 0.81820 
116	2	0.04861 0.53955 0.36365 0.00971 0.29189 0.81341 
117	2	0.06828 0.55540 0.42798 0.01566 0.32204 0.77198 
118	2	0.00924 0.67940 0.30483 0.00324 0.23499 0.85584 
119	2	0.06830 0.79772 0.24901 0.02090 0.41731 0.70283 
120	2	0.05323 0.75483 0.14363 0.01402 0.45661 0.70791 
121	2	0.08898 0.72778 0.25544 0.03099 0.45874 0.64373 
122	2	0.04426 0.64709 0.29516 0.01009 0.33758 0.76706 
123	2	0.03582 0.76790 0.10512 0.01457 0.35907 0.66720 
124	2	0.06643 0.87216 0.18995 0.01370 0.37285 0.76820 
125	2	0.07729 0.88791 0.07065 0.02184 0.45353 0.67208 
126	2	0.05416 0.88446 0.02880 0.02648 0.69469 0.53519 
127	2	0.06028 0.80114 0.06748 0.01938 0.41646 0.62738 
128	2	0.04263 0.77073 0.29665 0.01021 0.31262 0.80811 
129	2	0.06674 0.76993 0.18046 0.01172 0.27975 0.76846 
130	2	0.03326 0.88147 0.10448 0.01047 0.46979 0.71071 
131	2	0.04945 0.95915 0.02948 0.01908 0.58956 0.61587 
132	2	0.02070 0.77064 0.18099 0.00766 0.38990 0.78565 
133	2	0.02537 0.87053 0.12023 0.00697 0.37747 0.76035 
134	2	0.00694 0.65562 0.24553 0.00186 0.12856 0.87669 
135	2	0.03631 0.81814 0.12044 0.01416 0.52075 0.71221 
136	2	0.03106 0.68288 0.19595 0.01105 0.42467 0.73231 
137	2	0.11835 0.65576 0.15090 0.05675 0.61110 0.53207 
138	2	0.09051 0.80857 0.08754 0.03716 0.64131 0.56175 
139	2	0.01635 0.62954 0.25911 0.00506 0.20534 0.81268 
140	2	0.03278 0.57929 0.55623 0.00359 0.17987 0.90325 
141	2	0.02930 0.73111 0.18934 0.01379 0.44856 0.73112 
142	2	0.02142 0.68267 0.19741 0.00903 0.38678 0.76609 
143	2	0.03169 0.92997 0.03462 0.01424 0.59297 0.61950 
144	2	0.10237 0.80471 0.29111 0.01417 0.21608 0.85093 
145	2	0.02207 0.89331 0.10228 0.00615 0.30714 0.76949 
146	2	0.04508 0.73939 0.12719 0.01373 0.36651 0.65157 
147	2	0.02225 0.52718 0.30403 0.00521 0.23233 0.84931 
148	2	0.07246 0.82185 0.14664 0.01289 0.38543 0.72411 
149	2	0.06395 0.55285 0.13060 0.03091 0.56799 0.57047 
150	2	0.03241 0.70658 0.19465 0.01103 0.42883 0.74331 
151	2	0.05456 0.56992 0.16573 0.02071 0.46354 0.68324 
152	2	0.04528 0.87076 0.05789 0.02568 0.46048 0.52395 
153	2	0.00255 0.66021 0.37253 0.00043 0.05703 0.94724 
154	2	0.04969 0.81185 0.17076 0.00997 0.34955 0.78547 
155	2	0.05178 0.78025 0.09340 0.02563 0.50127 0.61089 
156	2	0.13326 0.52009 0.16644 0.05603 0.56824 0.55003 
157	2	0.05694 0.65212 0.13662 0.01893 0.49637 0.65668 
158	2	0.09848 0.62439 0.27801 0.03337 0.40626 0.66134 
159	2	0.05817 0.70937 0.18200 0.02302 0.41793 0.67243 
160	2	0.01917 0.79775 0.30302 0.00199 0.16159 0.89882 
161	2	0.12152 0.64104 0.05147 0.06379 0.69058 0.44208 
162	2	0.03314 0.86618 0.10481 0.01267 0.58463 0.68527 
163	2	0.02828 0.82560 0.08007 0.01102 0.36321 0.68889 
164	2	0.02001 0.63371 0.23430 0.00716 0.21205 0.75776 
165	2	0.11166 0.56565 0.23679 0.02492 0.45764 0.66256 
166	2	0.05844 0.71386 0.22365 0.01721 0.41827 0.75883 
167	2	0.01446 0.81149 0.15255 0.00350 0.19876 0.80680 
168	2	0.08450 0.87220 0.12996 0.02172 0.41463 0.71611 
169	2	0.08577 0.75670 0.21710 0.03137 0.46754 0.70676 
170	2	0.01576 0.70141 0.26877 0.00277 0.20426 0.86427 
171	2	0.05317 0.59195 0.24377 0.00734 0.26032 0.80199 
172	2	0.06124 0.18482 0.31779 0.01632 0.33835 0.74575 
173	2	0.14305 0.79604 0.12646 0.04356 0.49606 0.62858 
174	2	0.02336 0.44106 0.35318 0.00528 0.24191 0.81930 
175	2	0.02299 0.68147 0.32000 0.00358 0.21005 0.88505 
176	2	0.04031 0.63248 0.24985 0.00951 0.29163 0.78128 
177	2	0.12728 0.70014 0.18680 0.04863 0.47131 0.64688 
178	2	0.03480 0.69847 0.29038 0.01033 0.35848 0.80162 
179	2	0.06513 0.79208 0.14676 0.01233 0.33593 0.74074 
180	2	0.07374 0.66175 0.12119 0.02965 0.50312 0.60056 
181	2	0.09955 0.60964 0.27699 0.03815 0.50151 0.65879 
182	2	0.03564 0.73140 0.28635 0.00535 0.17353 0.82582 
183	2	0.07407 0.66331 0.15348 0.02719 0.50439 0.63148 
184	2	0.04320 0.41716 0.32249 0.01453 0.38974 0.71620 
185	2	0.02212 0.69035 0.17467 0.00710 0.31366 0.75911 
186	2	0.05533 0.66211 0.07177 0.03277 0.65346 0.53045 
187	2	0.03363 0.81292 0.16985 0.01073 0.44487 0.72278 
188	2	0.02055 0.85372 0.14242 0.00880 0.47783 0.74703 
189	2	0.05315 0.90165 0.10335 0.01337 0.50431 0.69205 
190	2	0.01815 0.88674 0.13250 0.00552 0.38284 0.79585 
191	2	0.22761 0.26885 0.29406 0.08606 0.53935 0.58025 
192	2	0.11584 0.62581 0.18519 0.03850 0.52271 0.60740 
193	2	0.04729 0.46969 0.61251 0.00716 0.17002 0.89300 
194	2	0.08608 0.66263 0.18655 0.03641 0.64438 0.61325 
195	2	0.07287 0.59729 0.25851 0.02628 0.50860 0.68339 
196	2	0.05482 0.51184 0.67659 0.00481 0.09293 0.92007 
197	2	0.04320 0.76156 0.16355 0.01306 0.44803 0.70414 
198	2	0.02378 0.75691 0.22002 0.01018 0.37254 0.72349 
199	2	0.02005 0.94947 0.05229 0.00862 0.45978 0.68420 
200	3	0.04782 0.59352 0.31821 0.01631 0.37647 0.76016 
201	3	0.10909 0.86385 0.24846 0.02498 0.46282 0.68824 
202	3	0.06523 0.72480 0.29865 0.02612 0.51134 0.71097 
203	3	0.05678 0.63933 0.49403 0.01142 0.22452 0.85373 
204	3	0.02694 0.47265 0.42102 0.00658 0.22965 0.86760 
205	3	0.05911 0.48496 0.43038 0.02095 0.51087 0.73032 
206	3	0.16420 0.77305 0.33836 0.02983 0.26471 0.82330 
207	3	0.12920 0.94240 0.14418 0.03414 0.54791 0.67082 
208	3	0.18050 0.93070 0.10956 0.03733 0.47701 0.68867 
209	3	0.12874 0.80962 0.36980 0.02027 0.24039 0.83123 
210	3	0.06148 0.74751 0.46727 0.00884 0.20159 0.87020 
211	3	0.09845 0.61896 0.70782 0.01585 0.24590 0.88249 
212	3	0.10112 0.59949 0.54818 0.01198 0.14932 0.89369 
213	3	0.08762 0.75974 0.20175 0.04340 0.72482 0.56876 
214	3	0.06836 0.78651 0.17483 0.03343 0.71746 0.59622 
215	3	0.12056 0.79938 0.23292 0.03031 0.61165 0.66015 
216	3	0.09645 0.60651 0.85822 0.01626 0.22404 0.85181 
217	3	0.05325 0.75706 0.43898 0.00945 0.23058 0.86008 
218	3	0.02566 0.51938 0.61918 0.00519 0.24966 0.87136 
219	3	0.02783 0.71659 0.36676 0.00899 0.34263 0.82085 
220	3	0.10178 0.83117 0.11820 0.03819 0.74673 0.57804 
221	3	0.01570 0.46512 0.75519 0.00053 0.00000 0.99053 
222	3	0.02116 0.49618 0.49390 0.00409 0.20207 0.90215 
223	3	0.07096 0.86814 0.29076 0.01974 0.37935 0.72914 
224	3	0.05493 0.82687 0.15756 0.02600 0.72457 0.59734 
225	3	0.05329 0.71537 0.38845 0.01016 0.26941 0.82333 
226	3	0.06404 0.74321 0.38935 0.01150 0.28494 0.84946 
227	3	0.24261 0.72148 0.28133 0.06876 0.52336 0.66527 
228	3	0.20125 0.71061 0.39498 0.04867 0.40379 0.73097 
229	3	0.03021 0.71241 0.35947 0.00795 0.31834 0.82455 
230	3	0.06185 0.66717 0.46908 0.00904 0.26751 0.86258 
231	3	0.00957 0.45426 0.60353 0.00206 0.16325 0.92472 
232	3	0.03488 0.73090 0.26814 0.00953 0.35888 0.81206 
233	3	0.13983 0.82781 0.20206 0.02494 0.40318 0.76499 
234	3	0.49994 0.94056 0.03970 0.26922 0.97683 0.24641 
235	3	0.05394 0.71356 0.28583 0.01870 0.48579 0.73028 
236	3	0.03301 0.77965 0.15169 0.00731 0.32512 0.76141 
237	3	0.00980 0.58243 0.58429 0.00117 0.11557 0.94664 
238	3	0.03823 0.44749 0.56977 0.00378 0.16585 0.91979 
239	3	0.05128 0.60148 0.31418 0.02306 0.56102 0.69554 
240	3	0.02278 0.66570 0.43953 0.00349 0.18175 0.90093 
241	3	0.02852 0.54947 0.42892 0.01065 0.40636 0.79854 
242	3	0.06580 0.52725 0.27879 0.02858 0.61950 0.64503 
243	3	0.04824 0.52003 0.51069 0.01358 0.32389 0.82407 
244	3	0.10567 0.44416 0.54848 0.03245 0.37582 0.76812 
245	3	0.10444 0.53824 0.15896 0.02566 0.20721 0.60709 
246	3	0.03093 0.60786 0.45845 0.00393 0.21219 0.89502 
247	3	0.01697 0.53529 0.54562 0.00131 0.05806 0.94413 
248	3	0.07872 0.64365 0.35028 0.03208 0.54388 0.69619 
249	3	0.04568 0.58923 0.36093 0.00494 0.11872 0.87233 
250	3	0.20685 0.62282 0.40976 0.04741 0.33408 0.76419 
251	3	0.03696 0.55435 0.41944 0.00718 0.28059 0.85152 
252	3	0.13268 0.80800 0.29060 0.03579 0.46942 0.71000 
253	3	0.03844 0.71046 0.46948 0.01089 0.36747 0.80686 
254	3	0.10085 0.82048 0.34328 0.01987 0.28255 0.79232 
255	3	0.00501 0.52091 0.42108 0.00076 0.05607 0.93793 
256	3	0.18324 0.88508 0.22618 0.05832 0.44107 0.68366 
257	3	0.04323 0.77486 0.27858 0.00651 0.25196 0.81840 
258	3	0.10664 0.90314 0.17947 0.04121 0.54747 0.63493 
259	3	0.04463 0.75519 0.30480 0.00358 0.14241 0.91486 
260	3	0.02154 0.68244 0.27563 0.00220 0.09639 0.88030 
261	3	0.06764 0.60419 0.55859 0.01009 0.22938 0.87427 
262	3	0.10222 0.74583 0.47340 0.02130 0.36514 0.79927 
263	3	0.04499 0.72156 0.19441 0.01670 0.59102 0.67930 
264	3	0.06403 0.75121 0.19726 0.02340 0.65883 0.63724 
265	3	0.07657 0.85371 0.33532 0.01629 0.37602 0.76853 
266	3	0.02948 0.73211 0.30068 0.00249 0.19359 0.89523 
267	3	0.00248 0.73967 0.23019 0.00121 0.14266 0.89975 
268	3	0.09926 0.80468 0.16207 0.02134 0.41886 0.69381 
269	3	0.06931 0.68197 0.44938 0.00842 0.17289 0.88089 
270	3	0.05188 0.79332 0.24024 0.01581 0.45544 0.73775 
271	3	0.09532 0.76170 0.25167 0.03226 0.52910 0.69471 
272	3	0.10061 0.70382 0.36106 0.03546 0.46878 0.72045 
273	3	0.42014 0.62057 0.33880 0.18078 0.40964 0.59672 
274	3	0.45188 0.85194 0.18182 0.22279 0.58678 0.48150 
275	3	0.05712 0.46273 0.71359 0.01349 0.31759 0.83141 
276	3	0.35800 0.91746 0.18072 0.14492 0.53647 0.53206 
277	3	0.03360 0.56950 0.38895 0.00342 0.18976 0.89168 
278	3	0.05265 0.75849 0.27304 0.01923 0.50566 0.71177 
279	3	0.04614 0.78615 0.24908 0.01106 0.41791 0.77164 
280	3	0.05732 0.71075 0.29181 0.01683 0.43040 0.76456 
281	3	0.04644 0.77698 0.34533 0.01014 0.27538 0.81932 
282	3	0.00360 0.58325 0.40689 0.00047 0.00626 0.95101 
283	3	0.07289 0.88605 0.24193 0.01814 0.40262 0.75458 
284	3	0.02988 0.74244 0.41106 0.00451 0.20569 0.89674 
285	3	0.06445 0.62517 0.38210 0.01515 0.25988 0.83173 
286	3	0.06326 0.59113 0.40997 0.01720 0.32325 0.79297 
287	3	0.03951 0.70625 0.37315 0.00601 0.19510 0.88281 
288	3	0.07287 0.52766 0.44497 0.01697 0.30861 0.81197 
289	3	0.04013 0.64037 0.29844 0.01353 0.34818 0.78268 
290	3	0.03196 0.85997 0.20538 0.00927 0.30762 0.77503 
291	3	0.00893 0.62158 0.30506 0.00133 0.10435 0.91110 
292	3	0.07582 0.86680 0.26020 0.02323 0.49594 0.72774 
293	3	0.06762 0.58492 0.29431 0.03125 0.48316 0.70443 
294	3	0.08979 0.86090 0.18301 0.03195 0.51559 0.69351 
295	3	0.34952 0.90342 0.07877 0.13220 0.52428 0.55499 
296	3	0.00689 0.87526 0.12163 0.00239 0.24787 0.84683 
297	3	0.38200 0.96693 0.06914 0.14865 0.55587 0.58462 
298	3	0.08460 0.65884 0.31962 0.02689 0.41741 0.74049 
299	3	0.07793 0.82883 0.26719 0.02201 0.52849 0.71719 
300	4	0.06605 0.66188 0.42349 0.01444 0.35291 0.76590 
301	4	0.04723 0.83412 0.26502 0.01413 0.42313 0.71969 
302	4	0.03516 0.65137 0.53640 0.00876 0.30623 0.82966 
303	4	0.12852 0.54458 0.56145 0.02452 0.34605 0.75536 
304	4	0.10263 0.80382 0.26767 0.02132 0.49070 0.68849 
305	4	0.04575 0.63782 0.51466 0.00808 0.28549 0.83050 
306	4	0.12341 0.76810 0.46922 0.02898 0.34725 0.78879 
307	4	0.01627 0.50147 0.67943 0.00136 0.10080 0.95000 
308	4	0.02022 0.68575 0.51766 0.00456 0.28496 0.87937 
309	4	0.04017 0.83502 0.28268 0.00915 0.47068 0.77403 
310	4	0.05099 0.57653 0.72414 0.01108 0.28410 0.84260 
311	4	0.03449 0.71092 0.42111 0.00880 0.41031 0.78135 
312	4	0.02930 0.67888 0.46815 0.00449 0.29332 0.86224 
313	4	0.03211 0.79566 0.39126 0.00855 0.37380 0.80703 
314	4	0.02501 0.76337 0.39968 0.00793 0.33810 0.78664 
315	4	0.03085 0.65287 0.58197 0.00704 0.26740 0.83973 
316	4	0.05877 0.86908 0.29874 0.01517 0.42153 0.73602 
317	4	0.05759 0.39290 0.52950 0.01252 0.27174 0.79182 
318	4	0.02720 0.62163 0.39617 0.00526 0.26258 0.83226 
319	4	0.03002 0.60564 0.45198 0.00684 0.26650 0.83468 
320	4	0.06686 0.74023 0.52527 0.01295 0.31117 0.81404 
321	4	0.05603 0.49841 0.84519 0.00984 0.28009 0.85193 
322	4	0.04722 0.70435 0.51339 0.01100 0.27101 0.79203 
323	4	0.03753 0.70093 0.57625 0.00740 0.28738 0.82932 
324	4	0.12779 0.68725 0.42129 0.02144 0.37975 0.78557 
325	4	0.03166 0.66601 0.60838 0.00569 0.26738 0.87361 
326	4	0.07148 0.68005 0.41565 0.01132 0.36961 0.80464 
327	4	0.13802 0.67216 0.56185 0.02905 0.32075 0.78102 
328	4	0.03274 0.64145 0.40728 0.00713 0.28320 0.84222 
329	4	0.06450 0.61009 0.63621 0.00971 0.22485 0.84893 
330	4	0.05694 0.78776 0.36494 0.01557 0.42231 0.75013 
331	4	0.03138 0.75691 0.33628 0.00792 0.31364 0.82193 
332	4	0.12390 0.78802 0.35379 0.02374 0.44914 0.75737 
333	4	0.04145 0.67793 0.47315 0.00893 0.32551 0.83717 
334	4	0.10668 0.76485 0.48229 0.02367 0.36179 0.78125 
335	4	0.11599 0.73894 0.58441 0.02364 0.40253 0.75501 
336	4	0.02895 0.66628 0.53148 0.00390 0.19336 0.91021 
337	4	0.05634 0.75792 0.40485 0.01289 0.37828 0.79810 
338	4	0.03914 0.65839 0.40617 0.00956 0.33731 0.82099 
339	4	0.09322 0.74892 0.36120 0.01851 0.38900 0.73820 
340	4	0.05709 0.64777 0.55420 0.00849 0.28872 0.84107 
341	4	0.06538 0.76311 0.39535 0.01130 0.37690 0.77883 
342	4	0.03982 0.69466 0.58991 0.00955 0.32826 0.81357 
343	4	0.02741 0.48235 0.59428 0.00652 0.24441 0.89563 
344	4	0.12342 0.71388 0.29943 0.02633 0.39562 0.69720 
345	4	0.08248 0.67972 0.55605 0.01453 0.35545 0.79297 
346	4	0.06891 0.76620 0.36418 0.01203 0.36407 0.78597 
347	4	0.05510 0.66032 0.42831 0.01248 0.35381 0.80017 
348	4	0.03322 0.62160 0.53251 0.00519 0.18985 0.88587 
349	4	0.04302 0.55161 0.44667 0.00691 0.25673 0.84190 
350	4	0.02182 0.62725 0.37179 0.00516 0.28740 0.83580 
351	4	0.06822 0.69760 0.60320 0.01472 0.30299 0.80931 
352	4	0.05808 0.67510 0.53840 0.00862 0.23789 0.86098 
353	4	0.04668 0.65711 0.44288 0.00736 0.22367 0.86359 
354	4	0.03895 0.79753 0.28239 0.01168 0.39991 0.76705 
355	4	0.03696 0.47637 0.59606 0.00352 0.13647 0.91771 
356	4	0.14073 0.79731 0.36652 0.02908 0.34762 0.75495 
357	4	0.18741 0.79456 0.38684 0.04391 0.44408 0.72325 
358	4	0.08695 0.71186 0.38059 0.01527 0.32868 0.77461 
359	4	0.02164 0.66452 0.40015 0.00559 0.30555 0.83581 
360	4	0.01347 0.64312 0.40712 0.00249 0.12167 0.87186 
361	4	0.11331 0.78976 0.36805 0.02485 0.37998 0.76748 
362	4	0.06177 0.73436 0.51881 0.01027 0.31888 0.83472 
363	4	0.11147 0.70350 0.47081 0.02152 0.42463 0.77977 
364	4	0.10435 0.83305 0.34038 0.03181 0.46877 0.71723 
365	4	0.02843 0.27771 0.74088 0.00195 0.05992 0.96905 
366	4	0.07368 0.62740 0.38019 0.01211 0.25989 0.77707 
367	4	0.03204 0.66097 0.61724 0.00701 0.28389 0.85871 
368	4	0.07625 0.70097 0.48068 0.02610 0.45003 0.71626 
369	4	0.00954 0.41734 0.74387 0.00141 0.06137 0.94010 
370	4	0.03545 0.59416 0.42315 0.00560 0.25963 0.85224 
371	4	0.13724 0.65076 0.55181 0.03157 0.47869 0.70707 
372	4	0.07976 0.62050 0.71427 0.01333 0.28632 0.81434 
373	4	0.09605 0.80891 0.28544 0.02511 0.50416 0.70993 
374	4	0.09109 0.78799 0.42909 0.01239 0.29606 0.82362 
375	4	0.05539 0.75272 0.33666 0.01318 0.36569 0.77896 
376	4	0.03980 0.78801 0.30608 0.01201 0.36844 0.74469 
377	4	0.04572 0.63265 0.42060 0.00801 0.31437 0.81590 
378	4	0.07314 0.78034 0.36546 0.02013 0.44798 0.73907 
379	4	0.02562 0.62253 0.47455 0.00639 0.28094 0.85813 
380	4	0.06596 0.74561 0.39013 0.01804 0.42854 0.74416 
381	4	0.01992 0.67502 0.59418 0.00413 0.26454 0.88028 
382	4	0.03237 0.77373 0.39719 0.01093 0.44083 0.76865 
383	4	0.09108 0.66121 0.58047 0.01108 0.19399 0.89541 
384	4	0.07896 0.65332 0.53470 0.01523 0.33235 0.82377 
385	4	0.08997 0.86986 0.23048 0.02443 0.56163 0.63828 
386	4	0.06839 0.75391 0.46454 0.01730 0.44857 0.76709 
387	4	0.05552 0.71090 0.44303 0.00935 0.33476 0.81949 
388	4	0.07151 0.69255 0.39323 0.01284 0.36246 0.79520 
389	4	0.03235 0.80207 0.29281 0.00645 0.35020 0.82323 
390	4	0.07281 0.65054 0.58957 0.01391 0.28855 0.79128 
391	4	0.02321 0.81087 0.33542 0.00690 0.32026 0.80821 
392	4	0.14094 0.74658 0.47273 0.02610 0.39677 0.76992 
393	4	0.03345 0.62221 0.48542 0.00408 0.15586 0.88823 
394	4	0.02445 0.59608 0.48860 0.00306 0.18660 0.89961 
395	4	0.01397 0.48582 0.72029 0.00199 0.10399 0.93008 
396	4	0.02942 0.68466 0.42246 0.00459 0.21506 0.86421 
397	4	0.02623 0.61811 0.49777 0.00522 0.20426 0.85574 
398	4	0.05347 0.60457 0.54871 0.01034 0.27637 0.81680 
399	4	0.02485 0.54559 0.65577 0.00293 0.20084 0.91634 
400	5	0.80530 0.80174 0.18357 0.66522 0.89921 0.12464 
401	5	0.55094 0.83322 0.18215 0.39032 0.79260 0.25780 
402	5	0.72343 0.90353 0.09873 0.52349 0.74951 0.28824 
403	5	0.88958 0.78788 0.14971 0.80408 0.91302 0.05862 
404	5	0.92713 0.85582 0.15819 0.85609 0.85914 0.12414 
405	5	0.44095 0.85896 0.14853 0.27629 0.82222 0.27994 
406	5	0.74495 0.83369 0.18092 0.57046 0.85165 0.18554 
407	5	0.68388 0.79048 0.14026 0.51950 0.89416 0.15961 
408	5	0.47518 0.90826 0.15774 0.23823 0.60419 0.46033 
409	5	0.69937 0.77877 0.30810 0.54478 0.85401 0.18514 
410	5	0.68292 0.86611 0.28042 0.47883 0.81660 0.24651 
411	5	0.67351 0.83494 0.16407 0.46060 0.75049 0.28619 
412	5	0.46471 0.89740 0.10793 0.31310 0.78032 0.28360 
413	5	0.87988 0.68320 0.24712 0.77787 0.91190 0.09054 
414	5	0.43438 0.80985 0.28360 0.28794 0.79932 0.28810 
415	5	0.41171 0.72836 0.26396 0.26997 0.85013 0.24246 
416	5	0.82822 0.66639 0.32322 0.69286 0.87362 0.14049 
417	5	0.55879 0.75059 0.26879 0.44870 0.84294 0.21321 
418	5	0.64435 0.80267 0.24786 0.43969 0.82749 0.24013 
419	5	0.77545 0.78781 0.27762 0.61215 0.81233 0.21064 
420	5	0.98808 0.80112 0.12308 0.98028 0.95933 0.00000 
421	5	0.52679 0.72321 0.25242 0.33311 0.82472 0.23363 
422	5	0.36526 0.84283 0.28110 0.19858 0.66795 0.41301 
423	5	0.39168 0.64452 0.22859 0.32085 0.94124 0.13020 
424	5	0.50564 0.84836 0.18263 0.29400 0.71879 0.33033 
425	5	0.24749 0.68169 0.24055 0.16096 0.72859 0.28904 
426	5	0.66213 0.88938 0.19997 0.45692 0.72961 0.30363 
427	5	0.82821 0.77743 0.19766 0.79374 0.94785 0.03035 
428	5	0.70287 0.85845 0.18554 0.50498 0.76141 0.28392 
429	5	0.72535 0.90417 0.08097 0.58624 0.90168 0.10101 
430	5	0.56558 0.81881 0.15788 0.39877 0.81789 0.23901 
431	5	0.86223 0.74196 0.13959 0.75956 0.94352 0.05671 
432	5	0.68807 0.84003 0.17466 0.50608 0.80927 0.22339 
433	5	0.79235 0.81184 0.18106 0.63377 0.81311 0.20055 
434	5	0.85927 0.74361 0.15313 0.76003 0.93911 0.05621 
435	5	0.48636 0.75228 0.16947 0.40644 0.84103 0.18502 
436	5	0.75268 0.86315 0.16446 0.57080 0.77030 0.24334 
437	5	0.71085 0.86097 0.11071 0.51404 0.79995 0.23372 
438	5	0.79625 0.83926 0.18727 0.63752 0.82070 0.19301 
439	5	0.73375 0.67643 0.15869 0.59309 0.92596 0.09235 
440	5	0.56606 0.86323 0.17669 0.38076 0.76542 0.28717 
441	5	0.74574 0.82260 0.15852 0.55964 0.78190 0.24552 
442	5	0.94971 0.84125 0.17659 0.89812 0.86259 0.10347 
443	5	0.51687 0.88194 0.15265 0.32071 0.75433 0.31766 
444	5	0.55587 0.84015 0.15561 0.34558 0.73568 0.28514 
445	5	0.50529 0.81114 0.23843 0.30958 0.76121 0.30873 
446	5	0.53292 0.85718 0.13691 0.40079 0.84666 0.20442 
447	5	0.73627 0.86408 0.15075 0.55798 0.82118 0.20384 
448	5	0.55079 0.82203 0.16940 0.43595 0.84369 0.19830 
449	5	0.77303 0.90714 0.15268 0.59608 0.73616 0.27464 
450	5	0.69020 0.86436 0.11454 0.50076 0.86189 0.17639 
451	5	0.50015 0.83556 0.15539 0.33388 0.78391 0.26336 
452	5	0.77047 0.85929 0.18992 0.59355 0.75295 0.25077 
453	5	0.98371 0.79828 0.18630 0.96700 0.92558 0.03571 
454	5	0.65461 0.86135 0.14212 0.51343 0.85929 0.16622 
455	5	0.63829 0.91978 0.17371 0.40936 0.65426 0.38049 
456	5	0.80555 0.86769 0.13628 0.72031 0.92666 0.05125 
457	5	0.70742 0.88095 0.12802 0.54003 0.84623 0.18493 
458	5	0.66232 0.77518 0.26755 0.44043 0.66017 0.36194 
459	5	0.70039 0.80107 0.23163 0.49361 0.72209 0.28913 
460	5	1.00000 0.81308 0.16657 1.00000 0.93212 0.02185 
461	5	0.69532 0.88823 0.15381 0.48780 0.73138 0.30624 
462	5	0.70377 0.85522 0.17021 0.49984 0.76712 0.25860 
463	5	0.89340 0.79086 0.13746 0.79869 0.88556 0.10038 
464	5	0.82425 0.85596 0.17535 0.71349 0.90861 0.08293 
465	5	0.80100 0.83400 0.19372 0.65895 0.86153 0.15214 
466	5	0.78702 0.76714 0.17929 0.62838 0.86407 0.16258 
467	5	0.83794 0.83827 0.15408 0.71560 0.91090 0.10815 
468	5	0.69602 0.87479 0.13111 0.50694 0.82000 0.21009 
469	5	0.68884 0.84156 0.08558 0.63303 1.00000 0.00982 
470	5	0.56736 0.87522 0.14970 0.38742 0.78580 0.26625 
471	5	0.72574 0.88523 0.15626 0.53051 0.77462 0.24343 
472	5	0.87058 0.83914 0.15156 0.76109 0.86617 0.12676 
473	5	0.66887 0.87891 0.12518 0.54409 0.85065 0.19036 
474	5	0.68214 0.79426 0.14383 0.52426 0.88274 0.14137 
475	5	0.63071 0.85672 0.30185 0.41283 0.77204 0.28205 
476	5	0.78194 0.82029 0.15134 0.61265 0.82061 0.20982 
477	5	0.77487 0.84709 0.09862 0.65510 0.91245 0.07396 
478	5	0.52625 0.83004 0.14243 0.39512 0.81964 0.21782 
479	5	0.43588 0.84040 0.15984 0.33992 0.80217 0.23815 
480	5	0.77174 0.86666 0.13461 0.62311 0.88150 0.13701 
481	5	0.93256 0.80726 0.14809 0.89739 0.94671 0.02545 
482	5	0.55358 0.89037 0.12439 0.35387 0.76395 0.28725 
483	5	0.64827 0.81500 0.15049 0.48976 0.87569 0.16540 
484	5	0.62975 0.87273 0.12985 0.45649 0.85656 0.19254 
485	5	0.62229 0.85555 0.21618 0.39387 0.67907 0.35457 
486	5	0.64974 0.85280 0.21228 0.43742 0.75581 0.28862 
487	5	0.57950 0.81909 0.17536 0.39741 0.84903 0.20856 
488	5	0.86089 0.86714 0.13202 0.75298 0.88036 0.12064 
489	5	0.60074 0.85809 0.14927 0.43613 0.87644 0.15820 
490	5	0.70114 0.86869 0.11105 0.51204 0.79975 0.23637 
491	5	0.68299 0.87525 0.12966 0.52489 0.87472 0.15113 
492	5	0.68212 0.87842 0.14829 0.47924 0.79050 0.23547 
493	5	0.39221 0.82313 0.10661 0.26953 0.83213 0.22128 
494	5	0.57170 0.82793 0.12302 0.43987 0.88374 0.14474 
495	5	0.79856 0.87394 0.11564 0.64042 0.83566 0.17751 
496	5	0.67565 0.79628 0.15053 0.48699 0.88210 0.15691 
497	5	0.82175 0.88052 0.10131 0.67460 0.81908 0.19113 
498	5	0.66503 0.83708 0.12490 0.50540 0.90603 0.13686 
499	5	0.85750 0.86711 0.15462 0.74241 0.84571 0.14559 
500	6	0.04429 0.85710 0.21858 0.00875 0.30852 0.82053 
501	6	0.03769 0.75840 0.31542 0.00240 0.11069 0.92928 
502	6	0.06678 0.74672 0.37373 0.00980 0.27160 0.86838 
503	6	0.00945 0.82748 0.19627 0.00129 0.15272 0.89893 
504	6	0.02616 0.73726 0.27621 0.00478 0.22474 0.85859 
505	6	0.41060 0.95071 0.10861 0.17042 0.47512 0.55917 
506	6	0.02586 0.82106 0.18864 0.00351 0.22218 0.84292 
507	6	0.14010 0.89153 0.15438 0.03255 0.44597 0.70959 
508	6	0.11783 0.84738 0.22319 0.02501 0.33568 0.75775 
509	6	0.02975 0.79974 0.13749 0.00697 0.24654 0.78062 
510	6	0.01160 0.71564 0.20977 0.00322 0.18434 0.84084 
511	6	0.06695 0.87873 0.14692 0.00974 0.26386 0.74380 
512	6	0.00329 0.59089 0.36392 0.00061 0.03160 0.93946 
513	6	0.04191 0.56147 0.31885 0.00445 0.16716 0.87420 
514	6	0.01361 0.72831 0.11013 0.00563 0.24616 0.76098 
515	6	0.03929 0.74941 0.20653 0.00481 0.15315 0.81920 
516	6	0.01498 0.83980 0.23352 0.00338 0.27978 0.85617 
517	6	0.03729 0.89478 0.19377 0.00817 0.34450 0.80919 
518	6	0.00146 0.75746 0.25044 0.00076 0.10454 0.91997 
519	6	0.00587 0.72987 0.25393 0.00183 0.19402 0.88058 
520	6	0.00715 0.87880 0.13440 0.00286 0.26377 0.83362 
521	6	0.05281 0.81220 0.19003 0.00769 0.24281 0.81197 
522	6	0.11171 0.89970 0.12119 0.01744 0.32114 0.75422 
523	6	0.14047 0.84613 0.16277 0.02986 0.43193 0.70917 
524	6	0.04874 0.87601 0.19042 0.00923 0.29290 0.81508 
525	6	0.03035 0.72726 0.24513 0.00359 0.19563 0.86670 
526	6	0.03491 0.67676 0.40479 0.00350 0.15507 0.91540 
527	6	0.04396 0.80846 0.23245 0.00722 0.26840 0.83481 
528	6	0.00601 0.87775 0.14517 0.00230 0.24000 0.85428 
529	6	0.04408 0.76809 0.17012 0.00660 0.27239 0.79446 
530	6	0.07032 0.92432 0.09971 0.01181 0.39378 0.75940 
531	6	0.00541 0.60660 0.24323 0.00175 0.08030 0.87592 
532	6	0.10047 0.75136 0.16490 0.02286 0.40153 0.71583 
533	6	0.03108 0.68622 0.30401 0.00553 0.18392 0.87034 
534	6	0.00583 0.82606 0.18498 0.00186 0.17789 0.87752 
535	6	0.02360 0.85801 0.13571 0.00360 0.22586 0.82767 
536	6	0.02270 0.72741 0.10649 0.01023 0.39492 0.70149 
537	6	0.03639 0.73364 0.25070 0.00447 0.20219 0.86274 
538	6	0.01216 0.64725 0.37800 0.00174 0.14261 0.91454 
539	6	0.07403 0.78258 0.23050 0.01577 0.27965 0.78791 
540	6	0.17024 0.59163 0.38883 0.06498 0.36742 0.71863 
541	6	0.01047 0.80352 0.11440 0.00430 0.20915 0.79022 
542	6	0.01386 0.75897 0.28603 0.00212 0.17338 0.89981 
543	6	0.00263 0.77749 0.25215 0.00115 0.15917 0.90166 
544	6	0.02505 0.84740 0.13596 0.00603 0.30427 0.79653 
545	6	0.03281 0.48102 0.37265 0.00414 0.16316 0.87798 
546	6	0.00364 0.79840 0.21409 0.00143 0.19709 0.88716 
547	6	0.20952 0.74316 0.18221 0.05430 0.34206 0.69227 
548	6	0.10300 0.93987 0.07354 0.01887 0.48252 0.69993 
549	6	0.00818 0.84533 0.23747 0.00158 0.17302 0.90001 
550	6	0.16704 0.93147 0.10727 0.03753 0.38800 0.67873 
551	6	0.01398 0.81279 0.22630 0.00292 0.22877 0.86881 
552	6	0.17440 0.50451 0.46230 0.04175 0.27763 0.80101 
553	6	0.07682 0.90730 0.11605 0.02228 0.51363 0.67792 
554	6	0.03824 0.89432 0.12173 0.00647 0.29054 0.77797 
555	6	0.03500 0.84759 0.20087 0.00482 0.25445 0.84435 
556	6	0.28523 0.62891 0.39650 0.10596 0.41442 0.67642 
557	6	0.00967 0.73679 0.26743 0.00128 0.12521 0.91635 
558	6	0.00466 0.65790 0.29822 0.00134 0.07206 0.89948 
559	6	0.03543 0.80291 0.20429 0.00858 0.31534 0.82814 
560	6	0.00598 0.71783 0.28734 0.00166 0.16150 0.90094 
561	6	0.05226 0.94728 0.06890 0.01862 0.55708 0.66023 
562	6	0.01262 0.82006 0.11896 0.00479 0.23839 0.78296 
563	6	0.00563 0.25689 0.61185 0.00034 0.00401 0.97014 
564	6	0.06044 0.81366 0.20136 0.00793 0.24844 0.82323 
565	6	0.17407 0.77645 0.12320 0.06324 0.57920 0.57946 
566	6	0.01754 0.90822 0.11487 0.00254 0.27052 0.83694 
567	6	0.00765 0.83027 0.18799 0.00136 0.15597 0.89423 
568	6	0.00631 0.84727 0.11291 0.00295 0.21783 0.81715 
569	6	0.00574 0.78857 0.20158 0.00171 0.19630 0.87069 
570	6	0.12158 0.86091 0.10841 0.04283 0.43628 0.64581 
571	6	0.01383 0.54737 0.40395 0.00233 0.14881 0.90565 
572	6	0.00435 0.74022 0.23438 0.00116 0.10256 0.91033 
573	6	0.16318 0.55286 0.45824 0.04817 0.32028 0.77428 
574	6	0.00424 0.84985 0.17025 0.00192 0.19953 0.86487 
575	6	0.01862 0.76031 0.20445 0.00371 0.15497 0.82877 
576	6	0.00836 0.78526 0.13564 0.00338 0.20093 0.81518 
577	6	0.02861 0.59255 0.33175 0.00403 0.21774 0.86615 
578	6	0.07545 0.82497 0.28285 0.01105 0.26774 0.84303 
579	6	0.08732 0.95081 0.07113 0.02129 0.43993 0.67645 
580	6	0.02629 0.79491 0.22765 0.00302 0.15505 0.87225 
581	6	0.00673 0.74156 0.37240 0.00075 0.05940 0.94862 
582	6	0.06334 0.90119 0.12465 0.01721 0.41083 0.73838 
583	6	0.00538 0.70574 0.33017 0.00076 0.08375 0.93908 
584	6	0.13518 0.88786 0.13848 0.03406 0.45769 0.66794 
585	6	0.07141 0.96788 0.08209 0.02622 0.54607 0.64845 
586	6	0.08565 0.88545 0.16259 0.03797 0.50430 0.65001 
587	6	0.00439 0.76169 0.18936 0.00156 0.14215 0.88424 
588	6	0.00752 0.74742 0.21107 0.00227 0.16366 0.87318 
589	6	0.08650 0.86181 0.20337 0.02681 0.45495 0.69090 
590	6	0.08418 0.91496 0.09548 0.01859 0.42414 0.73167 
591	6	0.03528 0.94212 0.09891 0.00993 0.43193 0.75289 
592	6	0.10043 0.86729 0.18447 0.03523 0.45870 0.66593 
593	6	0.04954 0.88420 0.14434 0.02017 0.45042 0.68912 
594	6	0.00855 0.72673 0.19098 0.00258 0.15485 0.85688 
595	6	0.10086 0.86370 0.19509 0.03280 0.48558 0.66813 
596	6	0.08150 0.96057 0.10449 0.02632 0.47366 0.68530 
597	6	0.05021 0.86629 0.15060 0.00695 0.25178 0.82696 
598	6	0.06613 0.86570 0.14056 0.02197 0.48718 0.69692 
599	6	0.20545 0.93051 0.11606 0.09454 0.64721 0.49169 
600	7	0.11120 0.96549 0.05027 0.03669 0.65026 0.55355 
601	7	0.03814 0.89661 0.04766 0.01283 0.52317 0.63589 
602	7	0.08263 0.82672 0.04881 0.03205 0.63043 0.52687 
603	7	0.23621 0.83882 0.06804 0.08133 0.62723 0.49898 
604	7	0.43464 0.97797 0.05475 0.24991 0.81500 0.33145 
605	7	0.02143 0.89928 0.09716 0.01031 0.46877 0.68971 
606	7	0.14843 0.93334 0.08389 0.03720 0.60484 0.60564 
607	7	0.08341 0.96370 0.04534 0.02055 0.56036 0.66298 
608	7	0.05082 0.86863 0.05945 0.02204 0.55419 0.58728 
609	7	0.35210 0.96823 0.06195 0.13466 0.71784 0.48079 
610	7	0.20988 0.92870 0.04049 0.06157 0.64196 0.52758 
611	7	0.31187 0.97114 0.06590 0.20018 0.74685 0.39987 
612	7	0.15313 0.97123 0.05135 0.06207 0.62067 0.56032 
613	7	0.59655 0.93198 0.10191 0.36846 0.71626 0.35495 
614	7	0.14580 0.93867 0.06471 0.04429 0.60620 0.58359 
615	7	0.33145 0.97134 0.06114 0.14840 0.67934 0.46881 
616	7	0.17787 0.89082 0.00000 0.09255 0.81584 0.32157 
617	7	0.51540 0.95910 0.09251 0.28238 0.72987 0.39038 
618	7	0.09949 0.90693 0.04672 0.02922 0.53056 0.60309 
619	7	0.04421 0.90139 0.07294 0.00851 0.39794 0.72152 
620	7	0.12067 0.87097 0.07143 0.04223 0.55642 0.58865 
621	7	0.17283 0.91778 0.05375 0.04953 0.57971 0.56726 
622	7	0.27154 0.84981 0.13655 0.14433 0.69601 0.46020 
623	7	0.11873 0.94852 0.05427 0.03023 0.66244 0.57046 
624	7	0.04070 0.90592 0.06516 0.01222 0.47490 0.68366 
625	7	0.59492 0.97620 0.07532 0.41089 0.86346 0.24549 
626	7	0.13870 0.78560 0.05520 0.05013 0.61296 0.50415 
627	7	0.35449 0.98312 0.06310 0.15877 0.76951 0.40805 
628	7	0.14077 0.96314 0.05808 0.03981 0.69762 0.55438 
629	7	0.29893 0.89278 0.05801 0.10347 0.63855 0.51611 
630	7	0.13964 0.89584 0.06089 0.03784 0.55583 0.59767 
631	7	0.10047 0.94139 0.08711 0.05009 0.70740 0.55451 
632	7	0.10767 0.94363 0.08724 0.03772 0.59925 0.58818 
633	7	0.18534 0.97969 0.05575 0.06885 0.67426 0.53817 
634	7	0.07862 0.92875 0.02717 0.02464 0.57545 0.57651 
635	7	0.11139 0.88704 0.06889 0.03507 0.61875 0.57858 
636	7	0.15059 0.96274 0.04513 0.03896 0.53601 0.62005 
637	7	0.23513 0.84799 0.08345 0.07313 0.61496 0.54418 
638	7	0.14937 0.96258 0.07556 0.04719 0.56235 0.60847 
639	7	0.11355 0.90611 0.04042 0.03722 0.69756 0.54381 
640	7	0.13425 0.82084 0.07004 0.06544 0.68283 0.51244 
641	7	0.13859 0.95548 0.06465 0.04348 0.71500 0.54480 
642	7	0.19928 0.97055 0.06957 0.06638 0.68169 0.53149 
643	7	0.12870 0.91629 0.00740 0.04825 0.68050 0.45242 
644	7	0.27883 0.96031 0.06200 0.10889 0.72508 0.43960 
645	7	0.24502 0.87286 0.05079 0.08898 0.68789 0.47874 
646	7	0.05365 0.82623 0.09301 0.01654 0.48703 0.67126 
647	7	0.35673 0.97901 0.05038 0.17555 0.77938 0.39070 
648	7	0.32285 0.96034 0.03588 0.20274 0.69937 0.40652 
649	7	0.55530 0.89775 0.10170 0.36236 0.78983 0.30073 
650	7	0.09534 0.94519 0.00461 0.05411 0.80964 0.38868 
651	7	0.17458 0.94072 0.09185 0.05142 0.62035 0.57419 
652	7	0.08015 0.91871 0.04480 0.03534 0.62521 0.54348 
653	7	0.42707 0.92019 0.10190 0.19474 0.68868 0.47117 
654	7	0.01876 0.84762 0.09981 0.00663 0.39135 0.74180 
655	7	0.19612 0.95463 0.04097 0.07636 0.69167 0.47364 
656	7	0.42919 0.98560 0.04176 0.26175 0.81180 0.31785 
657	7	0.07489 0.79252 0.01426 0.04353 0.61775 0.42631 
658	7	0.26643 0.97061 0.07105 0.15827 0.77293 0.38229 
659	7	0.36797 0.91924 0.04925 0.18706 0.74042 0.36574 
660	7	0.87344 0.95990 0.04253 0.75912 0.83351 0.17966 
661	7	0.40078 0.92905 0.12030 0.17674 0.63188 0.48188 
662	7	0.34198 0.81599 0.05257 0.16201 0.77724 0.30376 
663	7	0.19112 0.84224 0.03897 0.08166 0.76118 0.41275 
664	7	0.51141 0.91043 0.11491 0.37642 0.78714 0.27026 
665	7	0.20119 0.95434 0.04107 0.09343 0.71282 0.45842 
666	7	0.09858 0.94319 0.05098 0.04180 0.60919 0.57548 
667	7	0.06715 0.96539 0.03010 0.01880 0.54242 0.63128 
668	7	0.06019 0.84279 0.05706 0.02574 0.57119 0.57445 
669	7	0.03551 0.87644 0.03107 0.01849 0.56515 0.56911 
670	7	0.22530 0.92273 0.13038 0.06321 0.63650 0.57996 
671	7	0.23133 0.91807 0.11457 0.10919 0.58600 0.52769 
672	7	0.06454 0.88534 0.09621 0.01210 0.40805 0.73155 
673	7	0.11250 0.76389 0.06805 0.02314 0.44796 0.61654 
674	7	0.09269 0.92092 0.06300 0.02116 0.53841 0.63553 
675	7	0.15971 0.94652 0.07052 0.05920 0.68087 0.51788 
676	7	0.03109 0.91607 0.04208 0.01505 0.56268 0.62760 
677	7	0.17796 0.94350 0.00068 0.08246 0.90622 0.34055 
678	7	0.32658 0.95584 0.00201 0.21965 0.97358 0.18806 
679	7	0.27326 0.96907 0.03408 0.12241 0.84235 0.41544 
680	7	0.05901 0.93309 0.02233 0.02107 0.65700 0.56046 
681	7	0.10206 0.91695 0.02395 0.07361 0.90270 0.35845 
682	7	0.05905 0.94498 0.00815 0.04371 0.84707 0.42319 
683	7	0.06270 0.81054 0.12677 0.01777 0.55734 0.67019 
684	7	0.37029 0.92869 0.06137 0.20831 0.74940 0.38054 
685	7	0.14199 0.91803 0.11276 0.04294 0.58556 0.56858 
686	7	0.12426 0.87675 0.06192 0.04342 0.56336 0.56516 
687	7	0.09908 0.82210 0.11926 0.03944 0.56459 0.58316 
688	7	0.49603 0.71940 0.08186 0.26764 0.74567 0.27902 
689	7	0.23861 0.90080 0.15292 0.06486 0.46338 0.65815 
690	7	0.06444 0.75116 0.14255 0.01190 0.31368 0.73245 
691	7	0.11344 0.84246 0.04534 0.03626 0.58607 0.56297 
692	7	0.05519 0.97248 0.05980 0.01596 0.53457 0.67614 
693	7	0.02406 0.71336 0.13653 0.00922 0.30672 0.72657 
694	7	0.03350 0.96071 0.02732 0.00874 0.47964 0.68999 
695	7	0.01947 0.93156 0.02057 0.01030 0.47944 0.64272 
696	7	0.14103 0.94397 0.02432 0.04561 0.66349 0.53009 
697	7	0.08637 0.80057 0.06598 0.02378 0.50786 0.61259 
698	7	0.04365 0.92178 0.05090 0.01534 0.49910 0.65542 
699	7	0.03132 0.81268 0.06656 0.01063 0.35493 0.67866 
700	8	0.01667 0.53635 0.41720 0.00569 0.13620 0.80620 
701	8	0.00394 0.67090 0.19388 0.00214 0.10863 0.84505 
702	8	0.00632 0.63157 0.21991 0.00155 0.07387 0.87592 
703	8	0.00605 0.61402 0.23449 0.00195 0.08936 0.87452 
704	8	0.04376 0.70982 0.12176 0.01385 0.35752 0.69872 
705	8	0.00578 0.51079 0.43388 0.00104 0.03125 0.92156 
706	8	0.01117 0.51408 0.20851 0.00288 0.11610 0.82024 
707	8	0.03524 0.57653 0.18184 0.01269 0.25901 0.73381 
708	8	0.00197 0.46336 0.39404 0.00072 0.03657 0.93454 
709	8	0.02613 0.84383 0.15132 0.01187 0.31824 0.68532 
710	8	0.04713 0.83999 0.16638 0.01383 0.39005 0.68998 
711	8	0.01317 0.49175 0.24323 0.00430 0.12906 0.81498 
712	8	0.00598 0.62664 0.29700 0.00154 0.09485 0.88972 
713	8	0.00855 0.75764 0.16339 0.00346 0.13172 0.79894 
714	8	0.07009 0.86744 0.09663 0.01999 0.46059 0.66738 
715	8	0.09261 0.82642 0.09807 0.03152 0.48966 0.60905 
716	8	0.01258 0.74228 0.21763 0.00443 0.21072 0.81767 
717	8	0.03561 0.77160 0.37310 0.00718 0.26658 0.76630 
718	8	0.00300 0.52068 0.23076 0.00221 0.05753 0.82780 
719	8	0.01455 0.71760 0.16726 0.00585 0.19692 0.77566 
720	8	0.00628 0.46567 0.28017 0.00209 0.05081 0.87392 
721	8	0.02523 0.82529 0.15489 0.00888 0.35455 0.71619 
722	8	0.01914 0.63221 0.21620 0.00975 0.26033 0.70018 
723	8	0.02777 0.80417 0.15099 0.01001 0.33053 0.71847 
724	8	0.01546 0.78223 0.17628 0.00649 0.28388 0.75560 
725	8	0.01139 0.65541 0.27955 0.00422 0.21018 0.82579 
726	8	0.02912 0.67631 0.21487 0.00672 0.21277 0.78502 
727	8	0.00973 0.70204 0.12214 0.00379 0.18764 0.78141 
728	8	0.00539 0.66091 0.18791 0.00208 0.09307 0.86145 
729	8	0.01977 0.55173 0.32636 0.00366 0.15609 0.85513 
730	8	0.01271 0.70889 0.21637 0.00451 0.15016 0.80304 
731	8	0.02215 0.66520 0.26386 0.00294 0.11114 0.85198 
732	8	0.00737 0.56267 0.23464 0.00261 0.06170 0.84354 
733	8	0.04856 0.80805 0.11310 0.01578 0.45963 0.62508 
734	8	0.01667 0.58809 0.33174 0.00425 0.14132 0.84233 
735	8	0.01304 0.72243 0.20131 0.00352 0.15602 0.82345 
736	8	0.01108 0.73689 0.20649 0.00399 0.16163 0.80993 
737	8	0.02463 0.66270 0.18388 0.00453 0.15885 0.80410 
738	8	0.01353 0.81018 0.10027 0.00563 0.22205 0.75627 
739	8	0.01596 0.54220 0.31606 0.00511 0.16044 0.82563 
740	8	0.04457 0.82874 0.12260 0.00977 0.27132 0.73430 
741	8	0.00812 0.57677 0.17294 0.00370 0.12747 0.80227 
742	8	0.00753 0.64396 0.15656 0.00419 0.13289 0.77304 
743	8	0.03812 0.51597 0.23666 0.01025 0.17788 0.78077 
744	8	0.02436 0.64227 0.20390 0.00598 0.19454 0.78806 
745	8	0.02218 0.58259 0.25729 0.00659 0.22279 0.79835 
746	8	0.01634 0.76774 0.08463 0.00684 0.26738 0.72471 
747	8	0.02999 0.56973 0.30414 0.00699 0.14578 0.83856 
748	8	0.01201 0.69961 0.12062 0.00403 0.19287 0.77671 
749	8	0.01222 0.55325 0.19643 0.00527 0.17013 0.77901 
750	8	0.03865 0.46181 0.19238 0.01361 0.21155 0.71577 
751	8	0.00661 0.48384 0.24724 0.00306 0.05825 0.83435 
752	8	0.02619 0.57960 0.20881 0.00971 0.21709 0.75050 
753	8	0.03924 0.64302 0.18196 0.01102 0.29926 0.75708 
754	8	0.00457 0.72218 0.21677 0.00234 0.18517 0.85712 
755	8	0.00855 0.45649 0.36869 0.00269 0.06226 0.87682 
756	8	0.02521 0.52210 0.24112 0.00760 0.18699 0.79330 
757	8	0.01144 0.20496 0.18944 0.00505 0.09767 0.76152 
758	8	0.03835 0.64040 0.24693 0.00866 0.21768 0.80618 
759	8	0.01923 0.75848 0.15881 0.00585 0.19313 0.77012 
760	8	0.03189 0.46770 0.24165 0.00925 0.15881 0.77584 
761	8	0.00828 0.38985 0.36215 0.00204 0.06428 0.88499 
762	8	0.01344 0.60415 0.13544 0.00487 0.15983 0.76816 
763	8	0.01370 0.42452 0.27564 0.00259 0.05388 0.82646 
764	8	0.01020 0.67338 0.26429 0.00281 0.11091 0.85170 
765	8	0.04387 0.62614 0.21975 0.01303 0.35673 0.74233 
766	8	0.01265 0.49913 0.20032 0.00552 0.17263 0.77159 
767	8	0.00460 0.70579 0.17653 0.00237 0.10422 0.83117 
768	8	0.01901 0.36197 0.29278 0.00573 0.08365 0.81216 
769	8	0.00560 0.58770 0.19348 0.00290 0.10233 0.80671 
770	8	0.01139 0.42940 0.20614 0.00420 0.07938 0.77892 
771	8	0.13400 0.81384 0.12280 0.02511 0.27780 0.67522 
772	8	0.00554 0.76120 0.12889 0.00310 0.13989 0.79783 
773	8	0.01094 0.65737 0.12324 0.00476 0.17686 0.76548 
774	8	0.00909 0.59056 0.16843 0.00386 0.12749 0.79958 
775	8	0.00872 0.74573 0.27397 0.00211 0.17366 0.87855 
776	8	0.01547 0.45353 0.30929 0.00317 0.07661 0.85224 
777	8	0.03031 0.40842 0.34844 0.00601 0.16645 0.83845 
778	8	0.07422 0.43255 0.28370 0.01624 0.23043 0.75184 
779	8	0.04785 0.69445 0.20099 0.00697 0.18960 0.77658 
780	8	0.01613 0.00000 0.32501 0.00522 0.05590 0.80470 
781	8	0.01484 0.66450 0.17267 0.00467 0.14438 0.77043 
782	8	0.00928 0.65122 0.25783 0.00312 0.17624 0.84824 
783	8	0.01099 0.57203 0.39651 0.00247 0.12344 0.88793 
784	8	0.07263 0.82437 0.11776 0.01364 0.26885 0.70461 
785	8	0.02263 0.66277 0.09706 0.00743 0.26078 0.72171 
786	8	0.01144 0.63678 0.18430 0.00339 0.11821 0.79698 
787	8	0.01838 0.76632 0.16656 0.00709 0.28745 0.74520 
788	8	0.02312 0.53696 0.33746 0.00441 0.13415 0.86574 
789	8	0.02222 0.35440 0.29344 0.00593 0.08568 0.80943 
790	8	0.01996 0.42276 0.35051 0.00472 0.16155 0.84744 
791	8	0.01074 0.44236 0.22731 0.00355 0.07122 0.80241 
792	8	0.03331 0.69651 0.19968 0.00571 0.15564 0.79478 
793	8	0.01955 0.65760 0.21894 0.00537 0.18608 0.81444 
794	8	0.03240 0.73309 0.21210 0.00785 0.31343 0.80081 
795	8	0.00397 0.45724 0.23693 0.00229 0.05065 0.82511 
796	8	0.02192 0.76573 0.08891 0.00818 0.27941 0.72150 
797	8	0.00903 0.70755 0.11621 0.00399 0.19637 0.78300 
798	8	0.03313 0.64708 0.27849 0.00478 0.13203 0.81835 
799	8	0.01442 0.64839 0.19173 0.00494 0.13563 0.79173 
800	9	0.02810 0.67610 0.43558 0.00426 0.24483 0.90318 
801	9	0.04252 0.76849 0.42600 0.00692 0.26842 0.87165 
802	9	0.16091 0.82992 0.25032 0.02896 0.26037 0.80235 
803	9	0.01563 0.87300 0.13056 0.00371 0.25647 0.80713 
804	9	0.05507 0.60817 0.28264 0.02004 0.48322 0.69822 
805	9	0.03699 0.71737 0.20998 0.01116 0.36592 0.76238 
806	9	0.02957 0.89587 0.14175 0.00542 0.33821 0.81894 
807	9	0.06783 0.92156 0.08298 0.02506 0.57893 0.64249 
808	9	0.19296 0.96368 0.07213 0.05234 0.60161 0.59269 
809	9	0.07617 0.56227 0.42008 0.02173 0.35768 0.78737 
810	9	0.76233 0.95520 0.05515 0.59861 0.89526 0.17051 
811	9	0.12483 0.92618 0.09181 0.06087 0.67633 0.53987 
812	9	0.07207 0.81077 0.15746 0.02084 0.44674 0.69999 
813	9	0.03058 0.77896 0.17007 0.00871 0.30667 0.76190 
814	9	0.03301 0.85007 0.21786 0.00490 0.32319 0.82888 
815	9	0.03012 0.73122 0.37208 0.00629 0.35567 0.81485 
816	9	0.03778 0.95211 0.09378 0.01613 0.49745 0.65749 
817	9	0.22711 0.72316 0.29245 0.06970 0.51905 0.63181 
818	9	0.03943 0.88482 0.23067 0.00767 0.30578 0.83469 
819	9	0.12804 0.06819 0.75021 0.04238 0.35034 0.74275 
820	9	0.07639 0.93700 0.05527 0.02301 0.59366 0.63494 
821	9	0.06898 0.88446 0.15514 0.01181 0.39253 0.75661 
822	9	0.04584 0.90402 0.14891 0.01010 0.49177 0.73636 
823	9	0.03397 0.83742 0.15027 0.00691 0.34971 0.78791 
824	9	0.01989 0.88218 0.17184 0.00455 0.36602 0.81039 
825	9	0.03041 0.95048 0.08002 0.00856 0.43710 0.74298 
826	9	0.03676 0.89702 0.16744 0.01059 0.44359 0.72978 
827	9	0.05353 0.90077 0.21154 0.01207 0.44752 0.74678 
828	9	0.05335 0.64073 0.30852 0.02319 0.52346 0.71430 
829	9	0.03588 0.92384 0.11890 0.00929 0.40835 0.75373 
830	9	0.01135 0.76337 0.16687 0.00363 0.24713 0.82242 
831	9	0.05338 0.98517 0.04289 0.02076 0.74864 0.58176 
832	9	0.09499 0.81546 0.32146 0.01784 0.45884 0.73646 
833	9	0.08436 0.88184 0.13036 0.03630 0.60126 0.59077 
834	9	0.04240 0.78123 0.19593 0.01782 0.56158 0.68872 
835	9	0.04125 0.89625 0.13731 0.01268 0.49617 0.69490 
836	9	0.02602 0.95855 0.07709 0.00759 0.39555 0.74627 
837	9	0.01809 0.61918 0.25762 0.00337 0.20994 0.84984 
838	9	0.01480 0.79955 0.29478 0.00503 0.30860 0.83759 
839	9	0.05066 0.83644 0.12887 0.01679 0.43782 0.67438 
840	9	0.07361 0.78322 0.36784 0.00942 0.32834 0.86296 
841	9	0.05780 0.62881 0.75913 0.01166 0.33147 0.83963 
842	9	0.09279 0.94382 0.05592 0.02783 0.58795 0.60020 
843	9	0.08729 0.96101 0.09261 0.03245 0.57233 0.60529 
844	9	0.07706 0.71966 0.28399 0.02461 0.51759 0.71310 
845	9	0.07093 0.80624 0.15663 0.01183 0.27878 0.76595 
846	9	0.08472 0.85144 0.07590 0.04459 0.68384 0.53277 
847	9	0.02906 0.79466 0.25977 0.01029 0.37642 0.75237 
848	9	0.04981 0.81181 0.16338 0.01266 0.38994 0.72219 
849	9	0.02022 0.68758 0.47000 0.00427 0.27486 0.87419 
850	9	0.03611 0.98456 0.02276 0.01272 0.49621 0.65847 
851	9	0.04921 0.85436 0.26387 0.00877 0.29519 0.79440 
852	9	0.13009 0.96177 0.09575 0.03424 0.68939 0.58256 
853	9	0.25874 0.84661 0.16143 0.07806 0.52418 0.61411 
854	9	0.03799 0.69532 0.38802 0.00701 0.27044 0.85040 
855	9	0.05164 0.75356 0.38188 0.00572 0.24124 0.88243 
856	9	0.11704 0.83761 0.16066 0.02916 0.53011 0.66846 
857	9	0.04342 0.92264 0.15444 0.01816 0.46291 0.68874 
858	9	0.03120 0.67291 0.38555 0.00856 0.36724 0.81009 
859	9	0.01427 0.71810 0.41582 0.00449 0.34375 0.86294 
860	9	0.00824 0.83251 0.20314 0.00270 0.24251 0.85680 
861	9	0.05047 0.85867 0.15333 0.01957 0.49229 0.69979 
862	9	0.01419 0.79193 0.22157 0.00375 0.28419 0.82990 
863	9	0.04110 0.84066 0.15887 0.01198 0.41834 0.70544 
864	9	0.02676 0.78086 0.29819 0.00409 0.24354 0.88937 
865	9	0.06821 0.97445 0.04166 0.03227 0.52755 0.53979 
866	9	0.10311 0.90701 0.13988 0.02767 0.42315 0.68413 
867	9	0.25100 0.97198 0.05367 0.08991 0.67060 0.44531 
868	9	0.05992 0.94339 0.10552 0.02644 0.60576 0.62448 
869	9	0.06617 0.84202 0.29215 0.01044 0.27198 0.78259 
870	9	0.05721 0.76776 0.16495 0.01224 0.36454 0.73764 
871	9	0.05078 0.85315 0.11483 0.01648 0.59070 0.69750 
872	9	0.03467 0.69080 0.37959 0.00863 0.26462 0.80878 
873	9	0.05956 0.86101 0.21936 0.00838 0.35975 0.81597 
874	9	0.04134 0.87648 0.14192 0.00947 0.34781 0.75365 
875	9	0.04161 0.55814 0.27448 0.00942 0.35787 0.77341 
876	9	0.07290 0.73836 0.21744 0.03090 0.54652 0.67353 
877	9	0.03064 0.73097 0.38077 0.00715 0.33284 0.84024 
878	9	0.03100 0.74742 0.17476 0.00854 0.34976 0.78301 
879	9	0.05114 0.67231 0.39532 0.01034 0.30716 0.82616 
880	9	0.02863 0.61977 0.46046 0.01100 0.42678 0.77816 
881	9	0.04237 0.80726 0.18907 0.01077 0.45290 0.75315 
882	9	0.05237 0.59560 0.25179 0.00725 0.20014 0.83081 
883	9	0.01225 0.59526 0.28869 0.00294 0.19048 0.86848 
884	9	0.03961 1.00000 0.00877 0.01353 0.67047 0.62102 
885	9	0.02831 0.56370 0.74715 0.00359 0.15283 0.93662 
886	9	0.08851 0.91873 0.11793 0.01706 0.41287 0.71603 
887	9	0.02592 0.81779 0.27070 0.00389 0.18242 0.87275 
888	9	0.02024 0.93875 0.05053 0.00744 0.41817 0.72076 
889	9	0.04352 0.66648 0.29815 0.01048 0.30758 0.79912 
890	9	0.04786 0.89235 0.20421 0.01197 0.38456 0.77311 
891	9	0.01407 0.77516 0.24437 0.00255 0.22557 0.87314 
892	9	0.08689 0.65407 0.18906 0.02216 0.40278 0.62805 
893	9	0.07053 0.79549 0.30217 0.01087 0.32460 0.82039 
894	9	0.03625 0.82539 0.14045 0.00904 0.48733 0.73700 
895	9	0.04673 0.74787 0.23429 0.00532 0.22870 0.85077 
896	9	0.03105 0.78223 0.29787 0.00365 0.20326 0.88854 
897	9	0.06680 0.67696 0.21361 0.02463 0.58258 0.65598 
898	9	0.01042 0.75935 0.22384 0.00266 0.19236 0.84671 
899	9	0.00997 0.87604 0.13774 0.00273 0.23705 0.84858 
900	10	0.00000 0.66991 0.44617 0.00000 0.02169 0.97902 
901	10	0.09389 0.78072 0.26678 0.01209 0.26913 0.83083 
902	10	0.25401 0.88894 0.19081 0.07635 0.43053 0.68996 
903	10	0.06779 0.78692 0.45990 0.01204 0.29401 0.82904 
904	10	0.12815 0.91103 0.20059 0.03173 0.39405 0.70564 
905	10	0.03901 0.77018 0.35389 0.00745 0.28290 0.84034 
906	10	0.02474 0.65842 0.41172 0.00301 0.11936 0.90499 
907	10	0.03030 0.76210 0.27847 0.00392 0.22284 0.85783 
908	10	0.05060 0.72209 0.24227 0.00953 0.27633 0.78769 
909	10	0.17772 0.86653 0.22289 0.04367 0.45572 0.68666 
910	10	0.02890 0.66419 0.48788 0.00377 0.21209 0.90851 
911	10	0.02321 0.78412 0.37667 0.00354 0.20168 0.87910 
912	10	0.03837 0.88246 0.13016 0.01214 0.54333 0.71452 
913	10	0.08771 0.76377 0.36898 0.03373 0.47388 0.67642 
914	10	0.01804 0.57145 0.46641 0.00287 0.21705 0.90917 
915	10	0.01618 0.78162 0.27318 0.00289 0.26287 0.87542 
916	10	0.03822 0.69729 0.32874 0.00621 0.18784 0.85083 
917	10	0.02366 0.59613 0.39323 0.00484 0.27023 0.86895 
918	10	0.17284 0.60085 0.55063 0.03930 0.26765 0.78356 
919	10	0.00779 0.65001 0.45443 0.00095 0.14712 0.94430 
920	10	0.00780 0.79330 0.27141 0.00214 0.24640 0.87273 
921	10	0.11265 0.54935 0.43798 0.02807 0.34075 0.74206 
922	10	0.04277 0.66217 0.42594 0.00380 0.12629 0.91060 
923	10	0.02631 0.81824 0.26991 0.00668 0.28824 0.81826 
924	10	0.20970 0.57177 0.44332 0.05132 0.29143 0.74831 
925	10	0.18846 0.77703 0.26001 0.04356 0.32505 0.72061 
926	10	0.01857 0.71576 0.41643 0.00294 0.21763 0.90861 
927	10	0.02378 0.78582 0.33956 0.00294 0.21342 0.89863 
928	10	0.41417 0.74674 0.23087 0.18602 0.54633 0.53189 
929	10	0.16671 0.85337 0.18214 0.05288 0.53950 0.65438 
930	10	0.03455 0.60362 0.41887 0.00311 0.06395 0.90624 
931	10	0.08669 0.74277 0.38645 0.01274 0.16932 0.86353 
932	10	0.00701 0.69868 0.33307 0.00156 0.19228 0.90430 
933	10	0.03639 0.84205 0.23945 0.00557 0.36301 0.83026 
934	10	0.06243 0.64445 0.46611 0.00664 0.15129 0.90801 
935	10	0.04599 0.39661 0.51982 0.00624 0.10565 0.87322 
936	10	0.01744 0.74187 0.30828 0.00217 0.17111 0.89216 
937	10	0.03711 0.65129 0.47512 0.00635 0.23277 0.86852 
938	10	0.07373 0.80908 0.20958 0.01208 0.38498 0.79355 
939	10	0.02125 0.65691 0.42695 0.00216 0.10767 0.92699 
940	10	0.07225 0.69158 0.38929 0.00874 0.21319 0.85911 
941	10	0.04588 0.81320 0.30165 0.00328 0.13054 0.91611 
942	10	0.01606 0.59845 0.47286 0.00117 0.06242 0.95255 
943	10	0.11124 0.30064 0.47701 0.03226 0.28543 0.71406 
944	10	0.02924 0.68961 0.44312 0.00388 0.22353 0.88436 
945	10	0.00828 0.59849 0.49786 0.00048 0.06524 0.96695 
946	10	0.04059 0.70828 0.47542 0.00470 0.15037 0.91893 
947	10	0.02697 0.84164 0.22552 0.00620 0.38660 0.81125 
948	10	0.09118 0.63757 0.29121 0.02311 0.39928 0.70604 
949	10	0.25518 0.68315 0.35980 0.07207 0.35181 0.71737 
950	10	0.47693 0.76297 0.24706 0.23079 0.50394 0.55922 
951	10	0.56239 0.73652 0.25354 0.31762 0.53803 0.48304 
952	10	0.48438 0.61423 0.19432 0.26357 0.57031 0.43449 
953	10	0.22930 0.52085 0.37219 0.06212 0.35866 0.66811 
954	10	0.13389 0.63653 0.43922 0.03323 0.28811 0.75557 
955	10	0.10411 0.63563 0.54952 0.02070 0.23812 0.81477 
956	10	0.04053 0.71218 0.35606 0.00430 0.19388 0.87977 
957	10	0.00520 0.83260 0.20079 0.00167 0.23457 0.88429 
958	10	0.20308 0.79022 0.29641 0.05879 0.40197 0.65919 
959	10	0.27493 0.84968 0.17665 0.09292 0.47171 0.61504 
960	10	0.03003 0.77451 0.34045 0.00332 0.26268 0.88125 
961	10	0.19678 0.89091 0.19506 0.05674 0.50746 0.64366 
962	10	0.03050 0.79268 0.31537 0.00454 0.28936 0.86989 
963	10	0.19113 0.75494 0.28729 0.05079 0.32277 0.70267 
964	10	0.17411 0.51804 0.34550 0.03891 0.21874 0.73033 
965	10	0.11196 0.62519 0.54417 0.02517 0.27068 0.83139 
966	10	0.01988 0.67614 0.30176 0.00332 0.20060 0.86347 
967	10	0.06783 0.82692 0.21584 0.00647 0.24810 0.86097 
968	10	0.07136 0.62361 0.28517 0.02392 0.47351 0.68721 
969	10	0.43859 0.88767 0.24136 0.19714 0.59150 0.53587 
970	10	0.40527 0.73841 0.26470 0.16897 0.40054 0.59451 
971	10	0.03516 0.42520 0.42304 0.00467 0.13376 0.86299 
972	10	0.14957 0.81453 0.29148 0.04805 0.49487 0.69667 
973	10	0.43994 0.61520 0.51942 0.19723 0.42479 0.62509 
974	10	0.01250 0.61585 0.47955 0.00173 0.18187 0.92600 
975	10	0.03883 0.56702 0.41908 0.00489 0.18000 0.87267 
976	10	0.01998 0.64357 0.44781 0.00235 0.09581 0.92093 
977	10	0.01983 0.73285 0.34866 0.00210 0.16552 0.91508 
978	10	0.07176 0.57384 0.47093 0.01099 0.13352 0.86168 
979	10	0.14677 0.62750 0.35249 0.02943 0.25415 0.76445 
980	10	0.05599 0.77663 0.17750 0.00824 0.34671 0.79597 
981	10	0.07765 0.44806 0.58417 0.00884 0.09644 0.89114 
982	10	0.17522 0.82642 0.20563 0.06814 0.63551 0.58753 
983	10	0.35960 0.47837 0.45191 0.14233 0.39661 0.60400 
984	10	0.01112 0.72547 0.25085 0.00328 0.27244 0.83971 
985	10	0.00671 0.52657 0.52538 0.00064 0.08358 0.96115 
986	10	0.03922 0.82998 0.27848 0.00799 0.31204 0.84513 
987	10	0.03590 0.71223 0.24842 0.00672 0.32198 0.80986 
988	10	0.01065 0.64380 0.42387 0.00217 0.17994 0.90403 
989	10	0.00562 0.56424 0.44440 0.00092 0.09470 0.93959 
990	10	0.02593 0.62072 0.40502 0.00262 0.16176 0.89492 
991	10	0.04827 0.72302 0.39422 0.00587 0.29719 0.85854 
992	10	0.03507 0.75506 0.35866 0.00345 0.16962 0.90786 
993	10	0.07642 0.77080 0.46916 0.01169 0.21981 0.87044 
994	10	0.19842 0.71189 0.37879 0.07335 0.48526 0.63074 
995	10	0.26732 0.89364 0.18394 0.10040 0.49974 0.62176 
996	10	0.03326 0.89588 0.17520 0.00827 0.38809 0.78809 
997	10	0.27358 0.77814 0.34373 0.08532 0.50590 0.66657 
998	10	0.11228 0.63338 0.50129 0.02296 0.26327 0.78029 
999	10	0.02350 0.78500 0.33964 0.00401 0.16532 0.87729 
