1400	14	6
0	1	0.94672 0.89207 0.00647 0.91065 0.98296 0.10806 
1	1	0.84466 0.72855 0.06670 0.75259 0.92646 0.26932 
2	1	0.84529 0.73246 0.07057 0.75314 0.92470 0.27152 
3	1	0.90329 0.73597 0.04330 0.84101 0.95538 0.18726 
4	1	0.91205 0.73163 0.04235 0.85461 0.95618 0.17595 
5	1	0.85858 0.67764 0.06010 0.77334 0.92833 0.24829 
6	1	0.81970 0.77193 0.05719 0.71834 0.93426 0.28809 
7	1	0.86652 0.67732 0.05237 0.78542 0.93492 0.23431 
8	1	0.81233 0.79093 0.05936 0.70770 0.93388 0.29874 
9	1	0.86290 0.70858 0.06573 0.77917 0.92870 0.24873 
10	1	0.87408 0.67831 0.05482 0.79642 0.93456 0.22796 
11	1	0.84577 0.83921 0.02717 0.75637 0.95042 0.24565 
12	1	0.86418 0.85139 0.02341 0.78295 0.95705 0.22451 
13	1	0.93501 0.81773 0.01471 0.89166 0.97534 0.12949 
14	1	0.84770 0.85022 0.02548 0.75925 0.95417 0.24233 
15	1	0.85403 0.88337 0.01963 0.76823 0.95754 0.23511 
16	1	0.82016 0.88432 0.03013 0.71913 0.94625 0.28245 
17	1	0.86114 0.86439 0.02277 0.77833 0.95578 0.22954 
18	1	0.90760 0.71988 0.04060 0.84764 0.95077 0.18228 
19	1	0.88855 0.80365 0.03210 0.81861 0.95646 0.20308 
20	1	0.91600 0.61909 0.04300 0.86091 0.94824 0.16918 
21	1	0.87414 0.72253 0.04860 0.79678 0.94481 0.22438 
22	1	0.81487 0.67799 0.07525 0.71101 0.91370 0.29953 
23	1	0.78415 0.72927 0.07421 0.66943 0.90981 0.33138 
24	1	0.88362 0.70147 0.04675 0.81103 0.94537 0.21212 
25	1	0.81401 0.79443 0.05955 0.70961 0.93026 0.29979 
26	1	0.84125 0.72954 0.06288 0.74790 0.92561 0.27143 
27	1	0.82442 0.66469 0.07881 0.72409 0.91435 0.29114 
28	1	0.84463 0.91308 0.01394 0.75581 0.96731 0.23580 
29	1	0.81348 0.73406 0.06811 0.70924 0.92258 0.29949 
30	1	0.80499 0.76454 0.06494 0.69775 0.92645 0.30691 
31	1	0.94072 0.76334 0.02173 0.90071 0.97499 0.12459 
32	1	0.94348 0.77593 0.02264 0.90511 0.97547 0.12168 
33	1	0.92652 0.76018 0.03009 0.87773 0.96701 0.15037 
34	1	0.86477 0.72813 0.04814 0.78304 0.94298 0.23440 
35	1	0.89675 0.71956 0.04160 0.83102 0.95053 0.19483 
36	1	0.88456 0.74908 0.03343 0.81309 0.95692 0.20234 
37	1	0.66371 0.89699 0.03557 0.53061 0.92655 0.40575 
38	1	0.54631 0.91957 0.03131 0.42880 0.93667 0.45348 
39	1	0.67802 0.90804 0.04334 0.54096 0.92992 0.41360 
40	1	0.87458 0.85830 0.01511 0.79883 0.96069 0.20374 
41	1	0.63206 0.90017 0.04062 0.49618 0.91962 0.43477 
42	1	0.43179 0.91166 0.08817 0.30280 0.88045 0.60590 
43	1	0.67608 0.93561 0.03361 0.53687 0.92984 0.41985 
44	1	0.81982 0.89796 0.03237 0.71773 0.94706 0.28820 
45	1	0.48819 0.89323 0.07123 0.35812 0.87531 0.55509 
46	1	0.67039 0.88212 0.03364 0.54077 0.93134 0.38837 
47	1	0.76303 0.85480 0.02711 0.64694 0.93424 0.31581 
48	1	0.75252 0.86385 0.02592 0.63416 0.93378 0.32291 
49	1	0.75791 0.84529 0.03601 0.63870 0.92570 0.33346 
50	1	0.64616 0.86332 0.03624 0.51580 0.91548 0.40314 
51	1	0.74239 0.86603 0.03445 0.61798 0.91377 0.35333 
52	1	0.60583 0.88710 0.05259 0.46502 0.89168 0.47107 
53	1	0.74298 0.89189 0.03048 0.61980 0.93239 0.34804 
54	1	0.80521 0.83758 0.02298 0.70092 0.93397 0.27743 
55	1	0.91919 0.83839 0.01066 0.86669 0.96904 0.14756 
56	1	0.73179 0.89596 0.02315 0.60995 0.94230 0.33719 
57	1	0.96771 0.83785 0.00425 0.94523 0.98819 0.07067 
58	1	0.80815 0.92046 0.02088 0.70359 0.95565 0.28699 
59	1	0.76752 0.92355 0.02453 0.65037 0.95394 0.32499 
60	1	0.92324 0.80809 0.01275 0.87295 0.96711 0.14444 
61	1	0.94937 0.84349 0.00615 0.91502 0.98149 0.10095 
62	1	0.92124 0.81657 0.01067 0.86989 0.96720 0.14383 
63	1	0.85869 0.85911 0.01704 0.77577 0.95917 0.22108 
64	1	0.84798 0.88258 0.01338 0.76085 0.96018 0.22626 
65	1	0.80174 0.81340 0.03075 0.69480 0.91921 0.29311 
66	1	0.86586 0.80195 0.02437 0.78510 0.94184 0.22393 
67	1	0.84618 0.83984 0.02429 0.75746 0.95369 0.24027 
68	1	0.91787 0.88211 0.00793 0.86490 0.97746 0.14494 
69	1	0.82755 0.91052 0.02080 0.72977 0.94993 0.27027 
70	1	0.77659 0.90588 0.01540 0.66588 0.95421 0.28915 
71	1	0.72839 0.88775 0.02138 0.60669 0.93774 0.33219 
72	1	0.62118 0.86876 0.06800 0.47550 0.87847 0.47788 
73	1	0.75084 0.89072 0.02982 0.62879 0.92717 0.34399 
74	1	0.68804 0.88816 0.03732 0.55442 0.91391 0.39793 
75	1	0.92132 0.84960 0.00908 0.87016 0.97294 0.14183 
76	1	0.84071 0.85075 0.02077 0.74958 0.94791 0.24534 
77	1	0.84004 0.88159 0.01557 0.74954 0.95933 0.23784 
78	1	0.70902 0.85294 0.04116 0.57686 0.89330 0.38668 
79	1	0.66385 0.85752 0.03795 0.53140 0.90573 0.40118 
80	1	0.84821 0.88225 0.01586 0.76103 0.96301 0.23045 
81	1	0.65525 0.88197 0.04596 0.51734 0.90443 0.42911 
82	1	0.83001 0.84171 0.01940 0.73492 0.94294 0.25061 
83	1	0.91443 0.85339 0.01140 0.85933 0.97238 0.15384 
84	1	0.91883 0.84994 0.01000 0.86631 0.97456 0.14545 
85	1	0.86651 0.86365 0.01568 0.78717 0.96239 0.21166 
86	1	0.83027 0.83555 0.02400 0.73495 0.94370 0.25691 
87	1	0.58595 0.91708 0.04682 0.44780 0.92331 0.47505 
88	1	0.54709 0.88022 0.06401 0.41100 0.88413 0.51009 
89	1	0.73352 0.84485 0.03894 0.60622 0.89797 0.36490 
90	1	0.92800 0.87102 0.00724 0.88080 0.97832 0.13100 
91	1	0.69984 0.90365 0.03915 0.56441 0.91300 0.40221 
92	1	0.73868 0.87755 0.02404 0.61810 0.93682 0.33019 
93	1	0.62172 0.91780 0.05501 0.47114 0.89055 0.48714 
94	1	0.72847 0.85388 0.04081 0.60123 0.91321 0.36663 
95	1	0.70143 0.91367 0.04462 0.56385 0.92174 0.40950 
96	1	0.69437 0.89621 0.03712 0.56147 0.92290 0.39357 
97	1	0.66830 0.90544 0.03405 0.53530 0.93162 0.40279 
98	1	0.71949 0.84846 0.03803 0.59171 0.91081 0.36718 
99	1	0.58222 0.92103 0.04880 0.43897 0.90693 0.49326 
100	2	0.27658 0.85036 0.08464 0.26085 0.83948 0.61138 
101	2	0.26621 0.89273 0.10585 0.22100 0.84981 0.66497 
102	2	0.19670 0.88842 0.09844 0.21970 0.85781 0.65565 
103	2	0.30131 0.86694 0.12227 0.23158 0.81794 0.66734 
104	2	0.26472 0.86983 0.07248 0.27228 0.87071 0.58632 
105	2	0.19153 0.79697 0.13558 0.19929 0.69737 0.70148 
106	2	0.13233 0.84871 0.14691 0.18199 0.78073 0.71597 
107	2	0.18963 0.86773 0.11400 0.19709 0.79188 0.69656 
108	2	0.37237 0.87942 0.05888 0.31215 0.88240 0.55111 
109	2	0.41034 0.89632 0.07307 0.30493 0.85964 0.59233 
110	2	0.30767 0.91395 0.07830 0.25310 0.89588 0.61934 
111	2	0.18315 0.78220 0.10863 0.23034 0.73620 0.64798 
112	2	0.42518 0.81571 0.08323 0.32420 0.81525 0.56776 
113	2	0.38780 0.86911 0.09310 0.28308 0.81304 0.62317 
114	2	0.26032 0.78032 0.10625 0.23872 0.72562 0.64262 
115	2	0.32702 0.86285 0.10257 0.24843 0.79216 0.65289 
116	2	0.25223 0.85876 0.11468 0.22012 0.79469 0.67461 
117	2	0.41248 0.78478 0.11340 0.29075 0.71371 0.62747 
118	2	0.28072 0.88798 0.08720 0.23778 0.82615 0.64885 
119	2	0.39870 0.87783 0.09047 0.28991 0.82895 0.61654 
120	2	0.38085 0.87031 0.09183 0.28187 0.82150 0.62051 
121	2	0.43761 0.88891 0.08408 0.31702 0.85894 0.59141 
122	2	0.25256 0.86424 0.10449 0.23476 0.83087 0.64882 
123	2	0.44619 0.88864 0.08138 0.32324 0.85624 0.58703 
124	2	0.51954 0.88673 0.06692 0.38585 0.87924 0.53100 
125	2	0.32890 0.88343 0.09048 0.25675 0.83475 0.63536 
126	2	0.32089 0.86469 0.09044 0.26321 0.83033 0.62280 
127	2	0.15449 0.85755 0.11916 0.21239 0.82308 0.67178 
128	2	0.15816 0.89093 0.10481 0.19629 0.82762 0.68905 
129	2	0.22683 0.87955 0.10785 0.20979 0.81275 0.68097 
130	2	0.22728 0.84228 0.12063 0.21268 0.78603 0.68221 
131	2	0.18562 0.88490 0.10903 0.19749 0.81528 0.69161 
132	2	0.22465 0.83413 0.10186 0.23426 0.78643 0.64783 
133	2	0.21991 0.88837 0.09719 0.21443 0.82643 0.67101 
134	2	0.21971 0.86651 0.10656 0.23079 0.84737 0.64611 
135	2	0.28064 0.81592 0.14330 0.21823 0.76911 0.68971 
136	2	0.20643 0.82740 0.12781 0.20963 0.76978 0.68620 
137	2	0.26733 0.84517 0.08176 0.26803 0.84232 0.59663 
138	2	0.20461 0.86146 0.11488 0.21307 0.82267 0.67296 
139	2	0.77728 0.91207 0.02016 0.66546 0.95949 0.30136 
140	2	0.19516 0.78263 0.30471 0.10691 0.62571 0.83183 
141	2	0.29222 0.71117 0.35598 0.15172 0.57799 0.80952 
142	2	0.44052 0.76939 0.25577 0.27447 0.70392 0.68977 
143	2	0.20004 0.79895 0.26690 0.12069 0.66860 0.80955 
144	2	0.21482 0.80030 0.25634 0.12497 0.65588 0.81212 
145	2	0.15277 0.82462 0.28048 0.08917 0.62682 0.84719 
146	2	0.39355 0.74837 0.22575 0.23744 0.67209 0.72663 
147	2	0.31688 0.78035 0.27838 0.17391 0.65514 0.77882 
148	2	0.28406 0.68900 0.40233 0.21738 0.57727 0.69674 
149	2	0.34353 0.76355 0.30381 0.23800 0.65582 0.69222 
150	2	0.15761 0.72247 0.39600 0.18093 0.60999 0.71890 
151	2	0.33269 0.70352 0.38924 0.24610 0.62288 0.65392 
152	2	0.31926 0.71196 0.37576 0.21783 0.62375 0.70343 
153	2	0.39196 0.73179 0.32737 0.25694 0.66623 0.67855 
154	2	0.52088 0.75294 0.25098 0.35957 0.73870 0.60097 
155	2	0.27014 0.75015 0.34784 0.18461 0.62403 0.74505 
156	2	0.17663 0.72200 0.39785 0.18576 0.60057 0.71746 
157	2	0.26702 0.75310 0.34651 0.22023 0.65964 0.67607 
158	2	0.19554 0.68797 0.44460 0.18136 0.56778 0.71991 
159	2	0.27559 0.69691 0.39688 0.21827 0.61432 0.67939 
160	2	0.26310 0.73708 0.35795 0.20280 0.62686 0.71226 
161	2	0.24981 0.66091 0.45718 0.17863 0.51267 0.75455 
162	2	0.34612 0.58746 0.56793 0.21087 0.43733 0.73451 
163	2	0.37389 0.67934 0.43093 0.24705 0.56473 0.68773 
164	2	0.56751 0.46432 0.55723 0.39101 0.45573 0.60395 
165	2	0.35380 0.67279 0.43380 0.24048 0.55263 0.68935 
166	2	0.69977 0.69750 0.25057 0.55373 0.74328 0.45153 
167	2	0.59555 0.67516 0.32547 0.43672 0.67206 0.53725 
168	2	0.77755 0.63689 0.22195 0.65466 0.77351 0.36721 
169	2	0.72747 0.67991 0.24319 0.58813 0.75614 0.42199 
170	2	0.74657 0.60416 0.26521 0.61274 0.73618 0.40179 
171	2	0.82839 0.70563 0.14924 0.72714 0.84918 0.29943 
172	2	0.81059 0.61873 0.20003 0.70084 0.80289 0.32429 
173	2	0.88405 0.61886 0.11802 0.81083 0.88562 0.21349 
174	2	0.76508 0.67423 0.20023 0.64100 0.80487 0.35848 
175	2	0.86637 0.69736 0.11542 0.78399 0.88536 0.24051 
176	2	0.91398 0.59207 0.09556 0.85733 0.90652 0.17244 
177	2	0.88805 0.77886 0.07306 0.81774 0.92762 0.20179 
178	2	0.87074 0.76981 0.08665 0.79146 0.91382 0.22590 
179	2	0.87024 0.77122 0.08689 0.79066 0.91290 0.22741 
180	2	0.89961 0.85359 0.04810 0.83563 0.95161 0.18466 
181	2	0.88089 0.84444 0.06388 0.80615 0.93465 0.21938 
182	2	0.92811 0.81509 0.04222 0.88036 0.95746 0.14362 
183	2	0.85453 0.87691 0.05872 0.76793 0.93666 0.24431 
184	2	0.87967 0.82303 0.07389 0.80389 0.92557 0.22478 
185	2	0.92304 0.81172 0.04573 0.87227 0.95482 0.15116 
186	2	0.91429 0.84607 0.04301 0.85851 0.95625 0.16375 
187	2	0.89362 0.88772 0.03987 0.82675 0.95827 0.18928 
188	2	0.88772 0.88642 0.04175 0.81791 0.95674 0.19542 
189	2	0.84366 0.82674 0.08344 0.75170 0.91666 0.25985 
190	2	0.84774 0.82445 0.08656 0.75669 0.91236 0.26277 
191	2	0.89531 0.85379 0.05440 0.82830 0.94516 0.19832 
192	2	0.86540 0.77997 0.08735 0.78348 0.91445 0.23262 
193	2	0.84827 0.83946 0.07740 0.75823 0.92182 0.25590 
194	2	0.89722 0.81384 0.05780 0.83209 0.94365 0.18507 
195	2	0.83095 0.67361 0.15908 0.73073 0.84288 0.29506 
196	2	0.33007 0.80666 0.26058 0.26654 0.74506 0.61573 
197	2	0.19583 0.75125 0.33872 0.21737 0.66959 0.66449 
198	2	0.16746 0.77605 0.31361 0.21314 0.69180 0.67022 
199	2	0.16497 0.82723 0.25548 0.20903 0.74390 0.67508 
200	3	0.74793 0.92288 0.02455 0.62663 0.95230 0.33861 
201	3	0.75999 0.87349 0.03446 0.64044 0.93147 0.33654 
202	3	0.72748 0.91477 0.02800 0.60172 0.94464 0.35752 
203	3	0.70177 0.92627 0.02709 0.57186 0.94539 0.37730 
204	3	0.74455 0.92091 0.02737 0.62180 0.95186 0.34504 
205	3	0.73732 0.89652 0.03633 0.61190 0.93867 0.35812 
206	3	0.69213 0.90793 0.03902 0.55754 0.92949 0.40020 
207	3	0.71792 0.91096 0.04461 0.58384 0.92724 0.39366 
208	3	0.76214 0.91850 0.02680 0.64318 0.95089 0.33274 
209	3	0.74516 0.90342 0.03235 0.62077 0.93336 0.35581 
210	3	0.70557 0.90042 0.03324 0.57634 0.93745 0.37547 
211	3	0.74811 0.88515 0.03683 0.62499 0.93320 0.35018 
212	3	0.70672 0.91216 0.03599 0.57384 0.92932 0.39017 
213	3	0.70901 0.89839 0.04538 0.57444 0.92025 0.39808 
214	3	0.73707 0.91519 0.02823 0.61289 0.94696 0.35106 
215	3	0.73331 0.92552 0.03252 0.60472 0.94044 0.36983 
216	3	0.70285 0.90354 0.04126 0.56905 0.92869 0.39517 
217	3	0.75198 0.88071 0.04152 0.62830 0.92740 0.35482 
218	3	0.72301 0.91078 0.02924 0.59683 0.94553 0.35975 
219	3	0.63307 0.90648 0.05751 0.48708 0.90890 0.46652 
220	3	0.69925 0.91521 0.04831 0.56075 0.92768 0.41187 
221	3	0.70757 0.90304 0.03544 0.57761 0.93868 0.37818 
222	3	0.69862 0.90557 0.03505 0.56684 0.93328 0.38752 
223	3	0.77502 0.85986 0.04137 0.65894 0.93435 0.32726 
224	3	0.74679 0.88396 0.03704 0.62380 0.93624 0.34920 
225	3	0.71702 0.88191 0.03657 0.58926 0.93142 0.36849 
226	3	0.73463 0.89098 0.03590 0.60914 0.93625 0.35853 
227	3	0.76904 0.85717 0.03440 0.65271 0.93314 0.32396 
228	3	0.79047 0.79777 0.04323 0.67939 0.91871 0.31112 
229	3	0.72447 0.89766 0.03554 0.59569 0.92734 0.37267 
230	3	0.68408 0.90936 0.03213 0.55234 0.93600 0.39108 
231	3	0.65746 0.91125 0.03451 0.52354 0.93356 0.41134 
232	3	0.68231 0.90869 0.03899 0.54649 0.92635 0.40797 
233	3	0.71221 0.91391 0.03498 0.58045 0.93194 0.38457 
234	3	0.72727 0.89476 0.03315 0.60063 0.93268 0.36276 
235	3	0.69055 0.89556 0.03603 0.55876 0.92957 0.39009 
236	3	0.72882 0.89682 0.04049 0.59851 0.91881 0.37983 
237	3	0.76417 0.75499 0.05074 0.64332 0.88124 0.34439 
238	3	0.71337 0.83743 0.04022 0.58458 0.90626 0.37205 
239	3	0.69482 0.87012 0.03936 0.56398 0.92070 0.38560 
240	3	0.67415 0.90641 0.03169 0.54245 0.93402 0.39479 
241	3	0.71685 0.86237 0.04230 0.58676 0.91045 0.37941 
242	3	0.77154 0.86841 0.04277 0.65206 0.91641 0.34325 
243	3	0.73414 0.86337 0.03748 0.60905 0.92353 0.35688 
244	3	0.74860 0.89128 0.03448 0.62525 0.93031 0.35106 
245	3	0.73104 0.86006 0.03371 0.60622 0.92104 0.35350 
246	3	0.71753 0.89018 0.04139 0.58594 0.91852 0.38563 
247	3	0.70786 0.90948 0.02817 0.58019 0.94232 0.36749 
248	3	0.71075 0.90199 0.02941 0.58332 0.93862 0.36627 
249	3	0.68148 0.88800 0.04675 0.54465 0.91425 0.41383 
250	3	0.70659 0.85807 0.03607 0.57820 0.91828 0.37108 
251	3	0.72390 0.87447 0.04369 0.59293 0.90653 0.38332 
252	3	0.70907 0.84740 0.04773 0.57878 0.91497 0.38217 
253	3	0.73844 0.86469 0.04078 0.61316 0.92306 0.35926 
254	3	0.74122 0.87073 0.05309 0.61365 0.92628 0.37347 
255	3	0.74493 0.85679 0.05308 0.61905 0.92483 0.36666 
256	3	0.74253 0.82611 0.05681 0.61712 0.91848 0.36738 
257	3	0.71785 0.81357 0.09086 0.58014 0.87837 0.42053 
258	3	0.76902 0.81932 0.04708 0.65119 0.92143 0.33599 
259	3	0.70556 0.78627 0.09391 0.56555 0.86004 0.43098 
260	3	0.71401 0.84733 0.04654 0.58554 0.92625 0.37565 
261	3	0.81856 0.76573 0.05138 0.71631 0.92098 0.29525 
262	3	0.77920 0.86296 0.02860 0.66641 0.93724 0.30928 
263	3	0.74756 0.86504 0.03572 0.62456 0.91947 0.34887 
264	3	0.76996 0.85834 0.04377 0.64992 0.90887 0.34519 
265	3	0.70557 0.88752 0.03728 0.57554 0.92957 0.37973 
266	3	0.78021 0.79916 0.04275 0.66473 0.90107 0.32620 
267	3	0.78179 0.80830 0.04566 0.66702 0.91102 0.32548 
268	3	0.79631 0.83369 0.03290 0.68730 0.92323 0.30232 
269	3	0.77888 0.75286 0.05165 0.66246 0.88851 0.33129 
270	3	0.79742 0.79618 0.02977 0.68934 0.91523 0.29253 
271	3	0.79230 0.79247 0.03099 0.68247 0.91258 0.29802 
272	3	0.91543 0.61350 0.02278 0.85995 0.93163 0.16310 
273	3	0.87858 0.72031 0.03259 0.80279 0.91602 0.22003 
274	3	0.88116 0.63412 0.03003 0.80686 0.91089 0.21051 
275	3	0.91082 0.67274 0.02053 0.85292 0.93890 0.16686 
276	3	0.86388 0.78087 0.02391 0.78192 0.93160 0.22631 
277	3	0.86705 0.67688 0.03287 0.78575 0.90936 0.22976 
278	3	0.89283 0.67880 0.02387 0.82503 0.92921 0.19126 
279	3	0.88803 0.58998 0.04244 0.81665 0.89743 0.21340 
280	3	0.89484 0.59304 0.03187 0.82748 0.90863 0.19687 
281	3	0.88684 0.79806 0.02628 0.81564 0.93678 0.20709 
282	3	0.83110 0.77309 0.03078 0.73479 0.91942 0.26450 
283	3	0.86395 0.65412 0.03422 0.78107 0.90402 0.23341 
284	3	0.81736 0.79531 0.02897 0.71607 0.92074 0.27561 
285	3	0.75799 0.82645 0.03448 0.63837 0.91198 0.33280 
286	3	0.79962 0.72954 0.03979 0.69011 0.88479 0.30347 
287	3	0.78467 0.81170 0.03842 0.67123 0.90984 0.31780 
288	3	0.73943 0.83667 0.03624 0.61680 0.92178 0.34438 
289	3	0.75912 0.82976 0.03538 0.63945 0.91180 0.33428 
290	3	0.82578 0.72250 0.04769 0.72556 0.89331 0.28649 
291	3	0.83388 0.73917 0.03347 0.73812 0.90823 0.26478 
292	3	0.79300 0.80204 0.02938 0.68371 0.91690 0.29538 
293	3	0.81349 0.74977 0.03726 0.71085 0.91870 0.28149 
294	3	0.75495 0.83132 0.03591 0.63498 0.91811 0.33505 
295	3	0.72619 0.81468 0.04674 0.59760 0.89356 0.37219 
296	3	0.72175 0.80764 0.05428 0.59107 0.88698 0.38334 
297	3	0.64891 0.86970 0.04784 0.51387 0.91494 0.42311 
298	3	0.72657 0.86417 0.03411 0.60118 0.92443 0.35645 
299	3	0.72950 0.85502 0.03486 0.60450 0.92086 0.35452 
300	4	0.90635 0.90974 0.02071 0.84564 0.97291 0.17980 
301	4	0.96582 0.89227 0.01128 0.94187 0.98591 0.08253 
302	4	0.82349 0.93939 0.03648 0.72014 0.95538 0.29737 
303	4	0.87818 0.94740 0.02712 0.80124 0.96509 0.22640 
304	4	0.88108 0.95162 0.01677 0.80654 0.97665 0.21315 
305	4	0.85957 0.94849 0.03176 0.77300 0.96083 0.25263 
306	4	0.87883 0.94392 0.01751 0.80335 0.97476 0.21511 
307	4	0.88753 0.95105 0.02693 0.81576 0.96691 0.21244 
308	4	0.84152 0.95512 0.03165 0.74622 0.96022 0.27439 
309	4	0.90482 0.93030 0.01913 0.84303 0.97411 0.18381 
310	4	0.96814 0.93242 0.00539 0.94583 0.99261 0.07415 
311	4	0.97277 0.93988 0.00907 0.95355 0.98985 0.06827 
312	4	0.96119 0.93567 0.01050 0.93412 0.98751 0.09091 
313	4	0.89341 0.91383 0.01671 0.82628 0.97560 0.19010 
314	4	0.92469 0.90479 0.01148 0.87517 0.98115 0.14447 
315	4	0.86812 0.94852 0.02480 0.78609 0.96630 0.23855 
316	4	0.91309 0.91579 0.01527 0.85654 0.97813 0.16575 
317	4	0.90366 0.92891 0.02095 0.84110 0.97227 0.18680 
318	4	0.90765 0.94877 0.02384 0.84724 0.97000 0.18278 
319	4	0.85306 0.93859 0.03376 0.76324 0.95751 0.26120 
320	4	0.85113 0.92560 0.02783 0.76169 0.96288 0.25457 
321	4	0.85587 0.94243 0.03160 0.76749 0.96000 0.25612 
322	4	0.75046 0.96619 0.04471 0.62036 0.94880 0.37727 
323	4	0.73450 0.94448 0.06026 0.59738 0.93181 0.40480 
324	4	0.85938 0.92889 0.01791 0.77549 0.97339 0.23134 
325	4	0.85419 0.92333 0.02835 0.76605 0.96126 0.25235 
326	4	0.88084 0.93381 0.02555 0.80557 0.96557 0.22119 
327	4	0.83840 0.94021 0.03382 0.74176 0.95753 0.27824 
328	4	0.87687 0.94267 0.02480 0.79948 0.96875 0.22582 
329	4	0.74564 0.92957 0.06935 0.61135 0.91786 0.39694 
330	4	0.85868 0.94516 0.02779 0.77190 0.96439 0.25069 
331	4	0.79525 0.96826 0.03409 0.68046 0.95821 0.32884 
332	4	0.86101 0.95076 0.02540 0.77540 0.96657 0.24725 
333	4	0.79705 0.95192 0.04272 0.68226 0.94899 0.33001 
334	4	0.71974 0.95361 0.05555 0.57885 0.93437 0.41283 
335	4	0.79703 0.94624 0.03738 0.68282 0.95480 0.32533 
336	4	0.80566 0.95590 0.03704 0.69448 0.95544 0.31874 
337	4	0.83617 0.95875 0.03102 0.73847 0.96240 0.27960 
338	4	0.82626 0.95087 0.02766 0.72466 0.96213 0.28851 
339	4	0.80462 0.95255 0.03690 0.69309 0.95676 0.31847 
340	4	0.80582 0.96518 0.03504 0.69533 0.96003 0.31359 
341	4	0.80380 0.96111 0.03508 0.69200 0.95742 0.31843 
342	4	0.71624 0.96246 0.05178 0.57545 0.93774 0.41508 
343	4	0.91996 0.96277 0.01080 0.86702 0.98566 0.15757 
344	4	0.80719 0.95759 0.03646 0.69667 0.95535 0.31611 
345	4	0.87743 0.92247 0.04017 0.79995 0.95582 0.23168 
346	4	0.88738 0.92176 0.03370 0.81538 0.96270 0.21495 
347	4	0.83741 0.96333 0.03455 0.74117 0.95914 0.27821 
348	4	0.85467 0.94231 0.03220 0.76572 0.96071 0.25720 
349	4	0.84601 0.96348 0.02724 0.75300 0.96466 0.26667 
350	4	0.71557 0.95467 0.05235 0.57362 0.93869 0.41525 
351	4	0.77004 0.93698 0.05338 0.64460 0.93442 0.36406 
352	4	0.86904 0.94233 0.02620 0.78756 0.96664 0.23664 
353	4	0.92151 0.94120 0.01588 0.86937 0.97916 0.15885 
354	4	0.89036 0.90957 0.03337 0.82008 0.96317 0.21198 
355	4	0.96864 0.87361 0.01106 0.94659 0.98798 0.07859 
356	4	0.79003 0.95824 0.04469 0.67330 0.95025 0.33547 
357	4	0.77191 0.94678 0.04897 0.64734 0.94106 0.35959 
358	4	0.84886 0.94368 0.03425 0.75696 0.95738 0.26621 
359	4	0.84238 0.94367 0.03187 0.74760 0.95882 0.27246 
360	4	0.82628 0.95536 0.02801 0.72450 0.96530 0.28790 
361	4	0.79579 0.93553 0.04551 0.68057 0.94481 0.33209 
362	4	0.84004 0.94742 0.03041 0.74421 0.96054 0.27548 
363	4	0.83976 0.93448 0.02871 0.74477 0.96231 0.26982 
364	4	0.85234 0.92502 0.04912 0.76198 0.94556 0.26713 
365	4	0.85347 0.94143 0.03392 0.76381 0.95796 0.26148 
366	4	0.82825 0.93682 0.02645 0.72894 0.96496 0.27845 
367	4	0.85274 0.93755 0.03935 0.76268 0.95519 0.26296 
368	4	0.82671 0.95042 0.03162 0.72482 0.96038 0.29085 
369	4	0.83452 0.94071 0.02821 0.73702 0.96254 0.27657 
370	4	0.84374 0.92376 0.03469 0.74996 0.95456 0.27104 
371	4	0.92217 0.93532 0.02072 0.87030 0.97613 0.15897 
372	4	0.91913 0.96199 0.01080 0.86573 0.98564 0.15831 
373	4	0.91963 0.95540 0.01260 0.86646 0.98385 0.15859 
374	4	0.92979 0.97006 0.00703 0.88291 0.98902 0.13993 
375	4	0.92539 0.94693 0.01591 0.87553 0.98026 0.15267 
376	4	0.93252 0.96221 0.01408 0.88709 0.98169 0.14052 
377	4	0.94023 0.96130 0.00788 0.89971 0.98816 0.12494 
378	4	0.87758 0.96953 0.01741 0.80058 0.97659 0.22196 
379	4	0.91260 0.97270 0.01433 0.85526 0.98104 0.17031 
380	4	0.82630 0.93325 0.04167 0.72395 0.95149 0.29488 
381	4	0.81173 0.94232 0.03168 0.70433 0.95850 0.30381 
382	4	0.85372 0.94331 0.02643 0.76488 0.96663 0.25399 
383	4	0.84817 0.95125 0.02447 0.75662 0.96661 0.26098 
384	4	0.88802 0.95172 0.02170 0.81651 0.97135 0.21125 
385	4	0.81057 0.94936 0.04082 0.70122 0.94887 0.31445 
386	4	0.82442 0.94932 0.04337 0.72147 0.95073 0.29727 
387	4	0.76271 0.92862 0.06018 0.63464 0.93107 0.37442 
388	4	0.85058 0.93204 0.03721 0.75950 0.95572 0.26778 
389	4	0.94858 0.93467 0.00907 0.91341 0.98782 0.11073 
390	4	0.74693 0.94022 0.06171 0.61364 0.93163 0.39235 
391	4	0.92768 0.93553 0.01424 0.87936 0.98232 0.14804 
392	4	0.81560 0.95238 0.04711 0.70953 0.94698 0.30566 
393	4	0.93731 0.91498 0.01966 0.89473 0.97590 0.13648 
394	4	0.78392 0.94766 0.05133 0.66395 0.93871 0.34828 
395	4	0.72175 0.95830 0.06118 0.58417 0.92974 0.40530 
396	4	0.70107 0.96322 0.05247 0.55629 0.93392 0.42911 
397	4	0.66144 0.95247 0.06816 0.50739 0.91989 0.47045 
398	4	0.83133 0.94299 0.03972 0.73115 0.95381 0.28946 
399	4	0.96021 0.93960 0.00529 0.93268 0.99200 0.08763 
400	5	0.78386 0.98091 0.03034 0.66825 0.96235 0.32321 
401	5	0.78727 0.97924 0.03182 0.67291 0.96060 0.32041 
402	5	0.68509 0.97676 0.04904 0.54661 0.94305 0.41478 
403	5	0.66904 0.98878 0.03518 0.53682 0.96222 0.39558 
404	5	0.66422 0.97998 0.04448 0.52017 0.94740 0.43558 
405	5	0.68370 0.98221 0.03897 0.54229 0.95548 0.41722 
406	5	0.88235 0.98337 0.01504 0.80866 0.98062 0.20930 
407	5	0.89534 0.97869 0.01680 0.82884 0.97764 0.19112 
408	5	0.89131 0.98330 0.01503 0.82276 0.98064 0.19443 
409	5	0.88223 0.98534 0.01665 0.80997 0.98155 0.19825 
410	5	0.55525 0.97811 0.06075 0.41453 0.93120 0.50621 
411	5	0.86971 0.97946 0.02158 0.79066 0.97659 0.22002 
412	5	0.67097 0.97785 0.05111 0.53406 0.94751 0.41303 
413	5	0.87188 0.97614 0.02415 0.79413 0.97470 0.21576 
414	5	0.76162 0.97843 0.03899 0.64211 0.95701 0.33520 
415	5	0.80409 0.97236 0.03963 0.69802 0.96110 0.29258 
416	5	0.88290 0.98271 0.01920 0.81155 0.98108 0.19199 
417	5	0.61450 0.98248 0.05191 0.48367 0.95193 0.42857 
418	5	0.62752 0.99072 0.03516 0.49590 0.96246 0.41768 
419	5	0.88029 0.98203 0.01907 0.80696 0.97909 0.20167 
420	5	0.85477 0.98386 0.02095 0.76915 0.97647 0.23421 
421	5	0.75945 0.98656 0.02854 0.63882 0.96866 0.33523 
422	5	0.75888 0.98991 0.02567 0.64053 0.97213 0.32454 
423	5	0.68018 0.98409 0.03886 0.54195 0.95393 0.41034 
424	5	0.86525 0.98000 0.02055 0.78339 0.97793 0.22875 
425	5	0.85330 0.98467 0.01875 0.76580 0.97812 0.24224 
426	5	0.85629 0.98788 0.01695 0.77094 0.98085 0.23327 
427	5	0.86236 0.98650 0.01855 0.78082 0.97943 0.21987 
428	5	0.67465 0.98097 0.04565 0.53822 0.95068 0.41002 
429	5	0.85708 0.97910 0.02339 0.77179 0.97466 0.23689 
430	5	0.87442 0.98261 0.01982 0.79842 0.97855 0.20739 
431	5	0.77625 0.97768 0.03686 0.65984 0.95692 0.32619 
432	5	0.74826 0.98010 0.03676 0.62297 0.95638 0.35475 
433	5	0.65910 0.97986 0.04036 0.50911 0.95028 0.45021 
434	5	0.88128 0.98096 0.01792 0.80753 0.97760 0.20798 
435	5	0.89432 0.98016 0.01498 0.82692 0.98163 0.19372 
436	5	0.89331 0.96601 0.02057 0.82501 0.97619 0.19948 
437	5	0.70935 0.97704 0.04376 0.57284 0.94927 0.39839 
438	5	0.89159 0.96834 0.01974 0.82234 0.97655 0.20204 
439	5	0.90148 0.98303 0.01402 0.83852 0.98301 0.17953 
440	5	0.78338 0.97785 0.02808 0.66461 0.96558 0.33342 
441	5	0.73219 0.97329 0.04610 0.60115 0.94632 0.37876 
442	5	0.77951 0.98784 0.02461 0.66415 0.97065 0.31780 
443	5	0.89061 0.98426 0.01505 0.82193 0.98231 0.19283 
444	5	0.56090 0.98309 0.05077 0.42031 0.94388 0.49515 
445	5	0.87400 0.97991 0.01613 0.79544 0.97949 0.22380 
446	5	0.90283 0.98105 0.01597 0.84105 0.98191 0.17516 
447	5	0.88242 0.98011 0.01709 0.80879 0.97872 0.20954 
448	5	0.62287 0.97118 0.05857 0.46965 0.93124 0.48336 
449	5	0.64870 0.97920 0.04409 0.49896 0.94717 0.45628 
450	5	0.69289 0.97654 0.04264 0.54968 0.95037 0.41949 
451	5	0.80092 0.97846 0.03026 0.69103 0.96192 0.30798 
452	5	0.87836 0.97572 0.01888 0.80225 0.97825 0.21750 
453	5	0.80490 0.97581 0.03080 0.69565 0.96192 0.30694 
454	5	0.87313 0.97740 0.01805 0.79414 0.97619 0.22567 
455	5	0.70314 0.97716 0.04569 0.56690 0.94616 0.39997 
456	5	0.70690 0.97419 0.04640 0.56840 0.94800 0.40471 
457	5	0.80160 0.98116 0.02697 0.69165 0.96603 0.30698 
458	5	0.81550 0.98619 0.02284 0.71294 0.97366 0.28067 
459	5	0.81846 0.98488 0.02335 0.71656 0.97105 0.28031 
460	5	0.77956 0.98039 0.02812 0.66026 0.96521 0.33483 
461	5	0.91445 0.97961 0.01388 0.85877 0.98354 0.16159 
462	5	0.78645 0.96321 0.03535 0.66772 0.95459 0.33805 
463	5	0.71612 0.97566 0.03943 0.57698 0.95057 0.40384 
464	5	0.90140 0.98302 0.01191 0.83775 0.98384 0.18450 
465	5	0.73563 0.94687 0.05706 0.59890 0.93085 0.39930 
466	5	0.68863 0.97464 0.04668 0.54525 0.94478 0.42418 
467	5	0.68153 0.97992 0.03884 0.53586 0.95358 0.42878 
468	5	0.89679 0.96134 0.01717 0.83027 0.97874 0.19477 
469	5	0.77537 0.94867 0.03999 0.65294 0.95164 0.34848 
470	5	0.89011 0.95793 0.01928 0.81987 0.97715 0.20420 
471	5	0.91446 0.96392 0.01774 0.85820 0.97794 0.16882 
472	5	0.82737 0.95487 0.03862 0.72579 0.95439 0.29125 
473	5	0.72435 0.97467 0.04267 0.58914 0.94819 0.39060 
474	5	0.71761 0.97713 0.03901 0.57976 0.95129 0.40032 
475	5	0.89446 0.97419 0.01350 0.82669 0.98206 0.19656 
476	5	0.88398 0.96852 0.01920 0.81046 0.97741 0.21202 
477	5	0.88636 0.96900 0.01665 0.81411 0.97932 0.20861 
478	5	0.90706 0.98473 0.01228 0.84714 0.98433 0.17191 
479	5	0.72674 0.96638 0.04402 0.58862 0.94600 0.39936 
480	5	0.79073 0.98088 0.02672 0.67565 0.96817 0.32082 
481	5	0.68109 0.97986 0.03987 0.53607 0.95093 0.42899 
482	5	0.72544 0.94454 0.05498 0.58611 0.93496 0.40779 
483	5	0.89617 0.95143 0.01946 0.82930 0.97624 0.19626 
484	5	0.83283 0.91810 0.02981 0.73591 0.96248 0.27145 
485	5	0.89790 0.93359 0.02026 0.83232 0.97648 0.19096 
486	5	0.83517 0.94987 0.03359 0.73689 0.95875 0.28169 
487	5	0.82589 0.92886 0.03528 0.72442 0.95674 0.28843 
488	5	0.69993 0.95671 0.05636 0.55434 0.93672 0.42720 
489	5	0.82487 0.95892 0.03205 0.72203 0.96068 0.29285 
490	5	0.89998 0.92067 0.02440 0.83541 0.97275 0.19009 
491	5	0.78015 0.97803 0.02637 0.65962 0.96390 0.34120 
492	5	0.74521 0.94522 0.05236 0.61160 0.93582 0.38803 
493	5	0.72558 0.95058 0.05339 0.58604 0.93338 0.40772 
494	5	0.71695 0.96718 0.04560 0.57633 0.94222 0.40985 
495	5	0.84039 0.95890 0.03312 0.74477 0.95752 0.27569 
496	5	0.83035 0.97096 0.02823 0.73065 0.96381 0.28278 
497	5	0.35742 0.97232 0.08046 0.24854 0.90229 0.64127 
498	5	0.40545 0.96402 0.09040 0.27079 0.89061 0.63627 
499	5	0.56927 0.97498 0.05558 0.41194 0.93165 0.52501 
500	6	0.93360 0.39745 0.02411 0.88875 0.92395 0.13749 
501	6	0.09448 0.95726 0.12104 0.13832 0.83608 0.74366 
502	6	0.11748 0.95583 0.12527 0.14231 0.83288 0.74116 
503	6	0.13170 0.95517 0.12780 0.14762 0.83075 0.73711 
504	6	0.23101 0.91794 0.13522 0.15220 0.80992 0.74853 
505	6	0.35945 0.81674 0.14489 0.25411 0.75593 0.66694 
506	6	0.31307 0.84756 0.13303 0.23555 0.79600 0.66989 
507	6	0.46381 0.79085 0.08692 0.34908 0.81352 0.55069 
508	6	0.40057 0.88525 0.10081 0.27822 0.81423 0.63996 
509	6	0.36111 0.84554 0.11702 0.25681 0.76436 0.65906 
510	6	0.69128 0.52396 0.08259 0.54716 0.74007 0.41981 
511	6	0.58079 0.73934 0.06147 0.44255 0.80685 0.46587 
512	6	0.54403 0.72639 0.12944 0.38612 0.70048 0.57598 
513	6	0.38441 0.88157 0.13629 0.24462 0.76445 0.69280 
514	6	0.32440 0.78952 0.06865 0.29281 0.80659 0.55256 
515	6	0.24193 0.81489 0.11685 0.24203 0.80146 0.64050 
516	6	0.56001 0.44539 0.12408 0.40153 0.60940 0.53045 
517	6	0.49448 0.64005 0.14966 0.35061 0.68868 0.58891 
518	6	0.30632 0.87315 0.09497 0.25059 0.83015 0.63797 
519	6	0.72813 0.56380 0.06902 0.59346 0.78273 0.38262 
520	6	0.31116 0.79623 0.18380 0.22413 0.74243 0.69532 
521	6	0.25851 0.78153 0.18319 0.21095 0.73676 0.69983 
522	6	0.43502 0.87543 0.09210 0.31120 0.83160 0.60423 
523	6	0.67669 0.79770 0.09957 0.52628 0.80169 0.47265 
524	6	0.36373 0.84384 0.11883 0.26604 0.79775 0.64324 
525	6	0.52156 0.70616 0.08756 0.38698 0.76691 0.52342 
526	6	0.37816 0.78268 0.09564 0.29588 0.78172 0.59071 
527	6	0.59148 0.47594 0.11714 0.43439 0.64868 0.51021 
528	6	0.12675 0.86755 0.26973 0.08647 0.68077 0.83118 
529	6	0.19353 0.90248 0.18478 0.12081 0.75750 0.78899 
530	6	0.46908 0.88961 0.11476 0.31278 0.79953 0.63521 
531	6	0.19226 0.87084 0.18474 0.14330 0.76400 0.76361 
532	6	0.32415 0.88118 0.10688 0.23667 0.80194 0.66933 
533	6	0.25619 0.86242 0.13426 0.20308 0.78372 0.70124 
534	6	0.36451 0.84337 0.11710 0.26622 0.79315 0.64361 
535	6	0.28476 0.74890 0.29056 0.18078 0.64705 0.75933 
536	6	0.33282 0.86142 0.11722 0.24567 0.80135 0.66059 
537	6	0.28341 0.67616 0.26318 0.21967 0.68717 0.69655 
538	6	0.21990 0.74663 0.39903 0.11620 0.55083 0.83317 
539	6	0.17075 0.84112 0.26898 0.10860 0.68569 0.81183 
540	6	0.20240 0.92484 0.14342 0.12874 0.78968 0.77455 
541	6	0.16888 0.91484 0.18459 0.11570 0.78024 0.78220 
542	6	0.24889 0.75920 0.30965 0.15577 0.63806 0.78196 
543	6	0.57564 0.74707 0.08978 0.43150 0.79613 0.50723 
544	6	0.40657 0.65907 0.09752 0.30370 0.69799 0.56956 
545	6	0.32805 0.71817 0.21234 0.24472 0.72512 0.67171 
546	6	0.29752 0.72530 0.23963 0.21812 0.70043 0.70443 
547	6	0.27414 0.87845 0.12440 0.20733 0.79787 0.69657 
548	6	0.31810 0.80708 0.10804 0.26141 0.77911 0.62862 
549	6	0.20703 0.79218 0.19795 0.18818 0.73930 0.72014 
550	6	0.48875 0.88560 0.12157 0.32702 0.79614 0.62908 
551	6	0.30634 0.84287 0.12387 0.24316 0.80663 0.65447 
552	6	0.36193 0.88078 0.12858 0.24123 0.79455 0.68112 
553	6	0.39940 0.88845 0.13187 0.25483 0.77824 0.68350 
554	6	0.23359 0.68767 0.26884 0.19646 0.67285 0.72107 
555	6	0.29704 0.57957 0.31343 0.22320 0.62598 0.69995 
556	6	0.32984 0.85218 0.11492 0.25152 0.80540 0.64987 
557	6	0.20528 0.83451 0.19338 0.16862 0.75651 0.73889 
558	6	0.19544 0.84440 0.17809 0.16933 0.76481 0.73609 
559	6	0.23547 0.90109 0.15312 0.15239 0.77736 0.75845 
560	6	0.63086 0.38857 0.11917 0.47271 0.62709 0.48580 
561	6	0.31060 0.83666 0.13865 0.23069 0.77020 0.68036 
562	6	0.34129 0.85034 0.12196 0.25571 0.81373 0.64710 
563	6	0.40375 0.70473 0.24030 0.27498 0.70322 0.66410 
564	6	0.40648 0.71230 0.19413 0.28988 0.73750 0.63621 
565	6	0.29486 0.84559 0.17520 0.19935 0.75295 0.72207 
566	6	0.65910 0.69981 0.09828 0.51331 0.80058 0.45990 
567	6	0.37223 0.81571 0.08298 0.30713 0.84113 0.56498 
568	6	0.31935 0.75877 0.14168 0.26511 0.78333 0.62662 
569	6	0.24080 0.87755 0.15134 0.17477 0.77736 0.73434 
570	6	0.23165 0.87685 0.24045 0.13492 0.73010 0.78104 
571	6	0.29009 0.80231 0.16453 0.22554 0.76082 0.68359 
572	6	0.30839 0.84337 0.14060 0.22931 0.78481 0.67947 
573	6	0.31051 0.82712 0.13192 0.24762 0.80452 0.64961 
574	6	0.34483 0.81356 0.11069 0.27951 0.82082 0.60789 
575	6	0.28425 0.77798 0.17633 0.22922 0.76045 0.67631 
576	6	0.23622 0.69279 0.37428 0.14907 0.57402 0.79467 
577	6	0.30636 0.84338 0.16990 0.20993 0.76267 0.70973 
578	6	0.19622 0.69376 0.42547 0.11590 0.52699 0.83111 
579	6	0.23733 0.85305 0.14980 0.19501 0.78405 0.70798 
580	6	0.26375 0.91239 0.15040 0.15845 0.77811 0.75725 
581	6	0.26282 0.88401 0.16128 0.17318 0.77945 0.73950 
582	6	0.22906 0.89219 0.20142 0.13492 0.74511 0.78229 
583	6	0.15838 0.89491 0.23406 0.10881 0.72701 0.80074 
584	6	0.19958 0.81220 0.23075 0.15373 0.71295 0.76398 
585	6	0.30329 0.68675 0.36648 0.16370 0.48192 0.81539 
586	6	0.71894 0.34123 0.10347 0.57698 0.68553 0.41196 
587	6	0.17736 0.82722 0.28875 0.11007 0.67055 0.81300 
588	6	0.21797 0.83447 0.26288 0.13154 0.69015 0.79396 
589	6	0.21785 0.85506 0.21331 0.14359 0.73272 0.77389 
590	6	0.23644 0.85295 0.23277 0.14385 0.72203 0.77753 
591	6	0.21900 0.76700 0.34547 0.12854 0.61332 0.80851 
592	6	0.24524 0.77812 0.21553 0.19503 0.72915 0.71836 
593	6	0.25778 0.89621 0.15343 0.16435 0.77318 0.75072 
594	6	0.18050 0.83345 0.31036 0.10416 0.65747 0.81952 
595	6	0.19192 0.87079 0.14871 0.16980 0.78174 0.73234 
596	6	0.41559 0.76808 0.26567 0.25828 0.67415 0.70651 
597	6	0.36330 0.85987 0.20823 0.21603 0.73245 0.72862 
598	6	0.36380 0.86367 0.15137 0.23610 0.76694 0.69523 
599	6	0.23582 0.80807 0.21443 0.17309 0.71307 0.74867 
600	7	0.26621 0.94738 0.15686 0.23794 0.86112 0.67781 
601	7	0.34204 0.99167 0.04050 0.23864 0.94249 0.67346 
602	7	0.52798 0.98299 0.05490 0.38975 0.94678 0.53895 
603	7	0.66670 0.98337 0.03744 0.51773 0.94649 0.46581 
604	7	0.52185 0.99107 0.03598 0.37182 0.95177 0.57019 
605	7	0.42603 0.98189 0.05598 0.28430 0.93208 0.64772 
606	7	0.63622 0.98651 0.03365 0.47784 0.95017 0.50970 
607	7	0.61558 0.98714 0.03949 0.47345 0.95200 0.45564 
608	7	0.54126 0.99473 0.02922 0.40337 0.96221 0.49957 
609	7	0.60743 1.00000 0.01562 0.45793 0.98026 0.46560 
610	7	0.62696 0.99272 0.02629 0.47756 0.96761 0.45974 
611	7	0.63338 0.99003 0.03312 0.49161 0.96050 0.44191 
612	7	0.62265 0.99673 0.02370 0.48840 0.97077 0.42578 
613	7	0.61463 0.97920 0.05309 0.47136 0.94352 0.46399 
614	7	0.51706 0.98634 0.04788 0.38515 0.94751 0.51499 
615	7	0.69572 0.97985 0.03771 0.55309 0.95745 0.41607 
616	7	0.58259 0.99628 0.02603 0.44910 0.96831 0.45409 
617	7	0.62962 0.99317 0.02707 0.48485 0.96819 0.44750 
618	7	0.64540 0.98300 0.04317 0.50226 0.94855 0.44185 
619	7	0.66715 0.99041 0.02921 0.52546 0.96418 0.42245 
620	7	0.55647 0.99096 0.03494 0.41309 0.95590 0.50049 
621	7	0.58227 0.98372 0.04403 0.43124 0.94725 0.49928 
622	7	0.58643 0.98725 0.04038 0.44231 0.95562 0.47937 
623	7	0.59517 0.98419 0.04298 0.44565 0.95190 0.48608 
624	7	0.67660 0.98600 0.03348 0.53326 0.96142 0.42294 
625	7	0.98630 0.88961 0.00488 0.97652 0.99538 0.03402 
626	7	0.97449 0.91831 0.00848 0.95639 0.99103 0.06742 
627	7	0.77296 0.95509 0.05505 0.64788 0.93497 0.38291 
628	7	0.82060 0.96106 0.04110 0.71561 0.95350 0.31398 
629	7	0.86959 0.90439 0.03608 0.78998 0.96500 0.22845 
630	7	0.80990 0.93464 0.05408 0.70008 0.94739 0.32794 
631	7	0.90038 0.93459 0.02446 0.83720 0.97355 0.17837 
632	7	0.87615 0.96533 0.01996 0.79968 0.97824 0.21378 
633	7	0.82893 0.99063 0.01615 0.72883 0.97896 0.28113 
634	7	0.75630 0.96049 0.06224 0.63344 0.93713 0.36486 
635	7	0.81934 0.95477 0.05335 0.71756 0.94616 0.29720 
636	7	0.88691 0.94775 0.03896 0.81581 0.95762 0.21340 
637	7	0.90652 0.91827 0.03797 0.84511 0.95604 0.19375 
638	7	0.98422 0.84197 0.01006 0.97291 0.98872 0.04677 
639	7	0.86523 0.98366 0.02085 0.78492 0.97628 0.22204 
640	7	0.90391 0.95450 0.01649 0.84296 0.98374 0.17041 
641	7	0.99031 0.73557 0.00918 0.98332 0.99087 0.03092 
642	7	0.70092 0.96079 0.07202 0.56313 0.92852 0.42740 
643	7	0.44014 0.98555 0.05647 0.34403 0.95104 0.52601 
644	7	0.36654 0.97084 0.09636 0.30444 0.91256 0.56511 
645	7	0.24269 0.99238 0.04689 0.31332 0.96186 0.50080 
646	7	0.21453 0.96843 0.10778 0.26052 0.89851 0.60343 
647	7	0.21675 0.97537 0.09140 0.28366 0.91849 0.57144 
648	7	0.19458 0.98837 0.05587 0.26631 0.94745 0.58303 
649	7	0.28262 0.96628 0.11165 0.27134 0.89190 0.59989 
650	7	0.28016 0.97009 0.09720 0.24225 0.90220 0.63105 
651	7	0.27476 0.98050 0.07462 0.26742 0.92822 0.58728 
652	7	0.25326 0.98848 0.05534 0.27620 0.94096 0.56690 
653	7	0.42472 0.99235 0.04359 0.36000 0.96200 0.47948 
654	7	0.40982 0.99020 0.04904 0.34615 0.95904 0.49890 
655	7	0.40219 0.97846 0.07869 0.33844 0.92971 0.51788 
656	7	0.41304 0.99320 0.04019 0.32988 0.96455 0.52806 
657	7	0.39378 0.99487 0.03758 0.33684 0.96536 0.50334 
658	7	0.37398 0.98596 0.06060 0.32396 0.94128 0.52743 
659	7	0.29227 0.99100 0.04794 0.27323 0.95246 0.57520 
660	7	0.39126 0.98398 0.06397 0.32105 0.93421 0.54838 
661	7	0.42198 0.99050 0.04835 0.35888 0.95962 0.48107 
662	7	0.99195 0.67511 0.00183 0.98614 0.99423 0.02293 
663	7	0.93010 0.82984 0.00946 0.88401 0.97481 0.13092 
664	7	0.94708 0.73523 0.01016 0.91110 0.96932 0.10854 
665	7	0.93580 0.72548 0.01783 0.89284 0.96787 0.12993 
666	7	0.92417 0.84351 0.00902 0.87460 0.97230 0.13838 
667	7	0.95960 0.47002 0.02229 0.93153 0.96543 0.09594 
668	7	0.93428 0.82115 0.00954 0.89057 0.97257 0.12648 
669	7	0.88722 0.88015 0.01116 0.81808 0.97220 0.18340 
670	7	0.89209 0.73028 0.02595 0.82453 0.95248 0.19004 
671	7	0.80826 0.82110 0.03137 0.70457 0.93927 0.28330 
672	7	0.86944 0.90664 0.00959 0.79198 0.97078 0.20064 
673	7	0.87416 0.85787 0.01475 0.79832 0.96162 0.20289 
674	7	0.82241 0.83967 0.02907 0.72263 0.93067 0.27733 
675	7	0.78465 0.84853 0.03233 0.67180 0.92203 0.31399 
676	7	0.64840 0.85867 0.04350 0.51490 0.90919 0.41646 
677	7	0.82146 0.84554 0.03537 0.72007 0.92388 0.28763 
678	7	0.84756 0.83144 0.02861 0.75779 0.93363 0.25227 
679	7	0.81134 0.78271 0.04437 0.70700 0.92341 0.29381 
680	7	0.85021 0.81991 0.03278 0.76113 0.92844 0.25412 
681	7	0.78620 0.80891 0.04330 0.67253 0.90850 0.32278 
682	7	0.84337 0.82019 0.03506 0.75089 0.92140 0.26487 
683	7	0.83281 0.80760 0.03449 0.73695 0.93076 0.26854 
684	7	0.72891 0.84733 0.04605 0.60078 0.90910 0.37182 
685	7	0.74514 0.81044 0.04382 0.62135 0.90422 0.35232 
686	7	0.86111 0.90032 0.01137 0.77974 0.96757 0.21249 
687	7	0.87324 0.89420 0.01102 0.79719 0.96647 0.20069 
688	7	0.82586 0.93186 0.00986 0.73092 0.97093 0.24302 
689	7	0.84434 0.93462 0.00864 0.75641 0.97375 0.22494 
690	7	0.77912 0.92081 0.01379 0.66928 0.96020 0.28714 
691	7	0.88592 0.90319 0.00951 0.81613 0.97327 0.18485 
692	7	0.86170 0.88164 0.01330 0.78015 0.96023 0.21563 
693	7	0.96896 0.91099 0.00315 0.94732 0.99240 0.06858 
694	7	0.92130 0.92915 0.00527 0.87042 0.98554 0.13823 
695	7	0.66971 0.93309 0.04657 0.52278 0.91297 0.45005 
696	7	0.82182 0.94160 0.00904 0.72598 0.97844 0.24321 
697	7	0.85303 0.86378 0.02128 0.76694 0.95589 0.23523 
698	7	0.78884 0.80468 0.03783 0.67903 0.93785 0.30197 
699	7	0.79623 0.87123 0.02586 0.68866 0.94395 0.29315 
700	8	0.95764 0.85524 0.02635 0.92813 0.96905 0.10275 
701	8	0.90960 0.86152 0.04230 0.84994 0.94879 0.18821 
702	8	0.91518 0.87029 0.04967 0.85886 0.94580 0.17931 
703	8	0.85227 0.88745 0.07487 0.76145 0.91553 0.27378 
704	8	0.89610 0.82959 0.07195 0.82835 0.92012 0.21416 
705	8	0.89662 0.84490 0.05410 0.82938 0.93714 0.20906 
706	8	0.88452 0.93345 0.04103 0.81128 0.94992 0.21905 
707	8	0.89622 0.92249 0.04458 0.82951 0.94735 0.20158 
708	8	0.89830 0.89114 0.05659 0.83243 0.93523 0.20576 
709	8	0.91432 0.91607 0.03439 0.85765 0.95702 0.17731 
710	8	0.84016 0.90859 0.07151 0.74407 0.92105 0.28609 
711	8	0.85699 0.88803 0.07563 0.76869 0.91245 0.26838 
712	8	0.85924 0.86752 0.07875 0.77159 0.90852 0.26888 
713	8	0.80160 0.85971 0.11322 0.68661 0.87069 0.34891 
714	8	0.85376 0.77159 0.11053 0.76263 0.87389 0.28474 
715	8	0.81726 0.90163 0.08510 0.71049 0.90211 0.32014 
716	8	0.83338 0.89786 0.08026 0.73374 0.90625 0.29900 
717	8	0.83398 0.89520 0.07812 0.73433 0.90798 0.29946 
718	8	0.84606 0.91195 0.06912 0.75308 0.92112 0.27761 
719	8	0.90160 0.88227 0.05813 0.83751 0.93567 0.19990 
720	8	0.91113 0.76247 0.07525 0.85199 0.91411 0.19415 
721	8	0.90494 0.89262 0.04243 0.84256 0.94798 0.19498 
722	8	0.83779 0.87705 0.10051 0.74064 0.89332 0.29350 
723	8	0.86517 0.90286 0.07088 0.78194 0.92480 0.24894 
724	8	0.90369 0.85245 0.06913 0.84066 0.92674 0.20022 
725	8	0.91388 0.80155 0.06627 0.85647 0.92283 0.18813 
726	8	0.86454 0.81461 0.09308 0.77918 0.89280 0.26773 
727	8	0.89008 0.73814 0.06991 0.81925 0.91581 0.22126 
728	8	0.87795 0.82459 0.06390 0.80054 0.93027 0.23589 
729	8	0.89016 0.83299 0.06793 0.81905 0.92289 0.22342 
730	8	0.86828 0.81821 0.08547 0.78501 0.90163 0.26000 
731	8	0.92741 0.77783 0.03799 0.87871 0.95387 0.15656 
732	8	0.88392 0.81765 0.06127 0.80956 0.92514 0.23088 
733	8	0.87289 0.83720 0.07754 0.79234 0.91646 0.24776 
734	8	0.87516 0.85075 0.03732 0.79743 0.94630 0.22899 
735	8	0.92561 0.72105 0.03212 0.87604 0.95005 0.15582 
736	8	0.89830 0.83029 0.03349 0.83262 0.94227 0.20101 
737	8	0.96999 0.64345 0.00932 0.94893 0.97918 0.07091 
738	8	0.93914 0.71723 0.01550 0.89821 0.96640 0.12370 
739	8	0.90839 0.78714 0.02992 0.84867 0.94391 0.18238 
740	8	0.87939 0.84135 0.03372 0.80366 0.93712 0.22560 
741	8	0.93316 0.74704 0.01798 0.88851 0.96389 0.13545 
742	8	0.91017 0.82057 0.03053 0.85131 0.94747 0.18230 
743	8	0.88629 0.82540 0.05833 0.81321 0.92590 0.22694 
744	8	0.92499 0.69847 0.03244 0.87515 0.95114 0.15516 
745	8	0.90345 0.83726 0.03952 0.84048 0.94668 0.19508 
746	8	0.95526 0.71918 0.01293 0.92452 0.97600 0.09720 
747	8	0.97421 0.85310 0.00319 0.95611 0.99188 0.05831 
748	8	0.93367 0.71989 0.03178 0.88903 0.95649 0.14198 
749	8	0.97154 0.72086 0.00596 0.95156 0.98380 0.06569 
750	8	0.96533 0.69402 0.01019 0.94121 0.98159 0.07834 
751	8	0.96500 0.65995 0.00917 0.94063 0.97836 0.07882 
752	8	0.91981 0.83096 0.03238 0.86639 0.94974 0.17037 
753	8	0.93868 0.81298 0.02518 0.89702 0.96313 0.13583 
754	8	0.88725 0.78212 0.04783 0.81533 0.92808 0.22053 
755	8	0.89907 0.80127 0.03307 0.83417 0.94499 0.19568 
756	8	0.90559 0.79409 0.02802 0.84458 0.95015 0.18242 
757	8	0.93420 0.71927 0.02985 0.88977 0.95060 0.14376 
758	8	0.93575 0.77380 0.01976 0.89270 0.96986 0.13170 
759	8	0.93829 0.74368 0.02027 0.89670 0.96530 0.12973 
760	8	0.93047 0.83061 0.01678 0.88414 0.96845 0.14106 
761	8	0.91564 0.86937 0.04769 0.85950 0.93900 0.18111 
762	8	0.85529 0.92774 0.05384 0.76682 0.93266 0.26289 
763	8	0.89323 0.90580 0.04788 0.82431 0.93761 0.21329 
764	8	0.49733 0.97652 0.02945 0.35548 0.94372 0.54787 
765	8	0.52574 0.90796 0.08011 0.37274 0.85980 0.57049 
766	8	0.41785 0.93442 0.08259 0.27931 0.87382 0.63589 
767	8	0.26430 0.92332 0.16613 0.15921 0.78007 0.75929 
768	8	0.42453 0.93830 0.11198 0.26874 0.84557 0.66232 
769	8	0.17254 0.67925 0.58502 0.06712 0.25272 0.94714 
770	8	0.41332 0.26026 0.97998 0.22420 0.06308 0.81632 
771	8	0.70934 0.13765 0.68338 0.55368 0.39921 0.52380 
772	8	0.63674 0.00000 0.77342 0.46582 0.27059 0.56608 
773	8	0.83231 0.09107 0.48025 0.72831 0.63441 0.35267 
774	8	0.54033 0.35810 0.73702 0.35109 0.26210 0.69901 
775	8	0.28490 0.88626 0.22230 0.14973 0.60721 0.80967 
776	8	0.41338 0.89080 0.08968 0.29250 0.83269 0.62153 
777	8	0.50979 0.88126 0.07056 0.37009 0.83650 0.55612 
778	8	0.31440 0.88331 0.10448 0.23962 0.83014 0.65870 
779	8	0.34546 0.92331 0.07327 0.25638 0.86954 0.63507 
780	8	0.48735 0.89452 0.06717 0.35386 0.85032 0.56391 
781	8	0.46382 0.86242 0.08572 0.33635 0.83165 0.58103 
782	8	0.35756 0.83906 0.10833 0.27121 0.80457 0.63077 
783	8	0.26258 0.78108 0.16920 0.20559 0.69572 0.71274 
784	8	0.21870 0.74858 0.28534 0.13598 0.55840 0.81974 
785	8	0.04226 0.78515 0.42682 0.01322 0.30689 0.97608 
786	8	0.07669 0.79254 0.45637 0.02302 0.30085 0.97429 
787	8	0.00000 0.76284 0.47553 0.00000 0.26973 0.99460 
788	8	0.00260 0.71755 0.52456 0.00350 0.23143 1.00000 
789	8	0.04712 0.59105 0.70497 0.02600 0.15865 0.98717 
790	8	0.31809 0.34074 1.00000 0.14252 0.00000 0.89869 
791	8	0.57798 0.36952 0.79269 0.38709 0.27082 0.69756 
792	8	0.62701 0.18228 0.80702 0.44771 0.26652 0.62772 
793	8	0.72253 0.09066 0.68863 0.57124 0.40766 0.50906 
794	8	0.25829 0.95621 0.12898 0.21588 0.84373 0.67040 
795	8	0.31804 0.89639 0.24326 0.20290 0.73365 0.72112 
796	8	0.31192 0.91031 0.20616 0.19649 0.77508 0.71875 
797	8	0.35452 0.90451 0.20726 0.21909 0.77028 0.70761 
798	8	0.20939 0.94720 0.15270 0.19756 0.81257 0.69245 
799	8	0.26426 0.92264 0.19557 0.18475 0.77918 0.72159 
800	9	0.93182 0.86271 0.00944 0.88675 0.97964 0.12960 
801	9	0.90291 0.81942 0.01647 0.84104 0.95771 0.17527 
802	9	0.81603 0.93304 0.02040 0.71373 0.96172 0.28201 
803	9	0.93633 0.84203 0.00776 0.89397 0.97684 0.12090 
804	9	0.95126 0.82192 0.00646 0.91806 0.97962 0.09847 
805	9	0.81989 0.91007 0.03361 0.71663 0.94328 0.29542 
806	9	0.92267 0.84086 0.01852 0.87158 0.96405 0.15512 
807	9	0.95515 0.73395 0.00948 0.92433 0.97460 0.09592 
808	9	0.92973 0.82250 0.01138 0.88322 0.96954 0.13563 
809	9	0.97696 0.85596 0.00290 0.96073 0.99428 0.05265 
810	9	0.93443 0.87132 0.00796 0.89098 0.98200 0.12406 
811	9	0.95931 0.75684 0.00787 0.93122 0.97940 0.08769 
812	9	0.85643 0.91264 0.01650 0.77174 0.96560 0.23156 
813	9	0.83557 0.87529 0.03418 0.73969 0.94053 0.27436 
814	9	0.86824 0.83692 0.02566 0.78809 0.94367 0.22725 
815	9	0.83851 0.85615 0.03541 0.74372 0.93138 0.27253 
816	9	0.92178 0.87199 0.00764 0.87097 0.97596 0.13933 
817	9	0.96574 0.90338 0.00274 0.94200 0.99168 0.07192 
818	9	0.89496 0.90319 0.00873 0.82986 0.97783 0.17237 
819	9	0.92139 0.96743 0.00245 0.87086 0.99231 0.13149 
820	9	0.97033 0.73937 0.00586 0.94954 0.98319 0.06802 
821	9	0.87529 0.84373 0.01851 0.79950 0.95641 0.20809 
822	9	0.95821 0.71710 0.00841 0.92936 0.97404 0.09008 
823	9	0.91218 0.82836 0.01311 0.85550 0.96174 0.16058 
824	9	0.88077 0.89613 0.01238 0.80802 0.96810 0.19696 
825	9	0.96575 0.76333 0.00586 0.94190 0.98153 0.07557 
826	9	0.90846 0.84548 0.01817 0.84934 0.96078 0.17396 
827	9	0.95599 0.82374 0.00580 0.92582 0.98176 0.09071 
828	9	0.98530 0.82636 0.00194 0.97481 0.99387 0.03689 
829	9	0.98052 0.87847 0.00188 0.96672 0.99413 0.04576 
830	9	0.89535 0.84223 0.01248 0.82996 0.96335 0.17667 
831	9	0.98206 0.74945 0.00327 0.96930 0.98994 0.04447 
832	9	0.89866 0.89076 0.01105 0.83511 0.97410 0.17367 
833	9	0.90427 0.92237 0.00975 0.84370 0.98320 0.16654 
834	9	0.94073 0.87922 0.00627 0.90115 0.98497 0.11267 
835	9	0.82390 0.92266 0.01630 0.72694 0.97172 0.25787 
836	9	0.82705 0.95503 0.01111 0.73077 0.97474 0.25670 
837	9	0.87562 0.89661 0.01404 0.80017 0.96619 0.20575 
838	9	0.87194 0.89983 0.01445 0.79494 0.97040 0.20843 
839	9	0.93682 0.88691 0.00800 0.89470 0.98162 0.12297 
840	9	0.93113 0.95959 0.00257 0.88611 0.99233 0.11972 
841	9	0.88824 0.87436 0.01193 0.81950 0.97092 0.18383 
842	9	0.96711 0.93210 0.00192 0.94430 0.99411 0.06838 
843	9	0.92798 0.97347 0.00195 0.88120 0.99403 0.12248 
844	9	0.99071 0.71289 0.00190 0.98403 0.99402 0.02571 
845	9	0.99046 0.84440 0.00115 0.98360 0.99637 0.02549 
846	9	0.98954 0.84379 0.00126 0.98203 0.99601 0.02756 
847	9	0.98886 0.70209 0.00235 0.98086 0.99260 0.03009 
848	9	0.95906 0.92132 0.00268 0.93100 0.99155 0.08194 
849	9	0.82364 0.90440 0.05882 0.71948 0.93084 0.30632 
850	9	0.81737 0.92182 0.04560 0.71124 0.94531 0.30635 
851	9	0.80770 0.86684 0.05903 0.69853 0.92724 0.31684 
852	9	0.87627 0.94489 0.02225 0.79867 0.96865 0.22642 
853	9	0.68650 0.91731 0.07600 0.53714 0.90464 0.45493 
854	9	0.67624 0.93093 0.08910 0.52304 0.89336 0.47420 
855	9	0.63007 0.90244 0.11376 0.46811 0.86916 0.51590 
856	9	0.58357 0.94029 0.09805 0.41922 0.88172 0.54524 
857	9	0.80487 0.91707 0.07248 0.69254 0.91706 0.33714 
858	9	0.88254 0.91465 0.02714 0.80841 0.96243 0.21777 
859	9	0.72029 0.91798 0.07142 0.57841 0.90636 0.42811 
860	9	0.69347 0.89049 0.12032 0.54175 0.86136 0.47880 
861	9	0.65569 0.90094 0.10688 0.49752 0.86908 0.49504 
862	9	0.65313 0.92002 0.10352 0.49536 0.88509 0.49026 
863	9	0.85126 0.92387 0.04847 0.76030 0.94604 0.26833 
864	9	0.79199 0.87460 0.02911 0.68191 0.93764 0.30483 
865	9	0.90839 0.80063 0.01569 0.84970 0.96177 0.16535 
866	9	0.90911 0.84959 0.01142 0.85123 0.97363 0.15834 
867	9	0.96449 0.67713 0.00929 0.93976 0.97612 0.08081 
868	9	0.84118 0.86227 0.01919 0.75083 0.95725 0.24077 
869	9	0.81265 0.89209 0.03784 0.70783 0.95176 0.29660 
870	9	0.89524 0.86998 0.03361 0.82778 0.95196 0.20617 
871	9	0.89531 0.87649 0.02128 0.82909 0.96800 0.19147 
872	9	0.79473 0.93456 0.04510 0.67897 0.94249 0.33726 
873	9	0.87519 0.85626 0.02424 0.79881 0.95835 0.21629 
874	9	0.88211 0.85577 0.02513 0.80909 0.96181 0.20939 
875	9	0.77930 0.91553 0.04814 0.65943 0.93992 0.34414 
876	9	0.84073 0.87857 0.02672 0.74934 0.96451 0.24956 
877	9	0.76119 0.91586 0.05711 0.63292 0.92213 0.38270 
878	9	0.85668 0.91279 0.03064 0.76965 0.95758 0.25174 
879	9	0.80507 0.88068 0.04494 0.69675 0.94219 0.30771 
880	9	0.82783 0.90122 0.04702 0.72672 0.94460 0.29371 
881	9	0.79149 0.91678 0.05828 0.67414 0.93215 0.34179 
882	9	0.54918 0.91241 0.11674 0.38218 0.85978 0.57724 
883	9	0.71893 0.92513 0.06344 0.57646 0.91110 0.43661 
884	9	0.86759 0.88235 0.01650 0.78855 0.96675 0.21428 
885	9	0.93671 0.88412 0.00696 0.89475 0.98657 0.11818 
886	9	0.91551 0.87879 0.00936 0.86112 0.97647 0.15054 
887	9	0.89770 0.85075 0.01342 0.83348 0.96607 0.17648 
888	9	0.91993 0.84933 0.01488 0.86747 0.96635 0.15456 
889	9	0.92216 0.87823 0.00794 0.87167 0.98083 0.13868 
890	9	0.84256 0.84577 0.02789 0.75094 0.93997 0.25579 
891	9	0.88977 0.88301 0.01236 0.82160 0.97056 0.18502 
892	9	0.90928 0.94622 0.00419 0.85203 0.98737 0.14861 
893	9	0.86531 0.88551 0.02593 0.78328 0.95213 0.23572 
894	9	0.87149 0.81569 0.02467 0.79354 0.95104 0.21853 
895	9	0.82605 0.90413 0.03044 0.72636 0.95051 0.28205 
896	9	0.79234 0.87501 0.03334 0.68153 0.93591 0.31034 
897	9	0.88591 0.87871 0.01465 0.81557 0.96752 0.19313 
898	9	0.85996 0.89677 0.01986 0.77646 0.96070 0.23198 
899	9	0.81342 0.89788 0.04791 0.70600 0.93169 0.31361 
900	10	0.39072 0.80675 0.23536 0.23295 0.66853 0.75454 
901	10	0.38918 0.91096 0.17253 0.23588 0.77410 0.72545 
902	10	0.41895 0.89214 0.19997 0.25729 0.75194 0.71178 
903	10	0.43995 0.91048 0.15116 0.27532 0.78781 0.68643 
904	10	0.72928 0.91948 0.06297 0.58972 0.89530 0.41923 
905	10	0.42409 0.88423 0.19372 0.26160 0.77139 0.69711 
906	10	0.45967 0.92795 0.13718 0.29700 0.80822 0.65708 
907	10	0.50416 0.90838 0.15875 0.33434 0.79440 0.64912 
908	10	0.33359 0.90170 0.20480 0.19647 0.73828 0.76379 
909	10	0.43432 0.93985 0.13962 0.29186 0.83759 0.65292 
910	10	0.41868 0.93206 0.14774 0.26922 0.80000 0.68564 
911	10	0.48413 0.92974 0.15836 0.33745 0.83849 0.61431 
912	10	0.50501 0.94450 0.11211 0.34402 0.85346 0.61775 
913	10	0.60497 0.89952 0.12646 0.43751 0.83423 0.55330 
914	10	0.85012 0.93862 0.04351 0.75866 0.94361 0.27605 
915	10	0.57311 0.91546 0.13329 0.40416 0.81993 0.57730 
916	10	0.61196 0.91912 0.13262 0.45043 0.84813 0.53538 
917	10	0.55677 0.88812 0.15965 0.38422 0.79610 0.60280 
918	10	0.49830 0.90642 0.15636 0.32812 0.79780 0.64585 
919	10	0.59985 0.95655 0.09174 0.44987 0.89624 0.51132 
920	10	0.52043 0.90660 0.14708 0.35032 0.82494 0.62381 
921	10	0.64985 0.90017 0.15585 0.49366 0.81972 0.51140 
922	10	0.85921 0.92280 0.04666 0.77196 0.93548 0.26175 
923	10	0.56459 0.93034 0.11586 0.39807 0.86284 0.57622 
924	10	0.61956 0.90595 0.12721 0.45493 0.84982 0.53589 
925	10	0.65114 0.92661 0.09434 0.49206 0.87262 0.50075 
926	10	0.46644 0.87412 0.13157 0.31601 0.83357 0.62924 
927	10	0.50891 0.88424 0.11413 0.35355 0.85115 0.59691 
928	10	0.59347 0.89630 0.12198 0.42664 0.84453 0.55591 
929	10	0.61304 0.90260 0.12816 0.44699 0.84356 0.54626 
930	10	0.49056 0.96074 0.09509 0.34463 0.88267 0.58776 
931	10	0.55314 0.96037 0.08014 0.39311 0.89819 0.55692 
932	10	0.78678 0.91669 0.07152 0.66645 0.90513 0.36347 
933	10	0.56845 0.94249 0.10518 0.40518 0.85726 0.56745 
934	10	0.82377 0.85607 0.06905 0.71941 0.90458 0.31269 
935	10	0.74105 0.90813 0.08829 0.60423 0.89508 0.41759 
936	10	0.69970 0.93072 0.08360 0.55113 0.87459 0.45740 
937	10	0.83129 0.95627 0.03855 0.73160 0.94836 0.29246 
938	10	0.72559 0.90199 0.08800 0.58345 0.88495 0.44265 
939	10	0.73367 0.86010 0.04225 0.60598 0.90958 0.37215 
940	10	0.81103 0.81624 0.03258 0.70778 0.93209 0.28433 
941	10	0.78436 0.81904 0.15034 0.66127 0.84388 0.39469 
942	10	0.74870 0.82170 0.11340 0.61283 0.83346 0.42621 
943	10	0.71427 0.87788 0.11915 0.56604 0.84635 0.48242 
944	10	0.69362 0.88807 0.10004 0.54100 0.86904 0.49508 
945	10	0.67212 0.86194 0.11039 0.51728 0.85121 0.50331 
946	10	0.71311 0.88568 0.10133 0.56701 0.86414 0.45469 
947	10	0.57519 0.93802 0.09474 0.40661 0.87330 0.58386 
948	10	0.66175 0.86275 0.11027 0.50644 0.85874 0.50228 
949	10	0.92900 0.71611 0.01634 0.88188 0.95895 0.13934 
950	10	0.89700 0.73577 0.02589 0.83220 0.95675 0.18154 
951	10	0.87597 0.88140 0.05539 0.79722 0.93042 0.24082 
952	10	0.78710 0.91838 0.07499 0.66708 0.90224 0.36628 
953	10	0.84563 0.87281 0.04737 0.75254 0.93330 0.27707 
954	10	0.72824 0.85343 0.10099 0.58764 0.86402 0.44040 
955	10	0.67175 0.78723 0.12550 0.52234 0.84042 0.47744 
956	10	0.53374 0.82545 0.18892 0.36334 0.77384 0.63341 
957	10	0.67017 0.90086 0.08420 0.51706 0.88376 0.48391 
958	10	0.73720 0.87073 0.11730 0.59811 0.86692 0.42989 
959	10	0.71766 0.88526 0.10746 0.57228 0.87160 0.45853 
960	10	0.59543 0.89542 0.14900 0.42686 0.82107 0.56995 
961	10	0.74451 0.77763 0.10844 0.61252 0.87067 0.40506 
962	10	0.63742 0.88895 0.10947 0.47671 0.85744 0.51904 
963	10	0.84132 0.81507 0.02407 0.75041 0.94350 0.24497 
964	10	0.80810 0.81809 0.07013 0.69904 0.90934 0.32242 
965	10	0.80829 0.82348 0.08300 0.69674 0.88317 0.34468 
966	10	0.79764 0.88829 0.04181 0.68534 0.92335 0.32488 
967	10	0.54602 0.87268 0.19205 0.37250 0.78205 0.62644 
968	10	0.61342 0.89872 0.13407 0.44608 0.83791 0.56442 
969	10	0.80938 0.84246 0.09487 0.69783 0.88891 0.34341 
970	10	0.69808 0.85859 0.11738 0.54806 0.84663 0.47374 
971	10	0.68243 0.86837 0.11949 0.52834 0.84637 0.49030 
972	10	0.67012 0.81983 0.24780 0.51133 0.75596 0.54803 
973	10	0.66967 0.89807 0.13828 0.51400 0.83582 0.50481 
974	10	0.70823 0.91816 0.10963 0.56358 0.86962 0.45884 
975	10	0.38212 0.94689 0.12189 0.24442 0.86425 0.69487 
976	10	0.53425 0.90474 0.17813 0.36960 0.81433 0.61287 
977	10	0.55475 0.89277 0.17862 0.38478 0.79408 0.60913 
978	10	0.69079 0.93202 0.10996 0.54806 0.87960 0.44695 
979	10	0.53266 0.88384 0.17100 0.35985 0.79805 0.63175 
980	10	0.63177 0.88741 0.11612 0.46914 0.84755 0.53073 
981	10	0.57490 0.91436 0.10804 0.40665 0.85612 0.57897 
982	10	0.63046 0.92731 0.12000 0.47277 0.86340 0.51566 
983	10	0.64906 0.90290 0.10122 0.48900 0.85647 0.50804 
984	10	0.60499 0.95319 0.07594 0.44306 0.90378 0.52452 
985	10	0.62314 0.93916 0.08843 0.46166 0.89327 0.51650 
986	10	0.65133 0.84327 0.11301 0.49805 0.85966 0.49230 
987	10	0.63838 0.90587 0.07447 0.48462 0.89107 0.49139 
988	10	0.68336 0.87514 0.08976 0.53484 0.87884 0.45999 
989	10	0.60193 0.86219 0.16979 0.43034 0.77670 0.58546 
990	10	0.64430 0.91723 0.12392 0.48617 0.86038 0.50839 
991	10	0.70930 0.91534 0.09923 0.56273 0.86014 0.45613 
992	10	0.53588 0.91968 0.15616 0.37382 0.82190 0.60342 
993	10	0.67438 0.82521 0.10618 0.52442 0.84786 0.48085 
994	10	0.87877 0.85002 0.03813 0.80285 0.94748 0.22501 
995	10	0.53619 0.88734 0.19662 0.36687 0.77631 0.62071 
996	10	0.66967 0.91495 0.10840 0.51272 0.85913 0.50778 
997	10	0.84736 0.95448 0.03928 0.75567 0.95249 0.26770 
998	10	0.67002 0.90337 0.12915 0.51456 0.84826 0.49140 
999	10	0.90711 0.85526 0.01957 0.84715 0.96033 0.17677 
1000	11	0.49086 0.98738 0.05172 0.38575 0.96058 0.48668 
1001	11	0.36124 0.96050 0.12483 0.30746 0.92146 0.55344 
1002	11	0.72054 0.96591 0.06392 0.59293 0.94685 0.37038 
1003	11	0.86776 0.97471 0.02470 0.78746 0.97611 0.22513 
1004	11	0.86948 0.97647 0.02272 0.78979 0.97497 0.22451 
1005	11	0.83550 0.97386 0.03158 0.74085 0.96816 0.26239 
1006	11	0.75670 0.97762 0.03993 0.63510 0.96208 0.34156 
1007	11	0.90485 0.97431 0.01757 0.84358 0.98052 0.17824 
1008	11	0.81005 0.97157 0.03551 0.70355 0.95816 0.30077 
1009	11	0.84240 0.97754 0.02617 0.75007 0.97044 0.25772 
1010	11	0.84868 0.97891 0.02436 0.75928 0.97208 0.24894 
1011	11	0.88116 0.96677 0.02788 0.80743 0.97126 0.21471 
1012	11	0.82006 0.97280 0.03302 0.71775 0.96238 0.28790 
1013	11	0.83282 0.97384 0.03025 0.73601 0.96727 0.27117 
1014	11	0.90770 0.97488 0.01712 0.84813 0.98144 0.17313 
1015	11	0.84702 0.96878 0.03100 0.75606 0.96295 0.25861 
1016	11	0.83670 0.96772 0.03133 0.73919 0.96335 0.29255 
1017	11	0.79526 0.97017 0.03469 0.67953 0.95823 0.34544 
1018	11	0.80482 0.96973 0.03589 0.69383 0.95987 0.33020 
1019	11	0.89324 0.96586 0.01927 0.82441 0.97504 0.21124 
1020	11	0.86883 0.96828 0.02544 0.78781 0.96940 0.23543 
1021	11	0.89151 0.96404 0.02291 0.82233 0.97424 0.20348 
1022	11	0.81672 0.96549 0.04278 0.71416 0.96019 0.28828 
1023	11	0.88490 0.96566 0.02740 0.81312 0.97405 0.20495 
1024	11	0.88931 0.95859 0.03097 0.81988 0.97322 0.19912 
1025	11	0.76894 0.97472 0.04514 0.65437 0.96476 0.31605 
1026	11	0.77800 0.97731 0.04058 0.66622 0.96691 0.30387 
1027	11	0.84229 0.96784 0.03738 0.75144 0.96902 0.25120 
1028	11	0.81402 0.96631 0.04510 0.71198 0.96154 0.28507 
1029	11	0.78547 0.97227 0.04554 0.67555 0.96424 0.30102 
1030	11	0.83225 0.97330 0.03618 0.73875 0.97182 0.25041 
1031	11	0.79826 0.97007 0.04372 0.69067 0.96469 0.29634 
1032	11	0.78513 0.96889 0.04740 0.67307 0.95696 0.31223 
1033	11	0.84010 0.96915 0.03712 0.74871 0.97005 0.24934 
1034	11	0.82087 0.96876 0.04267 0.72278 0.96782 0.26416 
1035	11	0.81916 0.96739 0.04334 0.71951 0.96672 0.27381 
1036	11	0.91385 0.96271 0.02452 0.85839 0.98211 0.15838 
1037	11	0.91581 0.95972 0.02528 0.86130 0.98083 0.15919 
1038	11	0.57115 0.97889 0.06604 0.45482 0.94944 0.42801 
1039	11	0.68102 0.97988 0.05171 0.55593 0.95888 0.36888 
1040	11	0.74912 0.96943 0.05446 0.62829 0.95182 0.34089 
1041	11	0.75896 0.98128 0.03567 0.63883 0.96947 0.33396 
1042	11	0.84619 0.96529 0.04069 0.75811 0.96804 0.23785 
1043	11	0.88485 0.97185 0.02310 0.81294 0.97577 0.20551 
1044	11	0.72262 0.97873 0.04090 0.59023 0.95222 0.38197 
1045	11	0.84659 0.97745 0.02504 0.75585 0.97184 0.25367 
1046	11	0.85757 0.96834 0.03198 0.77268 0.97239 0.23615 
1047	11	0.89086 0.96466 0.02914 0.82304 0.97858 0.18847 
1048	11	0.54279 0.97485 0.07252 0.41141 0.93427 0.51434 
1049	11	0.46709 0.96520 0.09449 0.32621 0.89896 0.59992 
1050	11	0.72684 0.96193 0.07072 0.60259 0.95234 0.35684 
1051	11	0.57928 0.96109 0.09926 0.45181 0.93113 0.45971 
1052	11	0.75351 0.96501 0.05900 0.63297 0.95721 0.34234 
1053	11	0.81028 0.95917 0.04803 0.70420 0.95629 0.30038 
1054	11	0.95115 0.96372 0.01235 0.91770 0.98721 0.10612 
1055	11	0.94832 0.96394 0.01301 0.91309 0.98910 0.10972 
1056	11	0.80997 0.95787 0.05206 0.70500 0.95410 0.29568 
1057	11	0.82869 0.97697 0.03004 0.73133 0.97187 0.27048 
1058	11	0.94264 0.96156 0.01511 0.90382 0.98674 0.12069 
1059	11	0.75032 0.97216 0.04948 0.62870 0.96177 0.34225 
1060	11	0.83126 0.96902 0.03813 0.73566 0.97073 0.26386 
1061	11	0.80368 0.96357 0.04683 0.69592 0.96008 0.30471 
1062	11	0.77671 0.97633 0.03903 0.66131 0.96911 0.32035 
1063	11	0.80317 0.96709 0.04516 0.69658 0.96533 0.29571 
1064	11	0.82818 0.97235 0.03372 0.72961 0.96546 0.28345 
1065	11	0.75678 0.97547 0.04242 0.63438 0.95855 0.35285 
1066	11	0.82810 0.96758 0.03501 0.72690 0.96322 0.30113 
1067	11	0.70478 0.97154 0.05124 0.56279 0.94534 0.43784 
1068	11	0.87524 0.95741 0.02741 0.79666 0.96823 0.23800 
1069	11	0.86137 0.97286 0.02466 0.77697 0.97491 0.24063 
1070	11	0.87466 0.97524 0.02190 0.79728 0.98004 0.21797 
1071	11	0.90380 0.96957 0.02001 0.84192 0.98117 0.17901 
1072	11	0.77027 0.95842 0.06455 0.65474 0.95635 0.32305 
1073	11	0.68064 0.94485 0.10023 0.54073 0.91838 0.44221 
1074	11	0.69742 0.97296 0.05846 0.56809 0.95430 0.38439 
1075	11	0.70233 0.96201 0.07397 0.57255 0.94376 0.38250 
1076	11	0.74762 0.95516 0.07359 0.62563 0.94704 0.34863 
1077	11	0.74747 0.96767 0.05728 0.62639 0.95779 0.34200 
1078	11	0.78266 0.96086 0.05860 0.67056 0.95738 0.31309 
1079	11	0.60693 0.94201 0.13017 0.47076 0.90374 0.47419 
1080	11	0.44706 0.95534 0.12497 0.33095 0.90185 0.57215 
1081	11	0.44656 0.93998 0.16284 0.33833 0.86962 0.58286 
1082	11	0.45957 0.96496 0.10426 0.35209 0.92765 0.53448 
1083	11	0.62832 0.97154 0.07088 0.49567 0.94175 0.43294 
1084	11	0.62989 0.95409 0.09666 0.48744 0.91774 0.47113 
1085	11	0.64149 0.93727 0.12466 0.50061 0.89940 0.46195 
1086	11	0.68097 0.95537 0.09028 0.54943 0.93133 0.40375 
1087	11	0.86683 0.93609 0.05857 0.78738 0.96067 0.22050 
1088	11	0.70896 0.98983 0.03228 0.58719 0.96884 0.34143 
1089	11	0.66080 0.98745 0.03938 0.53204 0.95924 0.39289 
1090	11	0.65013 0.98407 0.04750 0.52463 0.95658 0.38503 
1091	11	0.66393 0.98427 0.04588 0.53870 0.95835 0.37623 
1092	11	0.82079 0.98265 0.02926 0.72408 0.97470 0.25385 
1093	11	0.80474 0.98271 0.03118 0.70231 0.97081 0.27157 
1094	11	0.78005 0.98481 0.03234 0.67127 0.97235 0.28796 
1095	11	0.73149 0.98096 0.04369 0.61213 0.96218 0.32978 
1096	11	0.91448 0.96944 0.02144 0.85951 0.98017 0.15632 
1097	11	0.92926 0.96032 0.02165 0.88268 0.98314 0.13615 
1098	11	0.88425 0.97132 0.02690 0.81338 0.97646 0.19499 
1099	11	0.84340 0.97491 0.03184 0.75387 0.97498 0.24086 
1100	12	0.90742 0.90840 0.03545 0.84670 0.96358 0.18553 
1101	12	0.86243 0.93290 0.02784 0.77772 0.96132 0.24641 
1102	12	0.70589 0.94369 0.06375 0.56065 0.92291 0.43215 
1103	12	0.67368 0.94864 0.06097 0.52216 0.93258 0.45433 
1104	12	0.84712 0.90165 0.02888 0.75679 0.96048 0.25449 
1105	12	0.84125 0.95384 0.02697 0.74599 0.96159 0.27328 
1106	12	0.86553 0.91116 0.03168 0.78283 0.96205 0.23791 
1107	12	0.80851 0.93037 0.03762 0.69937 0.94869 0.31307 
1108	12	0.78117 0.94741 0.04652 0.65999 0.94283 0.34963 
1109	12	0.84907 0.92926 0.02661 0.75863 0.96218 0.25796 
1110	12	0.85714 0.94119 0.03234 0.76936 0.96041 0.25556 
1111	12	0.87371 0.91705 0.02735 0.79515 0.96440 0.22811 
1112	12	0.90517 0.88981 0.01887 0.84411 0.97109 0.18137 
1113	12	0.92574 0.87178 0.01481 0.87673 0.97673 0.14649 
1114	12	0.97234 0.87163 0.01042 0.95279 0.98598 0.07044 
1115	12	0.95381 0.88329 0.01469 0.92191 0.98241 0.10561 
1116	12	0.92485 0.87827 0.02793 0.87453 0.96665 0.15931 
1117	12	0.87065 0.89230 0.02984 0.79075 0.95578 0.23237 
1118	12	0.96479 0.86522 0.00785 0.94028 0.98777 0.08039 
1119	12	0.85371 0.93725 0.02503 0.76548 0.96943 0.24977 
1120	12	0.75070 0.96137 0.04565 0.61977 0.94908 0.37647 
1121	12	0.71674 0.95968 0.05389 0.57602 0.93978 0.41265 
1122	12	0.76807 0.95753 0.04915 0.64309 0.93953 0.36196 
1123	12	0.76397 0.95064 0.04171 0.63742 0.95256 0.36260 
1124	12	0.62419 0.95577 0.06905 0.46464 0.91709 0.50349 
1125	12	0.93150 0.88901 0.01670 0.88565 0.97695 0.14078 
1126	12	0.91026 0.92786 0.01791 0.85159 0.97316 0.17601 
1127	12	0.79818 0.94791 0.02802 0.68637 0.96331 0.31342 
1128	12	0.90873 0.93584 0.01602 0.84932 0.97745 0.17585 
1129	12	0.78557 0.92521 0.05507 0.66584 0.93228 0.34918 
1130	12	0.79783 0.95089 0.04191 0.68318 0.94623 0.33044 
1131	12	0.89256 0.96453 0.02249 0.82396 0.97400 0.20129 
1132	12	0.89121 0.96639 0.02029 0.82175 0.97959 0.20208 
1133	12	0.98618 0.89934 0.00245 0.97629 0.99471 0.03714 
1134	12	0.79219 0.98462 0.02212 0.67619 0.96345 0.33693 
1135	12	0.72179 0.88765 0.12161 0.57557 0.86748 0.47580 
1136	12	0.86597 0.90322 0.05437 0.78143 0.93896 0.27090 
1137	12	0.82919 0.83396 0.05889 0.72847 0.92132 0.30750 
1138	12	0.76789 0.97215 0.03709 0.64425 0.96133 0.34988 
1139	12	0.52787 0.93955 0.14369 0.38765 0.87354 0.56674 
1140	12	0.63345 0.95673 0.08988 0.48852 0.91551 0.48008 
1141	12	0.68603 0.95482 0.07950 0.54460 0.91475 0.43927 
1142	12	0.97206 0.92627 0.00785 0.95232 0.98602 0.07120 
1143	12	0.80175 0.89214 0.08997 0.68754 0.91153 0.35040 
1144	12	0.91378 0.79840 0.03091 0.85695 0.95315 0.18191 
1145	12	0.95781 0.74350 0.01783 0.92852 0.97206 0.10103 
1146	12	0.90122 0.93738 0.02766 0.83684 0.96327 0.20006 
1147	12	0.17350 0.95664 0.12068 0.13958 0.86624 0.77468 
1148	12	0.22725 0.95793 0.07512 0.16012 0.91953 0.73919 
1149	12	0.74940 0.95966 0.04659 0.61541 0.94490 0.40463 
1150	12	0.68033 0.96181 0.05272 0.52425 0.93581 0.49221 
1151	12	0.74552 0.97301 0.03783 0.61351 0.95337 0.38636 
1152	12	0.72672 0.94482 0.06416 0.58713 0.92874 0.41911 
1153	12	0.75081 0.94554 0.05529 0.61853 0.93122 0.39153 
1154	12	0.34460 0.97530 0.08711 0.29601 0.92865 0.57445 
1155	12	0.83912 0.95895 0.04457 0.74592 0.95730 0.26738 
1156	12	0.79214 0.99252 0.02005 0.68403 0.97578 0.29088 
1157	12	0.95522 0.96852 0.00872 0.92427 0.98802 0.10028 
1158	12	0.81964 0.98967 0.02099 0.72141 0.97668 0.26014 
1159	12	0.91048 0.90716 0.00708 0.85367 0.98252 0.15135 
1160	12	1.00000 0.91275 0.00000 1.00000 1.00000 0.00000 
1161	12	0.82450 0.98109 0.02145 0.72145 0.97131 0.30148 
1162	12	0.91598 0.97187 0.01614 0.86095 0.98407 0.16185 
1163	12	0.99013 0.78184 0.00168 0.98304 0.99534 0.02670 
1164	12	1.00000 0.78315 0.00000 1.00000 1.00000 0.00000 
1165	12	0.98540 0.93830 0.00411 0.97493 0.99216 0.04096 
1166	12	0.99073 0.93453 0.00205 0.98406 0.99662 0.02711 
1167	12	0.96161 0.96998 0.00816 0.93495 0.98926 0.08693 
1168	12	0.82620 0.99898 0.01103 0.73085 0.98556 0.24703 
1169	12	0.81986 0.99178 0.01817 0.72060 0.97451 0.26686 
1170	12	0.58671 0.99739 0.02599 0.47085 0.97555 0.40186 
1171	12	0.64585 0.99202 0.03127 0.51209 0.96301 0.42023 
1172	12	0.59156 0.99506 0.03059 0.47450 0.97720 0.40031 
1173	12	0.71724 0.99603 0.02178 0.59706 0.98125 0.32807 
1174	12	0.93756 0.99299 0.00683 0.89621 0.99189 0.11446 
1175	12	1.00000 0.99364 0.00000 1.00000 1.00000 0.00000 
1176	12	1.00000 0.99364 0.00000 1.00000 1.00000 0.00000 
1177	12	1.00000 0.99364 0.00000 1.00000 1.00000 0.00000 
1178	12	1.00000 0.99364 0.00000 1.00000 1.00000 0.00000 
1179	12	1.00000 0.99364 0.00000 1.00000 1.00000 0.00000 
1180	12	1.00000 0.99364 0.00000 1.00000 1.00000 0.00000 
1181	12	1.00000 0.99364 0.00000 1.00000 1.00000 0.00000 
1182	12	1.00000 0.99364 0.00000 1.00000 1.00000 0.00000 
1183	12	1.00000 0.99364 0.00000 1.00000 1.00000 0.00000 
1184	12	1.00000 0.99364 0.00000 1.00000 1.00000 0.00000 
1185	12	1.00000 0.99364 0.00000 1.00000 1.00000 0.00000 
1186	12	1.00000 0.99364 0.00000 1.00000 1.00000 0.00000 
1187	12	1.00000 0.99364 0.00000 1.00000 1.00000 0.00000 
1188	12	1.00000 0.99364 0.00000 1.00000 1.00000 0.00000 
1189	12	1.00000 0.99364 0.00000 1.00000 1.00000 0.00000 
1190	12	1.00000 0.99364 0.00000 1.00000 1.00000 0.00000 
1191	12	1.00000 0.99364 0.00000 1.00000 1.00000 0.00000 
1192	12	1.00000 0.99364 0.00000 1.00000 1.00000 0.00000 
1193	12	1.00000 0.99364 0.00000 1.00000 1.00000 0.00000 
1194	12	1.00000 0.99364 0.00000 1.00000 1.00000 0.00000 
1195	12	1.00000 0.99364 0.00000 1.00000 1.00000 0.00000 
1196	12	1.00000 0.99364 0.00000 1.00000 1.00000 0.00000 
1197	12	1.00000 0.99364 0.00000 1.00000 1.00000 0.00000 
1198	12	1.00000 0.99364 0.00000 1.00000 1.00000 0.00000 
1199	12	0.98325 0.89214 0.01073 0.97129 0.98883 0.04596 
1200	13	0.75990 0.91807 0.11081 0.63503 0.88582 0.38745 
1201	13	0.84821 0.86267 0.10185 0.75528 0.89362 0.30104 
1202	13	0.81154 0.92213 0.08185 0.70368 0.91693 0.33277 
1203	13	0.73877 0.91327 0.11885 0.60470 0.87534 0.42763 
1204	13	0.70745 0.92667 0.11960 0.56963 0.87715 0.43896 
1205	13	0.84393 0.94283 0.05746 0.75212 0.94267 0.27178 
1206	13	0.86831 0.90143 0.07346 0.78655 0.92493 0.25819 
1207	13	0.69705 0.92261 0.12482 0.55544 0.86423 0.45908 
1208	13	0.75420 0.91579 0.11488 0.62731 0.88505 0.39602 
1209	13	0.63373 0.93221 0.12526 0.48006 0.84875 0.52913 
1210	13	0.80941 0.93256 0.07697 0.70208 0.91649 0.32569 
1211	13	0.84581 0.92515 0.06863 0.75393 0.92778 0.28006 
1212	13	0.78115 0.93090 0.08440 0.66235 0.90543 0.36412 
1213	13	0.85721 0.92269 0.06195 0.76981 0.92952 0.27359 
1214	13	0.93413 0.96283 0.01897 0.89030 0.98037 0.13260 
1215	13	0.72824 0.94336 0.09201 0.59766 0.90569 0.40213 
1216	13	0.76914 0.94817 0.07147 0.64773 0.92108 0.36769 
1217	13	0.96076 0.87695 0.02692 0.93340 0.97111 0.09929 
1218	13	0.72941 0.93594 0.10056 0.59731 0.89190 0.41166 
1219	13	0.72296 0.94338 0.09311 0.59029 0.90177 0.41097 
1220	13	0.80866 0.92320 0.07893 0.69879 0.91021 0.34318 
1221	13	0.84822 0.95410 0.04687 0.75869 0.94840 0.26273 
1222	13	0.88289 0.88091 0.06846 0.80813 0.91782 0.24244 
1223	13	0.84626 0.95171 0.04984 0.75604 0.94857 0.26349 
1224	13	0.88394 0.90365 0.06081 0.81014 0.93693 0.23632 
1225	13	0.92380 0.92579 0.03545 0.87323 0.96127 0.16276 
1226	13	0.80651 0.93817 0.06723 0.69686 0.92475 0.33496 
1227	13	0.86822 0.92619 0.05719 0.78681 0.94015 0.25158 
1228	13	0.79742 0.94852 0.06350 0.68579 0.92522 0.33623 
1229	13	0.87980 0.90435 0.06635 0.80409 0.93123 0.23965 
1230	13	0.83697 0.95963 0.04559 0.74268 0.94936 0.27387 
1231	13	0.83973 0.92507 0.06938 0.74437 0.92490 0.29461 
1232	13	0.86837 0.93858 0.05113 0.78758 0.94653 0.24433 
1233	13	0.80024 0.96700 0.04696 0.69219 0.94713 0.31183 
1234	13	0.87402 0.92768 0.05622 0.79598 0.94333 0.23839 
1235	13	0.75940 0.94438 0.08084 0.63575 0.91463 0.37576 
1236	13	0.92186 0.90999 0.04280 0.87009 0.95560 0.16749 
1237	13	0.85438 0.92112 0.06484 0.76569 0.92618 0.27699 
1238	13	0.99985 0.73139 0.00003 0.99974 0.99990 0.00066 
1239	13	0.79856 0.94965 0.06433 0.68845 0.92943 0.32741 
1240	13	0.86388 0.92102 0.06495 0.78079 0.93368 0.25392 
1241	13	0.81484 0.92982 0.07981 0.71054 0.91850 0.31249 
1242	13	0.90986 0.89658 0.05262 0.85086 0.94410 0.19149 
1243	13	0.83836 0.92788 0.07197 0.74353 0.92576 0.28570 
1244	13	0.83575 0.93002 0.07010 0.73981 0.92399 0.28976 
1245	13	0.89414 0.92714 0.04617 0.82658 0.94644 0.21056 
1246	13	0.83047 0.90966 0.08146 0.72968 0.90895 0.31801 
1247	13	0.80357 0.92905 0.08177 0.69416 0.91849 0.33135 
1248	13	0.87229 0.89985 0.06711 0.79203 0.92257 0.25813 
1249	13	0.90511 0.91082 0.04958 0.84346 0.94981 0.19689 
1250	13	0.86514 0.86931 0.07884 0.78037 0.90750 0.27650 
1251	13	0.87893 0.91844 0.05782 0.80298 0.93614 0.23796 
1252	13	0.82106 0.92823 0.07724 0.71885 0.92145 0.30870 
1253	13	0.95780 0.91032 0.02272 0.92855 0.97487 0.10230 
1254	13	0.82359 0.90689 0.08954 0.72031 0.90201 0.32470 
1255	13	0.86740 0.91084 0.06758 0.78543 0.92795 0.25638 
1256	13	0.85687 0.93378 0.05869 0.77063 0.93574 0.26071 
1257	13	0.93810 0.93620 0.02669 0.89648 0.97288 0.13243 
1258	13	0.86588 0.92582 0.06167 0.78401 0.93636 0.24852 
1259	13	0.94814 0.93917 0.01984 0.91258 0.97628 0.12001 
1260	13	0.84271 0.91222 0.07489 0.74845 0.92181 0.29200 
1261	13	0.97254 0.75403 0.02632 0.95305 0.96827 0.07930 
1262	13	0.87053 0.89502 0.07816 0.79042 0.92445 0.24836 
1263	13	0.89526 0.91791 0.04670 0.82765 0.94698 0.21743 
1264	13	0.90813 0.90011 0.05266 0.84798 0.94547 0.19481 
1265	13	0.80597 0.90707 0.09733 0.69542 0.89303 0.34711 
1266	13	0.94337 0.92490 0.02626 0.90476 0.97035 0.12960 
1267	13	0.93938 0.90823 0.02994 0.89807 0.96310 0.14229 
1268	13	0.88462 0.84818 0.08000 0.81036 0.91239 0.24802 
1269	13	0.90244 0.90483 0.04327 0.83870 0.94683 0.20300 
1270	13	0.81709 0.92959 0.06971 0.71148 0.91944 0.32358 
1271	13	0.85167 0.89915 0.08098 0.76167 0.91920 0.28013 
1272	13	0.80176 0.92626 0.08319 0.69073 0.90866 0.34153 
1273	13	0.80367 0.90048 0.10384 0.69250 0.89527 0.34548 
1274	13	0.83595 0.89217 0.09196 0.73789 0.90353 0.31067 
1275	13	0.88054 0.92003 0.05363 0.80527 0.93873 0.23577 
1276	13	0.89056 0.91777 0.05289 0.82099 0.94278 0.21680 
1277	13	0.84312 0.92861 0.06710 0.75020 0.93167 0.28138 
1278	13	0.81575 0.92530 0.08262 0.71168 0.91762 0.31330 
1279	13	0.87963 0.90101 0.06564 0.80370 0.92700 0.24234 
1280	13	0.86780 0.86101 0.08117 0.78428 0.90260 0.27534 
1281	13	0.78087 0.93586 0.08136 0.66287 0.90984 0.36062 
1282	13	0.84203 0.92059 0.06782 0.74739 0.92729 0.29196 
1283	13	0.81108 0.94386 0.06611 0.70540 0.92691 0.31534 
1284	13	0.80487 0.94209 0.07054 0.69681 0.92461 0.32250 
1285	13	0.81508 0.94360 0.06383 0.71022 0.92710 0.31623 
1286	13	0.87865 0.94254 0.04323 0.80285 0.94844 0.23279 
1287	13	0.84920 0.94147 0.05584 0.75967 0.94200 0.26656 
1288	13	0.79632 0.91885 0.09310 0.68340 0.90773 0.34606 
1289	13	0.84694 0.92710 0.06693 0.75575 0.92922 0.27719 
1290	13	0.86553 0.90324 0.07236 0.78260 0.92263 0.25854 
1291	13	0.86226 0.92095 0.06471 0.77805 0.92984 0.26004 
1292	13	0.82383 0.94662 0.06083 0.72383 0.93505 0.29479 
1293	13	0.86490 0.89936 0.07280 0.78132 0.92676 0.26168 
1294	13	0.82469 0.94361 0.06319 0.72490 0.93383 0.29502 
1295	13	0.80269 0.91287 0.09673 0.69179 0.89619 0.34436 
1296	13	0.83245 0.93333 0.06534 0.73435 0.92725 0.29842 
1297	13	0.85343 0.91252 0.07326 0.76447 0.92039 0.27794 
1298	13	0.83990 0.92493 0.07143 0.74572 0.92841 0.28385 
1299	13	0.88925 0.90765 0.05896 0.81888 0.93595 0.22125 
1300	14	0.45261 0.95787 0.12026 0.33695 0.86481 0.58034 
1301	14	0.51267 0.94500 0.11986 0.34527 0.83408 0.63205 
1302	14	0.58560 0.96712 0.08543 0.45058 0.90939 0.48346 
1303	14	0.54989 0.98705 0.04926 0.43041 0.94397 0.46484 
1304	14	0.47544 0.96939 0.08860 0.34187 0.88231 0.58412 
1305	14	0.48501 0.97585 0.07903 0.38019 0.91983 0.50881 
1306	14	0.57484 0.93382 0.12446 0.40313 0.82772 0.60812 
1307	14	0.49492 0.97535 0.07299 0.35280 0.88647 0.58398 
1308	14	0.62378 0.98551 0.04142 0.47365 0.95083 0.48253 
1309	14	0.59162 0.97073 0.07370 0.44609 0.91658 0.50312 
1310	14	0.53800 0.97550 0.06327 0.38001 0.92732 0.56596 
1311	14	0.61848 0.90806 0.15592 0.45263 0.82463 0.55775 
1312	14	0.58505 0.93230 0.13298 0.42044 0.83959 0.57570 
1313	14	0.58051 0.99333 0.03419 0.45852 0.96012 0.43666 
1314	14	0.55173 0.91510 0.16573 0.38252 0.81262 0.61371 
1315	14	0.58893 0.92908 0.14298 0.42784 0.82553 0.57005 
1316	14	0.57378 0.96817 0.08156 0.43049 0.90832 0.51473 
1317	14	0.53180 0.90169 0.19205 0.36117 0.78646 0.63200 
1318	14	0.60718 0.98060 0.05571 0.46956 0.93547 0.46873 
1319	14	0.65482 0.98234 0.04560 0.51095 0.93413 0.45923 
1320	14	0.62698 0.99503 0.02749 0.49244 0.96469 0.43199 
1321	14	0.69897 0.79489 0.27277 0.54604 0.73373 0.52056 
1322	14	0.81570 0.83895 0.14629 0.70730 0.86564 0.35031 
1323	14	0.52932 0.81499 0.34419 0.34981 0.64982 0.70275 
1324	14	0.60338 0.98070 0.04971 0.44786 0.93722 0.52216 
1325	14	0.62559 0.88461 0.20492 0.46465 0.77722 0.54932 
1326	14	0.41899 0.95431 0.12724 0.29485 0.81878 0.64317 
1327	14	0.51933 0.86780 0.24999 0.34219 0.70618 0.67083 
1328	14	0.63241 0.94320 0.10044 0.47186 0.88031 0.52583 
1329	14	0.58657 0.83455 0.28212 0.41269 0.71516 0.61891 
1330	14	0.48961 0.86832 0.29156 0.33135 0.69911 0.66485 
1331	14	0.64860 0.86535 0.19860 0.48476 0.79211 0.54263 
1332	14	0.59916 0.87635 0.20684 0.42738 0.76429 0.59967 
1333	14	0.52251 0.88032 0.23516 0.34974 0.74343 0.66099 
1334	14	0.60426 0.93634 0.12968 0.44778 0.85053 0.53826 
1335	14	0.67265 0.89788 0.16180 0.51882 0.83236 0.50922 
1336	14	0.69070 0.79832 0.25870 0.53346 0.74824 0.53379 
1337	14	0.56221 0.86067 0.26203 0.39080 0.72468 0.63413 
1338	14	0.61267 0.84755 0.23739 0.44042 0.74328 0.59956 
1339	14	0.68120 0.81258 0.24345 0.52242 0.76182 0.53163 
1340	14	0.66047 0.87215 0.21760 0.50880 0.79805 0.50734 
1341	14	0.54833 0.90723 0.19096 0.38441 0.78273 0.61109 
1342	14	0.68732 0.86004 0.21860 0.54002 0.81262 0.49028 
1343	14	0.64674 0.96594 0.06905 0.49379 0.91650 0.49270 
1344	14	0.60688 0.85645 0.25853 0.44282 0.73929 0.58441 
1345	14	0.59596 0.87848 0.19882 0.42333 0.77953 0.60356 
1346	14	0.66614 0.89851 0.16405 0.51170 0.83543 0.50918 
1347	14	0.71140 0.86032 0.18855 0.56443 0.81004 0.48815 
1348	14	0.71028 0.77910 0.28887 0.56128 0.73827 0.50281 
1349	14	0.48216 0.92799 0.17281 0.33322 0.78900 0.63602 
1350	14	0.62952 0.86916 0.22830 0.46959 0.77964 0.55281 
1351	14	0.35149 0.98966 0.05007 0.29169 0.94361 0.57520 
1352	14	0.46253 0.95119 0.13061 0.32852 0.81975 0.61044 
1353	14	0.55378 0.89000 0.20163 0.38040 0.76685 0.62574 
1354	14	0.51718 0.81240 0.34388 0.33641 0.63489 0.70230 
1355	14	0.62721 0.90710 0.16689 0.46784 0.82348 0.54762 
1356	14	0.56455 0.88188 0.22324 0.39428 0.75894 0.62083 
1357	14	0.63892 0.82374 0.29089 0.47700 0.73205 0.56645 
1358	14	0.56337 0.81085 0.35380 0.39106 0.64923 0.64737 
1359	14	0.62234 0.94043 0.10005 0.45911 0.88624 0.53555 
1360	14	0.63994 0.92874 0.13791 0.49120 0.85188 0.50377 
1361	14	0.49896 0.91948 0.17572 0.33402 0.77862 0.65486 
1362	14	0.57589 0.81219 0.32638 0.40055 0.67057 0.63762 
1363	14	0.56271 0.98268 0.04978 0.40692 0.93376 0.54097 
1364	14	0.62234 0.92158 0.13646 0.45739 0.83408 0.56832 
1365	14	0.51088 0.95583 0.11183 0.36449 0.86073 0.58593 
1366	14	0.59637 0.99166 0.03685 0.47183 0.95727 0.42939 
1367	14	0.98790 0.36310 0.03012 0.97918 0.97666 0.03910 
1368	14	0.98995 0.29759 0.02696 0.98269 0.97905 0.03323 
1369	14	0.60756 0.94013 0.10489 0.44568 0.88509 0.55090 
1370	14	0.55357 0.95000 0.10508 0.39298 0.87695 0.59119 
1371	14	0.76892 0.95986 0.05682 0.64663 0.93529 0.36803 
1372	14	0.63089 0.90212 0.13478 0.46554 0.86548 0.55580 
1373	14	0.50992 0.92047 0.16392 0.34594 0.82115 0.65267 
1374	14	0.63360 0.94636 0.09575 0.47842 0.90040 0.51244 
1375	14	0.59353 0.96194 0.07549 0.43048 0.90592 0.56076 
1376	14	0.48595 0.94467 0.11237 0.31994 0.86989 0.65986 
1377	14	0.53997 0.94429 0.10648 0.37407 0.87804 0.60589 
1378	14	0.56904 0.96695 0.07467 0.41112 0.90907 0.56338 
1379	14	0.64848 0.90135 0.15090 0.48906 0.83553 0.53561 
1380	14	0.76048 0.91024 0.12180 0.63669 0.88720 0.38077 
1381	14	0.85581 0.84987 0.10833 0.76725 0.90290 0.28037 
1382	14	0.65385 0.85572 0.23223 0.49585 0.75851 0.53666 
1383	14	0.68962 0.82437 0.26947 0.54301 0.77952 0.49031 
1384	14	0.65462 0.87450 0.20314 0.49635 0.77547 0.54391 
1385	14	0.72524 0.87942 0.16449 0.58652 0.84559 0.44759 
1386	14	0.78540 0.84260 0.14943 0.66313 0.85038 0.39876 
1387	14	0.70870 0.84557 0.19637 0.56171 0.81903 0.48635 
1388	14	0.53446 0.88974 0.15349 0.35877 0.83203 0.64869 
1389	14	0.65333 0.85658 0.14513 0.49102 0.84929 0.54266 
1390	14	0.70400 0.84961 0.19749 0.55416 0.80529 0.49880 
1391	14	0.95794 0.50979 0.05459 0.92847 0.94607 0.11360 
1392	14	0.62525 0.92319 0.12691 0.46007 0.84918 0.56239 
1393	14	0.72209 0.88342 0.16219 0.58083 0.82475 0.45620 
1394	14	0.70964 0.93655 0.10055 0.56864 0.88305 0.44400 
1395	14	0.63308 0.85198 0.25786 0.47596 0.75804 0.55074 
1396	14	0.67568 0.92784 0.12044 0.52556 0.85324 0.48966 
1397	14	0.69485 0.89829 0.14783 0.54514 0.82856 0.49181 
1398	14	0.63879 0.90031 0.17382 0.48203 0.80684 0.54091 
1399	14	0.72552 0.85884 0.17760 0.58218 0.81319 0.46989 
