1400	14	6
0	1	0.43043 0.92981 0.03002 0.35195 0.96384 0.40311 
1	1	0.34019 0.71082 0.28906 0.31845 0.83177 0.47018 
2	1	0.34521 0.73874 0.32017 0.26364 0.79607 0.54461 
3	1	0.43041 0.72664 0.18679 0.40290 0.89255 0.35638 
4	1	0.37924 0.71717 0.27317 0.28308 0.82216 0.49103 
5	1	0.41419 0.72744 0.32285 0.28929 0.80787 0.52315 
6	1	0.33954 0.78963 0.26614 0.27627 0.84971 0.51938 
7	1	0.42482 0.71276 0.26016 0.33572 0.84679 0.45547 
8	1	0.37070 0.79957 0.21076 0.28467 0.86017 0.50649 
9	1	0.35384 0.72989 0.21828 0.35029 0.86454 0.40925 
10	1	0.45756 0.79679 0.14039 0.38095 0.91436 0.37105 
11	1	0.25130 0.92494 0.13644 0.20603 0.85838 0.58845 
12	1	0.28628 0.91808 0.09199 0.26017 0.90202 0.51578 
13	1	0.20772 0.95562 0.07838 0.17791 0.92191 0.61867 
14	1	0.25006 0.92489 0.10205 0.19744 0.89205 0.56893 
15	1	0.33531 0.90410 0.05709 0.31611 0.93674 0.42737 
16	1	0.30141 0.92684 0.07540 0.22749 0.91834 0.53343 
17	1	0.34362 0.90177 0.08705 0.25752 0.90671 0.50999 
18	1	0.39749 0.76371 0.26347 0.27415 0.84458 0.50603 
19	1	0.56314 0.78437 0.12369 0.42305 0.91334 0.36535 
20	1	0.41125 0.73083 0.17380 0.38104 0.90016 0.36813 
21	1	0.41470 0.74093 0.18414 0.36948 0.90373 0.38422 
22	1	0.35490 0.68992 0.34913 0.28343 0.80916 0.49419 
23	1	0.34119 0.71648 0.32443 0.26481 0.79736 0.53068 
24	1	0.41395 0.73858 0.26680 0.29704 0.84419 0.49511 
25	1	0.40728 0.76999 0.24718 0.29368 0.83853 0.50690 
26	1	0.35429 0.71362 0.21647 0.34607 0.85509 0.41219 
27	1	0.36244 0.68007 0.35139 0.29228 0.80108 0.49142 
28	1	0.34857 0.94058 0.04222 0.24229 0.95160 0.50296 
29	1	0.46970 0.70492 0.24534 0.35046 0.85139 0.42978 
30	1	0.39661 0.77828 0.28934 0.25558 0.79544 0.54475 
31	1	0.47785 0.78937 0.09182 0.43627 0.94789 0.30671 
32	1	0.49638 0.79467 0.08263 0.44343 0.95641 0.31117 
33	1	0.43091 0.79507 0.11685 0.40868 0.93213 0.34048 
34	1	0.37989 0.78747 0.18966 0.32595 0.87982 0.45918 
35	1	0.40101 0.74816 0.16623 0.39050 0.90994 0.37191 
36	1	0.50981 0.72720 0.17403 0.40772 0.89788 0.36395 
37	1	0.38687 0.68890 0.41277 0.23725 0.59127 0.62205 
38	1	0.37059 0.79105 0.28946 0.23315 0.71125 0.60811 
39	1	0.31948 0.74081 0.36338 0.22048 0.63497 0.60107 
40	1	0.81138 0.58133 0.19336 0.68946 0.80554 0.24948 
41	1	0.47325 0.73211 0.32981 0.29922 0.66926 0.55568 
42	1	0.28272 0.86468 0.30951 0.15625 0.69285 0.70212 
43	1	0.47982 0.74983 0.35570 0.29685 0.64943 0.58442 
44	1	0.76339 0.68439 0.19613 0.61312 0.80074 0.32554 
45	1	0.40614 0.69672 0.35077 0.27062 0.65826 0.57680 
46	1	0.45685 0.62805 0.45531 0.27100 0.55047 0.59855 
47	1	0.47350 0.69242 0.36640 0.28915 0.63463 0.57620 
48	1	0.41705 0.75030 0.28033 0.30061 0.72252 0.53462 
49	1	0.42693 0.72526 0.44194 0.24253 0.57068 0.65129 
50	1	0.37656 0.58992 0.52176 0.22229 0.48125 0.63478 
51	1	0.30453 0.61827 0.49603 0.22699 0.50734 0.63420 
52	1	0.29966 0.68818 0.44506 0.21285 0.55523 0.64451 
53	1	0.42866 0.79014 0.27234 0.27847 0.73302 0.55980 
54	1	0.56396 0.54034 0.36687 0.40120 0.62891 0.45452 
55	1	0.46909 0.64483 0.24568 0.38510 0.75245 0.41647 
56	1	0.47011 0.67173 0.30186 0.31841 0.70144 0.51420 
57	1	0.85298 0.25449 0.28972 0.74514 0.70698 0.22967 
58	1	0.45956 0.77617 0.31352 0.27357 0.69082 0.59811 
59	1	0.26095 0.66784 0.58843 0.17826 0.41125 0.68040 
60	1	0.68652 0.11563 0.57844 0.50673 0.42429 0.42295 
61	1	0.41020 0.54155 0.40576 0.33485 0.59339 0.48463 
62	1	0.27551 0.40415 0.65542 0.21684 0.34543 0.59534 
63	1	0.31691 0.67284 0.38039 0.24692 0.61393 0.56476 
64	1	0.57742 0.61947 0.33157 0.39281 0.67258 0.48489 
65	1	0.42913 0.55472 0.54569 0.25278 0.45249 0.62462 
66	1	0.49358 0.40548 0.57544 0.30604 0.42702 0.56042 
67	1	0.48034 0.50969 0.53380 0.29353 0.46564 0.57754 
68	1	0.34335 0.39845 0.43244 0.31180 0.56443 0.47184 
69	1	0.51713 0.67373 0.39499 0.32554 0.60818 0.56918 
70	1	0.31043 0.64238 0.52702 0.18075 0.47601 0.67189 
71	1	0.38692 0.62201 0.49079 0.22973 0.50653 0.62397 
72	1	0.26936 0.73305 0.47032 0.15979 0.53601 0.70192 
73	1	0.32798 0.63534 0.48685 0.19678 0.50956 0.64826 
74	1	0.36332 0.65609 0.52506 0.20426 0.47426 0.67400 
75	1	0.59867 0.42653 0.53020 0.40452 0.46863 0.50403 
76	1	0.43192 0.55486 0.54978 0.25269 0.44852 0.62527 
77	1	0.44637 0.56959 0.51215 0.26340 0.48663 0.60254 
78	1	0.22861 0.67712 0.50257 0.17589 0.49917 0.68885 
79	1	0.42785 0.77054 0.27050 0.27489 0.72688 0.56215 
80	1	0.47830 0.60406 0.49702 0.28347 0.50034 0.60310 
81	1	0.31632 0.70979 0.44296 0.18593 0.55595 0.66940 
82	1	0.33099 0.66390 0.52630 0.18974 0.47776 0.69192 
83	1	0.56981 0.41175 0.52088 0.37753 0.47520 0.50650 
84	1	0.66375 0.47807 0.40169 0.47820 0.59511 0.43948 
85	1	0.52478 0.30035 0.61319 0.33382 0.39251 0.53205 
86	1	0.48928 0.66252 0.32998 0.32261 0.67094 0.52538 
87	1	0.13626 0.77380 0.60984 0.09737 0.39560 0.78917 
88	1	0.17047 0.78566 0.47218 0.11130 0.53024 0.75680 
89	1	0.28782 0.71940 0.42126 0.17914 0.57543 0.66134 
90	1	0.72651 0.40271 0.35142 0.56540 0.64734 0.35935 
91	1	0.36374 0.74530 0.37088 0.20941 0.63525 0.64109 
92	1	0.45539 0.76805 0.29540 0.27817 0.70323 0.57392 
93	1	0.24022 0.81722 0.33691 0.16293 0.67741 0.67204 
94	1	0.26620 0.74666 0.39742 0.17034 0.61986 0.67110 
95	1	0.18567 0.78018 0.47138 0.11788 0.53584 0.75190 
96	1	0.32583 0.81229 0.32290 0.19177 0.67838 0.65942 
97	1	0.25479 0.82738 0.26058 0.19412 0.74398 0.62213 
98	1	0.39276 0.79004 0.34958 0.22909 0.65284 0.64769 
99	1	0.19625 0.80976 0.40303 0.12783 0.60830 0.73358 
100	2	0.35756 0.70941 0.22507 0.34471 0.77068 0.45160 
101	2	0.32608 0.64412 0.55830 0.17708 0.43972 0.67770 
102	2	0.25414 0.67441 0.52854 0.15501 0.47073 0.69086 
103	2	0.29996 0.71406 0.49531 0.18475 0.50118 0.66373 
104	2	0.39626 0.71169 0.23947 0.32773 0.75568 0.47032 
105	2	0.35439 0.64769 0.40572 0.25514 0.58911 0.57429 
106	2	0.15888 0.71768 0.58980 0.10246 0.41220 0.76479 
107	2	0.33875 0.69931 0.41266 0.22426 0.58805 0.61216 
108	2	0.30023 0.51771 0.68123 0.16526 0.32335 0.68874 
109	2	0.30775 0.74300 0.49475 0.18853 0.50331 0.66804 
110	2	0.46747 0.87930 0.26243 0.28211 0.73086 0.57506 
111	2	0.31740 0.69209 0.41381 0.21662 0.58254 0.61080 
112	2	0.40701 0.65895 0.55206 0.22736 0.44412 0.67072 
113	2	0.46769 0.70304 0.39245 0.29364 0.60414 0.56487 
114	2	0.32800 0.54248 0.57830 0.21003 0.41573 0.63994 
115	2	0.28442 0.71965 0.53599 0.14833 0.45924 0.72343 
116	2	0.37379 0.76806 0.37071 0.22385 0.62292 0.62690 
117	2	0.36526 0.53552 0.55599 0.24560 0.43843 0.59932 
118	2	0.26576 0.75995 0.49437 0.13504 0.50059 0.74510 
119	2	0.29265 0.77353 0.43885 0.18532 0.55918 0.66028 
120	2	0.30968 0.67241 0.61599 0.15215 0.38161 0.73526 
121	2	0.16850 0.72720 0.63518 0.12137 0.36401 0.74472 
122	2	0.23975 0.69012 0.59922 0.12652 0.40307 0.73790 
123	2	0.28618 0.77921 0.47331 0.17240 0.53196 0.68043 
124	2	0.29203 0.71827 0.53350 0.18830 0.47455 0.65761 
125	2	0.31145 0.69416 0.58294 0.15747 0.41899 0.71769 
126	2	0.25852 0.69930 0.55280 0.14410 0.44617 0.71962 
127	2	0.26271 0.73894 0.55101 0.14556 0.46026 0.72885 
128	2	0.17328 0.77681 0.60116 0.07925 0.39655 0.83323 
129	2	0.22761 0.70251 0.62685 0.11489 0.36994 0.78218 
130	2	0.23755 0.69580 0.55425 0.13289 0.44067 0.72802 
131	2	0.22611 0.69679 0.61562 0.12011 0.38087 0.76182 
132	2	0.34533 0.59493 0.64272 0.17982 0.35443 0.71171 
133	2	0.29672 0.76321 0.53205 0.15072 0.47047 0.74182 
134	2	0.22573 0.73880 0.54427 0.12607 0.45576 0.74314 
135	2	0.25665 0.69647 0.56552 0.13815 0.43421 0.72828 
136	2	0.21488 0.68627 0.62097 0.11789 0.37794 0.77171 
137	2	0.19745 0.60926 0.70055 0.12525 0.30312 0.74874 
138	2	0.29357 0.61530 0.56115 0.18025 0.43570 0.67599 
139	2	0.10649 0.89125 0.48716 0.04955 0.52582 0.87448 
140	2	0.26617 0.77177 0.38509 0.18764 0.61173 0.65537 
141	2	0.28096 0.58916 0.47104 0.24442 0.52833 0.59797 
142	2	0.26448 0.73682 0.41315 0.18021 0.58151 0.66137 
143	2	0.20544 0.73958 0.44516 0.16015 0.54863 0.68740 
144	2	0.25144 0.67466 0.61460 0.13503 0.37813 0.75707 
145	2	0.26463 0.67063 0.56477 0.16339 0.42858 0.71543 
146	2	0.35407 0.64678 0.44495 0.24318 0.55105 0.60501 
147	2	0.21549 0.54146 0.72102 0.15105 0.27507 0.73752 
148	2	0.31251 0.64773 0.43264 0.21658 0.56024 0.61006 
149	2	0.30488 0.53509 0.55962 0.19879 0.43746 0.63528 
150	2	0.30889 0.65031 0.53123 0.18180 0.46421 0.68055 
151	2	0.26743 0.52610 0.69796 0.15822 0.29793 0.70461 
152	2	0.24915 0.29533 0.78648 0.19869 0.20791 0.65068 
153	2	0.34415 0.61900 0.49038 0.20772 0.50302 0.64330 
154	2	0.43253 0.45136 0.53153 0.26724 0.46149 0.57728 
155	2	0.28308 0.57712 0.61844 0.17935 0.37613 0.69255 
156	2	0.20701 0.57014 0.62838 0.15822 0.36487 0.69552 
157	2	0.30792 0.57786 0.51103 0.20672 0.48906 0.62910 
158	2	0.32157 0.63648 0.49055 0.20086 0.50611 0.64639 
159	2	0.30802 0.53060 0.50806 0.23907 0.48718 0.58614 
160	2	0.25967 0.26210 0.92473 0.14701 0.06852 0.71362 
161	2	0.27090 0.41571 0.75854 0.16929 0.23644 0.68666 
162	2	0.35478 0.53462 0.71287 0.18597 0.28122 0.71324 
163	2	0.24486 0.54162 0.67144 0.17752 0.32211 0.69970 
164	2	0.16272 0.40568 0.92024 0.11608 0.07739 0.75830 
165	2	0.21588 0.56368 0.62902 0.15300 0.36454 0.70187 
166	2	0.31405 0.43268 0.76110 0.17243 0.23231 0.70203 
167	2	0.22834 0.53434 0.76145 0.13163 0.23162 0.75643 
168	2	0.44436 0.20593 0.82129 0.26328 0.17180 0.62439 
169	2	0.26952 0.45285 0.80643 0.15522 0.18697 0.72977 
170	2	0.46657 0.28464 0.77357 0.27051 0.21901 0.63089 
171	2	0.46059 0.34915 0.61477 0.30034 0.37836 0.56852 
172	2	0.38882 0.24991 0.79859 0.24868 0.19775 0.62597 
173	2	0.44405 0.15579 0.77414 0.27468 0.21838 0.59572 
174	2	0.41124 0.32552 0.61852 0.28875 0.37920 0.55914 
175	2	0.28159 0.24435 0.90117 0.16208 0.09170 0.69757 
176	2	0.20852 0.39081 0.81659 0.15430 0.18778 0.68350 
177	2	0.15125 0.35279 1.00000 0.10898 0.00000 0.76690 
178	2	0.32418 0.31274 0.75639 0.21580 0.24172 0.64800 
179	2	0.26873 0.31489 0.96267 0.15230 0.03808 0.74400 
180	2	0.19940 0.39172 0.91169 0.12235 0.08006 0.75103 
181	2	0.38452 0.42293 0.60126 0.27440 0.39420 0.57925 
182	2	0.42751 0.39714 0.54735 0.29657 0.44643 0.54199 
183	2	0.32108 0.42574 0.81579 0.19351 0.17757 0.70089 
184	2	0.38846 0.17659 0.86705 0.23014 0.12574 0.63772 
185	2	0.39041 0.04343 0.77032 0.26886 0.22240 0.56940 
186	2	0.41459 0.11662 0.71877 0.29165 0.27352 0.54662 
187	2	0.48285 0.17411 0.64473 0.32804 0.34897 0.52426 
188	2	0.41144 0.26504 0.65939 0.28053 0.33335 0.56320 
189	2	0.38407 0.36009 0.73139 0.23648 0.26156 0.63838 
190	2	0.42356 0.39371 0.64361 0.27742 0.34993 0.59278 
191	2	0.38031 0.33322 0.69883 0.25831 0.29382 0.59819 
192	2	0.27766 0.19650 0.83291 0.21614 0.16006 0.64140 
193	2	0.28922 0.30419 0.71165 0.24064 0.28123 0.60330 
194	2	0.40211 0.14138 0.81636 0.25667 0.17899 0.60962 
195	2	0.49025 0.42429 0.49682 0.33743 0.49754 0.50997 
196	2	0.44539 0.30787 0.78282 0.25890 0.20921 0.63778 
197	2	0.58029 0.30509 0.62886 0.38046 0.36378 0.52650 
198	2	0.37053 0.58469 0.52969 0.22179 0.46409 0.63385 
199	2	0.21364 0.74174 0.37130 0.19029 0.62186 0.63212 
200	3	0.61700 0.84954 0.18358 0.44720 0.82347 0.41213 
201	3	0.48178 0.71441 0.44638 0.32050 0.62457 0.53680 
202	3	0.40269 0.81234 0.28579 0.29570 0.74660 0.52247 
203	3	0.45611 0.79097 0.29995 0.31311 0.73360 0.51497 
204	3	0.53781 0.84157 0.21186 0.38527 0.80468 0.44384 
205	3	0.49981 0.80364 0.29157 0.34781 0.74523 0.48800 
206	3	0.35331 0.81495 0.28883 0.27588 0.74561 0.54820 
207	3	0.47755 0.81595 0.29902 0.32835 0.74548 0.50772 
208	3	0.57841 0.81149 0.26552 0.40978 0.79635 0.46031 
209	3	0.44995 0.72488 0.47864 0.29731 0.61212 0.57321 
210	3	0.37567 0.80104 0.29166 0.29011 0.75206 0.51923 
211	3	0.48509 0.79922 0.26594 0.34841 0.78063 0.47975 
212	3	0.35511 0.75569 0.34764 0.27995 0.68844 0.54900 
213	3	0.42406 0.76131 0.36124 0.29588 0.67275 0.54873 
214	3	0.43262 0.78221 0.35265 0.29706 0.67924 0.54950 
215	3	0.47808 0.82551 0.24762 0.33789 0.77762 0.49036 
216	3	0.38128 0.79544 0.36138 0.27251 0.69073 0.57198 
217	3	0.47671 0.78513 0.27860 0.34545 0.75581 0.49401 
218	3	0.38506 0.83021 0.24338 0.29822 0.78360 0.51517 
219	3	0.37189 0.83170 0.32889 0.22936 0.69007 0.63211 
220	3	0.49080 0.82254 0.27492 0.33781 0.74136 0.50224 
221	3	0.44511 0.81514 0.30235 0.30784 0.72766 0.52644 
222	3	0.40970 0.78845 0.31667 0.29334 0.71506 0.53536 
223	3	0.56269 0.79358 0.31053 0.39080 0.72667 0.49709 
224	3	0.52398 0.77888 0.32580 0.35161 0.70480 0.52385 
225	3	0.55355 0.65638 0.60038 0.34435 0.43554 0.58352 
226	3	0.63743 0.72947 0.49914 0.43740 0.54620 0.52271 
227	3	0.39829 0.70741 0.56271 0.22584 0.46145 0.65628 
228	3	0.41469 0.81960 0.35031 0.30351 0.70644 0.54116 
229	3	0.70050 0.76302 0.29343 0.53024 0.74131 0.39338 
230	3	0.55383 0.80708 0.34366 0.36646 0.71485 0.51435 
231	3	0.57266 0.81580 0.33845 0.37976 0.70676 0.51702 
232	3	0.52275 0.79506 0.33356 0.34379 0.71435 0.52589 
233	3	0.50006 0.82180 0.32357 0.32092 0.72578 0.55290 
234	3	0.63941 0.78828 0.35838 0.45320 0.70321 0.47293 
235	3	0.57709 0.82454 0.33831 0.38599 0.72589 0.50849 
236	3	0.66980 0.74929 0.38673 0.48571 0.67798 0.45617 
237	3	0.42685 0.74390 0.61734 0.26239 0.52674 0.63043 
238	3	0.26409 0.77055 0.51494 0.18013 0.52614 0.68405 
239	3	0.28280 0.72195 0.56798 0.18163 0.45383 0.67455 
240	3	0.45281 0.65254 0.72374 0.24152 0.30772 0.68326 
241	3	0.64155 0.78156 0.36602 0.45300 0.69036 0.46989 
242	3	0.70846 0.71979 0.34561 0.53853 0.72076 0.40592 
243	3	0.59035 0.65069 0.43349 0.40165 0.60495 0.49918 
244	3	0.55469 0.76715 0.33504 0.38590 0.71901 0.48098 
245	3	0.65400 0.76142 0.35895 0.46912 0.70324 0.45821 
246	3	0.66372 0.73271 0.40061 0.47808 0.66032 0.46438 
247	3	0.45079 0.85318 0.29794 0.26897 0.74396 0.60475 
248	3	0.55706 0.83023 0.28411 0.37690 0.76205 0.49565 
249	3	0.59831 0.76685 0.43069 0.40544 0.64306 0.50275 
250	3	0.61907 0.77833 0.33848 0.43061 0.69333 0.47765 
251	3	0.67877 0.73257 0.37640 0.49825 0.66534 0.44484 
252	3	0.61221 0.74483 0.37251 0.42169 0.66076 0.49690 
253	3	0.71733 0.77078 0.31184 0.54910 0.73140 0.39571 
254	3	0.65270 0.79323 0.33832 0.46454 0.69557 0.46655 
255	3	0.71863 0.76182 0.41184 0.54476 0.69700 0.42946 
256	3	0.62946 0.68694 0.48416 0.43692 0.56161 0.49585 
257	3	0.57602 0.53161 0.79963 0.36340 0.28409 0.59496 
258	3	0.60738 0.68483 0.52291 0.40465 0.51578 0.53936 
259	3	0.54861 0.72080 0.60889 0.33502 0.44655 0.61393 
260	3	0.29253 0.85169 0.32778 0.21004 0.70783 0.62800 
261	3	0.53038 0.85420 0.30830 0.35752 0.74354 0.51739 
262	3	0.53130 0.59272 0.57485 0.32670 0.45554 0.57599 
263	3	0.60458 0.75629 0.40367 0.41165 0.64691 0.51143 
264	3	0.60943 0.69010 0.45119 0.41333 0.57974 0.51936 
265	3	0.52235 0.64843 0.55499 0.31951 0.47223 0.59291 
266	3	0.61087 0.60912 0.59562 0.40622 0.45641 0.54687 
267	3	0.61083 0.57394 0.63291 0.40477 0.41741 0.54622 
268	3	0.55969 0.60589 0.60721 0.35072 0.42455 0.57641 
269	3	0.27121 0.65846 0.73163 0.17638 0.32904 0.71218 
270	3	0.49036 0.84562 0.41119 0.32184 0.68661 0.55723 
271	3	0.35822 0.79585 0.48232 0.23632 0.59900 0.61853 
272	3	0.68411 0.81497 0.31761 0.50850 0.75898 0.41384 
273	3	0.69603 0.83246 0.33736 0.51930 0.73726 0.41999 
274	3	0.75259 0.82765 0.30631 0.59577 0.75228 0.35332 
275	3	0.71896 0.79335 0.38151 0.54768 0.70584 0.41194 
276	3	0.75793 0.80038 0.27845 0.60516 0.77366 0.34157 
277	3	0.65214 0.83275 0.33502 0.46781 0.73374 0.44730 
278	3	0.68933 0.82830 0.32563 0.51260 0.76915 0.41530 
279	3	0.71760 0.75908 0.44143 0.54807 0.68409 0.40104 
280	3	0.71552 0.80573 0.38218 0.54471 0.70856 0.39744 
281	3	0.71091 0.79853 0.35447 0.53714 0.71851 0.42241 
282	3	0.59603 0.85965 0.29348 0.40861 0.75220 0.48651 
283	3	0.52928 0.82496 0.34207 0.34737 0.70265 0.52086 
284	3	0.61343 0.85296 0.27063 0.42918 0.76327 0.46038 
285	3	0.47683 0.84083 0.33491 0.30833 0.71033 0.55209 
286	3	0.56152 0.82247 0.40687 0.36816 0.64280 0.53846 
287	3	0.34960 0.73929 0.44409 0.24984 0.58982 0.59231 
288	3	0.51199 0.69924 0.64126 0.29498 0.41053 0.66188 
289	3	0.58896 0.68232 0.55579 0.38008 0.49080 0.57067 
290	3	0.27506 0.79383 0.40616 0.22844 0.63736 0.61912 
291	3	0.69081 0.84562 0.34144 0.51003 0.70061 0.44085 
292	3	0.55087 0.77788 0.60622 0.35240 0.55912 0.57994 
293	3	0.29904 0.73992 0.57107 0.22452 0.53391 0.65975 
294	3	0.68368 0.76936 0.37666 0.50075 0.67006 0.45206 
295	3	0.58558 0.50421 0.75778 0.37446 0.35624 0.58965 
296	3	0.58470 0.59383 0.67565 0.37372 0.38606 0.58137 
297	3	0.52787 0.76968 0.45938 0.33371 0.59443 0.56638 
298	3	0.30548 0.79931 0.45168 0.22272 0.60306 0.63094 
299	3	0.41958 0.71705 0.62873 0.23860 0.43525 0.65830 
300	4	0.91632 0.93672 0.06833 0.84985 0.94361 0.14863 
301	4	0.99169 0.93143 0.01691 0.98488 0.98784 0.02906 
302	4	0.65928 0.93445 0.20089 0.47376 0.83237 0.44803 
303	4	0.79380 0.94632 0.12094 0.65182 0.87684 0.32385 
304	4	0.74477 0.98049 0.05152 0.58463 0.94245 0.35867 
305	4	0.68087 0.94794 0.20414 0.49424 0.80054 0.46087 
306	4	0.62416 0.92588 0.16399 0.45200 0.83624 0.42691 
307	4	0.88854 0.96536 0.03699 0.80367 0.95733 0.17851 
308	4	0.64451 0.97109 0.11748 0.46536 0.88110 0.43560 
309	4	0.62477 0.92013 0.16220 0.45932 0.84766 0.41287 
310	4	0.92516 0.81063 0.10596 0.86619 0.88834 0.12548 
311	4	0.98181 0.91260 0.03476 0.96647 0.96145 0.04883 
312	4	0.76585 0.79227 0.17961 0.63302 0.81451 0.26634 
313	4	0.77109 0.91297 0.16519 0.62506 0.83991 0.32227 
314	4	0.77209 0.92051 0.17175 0.62321 0.83795 0.33954 
315	4	0.79006 0.95173 0.13569 0.64655 0.87762 0.33108 
316	4	0.89896 0.95000 0.07585 0.82009 0.93650 0.17821 
317	4	0.69542 0.94647 0.10044 0.53242 0.90392 0.36406 
318	4	0.71084 0.94079 0.12211 0.54880 0.87823 0.36629 
319	4	0.85286 0.94649 0.11042 0.74526 0.90243 0.23800 
320	4	0.65748 0.93317 0.16322 0.48220 0.84461 0.41614 
321	4	0.60590 0.94673 0.15043 0.42710 0.85177 0.45387 
322	4	0.57671 0.95879 0.23345 0.37395 0.78630 0.55116 
323	4	0.66680 0.95570 0.18050 0.47966 0.84092 0.45808 
324	4	0.81402 0.94682 0.15386 0.68150 0.84668 0.31070 
325	4	0.68958 0.90539 0.31690 0.50534 0.71018 0.45469 
326	4	0.69040 0.91774 0.16813 0.52250 0.83522 0.38343 
327	4	0.59131 0.95047 0.15315 0.40797 0.84987 0.47550 
328	4	0.53653 0.92798 0.18615 0.38912 0.82244 0.45811 
329	4	0.59067 0.94406 0.25544 0.38785 0.79063 0.54144 
330	4	0.53992 0.94248 0.12997 0.38282 0.86909 0.46563 
331	4	0.50764 0.94221 0.18124 0.33064 0.82460 0.52612 
332	4	0.62282 0.92908 0.16820 0.43589 0.83675 0.46898 
333	4	0.56153 0.93285 0.21659 0.36728 0.79499 0.52970 
334	4	0.46152 0.95382 0.19405 0.27317 0.81278 0.60409 
335	4	0.53157 0.93787 0.20522 0.33102 0.80467 0.56580 
336	4	0.25065 0.95756 0.15612 0.12799 0.84394 0.72223 
337	4	0.56778 0.96623 0.10052 0.38059 0.90757 0.48485 
338	4	0.48858 0.95709 0.16491 0.28593 0.83936 0.60842 
339	4	0.52437 0.96179 0.09960 0.34588 0.91116 0.49335 
340	4	0.46442 0.95748 0.15937 0.27296 0.84910 0.60245 
341	4	0.49799 0.95219 0.14790 0.29448 0.85138 0.58946 
342	4	0.36912 0.95775 0.20063 0.18918 0.80525 0.68552 
343	4	0.46243 0.96596 0.07162 0.28842 0.92586 0.52833 
344	4	0.38520 0.94886 0.18663 0.21407 0.81656 0.64695 
345	4	0.47343 0.93393 0.18693 0.27587 0.81377 0.60542 
346	4	0.45959 0.92949 0.13288 0.28162 0.86419 0.55697 
347	4	0.53001 0.94634 0.16097 0.33572 0.84188 0.54892 
348	4	0.45712 0.97310 0.10940 0.26952 0.88607 0.60073 
349	4	0.50325 0.94833 0.16847 0.30007 0.83709 0.59455 
350	4	0.38399 0.96757 0.14594 0.21627 0.85013 0.64075 
351	4	0.46535 0.96327 0.16176 0.26546 0.83922 0.62298 
352	4	0.38138 0.95192 0.12299 0.21661 0.87672 0.61828 
353	4	0.55447 0.92335 0.14106 0.36456 0.85953 0.50606 
354	4	0.41527 0.93732 0.20455 0.22765 0.80159 0.64833 
355	4	0.64421 0.89073 0.17336 0.45457 0.82919 0.45113 
356	4	0.71999 0.96584 0.12352 0.55195 0.88376 0.37874 
357	4	0.35078 0.92105 0.29400 0.21578 0.71779 0.63873 
358	4	0.66017 0.95070 0.11199 0.48431 0.88228 0.40181 
359	4	0.71356 0.94895 0.10296 0.54790 0.89246 0.35877 
360	4	0.49506 0.93749 0.18341 0.32888 0.81234 0.52463 
361	4	0.46265 0.96180 0.09688 0.28605 0.89829 0.54092 
362	4	0.67573 0.94479 0.14717 0.50116 0.85370 0.40022 
363	4	0.82837 0.96480 0.07383 0.70770 0.93013 0.25207 
364	4	0.72093 0.94812 0.12948 0.55723 0.88714 0.36008 
365	4	0.81921 0.95586 0.07145 0.69384 0.93200 0.25881 
366	4	0.77852 0.96566 0.06597 0.63487 0.93101 0.29798 
367	4	0.84014 0.96333 0.05213 0.72594 0.94679 0.23237 
368	4	0.67625 0.95283 0.14313 0.49565 0.86610 0.41968 
369	4	0.58467 0.93459 0.19577 0.40203 0.80627 0.47543 
370	4	0.77186 0.95355 0.10039 0.62489 0.90622 0.30641 
371	4	0.79976 0.95628 0.05910 0.66451 0.93497 0.28592 
372	4	0.79872 0.97373 0.00624 0.66749 0.98786 0.24979 
373	4	0.69286 0.92895 0.17490 0.50800 0.81997 0.43948 
374	4	0.70601 0.91644 0.18811 0.52639 0.80712 0.42270 
375	4	0.63922 0.92796 0.17527 0.44512 0.81969 0.47566 
376	4	0.62355 0.90203 0.12028 0.45036 0.87402 0.41200 
377	4	0.73969 0.96014 0.06046 0.58291 0.93401 0.33105 
378	4	0.65762 0.91303 0.18191 0.46851 0.81497 0.45167 
379	4	0.60425 0.94128 0.15875 0.40154 0.83527 0.50983 
380	4	0.49559 0.94320 0.17858 0.30015 0.83176 0.56121 
381	4	0.64808 0.94499 0.20455 0.44852 0.79115 0.50584 
382	4	0.70871 0.94506 0.16170 0.52867 0.84171 0.43095 
383	4	0.69666 0.95201 0.17442 0.51086 0.83196 0.45421 
384	4	0.66229 0.91618 0.16992 0.47892 0.83307 0.43007 
385	4	0.55056 0.93765 0.20647 0.34368 0.79377 0.56485 
386	4	0.41665 0.94481 0.14413 0.27542 0.86522 0.54876 
387	4	0.34343 0.94667 0.15604 0.22827 0.85573 0.58640 
388	4	0.57320 0.92758 0.14436 0.40295 0.85168 0.44418 
389	4	0.65346 0.93805 0.04242 0.50050 0.95325 0.33451 
390	4	0.23283 0.94624 0.15966 0.17880 0.84772 0.63648 
391	4	0.43629 0.92629 0.12790 0.28664 0.86897 0.51833 
392	4	0.39984 0.92942 0.21894 0.21763 0.77737 0.66000 
393	4	0.45625 0.91592 0.18781 0.28585 0.80731 0.56694 
394	4	0.32570 0.92824 0.26654 0.15975 0.73302 0.71947 
395	4	0.19939 0.94018 0.23020 0.10659 0.76415 0.76327 
396	4	0.12846 0.94562 0.17357 0.09295 0.82105 0.74120 
397	4	0.29825 0.94801 0.25974 0.13343 0.74374 0.75756 
398	4	0.65574 0.96051 0.08421 0.47347 0.91855 0.41009 
399	4	0.72632 0.89620 0.12767 0.57064 0.86602 0.33767 
400	5	0.47779 0.97236 0.11672 0.31979 0.88519 0.52933 
401	5	0.43298 0.96802 0.11081 0.30970 0.89252 0.51880 
402	5	0.29688 0.95132 0.21099 0.21199 0.81119 0.62772 
403	5	0.31599 0.97766 0.12309 0.23829 0.87742 0.58122 
404	5	0.31871 0.96453 0.16393 0.21243 0.83350 0.62375 
405	5	0.31172 0.96340 0.17710 0.23753 0.81979 0.60018 
406	5	0.43497 0.96509 0.05727 0.38242 0.94490 0.40491 
407	5	0.54708 0.93825 0.09708 0.42687 0.90005 0.38648 
408	5	0.45981 0.94400 0.11535 0.36632 0.88317 0.44713 
409	5	0.36238 0.92878 0.14363 0.34636 0.85181 0.45638 
410	5	0.35249 0.93535 0.22806 0.21187 0.77225 0.61781 
411	5	0.37058 0.92635 0.13483 0.35389 0.86105 0.44493 
412	5	0.58413 0.93378 0.19665 0.39022 0.80283 0.49929 
413	5	0.52190 0.92723 0.11446 0.38859 0.88015 0.43507 
414	5	0.54927 0.92807 0.14898 0.37770 0.84915 0.48107 
415	5	0.50903 0.92578 0.11701 0.38027 0.89489 0.43097 
416	5	0.65803 0.91113 0.08660 0.51280 0.90986 0.33979 
417	5	0.39491 0.96613 0.17747 0.21804 0.82005 0.66131 
418	5	0.55861 0.95070 0.17884 0.36065 0.81679 0.52863 
419	5	0.47404 0.92848 0.13509 0.35630 0.86498 0.46608 
420	5	0.56165 0.92710 0.16653 0.40797 0.82810 0.45865 
421	5	0.53462 0.93185 0.19727 0.34653 0.80186 0.53292 
422	5	0.57939 0.93603 0.14547 0.40516 0.85549 0.45646 
423	5	0.33900 0.95321 0.17412 0.22921 0.82585 0.60914 
424	5	0.45650 0.90942 0.19091 0.33651 0.80671 0.50819 
425	5	0.71032 0.86479 0.19186 0.53629 0.80210 0.39389 
426	5	0.61923 0.92294 0.11909 0.46395 0.87551 0.40028 
427	5	0.66722 0.90496 0.11410 0.49974 0.88012 0.38726 
428	5	0.59198 0.92514 0.22444 0.38948 0.77879 0.52833 
429	5	0.60623 0.84495 0.23206 0.42123 0.76385 0.46789 
430	5	0.47041 0.93011 0.13982 0.36669 0.85652 0.46061 
431	5	0.59805 0.91568 0.18758 0.40157 0.80956 0.50380 
432	5	0.40934 0.94176 0.18115 0.25194 0.81861 0.59538 
433	5	0.43020 0.96107 0.16482 0.25967 0.83058 0.59571 
434	5	0.66543 0.89368 0.20670 0.48043 0.79497 0.44624 
435	5	0.39520 0.94957 0.08919 0.34044 0.90576 0.45171 
436	5	0.40863 0.92713 0.07220 0.36235 0.92236 0.41073 
437	5	0.35287 0.94339 0.19208 0.20756 0.81390 0.63504 
438	5	0.44264 0.94596 0.10040 0.33034 0.89485 0.48598 
439	5	0.65728 0.91010 0.13758 0.49612 0.86254 0.38606 
440	5	0.59445 0.94426 0.17635 0.38979 0.81763 0.53447 
441	5	0.37610 0.93793 0.18392 0.24279 0.82370 0.59643 
442	5	0.48907 0.94500 0.15237 0.32442 0.84387 0.52080 
443	5	0.54755 0.92138 0.10247 0.41692 0.89159 0.40168 
444	5	0.38365 0.93357 0.30365 0.20065 0.71075 0.68419 
445	5	0.64034 0.89920 0.13572 0.48041 0.85860 0.38589 
446	5	0.70946 0.85195 0.17656 0.54119 0.81782 0.37679 
447	5	0.61555 0.90170 0.16965 0.43949 0.82958 0.44302 
448	5	0.62686 0.93959 0.19836 0.42900 0.80502 0.49699 
449	5	0.33239 0.95027 0.19694 0.20032 0.80366 0.64459 
450	5	0.42376 0.94100 0.21923 0.26070 0.77890 0.59805 
451	5	0.58444 0.90855 0.23821 0.38284 0.76939 0.52597 
452	5	0.55362 0.88787 0.19032 0.38231 0.81007 0.47275 
453	5	0.61598 0.90500 0.23417 0.41934 0.76353 0.50290 
454	5	0.72488 0.86462 0.20023 0.55956 0.79513 0.37440 
455	5	0.53217 0.93047 0.24695 0.32799 0.74912 0.57400 
456	5	0.59216 0.92035 0.22181 0.39060 0.77728 0.52034 
457	5	0.65279 0.91784 0.19282 0.47265 0.81418 0.42985 
458	5	0.55775 0.91400 0.22061 0.37253 0.77528 0.50630 
459	5	0.61855 0.90040 0.22715 0.42475 0.76866 0.48295 
460	5	0.58524 0.91143 0.21207 0.39051 0.78261 0.50740 
461	5	0.73454 0.95435 0.06757 0.59690 0.93203 0.28670 
462	5	0.67972 0.95650 0.11583 0.50652 0.88284 0.39383 
463	5	0.57029 0.96939 0.13960 0.37747 0.85973 0.50572 
464	5	0.72973 0.96186 0.06077 0.59109 0.93382 0.29671 
465	5	0.60730 0.95469 0.18365 0.41452 0.81844 0.48763 
466	5	0.66299 0.97438 0.12537 0.47434 0.87269 0.44970 
467	5	0.67048 0.98134 0.10116 0.48547 0.89692 0.43281 
468	5	0.75809 0.94730 0.10098 0.62116 0.89779 0.28536 
469	5	0.76184 0.97271 0.10369 0.60669 0.89466 0.34219 
470	5	0.75752 0.96097 0.07762 0.61902 0.91950 0.28714 
471	5	0.81980 0.94978 0.07386 0.70173 0.92414 0.24047 
472	5	0.77648 0.96567 0.08775 0.62896 0.91153 0.32061 
473	5	0.64630 0.97226 0.14088 0.45345 0.85872 0.46442 
474	5	0.60585 0.97478 0.11703 0.41374 0.88501 0.47992 
475	5	0.71263 0.94914 0.09144 0.56916 0.90539 0.31394 
476	5	0.67051 0.95395 0.07363 0.52575 0.92109 0.32795 
477	5	0.82232 0.89562 0.20693 0.69364 0.78876 0.29794 
478	5	0.77685 0.96680 0.04602 0.64720 0.95080 0.26663 
479	5	0.67937 0.96662 0.13900 0.49522 0.86440 0.43544 
480	5	0.77488 0.97789 0.05973 0.62893 0.93511 0.30986 
481	5	0.65733 0.98164 0.10696 0.46652 0.89093 0.45558 
482	5	0.70020 0.97062 0.12908 0.52072 0.86780 0.41768 
483	5	0.88698 0.97782 0.02484 0.80319 0.97322 0.16959 
484	5	0.76379 0.96589 0.10507 0.61189 0.90222 0.33300 
485	5	0.90387 0.97239 0.00564 0.83083 0.98866 0.14125 
486	5	0.83912 0.97214 0.08052 0.72339 0.92510 0.24935 
487	5	0.78108 0.97707 0.05579 0.63602 0.93867 0.31004 
488	5	0.69040 0.97378 0.13326 0.51064 0.87370 0.42406 
489	5	0.81804 0.97208 0.06292 0.68958 0.93383 0.27973 
490	5	0.91704 0.97897 0.01449 0.85214 0.98074 0.13437 
491	5	0.73310 0.96999 0.12311 0.56735 0.87621 0.38019 
492	5	0.58771 0.95459 0.16772 0.39851 0.84380 0.49635 
493	5	0.66287 0.96833 0.14905 0.47333 0.86217 0.45334 
494	5	0.61480 0.96293 0.17620 0.41730 0.82910 0.49804 
495	5	0.64472 0.94443 0.10756 0.47395 0.90109 0.40772 
496	5	0.65292 0.96335 0.11709 0.48108 0.89062 0.41851 
497	5	0.22793 0.95387 0.36240 0.09936 0.66836 0.80747 
498	5	0.30315 0.94272 0.40899 0.13419 0.63963 0.78097 
499	5	0.46021 0.96878 0.21591 0.26036 0.79491 0.62675 
500	6	0.15681 0.74675 0.64477 0.10784 0.35370 0.79179 
501	6	0.21785 0.82528 0.32760 0.17847 0.66718 0.62420 
502	6	0.27928 0.86382 0.27763 0.19183 0.71803 0.63230 
503	6	0.27339 0.85234 0.33468 0.16231 0.66115 0.69184 
504	6	0.13977 0.75853 0.73803 0.07413 0.25416 0.85306 
505	6	0.15508 0.69449 0.67410 0.11037 0.31820 0.78170 
506	6	0.23995 0.80939 0.42146 0.15590 0.57145 0.70596 
507	6	0.25132 0.72419 0.36799 0.20620 0.62633 0.57988 
508	6	0.21219 0.71480 0.41244 0.17873 0.58352 0.61169 
509	6	0.36856 0.53015 0.30041 0.36937 0.69365 0.41702 
510	6	0.32653 0.57575 0.56858 0.23269 0.42772 0.59945 
511	6	0.24028 0.70432 0.51263 0.19640 0.48531 0.63514 
512	6	0.24807 0.67255 0.56115 0.19280 0.43409 0.67527 
513	6	0.19794 0.66861 0.49230 0.16535 0.50366 0.65327 
514	6	0.29809 0.73538 0.46092 0.19150 0.53647 0.63775 
515	6	0.52931 0.55032 0.28903 0.40047 0.70472 0.41514 
516	6	0.20717 0.57897 0.67092 0.15530 0.32810 0.67788 
517	6	0.20484 0.67825 0.62003 0.13713 0.37439 0.73068 
518	6	0.28665 0.63496 0.57457 0.18921 0.42027 0.65935 
519	6	0.35961 0.64191 0.45297 0.28158 0.55122 0.54098 
520	6	0.38768 0.73904 0.24166 0.29792 0.75360 0.50454 
521	6	0.39831 0.66561 0.30317 0.31018 0.69087 0.50241 
522	6	0.28823 0.65898 0.38598 0.24176 0.61082 0.54762 
523	6	0.34083 0.58476 0.41357 0.24302 0.57969 0.56193 
524	6	0.25326 0.60703 0.55902 0.17841 0.43517 0.66316 
525	6	0.31672 0.51841 0.60856 0.20338 0.38824 0.62276 
526	6	0.30309 0.51196 0.49032 0.22297 0.50363 0.55866 
527	6	0.26993 0.47969 0.65226 0.17126 0.34105 0.65094 
528	6	0.33225 0.83379 0.54512 0.15842 0.44916 0.76166 
529	6	0.19836 0.73642 0.44279 0.17318 0.55228 0.63691 
530	6	0.27868 0.65155 0.56641 0.15830 0.42831 0.71106 
531	6	0.31512 0.75545 0.33765 0.21663 0.65867 0.60699 
532	6	0.19774 0.71482 0.58218 0.14167 0.41298 0.72727 
533	6	0.27692 0.76414 0.46739 0.16053 0.53312 0.71171 
534	6	0.28094 0.79739 0.37074 0.18585 0.62511 0.63514 
535	6	0.25653 0.80684 0.53127 0.12924 0.46807 0.76469 
536	6	0.26223 0.75759 0.41658 0.18898 0.58289 0.66310 
537	6	0.15669 0.74540 0.66122 0.09868 0.33914 0.77330 
538	6	0.22036 0.76939 0.54801 0.11410 0.44741 0.77381 
539	6	0.27387 0.76884 0.60179 0.13592 0.39259 0.75395 
540	6	0.19396 0.58628 0.67667 0.14874 0.31841 0.70639 
541	6	0.22694 0.79632 0.24005 0.22154 0.75466 0.53816 
542	6	0.28274 0.79709 0.46559 0.14687 0.53236 0.72556 
543	6	0.20305 0.69116 0.47729 0.16268 0.52121 0.66222 
544	6	0.31039 0.62763 0.47762 0.23492 0.52204 0.57866 
545	6	0.22243 0.71428 0.41150 0.18593 0.58673 0.60570 
546	6	0.20054 0.74463 0.51612 0.13787 0.48222 0.69665 
547	6	0.20840 0.79915 0.63031 0.10141 0.36522 0.81528 
548	6	0.31419 0.67998 0.39667 0.22994 0.59859 0.56609 
549	6	0.34967 0.55160 0.47609 0.24696 0.51959 0.57569 
550	6	0.34362 0.66311 0.36352 0.25465 0.63223 0.56388 
551	6	0.20079 0.60416 0.64262 0.14086 0.35297 0.70295 
552	6	0.25057 0.66066 0.46952 0.19490 0.52736 0.63604 
553	6	0.15766 0.73871 0.61003 0.10111 0.38584 0.78972 
554	6	0.36667 0.71906 0.39709 0.23845 0.59821 0.58409 
555	6	0.26580 0.80724 0.38729 0.18073 0.61191 0.64398 
556	6	0.24483 0.81017 0.51122 0.12207 0.48653 0.77469 
557	6	0.35352 0.62328 0.54371 0.20982 0.44961 0.63776 
558	6	0.39688 0.58738 0.33389 0.32680 0.66009 0.44587 
559	6	0.32120 0.74704 0.23013 0.26362 0.76366 0.50443 
560	6	0.34348 0.30856 0.65512 0.22648 0.33834 0.58109 
561	6	0.23655 0.80443 0.62593 0.10818 0.36747 0.81021 
562	6	0.29525 0.69795 0.39749 0.21652 0.59705 0.61287 
563	6	0.20786 0.64149 0.63270 0.13007 0.36097 0.71905 
564	6	0.25567 0.60353 0.47435 0.20566 0.52083 0.56811 
565	6	0.30426 0.67238 0.30451 0.27609 0.69037 0.52450 
566	6	0.17176 0.73448 0.63239 0.09103 0.36467 0.79785 
567	6	0.42190 0.55038 0.39261 0.31951 0.60416 0.49326 
568	6	0.31501 0.68693 0.50408 0.19878 0.49096 0.64450 
569	6	0.36109 0.72538 0.27341 0.27136 0.72031 0.52240 
570	6	0.29694 0.74295 0.58665 0.17904 0.40875 0.68509 
571	6	0.36114 0.75589 0.35603 0.23482 0.63970 0.57832 
572	6	0.28989 0.77050 0.40468 0.17758 0.59111 0.66777 
573	6	0.29425 0.76720 0.39890 0.18082 0.59575 0.65943 
574	6	0.18974 0.72891 0.58672 0.13694 0.41355 0.71781 
575	6	0.14292 0.61341 0.81370 0.10163 0.18640 0.78150 
576	6	0.35293 0.77994 0.37318 0.20899 0.62573 0.64329 
577	6	0.21649 0.56951 0.56593 0.17637 0.42783 0.64004 
578	6	0.32690 0.70505 0.43813 0.21459 0.55621 0.61044 
579	6	0.33640 0.80113 0.33727 0.20240 0.65875 0.64296 
580	6	0.19550 0.64830 0.69545 0.13659 0.29717 0.74272 
581	6	0.34390 0.62920 0.29816 0.31937 0.69777 0.45017 
582	6	0.23132 0.58681 0.69858 0.13880 0.29582 0.72496 
583	6	0.24668 0.59399 0.48762 0.20728 0.50527 0.60749 
584	6	0.33453 0.57336 0.53846 0.22650 0.45616 0.61813 
585	6	0.43023 0.63269 0.37157 0.30581 0.62234 0.48549 
586	6	0.26935 0.48855 0.65396 0.18979 0.33872 0.65331 
587	6	0.44991 0.64206 0.20115 0.40867 0.79279 0.35446 
588	6	0.26542 0.67398 0.43816 0.20658 0.55650 0.62607 
589	6	0.25503 0.76357 0.46540 0.14229 0.53244 0.71176 
590	6	0.13525 0.65164 0.68008 0.11206 0.31428 0.73916 
591	6	0.42410 0.67196 0.28770 0.33339 0.70656 0.45482 
592	6	0.33219 0.75085 0.43970 0.19806 0.55699 0.65912 
593	6	0.20239 0.64504 0.59630 0.16096 0.39852 0.67873 
594	6	0.39267 0.49145 0.48386 0.29676 0.50976 0.52925 
595	6	0.39416 0.56842 0.37455 0.32216 0.62038 0.48923 
596	6	0.15427 0.75450 0.57298 0.09745 0.43300 0.78022 
597	6	0.18250 0.77660 0.41526 0.13039 0.57908 0.69875 
598	6	0.23865 0.59830 0.49519 0.20223 0.49883 0.61032 
599	6	0.20261 0.65375 0.55662 0.15135 0.43777 0.67980 
600	7	0.57825 0.79398 0.13912 0.41994 0.89228 0.39585 
601	7	0.39876 0.96549 0.08344 0.21587 0.91029 0.64686 
602	7	0.53419 0.95414 0.05950 0.33758 0.93457 0.51968 
603	7	0.19304 0.95759 0.12048 0.14491 0.87315 0.69804 
604	7	0.36822 0.96692 0.09291 0.19585 0.90079 0.65636 
605	7	0.25871 0.96473 0.09623 0.15097 0.89746 0.69176 
606	7	0.22041 0.96000 0.10617 0.17062 0.88750 0.67536 
607	7	0.38680 0.94449 0.34373 0.20170 0.65664 0.69188 
608	7	0.50001 0.98697 0.15632 0.29862 0.84093 0.60172 
609	7	0.49797 0.98585 0.16121 0.29023 0.83586 0.61761 
610	7	0.52380 0.98618 0.13680 0.31652 0.86210 0.58876 
611	7	0.47626 0.97208 0.20362 0.26489 0.79635 0.65235 
612	7	0.47030 0.98424 0.16539 0.26034 0.82995 0.65077 
613	7	0.50801 0.96402 0.27327 0.29291 0.73587 0.64417 
614	7	0.33174 0.94343 0.33253 0.16264 0.68134 0.71962 
615	7	0.51018 0.96977 0.19786 0.29419 0.79823 0.62670 
616	7	0.31420 1.00000 0.07946 0.17191 0.91428 0.67820 
617	7	0.47528 0.98089 0.17780 0.26463 0.82233 0.64458 
618	7	0.41436 0.96613 0.27620 0.20764 0.72360 0.71307 
619	7	0.51458 0.97599 0.17734 0.30014 0.82124 0.61983 
620	7	0.45328 0.97595 0.20772 0.24842 0.79375 0.65859 
621	7	0.45945 0.96423 0.25271 0.25019 0.75045 0.66887 
622	7	0.44845 0.96941 0.20490 0.24933 0.79048 0.64634 
623	7	0.46293 0.96991 0.21518 0.25604 0.78581 0.65520 
624	7	0.44916 0.96775 0.20616 0.24346 0.78922 0.65654 
625	7	0.14464 0.97519 0.07582 0.11215 0.91792 0.71425 
626	7	0.31723 0.93002 0.06323 0.23275 0.93055 0.53671 
627	7	0.31415 0.92105 0.10211 0.20496 0.89202 0.58805 
628	7	0.23876 0.91897 0.13372 0.16218 0.86157 0.63539 
629	7	0.13284 0.93547 0.17468 0.10062 0.82117 0.73830 
630	7	0.19271 0.91818 0.19294 0.12591 0.80272 0.70958 
631	7	0.24642 0.92799 0.14944 0.15133 0.84589 0.66410 
632	7	0.26238 0.92152 0.14090 0.16513 0.85365 0.64529 
633	7	0.31422 0.95173 0.03933 0.22389 0.95450 0.53650 
634	7	0.31197 0.89379 0.15266 0.20724 0.86076 0.57834 
635	7	0.36343 0.85956 0.14422 0.25763 0.85668 0.52899 
636	7	0.37471 0.91003 0.10726 0.24336 0.88695 0.55037 
637	7	0.34811 0.86854 0.15628 0.23140 0.83794 0.55667 
638	7	0.21369 0.90324 0.12954 0.19592 0.86409 0.58180 
639	7	0.33612 0.94141 0.06603 0.21776 0.92774 0.56359 
640	7	0.31043 0.94808 0.04687 0.21118 0.94695 0.55396 
641	7	0.18293 0.89462 0.13916 0.19572 0.85516 0.58120 
642	7	0.51530 0.82517 0.08554 0.40283 0.92487 0.37647 
643	7	0.22686 0.97525 0.13079 0.09673 0.86351 0.77838 
644	7	0.09233 0.96865 0.18697 0.06597 0.80692 0.81605 
645	7	0.13515 0.98263 0.14926 0.06428 0.84480 0.81250 
646	7	0.07499 0.96598 0.21896 0.05614 0.77509 0.83333 
647	7	0.15031 0.96592 0.19041 0.08112 0.80371 0.79324 
648	7	0.06853 0.99392 0.07580 0.05376 0.91794 0.80945 
649	7	0.09873 0.96513 0.21777 0.06485 0.77610 0.82518 
650	7	0.10520 0.97373 0.16437 0.06631 0.82958 0.80939 
651	7	0.10098 0.99388 0.08542 0.05863 0.90830 0.80629 
652	7	0.08701 0.97528 0.16828 0.06093 0.82575 0.81520 
653	7	0.16567 0.99612 0.05552 0.07645 0.93827 0.77897 
654	7	0.23837 0.96661 0.17218 0.10595 0.82193 0.77098 
655	7	0.20411 0.95252 0.12324 0.13619 0.87604 0.65435 
656	7	0.19219 0.99200 0.06913 0.08527 0.92462 0.77647 
657	7	0.16719 0.99459 0.06685 0.07633 0.92692 0.78468 
658	7	0.25131 0.96878 0.15156 0.11011 0.84319 0.76167 
659	7	0.24157 0.97464 0.14338 0.11638 0.85065 0.75080 
660	7	0.28160 0.97177 0.11202 0.13462 0.88183 0.70983 
661	7	0.22186 0.97666 0.13224 0.09805 0.86194 0.77263 
662	7	0.46042 0.82948 0.28152 0.29241 0.71284 0.54968 
663	7	0.31826 0.83508 0.31262 0.18852 0.69046 0.64852 
664	7	0.48281 0.72781 0.47223 0.27709 0.52842 0.61515 
665	7	0.58849 0.81121 0.20083 0.42172 0.80999 0.42912 
666	7	0.29271 0.81715 0.40429 0.19160 0.59076 0.64040 
667	7	0.28466 0.71856 0.46627 0.19922 0.59942 0.63263 
668	7	0.38703 0.81733 0.27932 0.25338 0.71441 0.57398 
669	7	0.28650 0.81158 0.28305 0.20574 0.71620 0.59734 
670	7	0.31930 0.80962 0.27018 0.23916 0.74615 0.57503 
671	7	0.32822 0.86794 0.22185 0.24354 0.80045 0.53918 
672	7	0.33615 0.71483 0.63037 0.16773 0.36341 0.71659 
673	7	0.67685 0.83735 0.14488 0.51665 0.85101 0.35365 
674	7	0.40804 0.83831 0.24288 0.24866 0.75594 0.57686 
675	7	0.23572 0.85088 0.29690 0.16722 0.69677 0.65299 
676	7	0.24969 0.81581 0.49444 0.14578 0.50251 0.73247 
677	7	0.31469 0.87237 0.20867 0.23360 0.78518 0.57597 
678	7	0.39363 0.81983 0.33259 0.23851 0.66138 0.60085 
679	7	0.33955 0.75291 0.39979 0.22950 0.61160 0.60142 
680	7	0.30842 0.80517 0.33943 0.17740 0.65395 0.66558 
681	7	0.55508 0.76188 0.37137 0.37212 0.66261 0.50635 
682	7	0.25528 0.76210 0.38605 0.18313 0.60725 0.64559 
683	7	0.25091 0.69497 0.45812 0.17788 0.54547 0.64657 
684	7	0.26566 0.82753 0.33891 0.16363 0.65450 0.68043 
685	7	0.44310 0.87361 0.22091 0.27654 0.78333 0.55725 
686	7	0.56009 0.84744 0.17971 0.38171 0.81443 0.47445 
687	7	0.54715 0.85977 0.19643 0.36728 0.79779 0.49564 
688	7	0.69070 0.83060 0.17714 0.52061 0.81693 0.39104 
689	7	0.52467 0.83984 0.25103 0.34412 0.74396 0.52243 
690	7	0.49321 0.60465 0.53754 0.29182 0.45746 0.60187 
691	7	0.63366 0.42243 0.61550 0.43541 0.37841 0.48445 
692	7	0.62212 0.82847 0.21758 0.43836 0.77782 0.45802 
693	7	0.65289 0.34088 0.63195 0.45921 0.36170 0.46678 
694	7	0.30762 0.51221 0.62394 0.25567 0.37007 0.56592 
695	7	0.21941 0.81612 0.47685 0.13281 0.56446 0.72956 
696	7	0.52507 0.82248 0.22632 0.35629 0.77994 0.47310 
697	7	0.35747 0.84469 0.24300 0.25679 0.75226 0.55293 
698	7	0.37660 0.60705 0.57715 0.22404 0.46231 0.63082 
699	7	0.29895 0.67411 0.51139 0.20323 0.48823 0.63803 
700	8	0.86389 0.30682 0.35081 0.76271 0.64836 0.21055 
701	8	0.90141 0.64224 0.22639 0.82448 0.79131 0.17347 
702	8	0.87571 0.58331 0.29696 0.78071 0.72246 0.21198 
703	8	0.81432 0.75300 0.31569 0.68274 0.69697 0.29934 
704	8	0.85452 0.77175 0.18838 0.75191 0.81491 0.21664 
705	8	0.37457 0.69634 0.46044 0.32095 0.54159 0.48647 
706	8	0.91721 0.81668 0.15987 0.85125 0.84394 0.15537 
707	8	0.58895 0.55535 0.58984 0.41151 0.41202 0.46205 
708	8	0.91794 0.67609 0.28907 0.85150 0.75445 0.17166 
709	8	0.51315 0.55631 0.51092 0.37165 0.48932 0.45915 
710	8	0.82562 0.77865 0.29633 0.69983 0.71262 0.29566 
711	8	0.40778 0.81948 0.31288 0.34417 0.71423 0.47391 
712	8	0.46760 0.73898 0.44071 0.34135 0.58293 0.49798 
713	8	0.74335 0.72256 0.46601 0.57636 0.56285 0.40487 
714	8	0.68356 0.65371 0.52409 0.50002 0.50559 0.45123 
715	8	0.60890 0.67478 0.69425 0.40707 0.37887 0.54571 
716	8	0.74308 0.68804 0.47259 0.57509 0.54069 0.40661 
717	8	0.69416 0.66887 0.51950 0.50895 0.49293 0.45379 
718	8	0.68563 0.62992 0.60163 0.49804 0.44662 0.46749 
719	8	0.44942 0.77894 0.35176 0.37528 0.66899 0.43972 
720	8	0.78646 0.68558 0.27554 0.65481 0.74205 0.28648 
721	8	0.51799 0.83246 0.24157 0.41757 0.76987 0.39676 
722	8	0.70710 0.60664 0.68098 0.52351 0.37416 0.46187 
723	8	0.52293 0.61639 0.64782 0.34680 0.37339 0.52803 
724	8	0.40950 0.72780 0.35419 0.38135 0.69112 0.41624 
725	8	0.69485 0.35505 0.66122 0.51853 0.35226 0.40342 
726	8	0.41918 0.84554 0.26345 0.35765 0.76846 0.45444 
727	8	0.46030 0.58894 0.56894 0.33137 0.44019 0.50565 
728	8	0.39805 0.88935 0.18519 0.35991 0.82629 0.43919 
729	8	0.41156 0.68316 0.48760 0.32818 0.53709 0.49855 
730	8	0.37873 0.80564 0.33572 0.34812 0.69820 0.47107 
731	8	0.84055 0.80500 0.16718 0.73872 0.85591 0.19795 
732	8	0.47296 0.79380 0.30905 0.38008 0.70381 0.43958 
733	8	0.41748 0.76954 0.36490 0.34246 0.65913 0.46982 
734	8	0.90910 0.85950 0.13904 0.83875 0.87402 0.15215 
735	8	0.69952 0.75440 0.29213 0.55554 0.75655 0.33584 
736	8	0.78213 0.80764 0.27054 0.64853 0.78567 0.29839 
737	8	0.78991 0.68648 0.17618 0.67880 0.83875 0.20533 
738	8	0.70238 0.79871 0.21225 0.56430 0.80907 0.30897 
739	8	0.87753 0.79903 0.21220 0.78739 0.81881 0.19947 
740	8	0.72871 0.72561 0.49173 0.55595 0.52762 0.42760 
741	8	0.89246 0.79159 0.18733 0.81202 0.82983 0.18016 
742	8	0.77135 0.79956 0.28929 0.63499 0.77537 0.30734 
743	8	0.64127 0.84664 0.27058 0.48644 0.75525 0.39613 
744	8	0.72676 0.78412 0.22639 0.58627 0.79655 0.30676 
745	8	0.62396 0.84523 0.21689 0.48048 0.79699 0.38047 
746	8	0.72907 0.81646 0.15303 0.59541 0.85740 0.28446 
747	8	0.47784 0.83028 0.13962 0.43681 0.85905 0.33104 
748	8	0.60269 0.80426 0.23763 0.47400 0.78913 0.36422 
749	8	0.61824 0.68297 0.22838 0.50989 0.79866 0.29963 
750	8	0.64915 0.78016 0.19031 0.53295 0.83338 0.28938 
751	8	0.69564 0.70877 0.23466 0.57255 0.80202 0.27548 
752	8	0.79817 0.78212 0.26966 0.67216 0.77100 0.27850 
753	8	0.79078 0.76655 0.23628 0.66627 0.80291 0.26277 
754	8	0.57431 0.81566 0.30503 0.42770 0.73655 0.42840 
755	8	0.73469 0.80368 0.28251 0.58561 0.75682 0.34062 
756	8	0.68901 0.81481 0.28141 0.53118 0.74502 0.37441 
757	8	0.86686 0.70783 0.29012 0.77278 0.78592 0.20891 
758	8	0.78639 0.73058 0.28286 0.65520 0.73366 0.28608 
759	8	0.88218 0.82702 0.17008 0.79600 0.84452 0.18817 
760	8	0.87924 0.74136 0.27117 0.78808 0.75829 0.21538 
761	8	0.60022 0.74353 0.24817 0.48011 0.78128 0.34467 
762	8	0.55798 0.80461 0.25240 0.42841 0.76890 0.40710 
763	8	0.76507 0.52892 0.45720 0.61607 0.56073 0.34619 
764	8	0.63207 0.95432 0.04518 0.50346 0.94863 0.31885 
765	8	0.79601 0.34961 0.47312 0.65521 0.55526 0.31929 
766	8	0.61737 0.79638 0.18326 0.47685 0.82760 0.34781 
767	8	0.46049 0.79013 0.47189 0.29160 0.58275 0.57713 
768	8	0.66370 0.84184 0.30209 0.48656 0.72119 0.42798 
769	8	0.48568 0.14254 0.73188 0.32576 0.27800 0.49647 
770	8	0.77009 0.53368 0.22882 0.64671 0.77162 0.24103 
771	8	0.65154 0.04403 0.62085 0.47544 0.38150 0.40550 
772	8	0.56623 0.29031 0.42711 0.44326 0.59693 0.35225 
773	8	0.58029 0.37299 0.52636 0.39410 0.48338 0.48634 
774	8	0.50763 0.55027 0.64883 0.31332 0.35471 0.56881 
775	8	0.69991 0.81069 0.23591 0.54614 0.78756 0.35247 
776	8	0.43720 0.76441 0.24538 0.39736 0.76911 0.39151 
777	8	0.59051 0.70533 0.19655 0.48938 0.80724 0.30204 
778	8	0.64084 0.52975 0.41621 0.48601 0.59572 0.39690 
779	8	0.55333 0.50307 0.73489 0.35281 0.28177 0.55756 
780	8	0.77322 0.41977 0.42415 0.62905 0.58708 0.31712 
781	8	0.62613 0.56158 0.23171 0.51731 0.78875 0.28183 
782	8	0.46912 0.56091 0.27356 0.42857 0.72876 0.33564 
783	8	0.46661 0.57262 0.33565 0.40760 0.67366 0.37162 
784	8	0.43962 0.50437 0.36171 0.40215 0.65050 0.36683 
785	8	0.28208 0.59426 0.67328 0.23207 0.33296 0.60044 
786	8	0.70051 0.75133 0.24735 0.54548 0.76080 0.33563 
787	8	0.35392 0.30385 0.61033 0.32676 0.39643 0.46285 
788	8	0.60463 0.50481 0.39111 0.46426 0.61927 0.38794 
789	8	0.55611 0.57608 0.41825 0.42418 0.59537 0.40113 
790	8	0.37843 0.08693 0.92021 0.23816 0.08049 0.57964 
791	8	0.51163 0.45137 0.72417 0.31240 0.29077 0.58988 
792	8	0.61959 0.50899 0.37745 0.47322 0.65576 0.38176 
793	8	0.65911 0.43224 0.47527 0.47643 0.53597 0.42736 
794	8	0.26352 0.87282 0.46444 0.13282 0.53667 0.76291 
795	8	0.23574 0.87420 0.50475 0.11392 0.49552 0.79129 
796	8	0.24025 0.83129 0.66832 0.10150 0.33946 0.83972 
797	8	0.18140 0.84847 0.70527 0.06492 0.30968 0.88475 
798	8	0.29010 0.83720 0.66096 0.12439 0.33894 0.81667 
799	8	0.29116 0.86050 0.61573 0.12356 0.38460 0.81491 
800	9	0.60117 0.91780 0.12060 0.46756 0.90158 0.36841 
801	9	0.52579 0.92759 0.16667 0.36597 0.85333 0.48327 
802	9	0.63263 0.94840 0.20355 0.44241 0.81370 0.48498 
803	9	0.71758 0.82654 0.22507 0.55430 0.78753 0.37683 
804	9	0.48179 0.90025 0.13256 0.37426 0.87656 0.43112 
805	9	0.50216 0.88900 0.26706 0.33041 0.75184 0.54186 
806	9	0.85996 0.84766 0.13874 0.75854 0.88263 0.21387 
807	9	0.66895 0.89283 0.14659 0.51067 0.86681 0.36396 
808	9	0.88944 0.89000 0.09231 0.80624 0.91598 0.17192 
809	9	0.98974 0.84695 0.00000 0.98402 1.00000 0.00000 
810	9	0.98589 0.88628 0.06179 0.97353 0.96164 0.04127 
811	9	0.84354 0.70536 0.18574 0.73552 0.82527 0.21778 
812	9	0.82369 0.86287 0.23597 0.69521 0.79197 0.31007 
813	9	0.73396 0.90145 0.21322 0.56813 0.81751 0.37891 
814	9	0.82440 0.90483 0.13578 0.70180 0.88180 0.25973 
815	9	0.68564 0.82897 0.35792 0.49731 0.67698 0.47375 
816	9	0.82703 0.90348 0.14103 0.70659 0.87860 0.26575 
817	9	0.84642 0.84037 0.07741 0.74675 0.92009 0.17843 
818	9	0.47318 0.92942 0.12350 0.38516 0.89560 0.42101 
819	9	0.41246 0.95522 0.07977 0.39982 0.91752 0.37839 
820	9	0.85536 0.88084 0.12058 0.75114 0.89724 0.21370 
821	9	0.51914 0.90760 0.19361 0.37788 0.82065 0.46581 
822	9	0.78558 0.85799 0.09820 0.67392 0.90996 0.20211 
823	9	0.80125 0.91108 0.16512 0.66491 0.84911 0.30347 
824	9	0.80348 0.93864 0.12671 0.66785 0.88099 0.30162 
825	9	0.93819 0.87052 0.09410 0.89123 0.92118 0.09462 
826	9	0.86191 0.87050 0.12864 0.76090 0.87734 0.21342 
827	9	1.00000 0.88060 0.05696 1.00000 0.96115 0.02037 
828	9	0.79572 0.82990 0.06892 0.69012 0.93267 0.18567 
829	9	0.96724 0.74979 0.17365 0.93844 0.83165 0.09025 
830	9	0.59185 0.83629 0.21368 0.44176 0.80083 0.40878 
831	9	0.38269 0.80385 0.22264 0.35380 0.77764 0.43622 
832	9	0.66894 0.88147 0.10615 0.52196 0.89300 0.32756 
833	9	0.38199 0.92872 0.09899 0.37618 0.90636 0.40978 
834	9	0.70336 0.89436 0.06380 0.57259 0.93026 0.27094 
835	9	0.37305 0.90595 0.19196 0.34057 0.82633 0.46512 
836	9	0.56528 0.91311 0.16314 0.40280 0.83475 0.44541 
837	9	0.71892 0.90790 0.13887 0.56086 0.87034 0.34659 
838	9	0.65078 0.92625 0.11332 0.49163 0.88814 0.37566 
839	9	0.73745 0.91742 0.04551 0.60478 0.95414 0.25653 
840	9	0.70650 0.88571 0.12340 0.58299 0.89153 0.26109 
841	9	0.94287 0.90904 0.06622 0.89697 0.93928 0.09841 
842	9	0.66271 0.95112 0.01400 0.55285 0.98189 0.25225 
843	9	0.97802 0.94662 0.04740 0.95954 0.96236 0.05644 
844	9	0.46205 0.85053 0.19443 0.41364 0.83207 0.37321 
845	9	0.61028 0.90090 0.09674 0.51326 0.91145 0.27707 
846	9	0.65806 0.91519 0.06807 0.53652 0.93016 0.28564 
847	9	0.41220 0.91969 0.15392 0.33975 0.84857 0.47668 
848	9	0.60769 0.92159 0.13906 0.45239 0.87370 0.40789 
849	9	0.64714 0.67640 0.40198 0.46502 0.60205 0.44347 
850	9	0.83780 0.74228 0.23201 0.72226 0.77454 0.25138 
851	9	0.55504 0.73789 0.25802 0.39951 0.74005 0.43515 
852	9	0.53955 0.77218 0.22081 0.42417 0.77636 0.37343 
853	9	0.57075 0.78801 0.25547 0.38425 0.74525 0.48080 
854	9	0.51534 0.85031 0.21660 0.34510 0.78563 0.49443 
855	9	0.55666 0.82309 0.25115 0.36636 0.75943 0.50355 
856	9	0.48157 0.86226 0.31556 0.28376 0.69233 0.60019 
857	9	0.74132 0.74621 0.29854 0.58541 0.71421 0.34539 
858	9	0.80138 0.74926 0.18904 0.67880 0.81019 0.24268 
859	9	0.47757 0.74927 0.28706 0.34872 0.71812 0.46160 
860	9	0.56100 0.72799 0.39726 0.36174 0.60850 0.53220 
861	9	0.48962 0.83049 0.24396 0.32369 0.76065 0.51943 
862	9	0.36817 0.85810 0.24393 0.26744 0.76190 0.54170 
863	9	0.71742 0.78282 0.26463 0.56370 0.74508 0.33751 
864	9	0.42712 0.90477 0.28458 0.29438 0.74721 0.56761 
865	9	0.81919 0.87282 0.13735 0.69543 0.87943 0.24962 
866	9	0.71762 0.84911 0.19727 0.55527 0.81505 0.37032 
867	9	0.68736 0.85670 0.09998 0.54945 0.90573 0.28726 
868	9	0.36442 0.82936 0.25588 0.29959 0.75657 0.50546 
869	9	0.48168 0.82811 0.36101 0.31055 0.65130 0.56005 
870	9	0.50144 0.86064 0.18233 0.40470 0.83311 0.40509 
871	9	0.52569 0.79367 0.35608 0.36613 0.65025 0.49506 
872	9	0.36924 0.87932 0.26351 0.28586 0.74691 0.54302 
873	9	0.42956 0.93242 0.18437 0.32813 0.83120 0.50716 
874	9	0.49236 0.89975 0.14016 0.38211 0.87386 0.42310 
875	9	0.57842 0.86220 0.15845 0.42363 0.84151 0.40114 
876	9	0.37716 0.86630 0.20706 0.34360 0.80815 0.45723 
877	9	0.61223 0.80463 0.27974 0.43505 0.72418 0.45019 
878	9	0.45105 0.77929 0.27794 0.33944 0.72467 0.47943 
879	9	0.54841 0.65428 0.53094 0.34975 0.47334 0.54801 
880	9	0.58504 0.70994 0.42509 0.40151 0.58480 0.48327 
881	9	0.61392 0.72778 0.41624 0.41978 0.59673 0.48980 
882	9	0.47539 0.84232 0.41029 0.28325 0.59411 0.60986 
883	9	0.35780 0.79963 0.41240 0.23463 0.59994 0.61366 
884	9	0.37494 0.92418 0.14819 0.35015 0.86824 0.45148 
885	9	0.68792 0.93848 0.08946 0.54635 0.90988 0.31926 
886	9	0.41555 0.90624 0.12414 0.38791 0.88467 0.39731 
887	9	0.48726 0.91798 0.13331 0.38189 0.87876 0.43178 
888	9	0.92028 0.90802 0.06712 0.85724 0.93694 0.13346 
889	9	0.44906 0.91530 0.11978 0.36205 0.89267 0.44066 
890	9	0.35342 0.91763 0.21482 0.28627 0.80304 0.53949 
891	9	0.69624 0.84551 0.23947 0.52109 0.78253 0.40873 
892	9	0.75798 0.89070 0.19354 0.62364 0.84777 0.28386 
893	9	0.48278 0.91992 0.17562 0.34816 0.84251 0.48981 
894	9	0.81733 0.89100 0.15271 0.68989 0.86058 0.27972 
895	9	0.33200 0.88677 0.23671 0.30839 0.78022 0.50950 
896	9	0.69372 0.90683 0.18851 0.51793 0.83312 0.39371 
897	9	0.82518 0.87285 0.13437 0.70656 0.88590 0.23972 
898	9	0.51608 0.80805 0.20618 0.39259 0.79725 0.42210 
899	9	0.58801 0.85248 0.29429 0.40941 0.72846 0.47286 
900	10	0.15950 0.89320 0.74861 0.04741 0.34128 0.92709 
901	10	0.04818 0.89529 0.76731 0.00927 0.27457 0.98653 
902	10	0.01174 0.89843 0.67081 0.01815 0.37814 0.95627 
903	10	0.03413 0.89173 0.70246 0.01544 0.33511 0.95920 
904	10	0.17570 0.88642 0.64397 0.05189 0.37185 0.91142 
905	10	0.00921 0.90052 0.66523 0.01793 0.37960 0.95531 
906	10	0.00518 0.88444 0.80591 0.00032 0.24879 0.99499 
907	10	0.00497 0.88941 0.74943 0.00118 0.30263 1.00000 
908	10	0.01105 0.87652 0.84129 0.00837 0.25468 0.98914 
909	10	0.03838 0.89736 0.69719 0.00570 0.36090 0.98073 
910	10	0.03456 0.90462 0.61470 0.02702 0.43043 0.93012 
911	10	0.00000 0.89485 0.77998 0.00000 0.32293 0.99852 
912	10	0.03010 0.91052 0.62893 0.01482 0.43348 0.95802 
913	10	0.04960 0.90426 0.59388 0.02819 0.47311 0.93158 
914	10	0.17415 0.91618 0.37600 0.08578 0.62884 0.81461 
915	10	0.12383 0.87933 0.67508 0.03597 0.39346 0.93242 
916	10	0.07035 0.90790 0.60110 0.03497 0.45625 0.92184 
917	10	0.08877 0.90586 0.61477 0.04134 0.40462 0.91676 
918	10	0.08671 0.90573 0.67899 0.04367 0.38059 0.91676 
919	10	0.11646 0.91874 0.60941 0.03670 0.40513 0.92649 
920	10	0.09312 0.89999 0.54326 0.04455 0.49981 0.89779 
921	10	0.08609 0.90185 0.61895 0.03521 0.45365 0.92760 
922	10	0.15402 0.91328 0.37885 0.09823 0.64098 0.79545 
923	10	0.09424 0.92987 0.49029 0.05346 0.52580 0.88057 
924	10	0.16463 0.93214 0.51290 0.07258 0.53925 0.85701 
925	10	0.13431 0.94307 0.37189 0.07707 0.63497 0.83568 
926	10	0.17531 0.90271 0.50093 0.09561 0.55394 0.80875 
927	10	0.25000 0.91484 0.42501 0.12609 0.63084 0.77220 
928	10	0.26134 0.92721 0.37504 0.12537 0.63375 0.77765 
929	10	0.15491 0.94434 0.39567 0.06768 0.61671 0.85345 
930	10	0.15171 0.93011 0.46489 0.06871 0.55180 0.86385 
931	10	0.08955 0.95766 0.36134 0.04496 0.64491 0.87818 
932	10	0.10411 0.92004 0.51595 0.04796 0.51257 0.89796 
933	10	0.18010 0.92613 0.46825 0.06877 0.55935 0.86012 
934	10	0.23108 0.94076 0.31263 0.10997 0.68626 0.77602 
935	10	0.18495 0.92672 0.40380 0.08229 0.61999 0.82731 
936	10	0.15512 0.92951 0.49247 0.06072 0.52097 0.86919 
937	10	0.19066 0.89974 0.37448 0.09359 0.62292 0.80433 
938	10	0.13234 0.91508 0.62396 0.05178 0.47783 0.89774 
939	10	0.13109 0.91422 0.57889 0.04309 0.47609 0.90562 
940	10	0.21297 0.92509 0.50633 0.09499 0.55135 0.82143 
941	10	0.28250 0.93650 0.50776 0.12695 0.55427 0.80908 
942	10	0.21978 0.92261 0.47055 0.11160 0.58047 0.78882 
943	10	0.16667 0.91585 0.64515 0.05834 0.45445 0.90303 
944	10	0.15622 0.91738 0.59479 0.06541 0.46787 0.88386 
945	10	0.13007 0.91970 0.50957 0.06609 0.53436 0.85502 
946	10	0.17028 0.93352 0.57945 0.09379 0.49407 0.84217 
947	10	0.06589 0.92698 0.51819 0.04314 0.51713 0.88630 
948	10	0.09085 0.90361 0.61158 0.05100 0.47560 0.88775 
949	10	0.27924 0.90437 0.33515 0.17479 0.73390 0.67238 
950	10	0.26735 0.92084 0.36196 0.19675 0.68349 0.68492 
951	10	0.24454 0.92920 0.33543 0.17262 0.68423 0.69423 
952	10	0.22846 0.92959 0.50698 0.09657 0.55229 0.83442 
953	10	0.18704 0.91429 0.45664 0.12049 0.58259 0.77481 
954	10	0.18465 0.88390 0.59723 0.07136 0.47762 0.87133 
955	10	0.10951 0.90026 0.73275 0.03458 0.38145 0.93800 
956	10	0.11021 0.87881 0.62547 0.05645 0.43878 0.87161 
957	10	0.08215 0.91194 0.60172 0.04011 0.44918 0.91541 
958	10	0.16449 0.90632 0.68847 0.07652 0.43249 0.88936 
959	10	0.18821 0.90935 0.62959 0.06087 0.40356 0.90009 
960	10	0.06909 0.88386 0.65600 0.03171 0.38267 0.92757 
961	10	0.06534 0.88113 0.64732 0.04112 0.39588 0.90393 
962	10	0.18820 0.82138 0.69450 0.07874 0.40046 0.86643 
963	10	0.17054 0.90694 0.48162 0.09632 0.55185 0.81151 
964	10	0.41137 0.89517 0.41729 0.21239 0.61685 0.71272 
965	10	0.14899 0.85868 0.67010 0.05798 0.44542 0.89882 
966	10	0.17170 0.89025 0.50347 0.09318 0.55501 0.82143 
967	10	0.31082 0.88284 0.51299 0.13693 0.54547 0.80308 
968	10	0.30224 0.93008 0.59020 0.13218 0.47394 0.81316 
969	10	0.31665 0.93073 0.38612 0.16185 0.64492 0.74165 
970	10	0.13101 0.88576 0.67440 0.05381 0.38773 0.90159 
971	10	0.15905 0.89725 0.68484 0.05258 0.41376 0.90692 
972	10	0.16494 0.89671 0.73868 0.04769 0.36779 0.93094 
973	10	0.14758 0.91429 0.61849 0.04719 0.42692 0.91310 
974	10	0.13654 0.91099 0.57114 0.05039 0.47483 0.89935 
975	10	0.04206 0.90438 0.79871 0.00835 0.32084 0.98909 
976	10	0.14881 0.89119 0.59710 0.04447 0.43542 0.91928 
977	10	0.08089 0.93150 0.51839 0.02822 0.49836 0.92747 
978	10	0.11928 0.92821 0.51875 0.03912 0.48791 0.91243 
979	10	0.05792 0.89178 0.60012 0.03589 0.44302 0.91135 
980	10	0.11621 0.87654 0.66313 0.03198 0.37633 0.94020 
981	10	0.15129 0.92007 0.59213 0.04185 0.42177 0.92331 
982	10	0.17460 0.91751 0.61385 0.05278 0.41818 0.90982 
983	10	0.09093 0.90501 0.48507 0.04434 0.53102 0.88386 
984	10	0.05484 0.93266 0.46042 0.02623 0.56229 0.91940 
985	10	0.24011 0.95485 0.38556 0.08822 0.62830 0.84584 
986	10	0.24902 0.94357 0.44492 0.10166 0.58270 0.82175 
987	10	0.21170 0.94600 0.41060 0.07939 0.62238 0.84481 
988	10	0.27731 0.95064 0.40229 0.11432 0.61795 0.81028 
989	10	0.12005 0.86696 0.57404 0.06209 0.46185 0.86804 
990	10	0.21173 0.95249 0.36587 0.08422 0.64190 0.82814 
991	10	0.33261 0.94533 0.43139 0.14265 0.57772 0.79685 
992	10	0.18615 0.94984 0.40957 0.10379 0.61685 0.79488 
993	10	0.22229 0.93363 0.51417 0.08582 0.54204 0.85136 
994	10	0.18472 0.93638 0.37143 0.10967 0.64222 0.80268 
995	10	0.24097 0.94456 0.48731 0.10310 0.56112 0.82697 
996	10	0.11791 0.93652 0.45083 0.05503 0.58282 0.87626 
997	10	0.17524 0.94368 0.30970 0.12842 0.69905 0.75623 
998	10	0.21700 0.94317 0.43266 0.09088 0.59619 0.83358 
999	10	0.17981 0.94269 0.32968 0.11004 0.67349 0.79718 
1000	11	0.55856 0.98749 0.01962 0.44098 0.97425 0.37200 
1001	11	0.83704 0.97238 0.09981 0.71888 0.91547 0.26843 
1002	11	0.83248 0.90868 0.06948 0.71760 0.92812 0.21475 
1003	11	0.91802 0.94963 0.02044 0.85569 0.97829 0.12166 
1004	11	0.42578 0.93646 0.10454 0.38206 0.89286 0.41051 
1005	11	0.42889 0.89093 0.13910 0.37100 0.85990 0.41611 
1006	11	0.51969 0.94373 0.09610 0.38106 0.90596 0.43194 
1007	11	0.60058 0.84004 0.12879 0.48200 0.86766 0.32929 
1008	11	0.69490 0.94037 0.06363 0.54445 0.93478 0.32096 
1009	11	0.53502 0.88450 0.17746 0.41283 0.82017 0.40342 
1010	11	0.33423 0.88543 0.21771 0.31687 0.78483 0.49257 
1011	11	0.80537 0.89375 0.10250 0.67618 0.89987 0.27719 
1012	11	0.67035 0.93498 0.06956 0.52152 0.92899 0.33268 
1013	11	0.55992 0.89584 0.13536 0.42971 0.86271 0.38659 
1014	11	0.89037 0.94767 0.03032 0.81364 0.97247 0.14216 
1015	11	0.45024 0.87690 0.16112 0.37154 0.83746 0.42582 
1016	11	0.70017 0.94230 0.11801 0.54238 0.89016 0.35604 
1017	11	0.77498 0.94153 0.07460 0.63671 0.92970 0.27927 
1018	11	0.67089 0.93883 0.09136 0.51415 0.91211 0.35369 
1019	11	0.78630 0.92859 0.05090 0.66439 0.94399 0.23321 
1020	11	0.65303 0.95012 0.06829 0.50876 0.93244 0.33935 
1021	11	0.75659 0.92284 0.05710 0.63015 0.94487 0.24740 
1022	11	0.78970 0.94116 0.07386 0.65887 0.93202 0.25507 
1023	11	0.40066 0.94254 0.12754 0.32332 0.88137 0.48543 
1024	11	0.47753 0.93901 0.09651 0.39856 0.91006 0.39539 
1025	11	0.86821 0.95809 0.08384 0.76876 0.92033 0.22440 
1026	11	0.85872 0.95416 0.08825 0.75355 0.92016 0.24162 
1027	11	0.80212 0.92007 0.05180 0.68531 0.94818 0.21809 
1028	11	0.93649 0.93485 0.03525 0.88535 0.96481 0.11206 
1029	11	0.81805 0.95705 0.07879 0.69601 0.93166 0.25443 
1030	11	0.87010 0.92016 0.07497 0.77283 0.92422 0.20999 
1031	11	0.74326 0.93051 0.06932 0.60218 0.93090 0.28578 
1032	11	0.90972 0.91471 0.04170 0.84053 0.95552 0.13171 
1033	11	0.89393 0.90361 0.07879 0.81153 0.92330 0.18318 
1034	11	0.82578 0.95207 0.06925 0.71173 0.93702 0.22754 
1035	11	0.48249 0.91916 0.11276 0.39828 0.88756 0.40081 
1036	11	0.92938 0.87240 0.05441 0.87357 0.94639 0.11990 
1037	11	0.66845 0.89684 0.05390 0.56156 0.94671 0.24260 
1038	11	0.74584 0.96696 0.16322 0.58311 0.85560 0.37826 
1039	11	0.50016 0.96415 0.16432 0.34177 0.84410 0.52734 
1040	11	0.64387 0.93499 0.10102 0.48227 0.89735 0.37994 
1041	11	0.44697 0.93755 0.18161 0.33896 0.82710 0.49048 
1042	11	0.71258 0.93066 0.08936 0.56772 0.91537 0.32175 
1043	11	0.60932 0.82469 0.26033 0.45896 0.74121 0.38963 
1044	11	0.77369 0.94406 0.09556 0.62775 0.90506 0.30474 
1045	11	0.70736 0.89351 0.13282 0.55720 0.86334 0.32327 
1046	11	0.88990 0.92911 0.04193 0.80984 0.95876 0.15438 
1047	11	0.51386 0.90082 0.08873 0.44279 0.91002 0.33884 
1048	11	0.44671 0.97469 0.14666 0.31857 0.86987 0.53031 
1049	11	0.53252 0.96414 0.10352 0.40245 0.90430 0.43565 
1050	11	0.66204 0.93263 0.05930 0.51268 0.93786 0.33913 
1051	11	0.86428 0.90634 0.07829 0.76460 0.92013 0.20463 
1052	11	0.63780 0.92849 0.14717 0.45393 0.85454 0.44746 
1053	11	0.50191 0.85700 0.20812 0.37962 0.79493 0.43297 
1054	11	0.43107 0.71387 0.19318 0.42421 0.80363 0.33129 
1055	11	0.66849 0.75533 0.13983 0.53644 0.85720 0.29337 
1056	11	0.84426 0.87850 0.08643 0.73273 0.91314 0.23384 
1057	11	0.81820 0.90432 0.05965 0.69294 0.93786 0.25541 
1058	11	0.90979 0.82314 0.03265 0.84232 0.96300 0.12415 
1059	11	0.43795 0.93379 0.11564 0.35135 0.88498 0.44692 
1060	11	0.38958 0.87405 0.16305 0.36699 0.83564 0.42057 
1061	11	0.89257 0.91967 0.03907 0.81275 0.95836 0.15497 
1062	11	0.63088 0.90412 0.11843 0.46487 0.88310 0.39759 
1063	11	0.85118 0.90383 0.05799 0.74329 0.93950 0.21885 
1064	11	0.68247 0.92253 0.09891 0.51662 0.90108 0.37538 
1065	11	0.82404 0.90617 0.08066 0.70030 0.91931 0.25789 
1066	11	0.82106 0.92892 0.06387 0.69861 0.93841 0.25564 
1067	11	0.75428 0.94944 0.12379 0.59788 0.88594 0.34212 
1068	11	0.49531 0.89871 0.15848 0.39468 0.84437 0.41344 
1069	11	0.82455 0.96313 0.06554 0.70599 0.93867 0.24489 
1070	11	0.77616 0.96352 0.07176 0.64130 0.93205 0.28068 
1071	11	0.90700 0.95573 0.04114 0.83749 0.96463 0.14032 
1072	11	0.53733 0.90705 0.12488 0.39863 0.87423 0.42725 
1073	11	0.76618 0.93820 0.07481 0.62749 0.92951 0.28270 
1074	11	0.78254 0.94752 0.06747 0.63746 0.93172 0.31443 
1075	11	0.78950 0.95967 0.04957 0.65530 0.95138 0.26322 
1076	11	0.84119 0.92841 0.05316 0.73150 0.94485 0.20947 
1077	11	0.80363 0.95233 0.08758 0.66774 0.91447 0.30544 
1078	11	0.84429 0.92229 0.06577 0.73345 0.93733 0.23005 
1079	11	0.77886 0.94361 0.09415 0.64753 0.91611 0.26954 
1080	11	0.70562 0.95517 0.09845 0.54971 0.91497 0.35639 
1081	11	0.52794 0.95517 0.16432 0.37662 0.86604 0.48795 
1082	11	0.48481 0.96796 0.14255 0.35349 0.86806 0.49302 
1083	11	0.68599 0.95564 0.14234 0.51976 0.86861 0.38703 
1084	11	0.39346 0.95447 0.12148 0.33719 0.88445 0.46836 
1085	11	0.77996 0.94554 0.13943 0.63077 0.86585 0.34917 
1086	11	0.37103 0.93919 0.16933 0.31596 0.84058 0.50137 
1087	11	0.83657 0.93173 0.01752 0.73542 0.98403 0.18117 
1088	11	0.45678 0.97406 0.12682 0.29223 0.88022 0.56813 
1089	11	0.36427 0.98092 0.07264 0.25146 0.92526 0.58031 
1090	11	0.38025 0.97149 0.16468 0.23057 0.84806 0.63614 
1091	11	0.28417 0.96822 0.14878 0.23326 0.85803 0.61720 
1092	11	0.36772 0.96587 0.06650 0.32741 0.93623 0.47886 
1093	11	0.36143 0.96359 0.08230 0.30916 0.91914 0.49981 
1094	11	0.33955 0.96789 0.09416 0.28269 0.91356 0.53814 
1095	11	0.35878 0.96673 0.13083 0.26212 0.88175 0.57859 
1096	11	0.44086 0.94575 0.03800 0.37552 0.96132 0.39969 
1097	11	0.45306 0.92727 0.05286 0.39451 0.94714 0.38364 
1098	11	0.34415 0.94578 0.07820 0.31788 0.92423 0.47201 
1099	11	0.48099 0.94410 0.11370 0.33806 0.88741 0.49870 
1100	12	0.79354 0.93170 0.01604 0.66899 0.97917 0.23434 
1101	12	0.69498 0.88227 0.08863 0.53825 0.91747 0.34064 
1102	12	0.54270 0.91767 0.15762 0.35811 0.85061 0.50027 
1103	12	0.60964 0.94901 0.09622 0.42436 0.90149 0.45057 
1104	12	0.81014 0.92194 0.04802 0.68506 0.95017 0.24104 
1105	12	0.77244 0.92321 0.05861 0.62906 0.93617 0.29379 
1106	12	0.90369 0.93927 0.02212 0.83075 0.97348 0.14333 
1107	12	0.69923 0.91938 0.10874 0.52679 0.89605 0.39396 
1108	12	0.52802 0.94161 0.06169 0.36476 0.93573 0.44594 
1109	12	0.73956 0.91903 0.04771 0.58879 0.94650 0.30661 
1110	12	0.81071 0.90410 0.07626 0.68110 0.92721 0.27221 
1111	12	0.73307 0.87444 0.11330 0.57147 0.88964 0.35122 
1112	12	0.82345 0.90453 0.04678 0.70523 0.95038 0.22727 
1113	12	0.52682 0.89416 0.08173 0.39176 0.91604 0.41982 
1114	12	0.72394 0.89592 0.04883 0.59338 0.95429 0.25743 
1115	12	0.58416 0.92486 0.04988 0.47002 0.94855 0.33075 
1116	12	0.59985 0.89715 0.12609 0.44923 0.88602 0.39530 
1117	12	0.41957 0.91673 0.15490 0.30238 0.85095 0.51551 
1118	12	0.67283 0.86349 0.05762 0.54202 0.93731 0.28513 
1119	12	0.82592 0.92618 0.04528 0.70773 0.95301 0.23379 
1120	12	0.61457 0.92871 0.10161 0.42664 0.89534 0.44762 
1121	12	0.55864 0.93129 0.10020 0.38267 0.89781 0.45540 
1122	12	0.80654 0.92116 0.07181 0.67708 0.92809 0.25953 
1123	12	0.63088 0.92392 0.08739 0.45668 0.91517 0.40296 
1124	12	0.55665 0.91189 0.16558 0.36469 0.83274 0.50298 
1125	12	0.80508 0.89999 0.04704 0.68286 0.94760 0.24043 
1126	12	0.86629 0.92268 0.02777 0.77248 0.96842 0.17805 
1127	12	0.68107 0.95624 0.04940 0.50831 0.94506 0.38386 
1128	12	0.92003 0.91211 0.00088 0.85987 0.99589 0.10520 
1129	12	0.68600 0.91825 0.10964 0.51101 0.88938 0.39633 
1130	12	0.64506 0.91158 0.09612 0.47476 0.89967 0.39054 
1131	12	0.81001 0.91083 0.02461 0.69256 0.97366 0.21553 
1132	12	0.88144 0.94315 0.00229 0.79716 0.99666 0.14965 
1133	12	0.31623 0.97682 0.05046 0.27316 0.94334 0.53966 
1134	12	0.21112 0.95388 0.09942 0.17225 0.89426 0.63673 
1135	12	0.31677 0.89938 0.12546 0.27578 0.87137 0.50648 
1136	12	0.51776 0.92755 0.13417 0.32644 0.86337 0.52979 
1137	12	0.48848 0.87430 0.19685 0.30030 0.80258 0.55240 
1138	12	0.44005 0.98246 0.05749 0.25863 0.93630 0.59900 
1139	12	0.27931 0.94328 0.12984 0.22807 0.86905 0.59001 
1140	12	0.31752 0.93054 0.16311 0.21371 0.83088 0.61988 
1141	12	0.31316 0.93456 0.13394 0.25537 0.86606 0.56738 
1142	12	0.59212 0.90124 0.08746 0.42808 0.91070 0.41546 
1143	12	0.27892 0.94311 0.13897 0.21290 0.85906 0.60593 
1144	12	0.29266 0.91850 0.17235 0.23931 0.82661 0.56808 
1145	12	0.28793 0.92035 0.24341 0.17190 0.76101 0.66553 
1146	12	0.40509 0.92683 0.19246 0.22873 0.81378 0.62635 
1147	12	0.60330 0.92839 0.13848 0.41314 0.86448 0.47323 
1148	12	0.35826 0.93682 0.15558 0.28637 0.85978 0.53867 
1149	12	0.61627 0.94715 0.03677 0.45318 0.95815 0.38840 
1150	12	0.75698 0.94144 0.08847 0.60037 0.91428 0.34752 
1151	12	0.58203 0.93044 0.14505 0.40491 0.85196 0.45431 
1152	12	0.62672 0.92445 0.15782 0.43340 0.86166 0.47607 
1153	12	0.70041 0.93563 0.14983 0.52492 0.86335 0.39976 
1154	12	0.29110 0.92292 0.10966 0.25525 0.88746 0.52614 
1155	12	0.30306 0.93139 0.18729 0.16912 0.81107 0.67571 
1156	12	0.36189 0.95881 0.13292 0.17694 0.86384 0.69582 
1157	12	0.40406 0.93359 0.07020 0.32006 0.92358 0.48299 
1158	12	0.29265 0.92650 0.19203 0.16611 0.80944 0.68687 
1159	12	0.36638 0.97612 0.10080 0.17924 0.89288 0.70157 
1160	12	0.33141 0.91056 0.19862 0.21321 0.79619 0.63355 
1161	12	0.41949 0.97398 0.05979 0.23758 0.93399 0.61461 
1162	12	0.39680 0.97255 0.09991 0.20496 0.89377 0.67478 
1163	12	0.59873 0.94137 0.04209 0.45653 0.95301 0.37361 
1164	12	0.55697 0.95381 0.03945 0.41882 0.95438 0.40252 
1165	12	0.68109 0.94300 0.07297 0.51938 0.92249 0.36343 
1166	12	0.55796 0.93711 0.10963 0.37997 0.88493 0.47911 
1167	12	0.58214 0.92857 0.11541 0.38938 0.88292 0.48365 
1168	12	0.45837 0.94413 0.01911 0.34235 0.97481 0.42831 
1169	12	0.70503 0.94214 0.03515 0.53987 0.95990 0.34590 
1170	12	0.32773 0.94667 0.07467 0.21813 0.92161 0.56404 
1171	12	0.37818 0.92838 0.17477 0.21847 0.83913 0.64103 
1172	12	0.31077 0.95089 0.06499 0.24932 0.93113 0.51887 
1173	12	0.70240 0.93009 0.01468 0.55959 0.99071 0.28816 
1174	12	0.79298 0.93945 0.04597 0.65489 0.95982 0.28249 
1175	12	0.60110 0.91687 0.08531 0.43364 0.90841 0.42622 
1176	12	0.64011 0.88474 0.11228 0.47644 0.88249 0.39603 
1177	12	0.45358 0.95099 0.14476 0.26298 0.84881 0.60830 
1178	12	0.70081 0.90162 0.11768 0.53541 0.87723 0.36911 
1179	12	0.44578 0.82772 0.18805 0.32191 0.80823 0.48015 
1180	12	0.28516 0.85046 0.26056 0.19444 0.73866 0.61876 
1181	12	0.73005 0.78219 0.13830 0.57541 0.85549 0.32249 
1182	12	0.43088 0.82219 0.16745 0.32655 0.83153 0.46406 
1183	12	0.24375 0.93357 0.15960 0.18762 0.83396 0.62736 
1184	12	0.35536 0.87409 0.10063 0.31609 0.89591 0.44601 
1185	12	0.47368 0.90412 0.13127 0.34970 0.86244 0.46773 
1186	12	0.74459 0.87917 0.07569 0.60674 0.91805 0.27696 
1187	12	0.39978 0.90728 0.16256 0.26369 0.83097 0.57334 
1188	12	0.31653 0.89602 0.16271 0.25946 0.83083 0.56705 
1189	12	0.38180 0.95270 0.12271 0.24123 0.87092 0.58072 
1190	12	0.26673 0.87905 0.23262 0.21095 0.77349 0.60274 
1191	12	0.59180 0.84695 0.09382 0.45933 0.90007 0.34969 
1192	12	0.57785 0.89158 0.06580 0.44337 0.92978 0.34844 
1193	12	0.31248 0.88617 0.19226 0.26807 0.81063 0.53843 
1194	12	0.38556 0.94540 0.13702 0.24937 0.85658 0.59478 
1195	12	0.69427 0.86207 0.07636 0.52896 0.91764 0.34332 
1196	12	0.29532 0.93378 0.09060 0.24804 0.90311 0.53924 
1197	12	0.83123 0.80969 0.09133 0.71932 0.90440 0.21782 
1198	12	0.51247 0.93464 0.08342 0.37971 0.91030 0.43372 
1199	12	0.67005 0.85507 0.18796 0.48994 0.81866 0.42059 
1200	13	0.15700 0.92465 0.44761 0.07863 0.59481 0.84383 
1201	13	0.15515 0.93943 0.32262 0.09995 0.69438 0.78587 
1202	13	0.14667 0.92822 0.36914 0.11569 0.66492 0.77283 
1203	13	0.15278 0.93493 0.40083 0.09177 0.63548 0.81242 
1204	13	0.14018 0.92814 0.46663 0.06887 0.59003 0.85577 
1205	13	0.32863 0.92031 0.33280 0.19895 0.71786 0.67828 
1206	13	0.39126 0.89974 0.39007 0.20273 0.65964 0.71238 
1207	13	0.13166 0.92336 0.51763 0.07140 0.56162 0.87131 
1208	13	0.19173 0.91887 0.47509 0.09786 0.59703 0.83029 
1209	13	0.22025 0.93630 0.40904 0.09853 0.62873 0.82177 
1210	13	0.26675 0.91885 0.42222 0.14368 0.62895 0.76810 
1211	13	0.35628 0.92826 0.31295 0.19397 0.73291 0.70230 
1212	13	0.19825 0.94032 0.31270 0.11575 0.69756 0.77703 
1213	13	0.28323 0.92475 0.31347 0.16101 0.71251 0.72646 
1214	13	0.32395 0.85274 0.37106 0.22214 0.65604 0.59540 
1215	13	0.23866 0.93257 0.39253 0.12158 0.65289 0.79345 
1216	13	0.23116 0.94310 0.31349 0.14121 0.71759 0.74590 
1217	13	0.40687 0.90759 0.22858 0.26202 0.77334 0.58026 
1218	13	0.22090 0.92688 0.42806 0.11790 0.65129 0.79677 
1219	13	0.15454 0.93929 0.37995 0.09803 0.66054 0.80851 
1220	13	0.22213 0.93518 0.30776 0.14766 0.73065 0.72865 
1221	13	0.32886 0.92476 0.30277 0.19437 0.73641 0.67866 
1222	13	0.26774 0.93758 0.26508 0.16521 0.75808 0.70511 
1223	13	0.33578 0.91455 0.32377 0.19147 0.72653 0.68268 
1224	13	0.26385 0.92558 0.28881 0.18571 0.75052 0.67001 
1225	13	0.19093 0.92361 0.27285 0.16743 0.74368 0.67723 
1226	13	0.18739 0.94018 0.32987 0.12011 0.71218 0.76566 
1227	13	0.19040 0.91915 0.29662 0.15355 0.74523 0.69603 
1228	13	0.18458 0.94604 0.28972 0.12218 0.71649 0.75898 
1229	13	0.24200 0.92980 0.30425 0.15876 0.73265 0.71192 
1230	13	0.20861 0.93650 0.30875 0.14914 0.71666 0.71995 
1231	13	0.18626 0.93342 0.30477 0.14594 0.74288 0.72175 
1232	13	0.18346 0.92380 0.28504 0.15821 0.73863 0.68608 
1233	13	0.17537 0.94004 0.30974 0.12846 0.70435 0.74770 
1234	13	0.16251 0.90984 0.41224 0.12419 0.63379 0.76856 
1235	13	0.16183 0.91625 0.48299 0.11187 0.59328 0.79211 
1236	13	0.19139 0.88540 0.34258 0.18484 0.70540 0.64417 
1237	13	0.17258 0.90910 0.35418 0.14069 0.69058 0.72168 
1238	13	0.23882 0.79671 0.40658 0.14464 0.58846 0.68784 
1239	13	0.17036 0.91862 0.43248 0.11335 0.61882 0.78812 
1240	13	0.20669 0.91242 0.36801 0.15596 0.68191 0.71068 
1241	13	0.15848 0.90819 0.48808 0.11613 0.60340 0.78874 
1242	13	0.22844 0.91904 0.33499 0.14851 0.68319 0.72967 
1243	13	0.17017 0.90787 0.43726 0.14229 0.63309 0.73645 
1244	13	0.20130 0.91406 0.46516 0.11741 0.59297 0.79810 
1245	13	0.14247 0.92043 0.34430 0.12373 0.67946 0.75579 
1246	13	0.15340 0.91327 0.42724 0.10938 0.62631 0.78861 
1247	13	0.18197 0.92009 0.38340 0.12774 0.65875 0.76023 
1248	13	0.15264 0.91206 0.35951 0.12419 0.66666 0.75275 
1249	13	0.18518 0.91072 0.31446 0.16394 0.71550 0.68174 
1250	13	0.15772 0.90566 0.35142 0.13769 0.68714 0.72023 
1251	13	0.15267 0.89287 0.41704 0.12851 0.63262 0.75626 
1252	13	0.23404 0.91514 0.37783 0.12826 0.67461 0.76424 
1253	13	0.19140 0.84073 0.36233 0.19078 0.64918 0.62698 
1254	13	0.14126 0.89811 0.52031 0.09993 0.57285 0.81318 
1255	13	0.18591 0.91858 0.38655 0.13300 0.65885 0.75026 
1256	13	0.28625 0.91431 0.37042 0.15759 0.68729 0.72869 
1257	13	0.19290 0.81151 0.49383 0.17530 0.53213 0.65640 
1258	13	0.22248 0.91007 0.37326 0.14662 0.67490 0.73142 
1259	13	0.16961 0.83684 0.42272 0.17059 0.57704 0.66207 
1260	13	0.15907 0.89746 0.43149 0.13263 0.62920 0.75036 
1261	13	0.22838 0.81030 0.37790 0.19232 0.63088 0.61801 
1262	13	0.17648 0.90771 0.37918 0.14279 0.66348 0.72546 
1263	13	0.16372 0.91171 0.31932 0.14985 0.70968 0.70947 
1264	13	0.22277 0.86473 0.47367 0.16790 0.59983 0.68484 
1265	13	0.15562 0.91202 0.41052 0.11445 0.65525 0.77423 
1266	13	0.29209 0.84825 0.33944 0.21486 0.67406 0.60022 
1267	13	0.27884 0.88664 0.38184 0.17891 0.65214 0.69149 
1268	13	0.20696 0.89574 0.40761 0.14755 0.65927 0.72518 
1269	13	0.26232 0.89725 0.33960 0.16065 0.67838 0.70613 
1270	13	0.13834 0.93131 0.37054 0.10084 0.65854 0.79235 
1271	13	0.14584 0.91048 0.39749 0.11944 0.65010 0.76832 
1272	13	0.20446 0.91269 0.38661 0.11173 0.65605 0.77679 
1273	13	0.22231 0.91556 0.41996 0.11332 0.64909 0.79104 
1274	13	0.18115 0.90193 0.46116 0.11877 0.60506 0.78220 
1275	13	0.18737 0.89788 0.41605 0.13098 0.63055 0.75234 
1276	13	0.15265 0.90801 0.39148 0.11573 0.64563 0.77504 
1277	13	0.23619 0.88900 0.43959 0.13967 0.62621 0.74917 
1278	13	0.24093 0.89554 0.49301 0.12723 0.59072 0.78337 
1279	13	0.22731 0.89302 0.46483 0.13569 0.59790 0.75752 
1280	13	0.12919 0.88910 0.46601 0.10402 0.58291 0.79424 
1281	13	0.12558 0.91529 0.50573 0.08584 0.56508 0.83542 
1282	13	0.15357 0.90473 0.41725 0.12463 0.63864 0.76143 
1283	13	0.16925 0.89932 0.53688 0.08584 0.51908 0.84203 
1284	13	0.21146 0.90034 0.51829 0.10307 0.54349 0.81943 
1285	13	0.20965 0.90924 0.45064 0.11807 0.58322 0.78430 
1286	13	0.24724 0.89882 0.42449 0.13997 0.59361 0.75313 
1287	13	0.16242 0.89684 0.42509 0.12101 0.60021 0.77014 
1288	13	0.12264 0.89767 0.51387 0.09394 0.54996 0.81915 
1289	13	0.16180 0.89867 0.44787 0.11653 0.58437 0.77830 
1290	13	0.13246 0.89018 0.45776 0.10361 0.58486 0.79866 
1291	13	0.34281 0.86403 0.48060 0.18278 0.55543 0.72284 
1292	13	0.34117 0.88248 0.47311 0.17901 0.57237 0.73094 
1293	13	0.31731 0.86835 0.46551 0.16919 0.58038 0.73263 
1294	13	0.34542 0.89540 0.46228 0.17602 0.58200 0.74496 
1295	13	0.28278 0.89659 0.44909 0.13148 0.59985 0.78619 
1296	13	0.15541 0.92043 0.33773 0.12133 0.68453 0.75517 
1297	13	0.13164 0.90031 0.38340 0.12216 0.64721 0.75113 
1298	13	0.20916 0.90206 0.46274 0.12361 0.61258 0.77506 
1299	13	0.24133 0.89061 0.38974 0.15058 0.64758 0.72628 
1300	14	0.33206 0.91043 0.53359 0.15946 0.60019 0.74761 
1301	14	0.39712 0.87937 0.36470 0.20878 0.68853 0.66307 
1302	14	0.43886 0.89851 0.42872 0.26250 0.69450 0.60830 
1303	14	0.35206 0.92493 0.43693 0.17761 0.65423 0.72426 
1304	14	0.30372 0.92171 0.43116 0.14299 0.64460 0.75163 
1305	14	0.35211 0.88603 0.37139 0.21953 0.72819 0.60517 
1306	14	0.28880 0.88742 0.40662 0.18212 0.67448 0.66565 
1307	14	0.35312 0.88095 0.47472 0.18233 0.62937 0.70252 
1308	14	0.25597 0.98463 0.13452 0.11545 0.86521 0.75600 
1309	14	0.37757 0.89804 0.27537 0.24231 0.78109 0.57428 
1310	14	0.12711 0.98158 0.15880 0.06795 0.83966 0.79980 
1311	14	0.37288 0.87422 0.38514 0.19567 0.70966 0.67231 
1312	14	0.33147 0.91076 0.38953 0.16233 0.69963 0.73280 
1313	14	0.32284 0.90281 0.42675 0.17375 0.64641 0.71068 
1314	14	0.29614 0.88191 0.39498 0.15608 0.69584 0.69932 
1315	14	0.26878 0.88809 0.44467 0.12437 0.66017 0.76818 
1316	14	0.50852 0.89087 0.30976 0.31893 0.77207 0.55565 
1317	14	0.17374 0.90973 0.45160 0.08813 0.63830 0.80094 
1318	14	0.39401 0.89383 0.33326 0.22783 0.73601 0.62948 
1319	14	0.23280 0.96018 0.12796 0.15624 0.86592 0.66801 
1320	14	0.25593 0.98369 0.08797 0.15670 0.90646 0.66854 
1321	14	0.25388 0.82291 0.60576 0.14733 0.52540 0.73707 
1322	14	0.29940 0.80593 0.34718 0.18119 0.73304 0.63550 
1323	14	0.26510 0.82031 0.59614 0.13390 0.50402 0.74391 
1324	14	0.27540 0.96312 0.10492 0.14615 0.88918 0.66980 
1325	14	0.31411 0.88415 0.43051 0.15653 0.64438 0.72069 
1326	14	0.32563 0.87596 0.45687 0.19614 0.62626 0.64538 
1327	14	0.20547 0.85777 0.57328 0.10075 0.57396 0.79376 
1328	14	0.15699 0.96041 0.19574 0.09389 0.80244 0.77404 
1329	14	0.19373 0.85385 0.57646 0.10124 0.58079 0.77697 
1330	14	0.23820 0.86838 0.69356 0.12296 0.47332 0.77426 
1331	14	0.28658 0.87626 0.45710 0.15375 0.66893 0.71157 
1332	14	0.28837 0.87931 0.43838 0.14317 0.64620 0.72876 
1333	14	0.28208 0.84382 0.62337 0.12848 0.53318 0.78288 
1334	14	0.35884 0.88127 0.44450 0.17797 0.67551 0.71530 
1335	14	0.26423 0.90567 0.36194 0.17311 0.70894 0.67294 
1336	14	0.44551 0.80857 0.46729 0.25747 0.64194 0.62254 
1337	14	0.24490 0.85446 0.67672 0.13886 0.49246 0.75730 
1338	14	0.18582 0.86250 0.46614 0.09611 0.62978 0.76704 
1339	14	0.34595 0.82254 0.49033 0.18109 0.65198 0.69029 
1340	14	0.34538 0.82930 0.43141 0.20642 0.68306 0.63630 
1341	14	0.21085 0.88729 0.51612 0.14645 0.59057 0.72598 
1342	14	0.19827 0.83554 0.54700 0.13403 0.58022 0.74267 
1343	14	0.13772 0.95228 0.16321 0.11136 0.83230 0.70916 
1344	14	0.20199 0.80215 0.54533 0.14845 0.56884 0.71314 
1345	14	0.18946 0.87976 0.48197 0.14334 0.64212 0.71944 
1346	14	0.30373 0.85152 0.49400 0.15412 0.65753 0.72424 
1347	14	0.30142 0.74260 0.50945 0.19312 0.63522 0.65161 
1348	14	0.21749 0.79032 0.65484 0.11343 0.48845 0.78515 
1349	14	0.37091 0.86355 0.47167 0.21162 0.65671 0.64321 
1350	14	0.25535 0.81475 0.52215 0.12670 0.60761 0.74889 
1351	14	0.14200 0.98430 0.14113 0.11858 0.85249 0.71575 
1352	14	0.26509 0.86856 0.38733 0.19018 0.69582 0.63873 
1353	14	0.31607 0.88496 0.40086 0.16267 0.65165 0.71265 
1354	14	0.14442 0.77156 0.68091 0.08518 0.43661 0.80956 
1355	14	0.19174 0.84380 0.34807 0.16906 0.73121 0.63450 
1356	14	0.27929 0.84283 0.60028 0.12708 0.52591 0.77668 
1357	14	0.14413 0.84726 0.70712 0.09556 0.45311 0.81202 
1358	14	0.37537 0.79279 0.68951 0.18392 0.47045 0.73815 
1359	14	0.16910 0.97430 0.15802 0.08565 0.83552 0.78471 
1360	14	0.37088 0.81264 0.36988 0.22420 0.67337 0.62033 
1361	14	0.18607 0.88284 0.51427 0.11783 0.58628 0.75727 
1362	14	0.33042 0.83001 0.60987 0.17707 0.55726 0.71627 
1363	14	0.26973 0.96875 0.13303 0.15454 0.86059 0.67284 
1364	14	0.32829 0.88404 0.46339 0.15834 0.65114 0.74832 
1365	14	0.29531 0.88260 0.45819 0.14536 0.64655 0.73442 
1366	14	0.28761 0.91138 0.37872 0.19874 0.68647 0.65171 
1367	14	0.61247 0.87149 0.31922 0.42251 0.69601 0.49320 
1368	14	0.60173 0.86266 0.33785 0.41402 0.68703 0.49810 
1369	14	0.28718 0.75074 0.54529 0.16855 0.45988 0.71087 
1370	14	0.32015 0.80079 0.51559 0.15508 0.48900 0.75015 
1371	14	0.60156 0.85541 0.30383 0.39922 0.69670 0.53261 
1372	14	0.59171 0.67936 0.38897 0.39812 0.68879 0.50870 
1373	14	0.53210 0.75088 0.44927 0.34043 0.60781 0.54038 
1374	14	0.52738 0.84166 0.33644 0.32934 0.67817 0.57367 
1375	14	0.31115 0.83682 0.43750 0.19052 0.56774 0.69282 
1376	14	0.30765 0.80311 0.48533 0.16948 0.57323 0.71105 
1377	14	0.37625 0.84091 0.45727 0.20717 0.56700 0.70355 
1378	14	0.23631 0.84140 0.42177 0.14552 0.58081 0.73489 
1379	14	0.43616 0.75608 0.46257 0.25993 0.55310 0.64090 
1380	14	0.27347 0.77262 0.37025 0.22347 0.63483 0.61668 
1381	14	0.36291 0.70857 0.46706 0.22496 0.58243 0.65076 
1382	14	0.46908 0.66527 0.57841 0.26918 0.54187 0.64249 
1383	14	0.52271 0.61752 0.51727 0.32757 0.52109 0.57476 
1384	14	0.22763 0.68126 0.72082 0.16424 0.38600 0.74590 
1385	14	0.51301 0.69709 0.41325 0.32606 0.64191 0.56039 
1386	14	0.40782 0.71002 0.46065 0.25978 0.59751 0.62165 
1387	14	0.26785 0.74931 0.52529 0.16539 0.56925 0.71424 
1388	14	0.20283 0.78388 0.40402 0.16317 0.60153 0.69475 
1389	14	0.35220 0.73658 0.46979 0.20321 0.55125 0.67877 
1390	14	0.38036 0.65823 0.59973 0.21137 0.48363 0.68742 
1391	14	0.57738 0.00000 0.74021 0.38679 0.27190 0.49557 
1392	14	0.51331 0.73205 0.42952 0.31420 0.63684 0.58556 
1393	14	0.52762 0.63645 0.48645 0.34559 0.60892 0.54418 
1394	14	0.25263 0.82565 0.37997 0.18427 0.61917 0.68561 
1395	14	0.49093 0.64435 0.64241 0.28391 0.47492 0.64188 
1396	14	0.48162 0.81729 0.40234 0.29202 0.63396 0.60311 
1397	14	0.49445 0.71018 0.37889 0.31746 0.64131 0.54767 
1398	14	0.34312 0.79043 0.52629 0.17360 0.49346 0.73812 
1399	14	0.45661 0.68590 0.41654 0.29165 0.60249 0.56222 
