1400	14	6
0	1	0.41395 0.93048 0.03191 0.37000 0.96290 0.36987 
1	1	0.35219 0.73231 0.32688 0.27916 0.80062 0.51976 
2	1	0.36646 0.75226 0.33645 0.25325 0.78158 0.55388 
3	1	0.49362 0.75102 0.20778 0.38831 0.87703 0.39802 
4	1	0.39590 0.72744 0.29170 0.27601 0.80565 0.49231 
5	1	0.37533 0.77073 0.33257 0.24440 0.80148 0.56002 
6	1	0.34318 0.80776 0.26407 0.27470 0.85053 0.51390 
7	1	0.45375 0.74936 0.25461 0.33783 0.85361 0.45271 
8	1	0.33375 0.83180 0.21845 0.24080 0.85483 0.53984 
9	1	0.36944 0.77881 0.21281 0.33184 0.87108 0.42194 
10	1	0.45599 0.81438 0.14292 0.37410 0.91255 0.36835 
11	1	0.27329 0.93793 0.12550 0.21086 0.87140 0.60070 
12	1	0.29866 0.93140 0.08947 0.25099 0.90568 0.53287 
13	1	0.23201 0.95209 0.08413 0.19148 0.91536 0.59965 
14	1	0.31980 0.92104 0.11486 0.22975 0.88055 0.53900 
15	1	0.31651 0.91863 0.05576 0.30426 0.93914 0.42544 
16	1	0.25573 0.93158 0.08778 0.20534 0.90723 0.54714 
17	1	0.31143 0.91886 0.09117 0.22363 0.90389 0.53118 
18	1	0.42970 0.77537 0.26116 0.29627 0.85219 0.48079 
19	1	0.52777 0.82285 0.10731 0.41025 0.93180 0.34803 
20	1	0.39908 0.76053 0.16716 0.37410 0.90573 0.36116 
21	1	0.37717 0.75995 0.19447 0.35948 0.89468 0.39295 
22	1	0.32947 0.71834 0.33711 0.27541 0.81412 0.48805 
23	1	0.34661 0.74528 0.32964 0.24776 0.79549 0.54469 
24	1	0.44093 0.76415 0.27720 0.29020 0.84110 0.50093 
25	1	0.40354 0.80249 0.24809 0.26791 0.83774 0.52381 
26	1	0.35319 0.74821 0.21345 0.33440 0.85782 0.41522 
27	1	0.32986 0.72397 0.33628 0.28391 0.81876 0.48490 
28	1	0.35472 0.93505 0.06611 0.23979 0.92881 0.50476 
29	1	0.44654 0.75219 0.23124 0.33609 0.86492 0.42725 
30	1	0.39319 0.81913 0.28057 0.25661 0.81775 0.53826 
31	1	0.45659 0.80663 0.08590 0.44107 0.95519 0.28206 
32	1	0.54453 0.79051 0.11005 0.43081 0.93207 0.33373 
33	1	0.41899 0.81585 0.10992 0.41390 0.94070 0.31946 
34	1	0.40472 0.79064 0.22971 0.29458 0.84213 0.49472 
35	1	0.42956 0.77736 0.16954 0.37892 0.91029 0.38170 
36	1	0.50276 0.76825 0.16051 0.40428 0.91183 0.35108 
37	1	0.41869 0.69731 0.39121 0.25795 0.61497 0.59310 
38	1	0.38087 0.79003 0.29616 0.23697 0.70677 0.59678 
39	1	0.26560 0.67922 0.46992 0.19036 0.53177 0.62804 
40	1	0.83300 0.53108 0.21869 0.71790 0.78124 0.22088 
41	1	0.46837 0.74173 0.32007 0.29825 0.68106 0.54096 
42	1	0.32577 0.86808 0.28456 0.18079 0.71847 0.66381 
43	1	0.52243 0.77205 0.32643 0.33144 0.68080 0.54645 
44	1	0.78534 0.74084 0.16585 0.64354 0.83342 0.28719 
45	1	0.41916 0.75802 0.27653 0.29497 0.73751 0.53388 
46	1	0.48477 0.69888 0.37848 0.29896 0.63074 0.56515 
47	1	0.48241 0.69580 0.37542 0.29243 0.62822 0.57007 
48	1	0.47975 0.75162 0.26462 0.34053 0.73983 0.49078 
49	1	0.46524 0.73838 0.41605 0.26809 0.59807 0.62247 
50	1	0.42548 0.62109 0.48339 0.25465 0.52308 0.60534 
51	1	0.31489 0.65949 0.42980 0.24672 0.57562 0.59694 
52	1	0.34589 0.71424 0.38251 0.24280 0.61964 0.59643 
53	1	0.38613 0.80753 0.31382 0.23682 0.69441 0.60225 
54	1	0.59742 0.59295 0.31537 0.43639 0.68288 0.40901 
55	1	0.44155 0.68270 0.21610 0.39083 0.78370 0.38588 
56	1	0.49421 0.68620 0.28643 0.33640 0.71837 0.48847 
57	1	0.79655 0.00000 0.44394 0.65808 0.55466 0.27018 
58	1	0.47834 0.76162 0.35138 0.28252 0.65502 0.59414 
59	1	0.29850 0.63862 0.64659 0.17393 0.35690 0.68538 
60	1	0.75950 0.27455 0.45157 0.59937 0.55557 0.35223 
61	1	0.59304 0.48408 0.40958 0.43329 0.59095 0.41472 
62	1	0.32109 0.44469 0.60650 0.23487 0.39714 0.56593 
63	1	0.27862 0.64641 0.44474 0.22563 0.55295 0.58332 
64	1	0.58151 0.68665 0.27521 0.40329 0.73223 0.45349 
65	1	0.45296 0.58071 0.53536 0.27011 0.46723 0.60945 
66	1	0.53109 0.41692 0.57538 0.33162 0.43089 0.54113 
67	1	0.49528 0.53757 0.53250 0.30043 0.47127 0.56887 
68	1	0.41851 0.38381 0.47325 0.31336 0.52796 0.47677 
69	1	0.54228 0.65139 0.42061 0.34073 0.58495 0.55285 
70	1	0.34196 0.62461 0.54227 0.19385 0.46337 0.65591 
71	1	0.42236 0.67523 0.41696 0.26226 0.58396 0.58717 
72	1	0.30195 0.71794 0.52233 0.15938 0.48684 0.71024 
73	1	0.35769 0.62094 0.53193 0.20240 0.46897 0.65202 
74	1	0.37348 0.66427 0.51832 0.20971 0.48422 0.66110 
75	1	0.67269 0.44010 0.46017 0.48879 0.54014 0.42514 
76	1	0.47295 0.56022 0.53757 0.27901 0.46433 0.59833 
77	1	0.46079 0.58733 0.51675 0.26971 0.48518 0.59606 
78	1	0.28490 0.68339 0.48893 0.18560 0.51576 0.67379 
79	1	0.40823 0.77926 0.27051 0.26573 0.72942 0.55790 
80	1	0.52279 0.63742 0.46696 0.31888 0.53378 0.57274 
81	1	0.33385 0.70876 0.45022 0.19109 0.55083 0.65908 
82	1	0.39280 0.67193 0.50923 0.22316 0.49934 0.66188 
83	1	0.62175 0.51029 0.42088 0.43511 0.57900 0.44996 
84	1	0.62654 0.45344 0.47902 0.42991 0.52120 0.47027 
85	1	0.52421 0.30360 0.63654 0.32940 0.37257 0.52682 
86	1	0.49970 0.70022 0.31382 0.31991 0.68994 0.52389 
87	1	0.16448 0.77323 0.62358 0.09355 0.38580 0.79279 
88	1	0.18442 0.77371 0.48995 0.11542 0.51524 0.75118 
89	1	0.31120 0.71401 0.44891 0.17953 0.55134 0.66211 
90	1	0.77639 0.36951 0.34825 0.62840 0.65240 0.30597 
91	1	0.35830 0.74894 0.38271 0.20225 0.62573 0.64149 
92	1	0.43367 0.76561 0.31466 0.26260 0.68701 0.57926 
93	1	0.20959 0.81238 0.39607 0.13947 0.62225 0.70715 
94	1	0.29369 0.71829 0.45158 0.17259 0.56910 0.67572 
95	1	0.22998 0.77299 0.49465 0.12402 0.51414 0.74976 
96	1	0.32133 0.82247 0.32127 0.18825 0.68231 0.65284 
97	1	0.27359 0.83232 0.28050 0.18503 0.72659 0.63374 
98	1	0.42179 0.78344 0.35634 0.24703 0.64749 0.62666 
99	1	0.20980 0.80847 0.41302 0.12671 0.59943 0.72879 
100	2	0.35481 0.68141 0.31279 0.32428 0.68692 0.48154 
101	2	0.35117 0.68818 0.52022 0.19206 0.48304 0.66115 
102	2	0.25455 0.71960 0.52292 0.14490 0.48019 0.70467 
103	2	0.29857 0.79559 0.42300 0.17320 0.57791 0.66474 
104	2	0.36098 0.69833 0.30115 0.30172 0.69663 0.49492 
105	2	0.28696 0.65511 0.43548 0.24295 0.56268 0.57550 
106	2	0.13107 0.76649 0.57187 0.08627 0.43375 0.78433 
107	2	0.31435 0.73973 0.42033 0.20414 0.58435 0.62617 
108	2	0.31513 0.61466 0.61890 0.16870 0.39011 0.68510 
109	2	0.34513 0.80221 0.42501 0.20652 0.57708 0.64246 
110	2	0.36141 0.84133 0.46037 0.17459 0.53607 0.71212 
111	2	0.29093 0.73275 0.40080 0.20428 0.59864 0.61856 
112	2	0.45138 0.70612 0.53541 0.24373 0.46477 0.66056 
113	2	0.42061 0.75282 0.39158 0.25696 0.60965 0.58110 
114	2	0.36011 0.57400 0.59055 0.21205 0.40862 0.64316 
115	2	0.32723 0.75175 0.53619 0.15666 0.46282 0.72528 
116	2	0.33534 0.77691 0.43084 0.18997 0.56592 0.65752 
117	2	0.37796 0.58262 0.57878 0.24305 0.42085 0.60920 
118	2	0.26420 0.80487 0.45443 0.13167 0.54500 0.73632 
119	2	0.25461 0.80179 0.45426 0.16087 0.54824 0.68552 
120	2	0.29194 0.71594 0.62637 0.13328 0.37754 0.75757 
121	2	0.24194 0.78940 0.56074 0.13839 0.44340 0.72847 
122	2	0.25134 0.74044 0.59597 0.11759 0.41297 0.75637 
123	2	0.31162 0.80963 0.47249 0.17854 0.53749 0.67756 
124	2	0.29007 0.75695 0.52847 0.18095 0.48406 0.66640 
125	2	0.27606 0.74914 0.57864 0.13340 0.42914 0.73887 
126	2	0.19073 0.78629 0.47130 0.13958 0.53364 0.71166 
127	2	0.26963 0.80047 0.49576 0.13924 0.52141 0.73120 
128	2	0.14571 0.82800 0.53832 0.06921 0.46537 0.83280 
129	2	0.22964 0.77259 0.57504 0.10578 0.42828 0.79128 
130	2	0.20955 0.74414 0.58593 0.10541 0.41572 0.77941 
131	2	0.24133 0.76746 0.55087 0.12160 0.45322 0.75414 
132	2	0.27845 0.68324 0.64597 0.13150 0.35778 0.76678 
133	2	0.27270 0.81246 0.52969 0.12418 0.48012 0.77221 
134	2	0.13903 0.75625 0.62984 0.08819 0.37724 0.80184 
135	2	0.24239 0.76348 0.54480 0.12488 0.46239 0.75256 
136	2	0.19191 0.75058 0.62355 0.08922 0.38308 0.81401 
137	2	0.18937 0.69383 0.66642 0.11438 0.34254 0.76919 
138	2	0.26580 0.71261 0.52107 0.14687 0.47926 0.70355 
139	2	0.12683 0.91283 0.44456 0.05123 0.57252 0.87094 
140	2	0.24610 0.78899 0.39479 0.17199 0.60510 0.66474 
141	2	0.30482 0.75513 0.29913 0.24058 0.70459 0.56329 
142	2	0.26670 0.75530 0.46722 0.15089 0.53116 0.70627 
143	2	0.17507 0.75165 0.54759 0.11878 0.45083 0.75218 
144	2	0.34604 0.79476 0.38212 0.20247 0.61462 0.66038 
145	2	0.31241 0.77838 0.38904 0.19869 0.60866 0.64127 
146	2	0.39765 0.69501 0.41317 0.25067 0.58690 0.60042 
147	2	0.24978 0.69453 0.54182 0.15411 0.45991 0.71792 
148	2	0.30330 0.74047 0.38073 0.20464 0.61540 0.61617 
149	2	0.24672 0.60318 0.59993 0.15728 0.40380 0.68675 
150	2	0.28960 0.70227 0.51770 0.16239 0.48289 0.69626 
151	2	0.28640 0.57690 0.65995 0.16120 0.34104 0.69970 
152	2	0.26358 0.42608 0.71371 0.19992 0.28609 0.64503 
153	2	0.36101 0.66714 0.45595 0.22121 0.54141 0.62961 
154	2	0.42859 0.55495 0.51741 0.25232 0.47997 0.60575 
155	2	0.30887 0.60551 0.58307 0.19169 0.41575 0.67455 
156	2	0.21472 0.63825 0.60939 0.14452 0.38846 0.71739 
157	2	0.28084 0.62596 0.51154 0.18653 0.49317 0.64964 
158	2	0.29046 0.67841 0.52462 0.17277 0.47744 0.68088 
159	2	0.31015 0.68022 0.41367 0.22227 0.58653 0.58371 
160	2	0.21422 0.47234 0.90841 0.10873 0.09286 0.77559 
161	2	0.26401 0.49884 0.77148 0.15478 0.23047 0.72367 
162	2	0.34446 0.57639 0.71761 0.17476 0.28352 0.72864 
163	2	0.18200 0.59170 0.74604 0.12231 0.25388 0.76272 
164	2	0.19394 0.49335 0.97805 0.09510 0.02803 0.80352 
165	2	0.21273 0.60345 0.68673 0.13444 0.31261 0.74810 
166	2	0.28545 0.51760 0.73903 0.15709 0.26098 0.72198 
167	2	0.19168 0.60046 0.80758 0.09662 0.19209 0.81020 
168	2	0.32220 0.24146 0.99061 0.15849 0.00975 0.72221 
169	2	0.26359 0.50163 0.83257 0.13245 0.16773 0.75660 
170	2	0.43867 0.35949 0.79461 0.23681 0.20376 0.66166 
171	2	0.45442 0.34940 0.70435 0.27455 0.29382 0.60709 
172	2	0.35475 0.35305 0.78185 0.21934 0.22248 0.63699 
173	2	0.41442 0.23457 0.82830 0.24310 0.17057 0.63621 
174	2	0.40913 0.41329 0.59392 0.27376 0.40997 0.56026 
175	2	0.22711 0.33571 0.90393 0.13357 0.09525 0.71969 
176	2	0.21707 0.49374 0.79608 0.14004 0.21611 0.69852 
177	2	0.21201 0.45796 0.96121 0.11142 0.04812 0.76736 
178	2	0.30200 0.38551 0.73361 0.20105 0.27061 0.65126 
179	2	0.23566 0.41817 0.96948 0.11653 0.03924 0.77523 
180	2	0.18821 0.49907 0.80957 0.12127 0.18822 0.74330 
181	2	0.38283 0.42116 0.72219 0.23203 0.27837 0.62568 
182	2	0.41059 0.46276 0.55833 0.26737 0.43953 0.55546 
183	2	0.28988 0.41435 0.91009 0.15340 0.08986 0.74425 
184	2	0.32451 0.25068 1.00000 0.16117 0.00000 0.72093 
185	2	0.28444 0.11802 0.87870 0.20060 0.12043 0.63711 
186	2	0.37989 0.13913 0.82053 0.24328 0.17760 0.59426 
187	2	0.46477 0.19489 0.70349 0.29879 0.29526 0.54838 
188	2	0.41428 0.30100 0.66954 0.26760 0.32818 0.56509 
189	2	0.33665 0.38545 0.80662 0.18736 0.19219 0.68008 
190	2	0.37672 0.39997 0.78440 0.21431 0.21489 0.65967 
191	2	0.35429 0.40877 0.68292 0.23307 0.31496 0.61153 
192	2	0.25581 0.22930 0.94399 0.16541 0.05536 0.69945 
193	2	0.29817 0.36839 0.76524 0.19663 0.23321 0.64909 
194	2	0.35596 0.27188 0.95204 0.18206 0.05082 0.69662 
195	2	0.44646 0.50635 0.51411 0.28791 0.48487 0.54257 
196	2	0.46653 0.56644 0.61471 0.26373 0.38235 0.61639 
197	2	0.58619 0.49154 0.54846 0.38051 0.44854 0.51507 
198	2	0.38700 0.66308 0.52843 0.21739 0.46911 0.64187 
199	2	0.21872 0.74380 0.45326 0.16247 0.54334 0.67255 
200	3	0.54114 0.86851 0.21647 0.37243 0.79961 0.45925 
201	3	0.46554 0.74787 0.48441 0.30120 0.61014 0.55471 
202	3	0.43480 0.83361 0.30133 0.30458 0.74919 0.51383 
203	3	0.40266 0.81239 0.36060 0.26751 0.69650 0.56062 
204	3	0.52647 0.87605 0.20206 0.37475 0.82657 0.43666 
205	3	0.49964 0.83408 0.29058 0.34351 0.76379 0.48298 
206	3	0.34438 0.84082 0.33191 0.25647 0.72622 0.57356 
207	3	0.48281 0.83016 0.35181 0.31840 0.71595 0.52467 
208	3	0.56977 0.84460 0.29276 0.39338 0.79192 0.47349 
209	3	0.49450 0.77574 0.44766 0.32483 0.66273 0.54563 
210	3	0.37433 0.82626 0.33386 0.27615 0.73450 0.54047 
211	3	0.51045 0.82673 0.26326 0.36042 0.79633 0.46325 
212	3	0.35749 0.79933 0.36562 0.27050 0.68786 0.55615 
213	3	0.38642 0.80955 0.35369 0.27547 0.69877 0.55383 
214	3	0.48000 0.83376 0.31313 0.32506 0.72788 0.51710 
215	3	0.45492 0.84194 0.29129 0.30962 0.74959 0.51733 
216	3	0.37535 0.82881 0.37172 0.26359 0.70009 0.57806 
217	3	0.46007 0.83520 0.29302 0.32427 0.75171 0.51221 
218	3	0.37323 0.85475 0.27095 0.28375 0.77220 0.53024 
219	3	0.36430 0.85686 0.35057 0.21747 0.68397 0.64430 
220	3	0.45239 0.86140 0.28092 0.30791 0.74849 0.51838 
221	3	0.43316 0.85000 0.30748 0.29466 0.73960 0.53313 
222	3	0.40454 0.83653 0.31517 0.28168 0.73521 0.54332 
223	3	0.55940 0.83399 0.28915 0.38673 0.75393 0.48573 
224	3	0.48915 0.83930 0.30042 0.32456 0.74304 0.53088 
225	3	0.62413 0.77863 0.49362 0.41820 0.56333 0.52737 
226	3	0.59910 0.78157 0.49872 0.38876 0.55844 0.55163 
227	3	0.47689 0.75911 0.52847 0.26753 0.50977 0.63806 
228	3	0.31772 0.80255 0.49121 0.25696 0.58955 0.60020 
229	3	0.68216 0.80300 0.32525 0.50073 0.72815 0.41608 
230	3	0.55011 0.84044 0.35052 0.35869 0.73555 0.51454 
231	3	0.55689 0.84477 0.36045 0.36091 0.71452 0.52683 
232	3	0.50697 0.83362 0.35498 0.32002 0.71998 0.54455 
233	3	0.49643 0.84566 0.34322 0.31016 0.73278 0.56107 
234	3	0.61982 0.83040 0.37503 0.42709 0.71809 0.48597 
235	3	0.56950 0.84831 0.38148 0.36932 0.71387 0.52747 
236	3	0.65801 0.79278 0.41468 0.46800 0.68185 0.46142 
237	3	0.33233 0.76298 0.71613 0.20553 0.46373 0.69138 
238	3	0.40128 0.76440 0.62931 0.20156 0.42968 0.70839 
239	3	0.34279 0.73395 0.69840 0.16382 0.34828 0.73184 
240	3	0.56600 0.80864 0.49345 0.35485 0.55788 0.57712 
241	3	0.61690 0.81227 0.39244 0.42079 0.69218 0.48881 
242	3	0.70430 0.77148 0.35726 0.52767 0.73106 0.40789 
243	3	0.59331 0.78979 0.34954 0.40314 0.71375 0.48038 
244	3	0.54799 0.80580 0.33831 0.37566 0.73522 0.47931 
245	3	0.63530 0.80426 0.39548 0.44058 0.68964 0.47991 
246	3	0.67101 0.81422 0.35773 0.48403 0.72884 0.44203 
247	3	0.46114 0.86410 0.31566 0.27436 0.74553 0.59693 
248	3	0.55171 0.85777 0.28650 0.36928 0.77623 0.49150 
249	3	0.58123 0.79934 0.46555 0.38510 0.64487 0.51060 
250	3	0.61138 0.82820 0.32769 0.41759 0.72115 0.47799 
251	3	0.63962 0.79799 0.39912 0.44513 0.66734 0.48210 
252	3	0.60719 0.81866 0.33597 0.41222 0.70733 0.49015 
253	3	0.70997 0.82149 0.33534 0.53424 0.72079 0.40430 
254	3	0.61936 0.83128 0.35913 0.42311 0.69356 0.49385 
255	3	0.69848 0.79470 0.46546 0.51357 0.66521 0.45610 
256	3	0.58943 0.82116 0.36604 0.40221 0.69364 0.48999 
257	3	0.67723 0.74037 0.53747 0.48632 0.57795 0.47124 
258	3	0.59001 0.75995 0.47497 0.38576 0.58093 0.53756 
259	3	0.59868 0.80527 0.47238 0.39387 0.61056 0.53811 
260	3	0.33542 0.84469 0.43884 0.18685 0.61247 0.68112 
261	3	0.49657 0.87711 0.35785 0.32504 0.72178 0.55010 
262	3	0.54682 0.67586 0.56160 0.33373 0.48615 0.57810 
263	3	0.59801 0.82096 0.37292 0.40139 0.69379 0.50699 
264	3	0.57906 0.73818 0.46562 0.37493 0.57740 0.54425 
265	3	0.56057 0.78804 0.42069 0.35737 0.62473 0.54527 
266	3	0.60490 0.70809 0.55048 0.39546 0.52291 0.55204 
267	3	0.64443 0.73964 0.49100 0.44327 0.58530 0.50656 
268	3	0.57518 0.72155 0.53626 0.36266 0.51630 0.57028 
269	3	0.29263 0.72825 0.69710 0.17609 0.37953 0.71109 
270	3	0.47710 0.86240 0.43742 0.30592 0.68780 0.56528 
271	3	0.43465 0.86436 0.40536 0.27299 0.69715 0.58092 
272	3	0.66083 0.82818 0.41047 0.47375 0.71477 0.44901 
273	3	0.63621 0.84610 0.39485 0.44344 0.72469 0.47333 
274	3	0.74485 0.84547 0.33419 0.58298 0.75186 0.35285 
275	3	0.65430 0.81697 0.40387 0.46406 0.70398 0.46379 
276	3	0.71886 0.84218 0.33542 0.54495 0.75227 0.39520 
277	3	0.53602 0.84739 0.41494 0.34787 0.69813 0.53256 
278	3	0.64616 0.83557 0.37484 0.45568 0.75112 0.45410 
279	3	0.69422 0.77610 0.50819 0.51197 0.65945 0.42661 
280	3	0.65190 0.82702 0.45480 0.46028 0.68298 0.46222 
281	3	0.59833 0.83286 0.37731 0.40794 0.73165 0.50014 
282	3	0.58049 0.87882 0.33195 0.38652 0.73771 0.50539 
283	3	0.49942 0.86621 0.34961 0.31304 0.71296 0.54843 
284	3	0.57129 0.87988 0.29809 0.38055 0.75233 0.49613 
285	3	0.44592 0.86778 0.39451 0.27722 0.67383 0.59003 
286	3	0.56128 0.86052 0.40656 0.36260 0.65904 0.53967 
287	3	0.42285 0.71913 0.61647 0.24381 0.44359 0.64494 
288	3	0.51628 0.76348 0.61487 0.29436 0.45380 0.66273 
289	3	0.60795 0.78090 0.50787 0.39696 0.55934 0.55820 
290	3	0.28617 0.81628 0.41941 0.22265 0.63629 0.61921 
291	3	0.60454 0.86060 0.39318 0.40726 0.67010 0.50939 
292	3	0.47990 0.81328 0.64614 0.29205 0.57918 0.62053 
293	3	0.27585 0.78385 0.61172 0.21013 0.52306 0.68315 
294	3	0.68335 0.81471 0.38169 0.49572 0.67657 0.45007 
295	3	0.60678 0.66222 0.68883 0.39421 0.46206 0.57271 
296	3	0.60705 0.72845 0.58739 0.39570 0.49996 0.56145 
297	3	0.50106 0.82574 0.48501 0.30290 0.58725 0.59425 
298	3	0.28790 0.82718 0.50526 0.20540 0.57426 0.65600 
299	3	0.46141 0.79277 0.58255 0.26505 0.50469 0.63875 
300	4	0.92582 0.93796 0.07297 0.86512 0.94055 0.12304 
301	4	1.00000 0.91891 0.02392 1.00000 0.98149 0.00000 
302	4	0.66767 0.93719 0.20559 0.48199 0.83182 0.43070 
303	4	0.80993 0.94970 0.11390 0.67416 0.88542 0.29150 
304	4	0.77478 0.97722 0.05482 0.62343 0.94008 0.31921 
305	4	0.68190 0.94204 0.19859 0.49553 0.80671 0.44090 
306	4	0.63455 0.93235 0.16671 0.45987 0.83589 0.41816 
307	4	0.89869 0.96533 0.04008 0.81925 0.95514 0.15207 
308	4	0.67623 0.97291 0.10849 0.49755 0.89119 0.40784 
309	4	0.63324 0.92162 0.16293 0.46717 0.84773 0.39230 
310	4	0.93427 0.82446 0.10801 0.88107 0.88764 0.09835 
311	4	0.99770 0.91619 0.03075 0.99543 0.96665 0.00765 
312	4	0.77477 0.80052 0.17925 0.64389 0.81668 0.24160 
313	4	0.78075 0.92348 0.16620 0.63639 0.84169 0.30401 
314	4	0.78573 0.92277 0.16369 0.64109 0.84603 0.30998 
315	4	0.79716 0.95555 0.13511 0.65500 0.87934 0.31116 
316	4	0.90833 0.95768 0.07421 0.83437 0.93913 0.15362 
317	4	0.70638 0.94597 0.10187 0.54459 0.90460 0.34051 
318	4	0.72205 0.94227 0.12060 0.56171 0.88099 0.34204 
319	4	0.85940 0.94761 0.12235 0.75344 0.89291 0.22433 
320	4	0.66451 0.93868 0.16699 0.48831 0.84406 0.40291 
321	4	0.61734 0.94707 0.15593 0.43764 0.84918 0.43571 
322	4	0.58389 0.95987 0.23610 0.37856 0.78682 0.53782 
323	4	0.64730 0.95547 0.20301 0.45155 0.82166 0.47587 
324	4	0.82976 0.94755 0.16059 0.70284 0.84106 0.28807 
325	4	0.54709 0.91624 0.31518 0.36473 0.71214 0.51642 
326	4	0.69812 0.92200 0.16671 0.53024 0.83859 0.36382 
327	4	0.60224 0.95202 0.15700 0.41658 0.84757 0.46136 
328	4	0.54444 0.93349 0.18787 0.39440 0.82345 0.44520 
329	4	0.60545 0.94754 0.26034 0.39876 0.78949 0.53146 
330	4	0.59641 0.94123 0.13929 0.42419 0.86178 0.43606 
331	4	0.60554 0.95267 0.14860 0.41382 0.85846 0.45993 
332	4	0.60396 0.93875 0.15986 0.41856 0.84719 0.46348 
333	4	0.54150 0.93846 0.21416 0.35067 0.80119 0.52659 
334	4	0.45736 0.95658 0.20484 0.26767 0.80368 0.60384 
335	4	0.52187 0.94863 0.19958 0.32111 0.81256 0.56676 
336	4	0.25856 0.96019 0.15310 0.13000 0.84928 0.71358 
337	4	0.58600 0.96864 0.09107 0.39780 0.91690 0.45669 
338	4	0.42069 0.96910 0.12955 0.23696 0.87678 0.61731 
339	4	0.51946 0.94626 0.16037 0.33108 0.85269 0.53053 
340	4	0.46513 0.96105 0.15557 0.27317 0.85536 0.59161 
341	4	0.44619 0.95863 0.14176 0.25327 0.85904 0.60376 
342	4	0.36411 0.96256 0.18944 0.18430 0.81873 0.68271 
343	4	0.56070 0.97206 0.04793 0.37698 0.95007 0.44622 
344	4	0.37278 0.95171 0.18196 0.20757 0.82281 0.63919 
345	4	0.44831 0.93841 0.17864 0.25189 0.82276 0.61145 
346	4	0.46387 0.93410 0.13945 0.28203 0.85904 0.55232 
347	4	0.52900 0.95247 0.14898 0.33606 0.85499 0.53326 
348	4	0.41295 0.97273 0.11483 0.24381 0.88167 0.60278 
349	4	0.47875 0.94678 0.16944 0.27780 0.83661 0.59203 
350	4	0.39063 0.97185 0.14218 0.21843 0.85554 0.63307 
351	4	0.46213 0.96605 0.15855 0.26204 0.84470 0.61564 
352	4	0.35685 0.95127 0.14339 0.20271 0.85838 0.62422 
353	4	0.57899 0.91604 0.16299 0.38335 0.84045 0.48922 
354	4	0.40780 0.94677 0.18093 0.22178 0.82762 0.63934 
355	4	0.65019 0.88130 0.17763 0.46122 0.82637 0.42817 
356	4	0.74114 0.96676 0.11588 0.57802 0.89206 0.34477 
357	4	0.37570 0.93120 0.26878 0.22831 0.74463 0.61697 
358	4	0.68762 0.95350 0.11105 0.51264 0.88467 0.37480 
359	4	0.72709 0.95470 0.09658 0.56294 0.90030 0.33672 
360	4	0.51134 0.94316 0.17800 0.34030 0.81950 0.50670 
361	4	0.47641 0.96401 0.09778 0.29471 0.89873 0.52918 
362	4	0.75726 0.96191 0.09369 0.60233 0.90779 0.31360 
363	4	0.83400 0.95227 0.12091 0.71243 0.88493 0.25863 
364	4	0.76513 0.95384 0.11810 0.61313 0.90021 0.31105 
365	4	0.82518 0.95890 0.07590 0.70079 0.92911 0.24313 
366	4	0.79405 0.96931 0.07645 0.65350 0.92192 0.28323 
367	4	0.85735 0.96607 0.05611 0.75114 0.94394 0.20418 
368	4	0.75165 0.96433 0.10516 0.59114 0.90506 0.33703 
369	4	0.66167 0.94906 0.15973 0.47927 0.84410 0.41693 
370	4	0.79047 0.95812 0.09632 0.64987 0.91225 0.27503 
371	4	0.80134 0.94821 0.07817 0.66411 0.91703 0.27846 
372	4	0.80660 0.97600 0.00942 0.67656 0.98544 0.23336 
373	4	0.70602 0.92895 0.17641 0.52309 0.82028 0.41724 
374	4	0.70874 0.92448 0.18238 0.52664 0.81515 0.41293 
375	4	0.65205 0.92692 0.17452 0.45842 0.82213 0.45091 
376	4	0.65126 0.88899 0.14139 0.47473 0.85437 0.38803 
377	4	0.79970 0.96599 0.05616 0.66205 0.93956 0.27223 
378	4	0.64868 0.92353 0.17075 0.45635 0.82747 0.44648 
379	4	0.56026 0.95023 0.13715 0.35726 0.85857 0.52050 
380	4	0.55729 0.95104 0.16401 0.35334 0.84846 0.51619 
381	4	0.65861 0.94777 0.20264 0.45878 0.79520 0.48857 
382	4	0.74344 0.95069 0.13884 0.57397 0.86480 0.38118 
383	4	0.71920 0.95289 0.16575 0.53905 0.84183 0.41751 
384	4	0.69748 0.91253 0.17497 0.51754 0.83043 0.39739 
385	4	0.57888 0.93428 0.22122 0.36892 0.78077 0.54327 
386	4	0.42496 0.95107 0.12931 0.28359 0.88131 0.52910 
387	4	0.35464 0.94985 0.15732 0.23104 0.85671 0.58026 
388	4	0.58948 0.92862 0.15596 0.41382 0.84185 0.43286 
389	4	0.65622 0.94149 0.04640 0.50344 0.95031 0.32219 
390	4	0.24452 0.94838 0.17494 0.17235 0.83510 0.64688 
391	4	0.48569 0.93022 0.11214 0.32465 0.88581 0.47247 
392	4	0.41517 0.93079 0.21671 0.22579 0.78167 0.64694 
393	4	0.43004 0.89653 0.24105 0.25223 0.75626 0.60355 
394	4	0.26215 0.94094 0.25201 0.12646 0.74980 0.74132 
395	4	0.20136 0.94930 0.21056 0.10247 0.78577 0.76244 
396	4	0.17639 0.93836 0.19713 0.10457 0.79933 0.73017 
397	4	0.29591 0.95098 0.24949 0.13181 0.75564 0.74652 
398	4	0.66700 0.96216 0.09035 0.48287 0.91347 0.40060 
399	4	0.73069 0.88688 0.13915 0.57576 0.85609 0.31665 
400	5	0.51403 0.96995 0.11798 0.34925 0.88423 0.49276 
401	5	0.44769 0.96964 0.11071 0.31828 0.89432 0.50378 
402	5	0.33624 0.95468 0.19436 0.22712 0.82892 0.60231 
403	5	0.34550 0.97996 0.12575 0.24945 0.87648 0.56362 
404	5	0.30029 0.96739 0.16416 0.21823 0.83607 0.60724 
405	5	0.30426 0.96874 0.18699 0.23958 0.81187 0.59784 
406	5	0.45606 0.96169 0.07913 0.39523 0.92493 0.38668 
407	5	0.56094 0.94049 0.10071 0.43755 0.89830 0.36532 
408	5	0.50611 0.94795 0.10677 0.39701 0.89285 0.40680 
409	5	0.43486 0.93176 0.14858 0.36652 0.84902 0.42888 
410	5	0.42014 0.93967 0.24238 0.24447 0.76248 0.60012 
411	5	0.39160 0.93327 0.13136 0.36342 0.86601 0.42519 
412	5	0.60140 0.92900 0.23628 0.40027 0.76526 0.50754 
413	5	0.50649 0.93511 0.11898 0.37865 0.87714 0.43529 
414	5	0.55480 0.92897 0.16916 0.37469 0.83075 0.49184 
415	5	0.51669 0.93733 0.10696 0.38841 0.90663 0.40822 
416	5	0.67269 0.91716 0.08560 0.52684 0.91205 0.31730 
417	5	0.41628 0.96997 0.16633 0.23401 0.83313 0.63501 
418	5	0.52340 0.94937 0.21546 0.31838 0.78261 0.56761 
419	5	0.45091 0.94167 0.11861 0.35669 0.88287 0.44369 
420	5	0.56685 0.93648 0.16460 0.40477 0.83188 0.46231 
421	5	0.47635 0.95555 0.15253 0.31939 0.84935 0.51937 
422	5	0.58789 0.93974 0.16054 0.40954 0.84365 0.45433 
423	5	0.28955 0.95668 0.19056 0.22430 0.81141 0.61109 
424	5	0.47550 0.92422 0.16386 0.35821 0.83633 0.46597 
425	5	0.64431 0.87623 0.20811 0.45742 0.78794 0.42798 
426	5	0.70504 0.91114 0.15885 0.53753 0.83729 0.37317 
427	5	0.66329 0.91320 0.11279 0.49495 0.88304 0.37262 
428	5	0.56980 0.92685 0.24675 0.36134 0.75867 0.54735 
429	5	0.62553 0.85310 0.25370 0.43166 0.74492 0.45835 
430	5	0.47787 0.93327 0.14408 0.36617 0.85386 0.45958 
431	5	0.60149 0.92070 0.20057 0.40074 0.79927 0.50721 
432	5	0.38708 0.94907 0.17351 0.25686 0.82810 0.57043 
433	5	0.49507 0.97557 0.12836 0.30246 0.86907 0.55606 
434	5	0.59156 0.91822 0.16925 0.41244 0.83333 0.45448 
435	5	0.41299 0.95541 0.07588 0.35224 0.92037 0.42474 
436	5	0.39739 0.92523 0.09529 0.36338 0.90065 0.40883 
437	5	0.36623 0.94850 0.18845 0.21441 0.81872 0.61945 
438	5	0.39108 0.95013 0.08816 0.33329 0.90821 0.45561 
439	5	0.64060 0.92210 0.12796 0.48454 0.87300 0.37002 
440	5	0.46305 0.95626 0.16355 0.27866 0.83233 0.58451 
441	5	0.36938 0.94385 0.18767 0.23943 0.82163 0.59374 
442	5	0.45140 0.95637 0.13462 0.31015 0.86339 0.50574 
443	5	0.53497 0.93411 0.09376 0.41153 0.90180 0.38468 
444	5	0.41913 0.94160 0.29392 0.22217 0.72213 0.65879 
445	5	0.60065 0.92953 0.10966 0.45082 0.88642 0.37469 
446	5	0.67293 0.85644 0.18273 0.49507 0.81367 0.39336 
447	5	0.54927 0.92054 0.15262 0.39868 0.84809 0.43695 
448	5	0.61544 0.94129 0.21587 0.41071 0.79076 0.50884 
449	5	0.27782 0.95248 0.21506 0.19241 0.78789 0.64323 
450	5	0.39084 0.95654 0.19599 0.25217 0.80338 0.58392 
451	5	0.56823 0.90904 0.25728 0.36930 0.75133 0.52041 
452	5	0.54184 0.90277 0.18917 0.37989 0.81343 0.46238 
453	5	0.63759 0.91814 0.23025 0.44097 0.77019 0.48152 
454	5	0.74531 0.88172 0.19849 0.58614 0.79906 0.34524 
455	5	0.49593 0.93410 0.28153 0.29333 0.71715 0.60537 
456	5	0.53192 0.92706 0.24574 0.32987 0.75599 0.55429 
457	5	0.62957 0.92004 0.23121 0.44488 0.78017 0.45420 
458	5	0.53251 0.92738 0.20866 0.35534 0.78924 0.50262 
459	5	0.59408 0.91154 0.22499 0.40090 0.77327 0.48032 
460	5	0.60541 0.92565 0.19449 0.41174 0.80227 0.47377 
461	5	0.77192 0.96072 0.05458 0.64193 0.94556 0.24217 
462	5	0.69295 0.95923 0.12611 0.51763 0.87397 0.38361 
463	5	0.57747 0.97323 0.14334 0.38251 0.85796 0.49399 
464	5	0.79420 0.96810 0.05005 0.66907 0.94556 0.23628 
465	5	0.63322 0.96480 0.16245 0.44001 0.84054 0.45662 
466	5	0.68332 0.97695 0.13827 0.49456 0.86202 0.43325 
467	5	0.68547 0.98320 0.11703 0.50093 0.88274 0.41546 
468	5	0.87036 0.97126 0.04347 0.77669 0.95685 0.17036 
469	5	0.79704 0.97607 0.10524 0.65503 0.89530 0.30083 
470	5	0.86353 0.97746 0.03324 0.76553 0.96476 0.17745 
471	5	0.86880 0.96463 0.05082 0.77325 0.94848 0.18169 
472	5	0.79602 0.96680 0.09025 0.65427 0.90993 0.29338 
473	5	0.65537 0.97551 0.13792 0.46316 0.86360 0.44460 
474	5	0.65400 0.97814 0.11581 0.46298 0.88659 0.43983 
475	5	0.80018 0.97065 0.04879 0.67615 0.94947 0.23277 
476	5	0.70051 0.96226 0.06861 0.55655 0.92787 0.29333 
477	5	0.89428 0.93236 0.13458 0.80954 0.86319 0.18719 
478	5	0.79749 0.96939 0.04750 0.67300 0.95008 0.23596 
479	5	0.69662 0.97657 0.12340 0.51362 0.88050 0.41255 
480	5	0.77900 0.98455 0.05786 0.63234 0.93896 0.29410 
481	5	0.66378 0.98600 0.10570 0.47131 0.89319 0.44583 
482	5	0.70990 0.97738 0.12970 0.52959 0.86933 0.40971 
483	5	0.90805 0.97612 0.04143 0.83569 0.95745 0.14343 
484	5	0.77924 0.96963 0.10604 0.63137 0.90288 0.31085 
485	5	0.91881 0.97272 0.01745 0.85417 0.97780 0.11506 
486	5	0.86089 0.97391 0.08846 0.75570 0.91769 0.22064 
487	5	0.79488 0.97938 0.06471 0.65228 0.93151 0.29507 
488	5	0.70582 0.97789 0.13378 0.52607 0.87596 0.40616 
489	5	0.82446 0.97681 0.06814 0.69684 0.92982 0.26365 
490	5	0.93449 0.97808 0.02828 0.88097 0.96834 0.10416 
491	5	0.77346 0.97281 0.12650 0.61997 0.87398 0.33861 
492	5	0.62259 0.95987 0.18056 0.42778 0.83248 0.47971 
493	5	0.67192 0.97291 0.15640 0.48010 0.85793 0.45299 
494	5	0.66066 0.96556 0.18553 0.46698 0.82146 0.45915 
495	5	0.65408 0.94827 0.12180 0.47814 0.88962 0.40534 
496	5	0.69166 0.96778 0.11231 0.52100 0.89527 0.38461 
497	5	0.26034 0.96018 0.36349 0.11651 0.67269 0.79301 
498	5	0.30264 0.95268 0.39318 0.13886 0.65829 0.76997 
499	5	0.48235 0.97256 0.21877 0.27765 0.79454 0.61094 
500	6	0.20085 0.77209 0.55528 0.12515 0.44771 0.75411 
501	6	0.22291 0.81950 0.32585 0.18514 0.67163 0.60545 
502	6	0.27934 0.86376 0.27064 0.19421 0.72744 0.61963 
503	6	0.28787 0.88288 0.24550 0.18452 0.75239 0.63757 
504	6	0.15528 0.76663 0.67554 0.08391 0.32171 0.82190 
505	6	0.13623 0.69788 0.64175 0.10893 0.35538 0.76591 
506	6	0.25868 0.82842 0.32088 0.19408 0.67502 0.60911 
507	6	0.25245 0.70874 0.35479 0.22138 0.64249 0.54764 
508	6	0.24638 0.71702 0.37913 0.20336 0.61983 0.57295 
509	6	0.39754 0.51454 0.27360 0.39354 0.72259 0.36570 
510	6	0.29536 0.59512 0.52197 0.20208 0.47767 0.60083 
511	6	0.23013 0.68921 0.49450 0.16135 0.50554 0.64959 
512	6	0.30723 0.70068 0.42239 0.22894 0.57600 0.60081 
513	6	0.22863 0.71412 0.37290 0.19702 0.62562 0.58922 
514	6	0.20376 0.71041 0.48577 0.16368 0.51392 0.64454 
515	6	0.51994 0.59696 0.23502 0.41023 0.76095 0.37153 
516	6	0.44232 0.44531 0.57837 0.29929 0.42366 0.54331 
517	6	0.19151 0.68777 0.51843 0.15960 0.48007 0.65270 
518	6	0.27534 0.67382 0.47890 0.19412 0.51974 0.60943 
519	6	0.42213 0.59641 0.46719 0.27925 0.53620 0.54048 
520	6	0.39130 0.74167 0.22892 0.30428 0.76872 0.47905 
521	6	0.42246 0.75826 0.17731 0.35377 0.81882 0.42221 
522	6	0.29024 0.64737 0.36737 0.25127 0.63122 0.51491 
523	6	0.36500 0.59356 0.38512 0.25657 0.61125 0.53155 
524	6	0.25952 0.61074 0.48420 0.20825 0.51448 0.60970 
525	6	0.35505 0.41386 0.61134 0.22325 0.38896 0.59355 
526	6	0.32330 0.44880 0.53207 0.22174 0.46557 0.54870 
527	6	0.42829 0.39755 0.53520 0.29094 0.46197 0.53008 
528	6	0.31415 0.84177 0.44759 0.16402 0.54968 0.68844 
529	6	0.21720 0.75885 0.36588 0.18036 0.63144 0.60931 
530	6	0.26025 0.64381 0.51111 0.17012 0.48739 0.65839 
531	6	0.33918 0.73406 0.35369 0.22657 0.64513 0.59250 
532	6	0.20217 0.71997 0.54983 0.14700 0.44976 0.71176 
533	6	0.28651 0.78538 0.38879 0.17915 0.61549 0.66610 
534	6	0.24471 0.79292 0.33776 0.18779 0.66081 0.60281 
535	6	0.27265 0.81956 0.45460 0.14533 0.54801 0.72041 
536	6	0.27260 0.72142 0.42309 0.21220 0.57895 0.62096 
537	6	0.23029 0.65165 0.71122 0.11957 0.29166 0.74674 
538	6	0.26330 0.80613 0.40686 0.15009 0.59197 0.70642 
539	6	0.27731 0.78282 0.53251 0.14525 0.46549 0.71469 
540	6	0.19058 0.62147 0.63209 0.14601 0.36777 0.69671 
541	6	0.23325 0.80696 0.21795 0.22894 0.77832 0.51061 
542	6	0.29546 0.80630 0.40972 0.16297 0.59022 0.68402 
543	6	0.24334 0.68159 0.44506 0.17580 0.55564 0.62591 
544	6	0.26243 0.59272 0.48890 0.22401 0.51355 0.56832 
545	6	0.18004 0.67503 0.43591 0.18472 0.56504 0.59098 
546	6	0.16982 0.67021 0.58256 0.13065 0.41876 0.69321 
547	6	0.16191 0.78560 0.58453 0.09925 0.41531 0.76834 
548	6	0.27558 0.68689 0.36838 0.22531 0.62996 0.53841 
549	6	0.41034 0.69827 0.25978 0.31441 0.73995 0.47613 
550	6	0.41335 0.60154 0.38608 0.29546 0.61210 0.52323 
551	6	0.32198 0.58489 0.53141 0.21708 0.46858 0.61616 
552	6	0.26718 0.64984 0.42578 0.21896 0.57378 0.58585 
553	6	0.17967 0.72841 0.55545 0.12814 0.44438 0.72645 
554	6	0.36009 0.74762 0.32287 0.24910 0.67478 0.52753 
555	6	0.17283 0.75325 0.46416 0.15648 0.53688 0.66335 
556	6	0.26280 0.81655 0.46243 0.13458 0.53774 0.74096 
557	6	0.36085 0.66288 0.48355 0.21610 0.51372 0.61139 
558	6	0.39607 0.61243 0.29153 0.34073 0.70510 0.41112 
559	6	0.31339 0.76804 0.19640 0.28428 0.79940 0.46578 
560	6	0.34918 0.33973 0.60621 0.23763 0.39165 0.55243 
561	6	0.23102 0.80362 0.59680 0.10736 0.40082 0.79915 
562	6	0.30842 0.73354 0.33238 0.22580 0.66462 0.57661 
563	6	0.25701 0.54985 0.58136 0.20399 0.41628 0.63202 
564	6	0.25931 0.60815 0.44564 0.21799 0.55258 0.53440 
565	6	0.34596 0.66420 0.28612 0.29618 0.71072 0.48731 
566	6	0.15443 0.71887 0.57647 0.11020 0.42309 0.75262 
567	6	0.40550 0.55086 0.46820 0.27713 0.53136 0.52264 
568	6	0.27863 0.70029 0.44489 0.19706 0.55277 0.60061 
569	6	0.36799 0.77600 0.19165 0.29718 0.80407 0.46698 
570	6	0.17706 0.78958 0.50203 0.11769 0.49643 0.71006 
571	6	0.26276 0.72233 0.38543 0.19933 0.61215 0.57581 
572	6	0.31100 0.74602 0.38731 0.21222 0.61051 0.59093 
573	6	0.31302 0.75423 0.36503 0.22137 0.63177 0.57535 
574	6	0.18294 0.56615 0.78746 0.11841 0.21664 0.74569 
575	6	0.32584 0.64111 0.56077 0.19570 0.44225 0.66323 
576	6	0.35675 0.74333 0.39176 0.22513 0.60826 0.60362 
577	6	0.30381 0.60356 0.42504 0.23820 0.57223 0.56120 
578	6	0.34050 0.74384 0.33832 0.23599 0.65871 0.53914 
579	6	0.34834 0.72554 0.41400 0.22216 0.58407 0.60774 
580	6	0.21600 0.65035 0.64277 0.15400 0.35474 0.70099 
581	6	0.35937 0.63324 0.28133 0.33005 0.71650 0.42127 
582	6	0.28508 0.57958 0.57508 0.19362 0.42339 0.62111 
583	6	0.28557 0.54459 0.50931 0.22497 0.48742 0.58422 
584	6	0.35999 0.64008 0.43660 0.24358 0.56119 0.54139 
585	6	0.41384 0.62561 0.40985 0.28045 0.58718 0.49161 
586	6	0.32636 0.53520 0.53356 0.22818 0.46351 0.59331 
587	6	0.44603 0.61146 0.24849 0.38865 0.74781 0.36217 
588	6	0.35004 0.57580 0.51872 0.23390 0.47934 0.57842 
589	6	0.35102 0.69939 0.47762 0.22376 0.52249 0.60051 
590	6	0.25209 0.73068 0.43456 0.16123 0.56382 0.65592 
591	6	0.43676 0.70123 0.24655 0.34443 0.74976 0.42049 
592	6	0.32418 0.74007 0.39948 0.21473 0.59904 0.57857 
593	6	0.22182 0.65612 0.51907 0.17402 0.47945 0.64365 
594	6	0.41856 0.49414 0.45059 0.31832 0.54657 0.48517 
595	6	0.41078 0.54665 0.35657 0.34377 0.64112 0.44413 
596	6	0.17856 0.78790 0.45504 0.11737 0.55263 0.72935 
597	6	0.21179 0.76300 0.40269 0.15024 0.59489 0.66450 
598	6	0.25253 0.60277 0.43925 0.22601 0.55838 0.55835 
599	6	0.28397 0.60849 0.52529 0.19194 0.47308 0.62812 
600	7	0.54073 0.82351 0.13462 0.38977 0.89773 0.40410 
601	7	0.41383 0.96509 0.08513 0.22886 0.90986 0.62757 
602	7	0.55468 0.96204 0.05082 0.35264 0.94450 0.50596 
603	7	0.25368 0.95218 0.11844 0.17004 0.87668 0.66031 
604	7	0.34380 0.96652 0.10240 0.17985 0.89267 0.66797 
605	7	0.30745 0.96189 0.09944 0.17292 0.89561 0.66548 
606	7	0.24132 0.96009 0.10836 0.17851 0.88673 0.66173 
607	7	0.46367 0.95139 0.29728 0.26017 0.70562 0.63983 
608	7	0.52347 0.98899 0.14404 0.32356 0.85575 0.56318 
609	7	0.50154 0.98707 0.15523 0.29161 0.84337 0.60577 
610	7	0.54676 0.99050 0.10866 0.34021 0.89130 0.54588 
611	7	0.50190 0.97479 0.19354 0.28623 0.80843 0.62491 
612	7	0.47990 0.98499 0.16219 0.26585 0.83507 0.63909 
613	7	0.51028 0.96706 0.26207 0.29360 0.74964 0.63146 
614	7	0.28816 0.94593 0.34916 0.13781 0.66875 0.73582 
615	7	0.53453 0.96862 0.19562 0.31587 0.80222 0.59691 
616	7	0.31170 1.00000 0.07887 0.17493 0.91610 0.66220 
617	7	0.48525 0.98175 0.17570 0.27157 0.82680 0.62976 
618	7	0.43978 0.96391 0.28030 0.22539 0.72171 0.68941 
619	7	0.54352 0.98077 0.15474 0.32876 0.84640 0.58219 
620	7	0.45735 0.97851 0.19773 0.25079 0.80691 0.64551 
621	7	0.48676 0.97286 0.21681 0.27391 0.78829 0.63287 
622	7	0.48695 0.97586 0.18905 0.27434 0.80850 0.62451 
623	7	0.46616 0.97260 0.21151 0.25357 0.79201 0.65190 
624	7	0.46783 0.96773 0.21232 0.25451 0.78523 0.64334 
625	7	0.15617 0.97673 0.08993 0.10535 0.90508 0.72932 
626	7	0.31905 0.93359 0.05781 0.24065 0.93708 0.51162 
627	7	0.32440 0.92029 0.09978 0.21293 0.89566 0.55728 
628	7	0.25426 0.93330 0.11424 0.16193 0.88285 0.62438 
629	7	0.13622 0.93771 0.18179 0.09770 0.81662 0.73752 
630	7	0.17339 0.92542 0.19062 0.11828 0.80695 0.71232 
631	7	0.21793 0.93340 0.15007 0.13763 0.84769 0.66948 
632	7	0.26423 0.93232 0.15868 0.14699 0.83775 0.67320 
633	7	0.34374 0.95763 0.03609 0.22558 0.95872 0.52862 
634	7	0.30239 0.89740 0.15789 0.20062 0.85745 0.57971 
635	7	0.36563 0.87097 0.14222 0.25250 0.86001 0.52495 
636	7	0.36603 0.91280 0.10431 0.24341 0.89132 0.53534 
637	7	0.37863 0.88988 0.13509 0.24072 0.86091 0.53629 
638	7	0.22411 0.89171 0.14034 0.21013 0.85491 0.55524 
639	7	0.36116 0.94609 0.05759 0.23003 0.93731 0.54094 
640	7	0.31841 0.95297 0.03512 0.22269 0.95968 0.51628 
641	7	0.17251 0.89714 0.15184 0.18640 0.84439 0.58777 
642	7	0.51472 0.81543 0.10656 0.39672 0.90555 0.37821 
643	7	0.23860 0.97850 0.11463 0.10344 0.88108 0.75725 
644	7	0.13288 0.96851 0.18437 0.06781 0.81146 0.81102 
645	7	0.13145 0.98307 0.14473 0.06844 0.85098 0.79700 
646	7	0.09072 0.96851 0.20310 0.06267 0.79295 0.81421 
647	7	0.15823 0.96642 0.18681 0.07971 0.80914 0.78783 
648	7	0.07874 0.99373 0.07512 0.05739 0.91984 0.79757 
649	7	0.10075 0.96703 0.21181 0.06605 0.78424 0.81492 
650	7	0.09722 0.97115 0.17731 0.06202 0.81844 0.81314 
651	7	0.10949 0.99411 0.08318 0.06018 0.91181 0.79924 
652	7	0.09631 0.97738 0.15796 0.06454 0.83784 0.80160 
653	7	0.18041 0.99491 0.06048 0.07950 0.93443 0.77131 
654	7	0.23722 0.96951 0.15534 0.10662 0.84062 0.75590 
655	7	0.23391 0.95136 0.13136 0.14117 0.86944 0.65347 
656	7	0.20716 0.99348 0.05985 0.09282 0.93505 0.75632 
657	7	0.18240 0.99441 0.06523 0.08325 0.92969 0.76849 
658	7	0.26069 0.96785 0.14452 0.11396 0.85163 0.74416 
659	7	0.24288 0.97257 0.15287 0.11265 0.84293 0.74813 
660	7	0.28432 0.97224 0.11468 0.13325 0.88066 0.70814 
661	7	0.25791 0.97725 0.12497 0.11512 0.87078 0.74518 
662	7	0.35857 0.82460 0.30603 0.23331 0.69088 0.58502 
663	7	0.29451 0.85247 0.27601 0.18708 0.72797 0.63005 
664	7	0.55252 0.81980 0.29405 0.35507 0.71050 0.52056 
665	7	0.53633 0.83636 0.19613 0.37027 0.81500 0.45415 
666	7	0.24969 0.81085 0.41213 0.17984 0.58612 0.64382 
667	7	0.24840 0.72392 0.47876 0.17074 0.59210 0.66022 
668	7	0.32731 0.80062 0.32538 0.21764 0.67089 0.60153 
669	7	0.31045 0.82310 0.27473 0.21177 0.72727 0.58932 
670	7	0.27026 0.79404 0.33529 0.18794 0.68451 0.62795 
671	7	0.27759 0.83962 0.29312 0.20581 0.73223 0.57420 
672	7	0.27518 0.75335 0.56425 0.14363 0.43383 0.71277 
673	7	0.66789 0.86576 0.13847 0.49632 0.85876 0.35810 
674	7	0.30440 0.85449 0.23815 0.18387 0.76360 0.61642 
675	7	0.22685 0.87014 0.26197 0.16217 0.73406 0.64279 
676	7	0.24528 0.82229 0.49906 0.12644 0.50242 0.76066 
677	7	0.25132 0.84477 0.27772 0.18779 0.71850 0.61891 
678	7	0.37191 0.84013 0.30800 0.21865 0.68856 0.60570 
679	7	0.36850 0.79477 0.34461 0.23068 0.66852 0.59075 
680	7	0.29925 0.82495 0.32821 0.16937 0.66790 0.66956 
681	7	0.53985 0.73494 0.43249 0.34576 0.60326 0.53352 
682	7	0.20888 0.80115 0.33456 0.16585 0.66168 0.64330 
683	7	0.24495 0.73796 0.41810 0.16758 0.58828 0.64416 
684	7	0.25611 0.85638 0.29136 0.16097 0.70505 0.66958 
685	7	0.42632 0.88496 0.21866 0.25652 0.78704 0.57275 
686	7	0.60889 0.90222 0.10680 0.42684 0.88886 0.42631 
687	7	0.57544 0.88269 0.16748 0.38869 0.82870 0.47543 
688	7	0.63821 0.70077 0.39034 0.44187 0.60648 0.47076 
689	7	0.60126 0.89318 0.15518 0.41486 0.84144 0.45643 
690	7	0.43499 0.66242 0.52837 0.23951 0.47050 0.63514 
691	7	0.65688 0.55848 0.53818 0.45743 0.46005 0.47853 
692	7	0.61489 0.83350 0.22482 0.42393 0.77248 0.46377 
693	7	0.69962 0.52300 0.45874 0.51600 0.53921 0.41270 
694	7	0.43227 0.47221 0.78717 0.26160 0.21208 0.58867 
695	7	0.28017 0.83628 0.42521 0.15211 0.61247 0.70263 
696	7	0.54707 0.85034 0.18946 0.37306 0.81798 0.44791 
697	7	0.34805 0.85082 0.24734 0.24937 0.75044 0.55281 
698	7	0.38643 0.64082 0.55664 0.22606 0.48455 0.62853 
699	7	0.27095 0.72649 0.43139 0.20893 0.57171 0.61565 
700	8	0.94614 0.57443 0.18379 0.90165 0.81729 0.08600 
701	8	0.87735 0.75188 0.16038 0.78866 0.86131 0.16116 
702	8	0.85783 0.62051 0.27649 0.75256 0.74503 0.20911 
703	8	0.75909 0.75558 0.35237 0.59829 0.66598 0.35502 
704	8	0.84799 0.83242 0.15176 0.74461 0.85334 0.19156 
705	8	0.44825 0.68252 0.50243 0.33099 0.50440 0.48690 
706	8	0.92445 0.87309 0.12159 0.86317 0.88371 0.12348 
707	8	0.71279 0.63384 0.45879 0.53723 0.54781 0.38975 
708	8	0.87896 0.73978 0.26648 0.78838 0.78539 0.18974 
709	8	0.53763 0.60821 0.48385 0.36789 0.52140 0.47379 
710	8	0.79507 0.84882 0.21162 0.65805 0.80002 0.28628 
711	8	0.46053 0.78819 0.39588 0.34393 0.63881 0.48671 
712	8	0.52417 0.71025 0.49928 0.36042 0.53091 0.49484 
713	8	0.78392 0.81342 0.32188 0.63606 0.71624 0.33120 
714	8	0.67714 0.68577 0.51587 0.48675 0.52302 0.46121 
715	8	0.65532 0.70503 0.63023 0.45396 0.45343 0.51118 
716	8	0.76881 0.77675 0.36203 0.61091 0.65588 0.36114 
717	8	0.73836 0.76630 0.37819 0.56688 0.63761 0.39381 
718	8	0.68945 0.68527 0.55122 0.50107 0.50497 0.44961 
719	8	0.37774 0.74129 0.46071 0.31160 0.56231 0.50660 
720	8	0.76520 0.68899 0.30388 0.62161 0.71601 0.30439 
721	8	0.52704 0.85020 0.23046 0.42249 0.78320 0.38164 
722	8	0.69384 0.65245 0.63849 0.50360 0.42048 0.46647 
723	8	0.68572 0.59609 0.63613 0.49789 0.39125 0.43968 
724	8	0.45969 0.73263 0.36243 0.39004 0.68599 0.40799 
725	8	0.79993 0.51077 0.45722 0.65831 0.55949 0.30561 
726	8	0.39630 0.84840 0.28258 0.34879 0.75355 0.45750 
727	8	0.64099 0.54361 0.59797 0.45404 0.41713 0.44482 
728	8	0.36339 0.89514 0.19086 0.35620 0.82354 0.43646 
729	8	0.51810 0.64241 0.56408 0.35915 0.46910 0.49111 
730	8	0.38639 0.80918 0.35251 0.34203 0.68566 0.47171 
731	8	0.79713 0.82665 0.17168 0.68129 0.85373 0.21059 
732	8	0.44910 0.66719 0.53051 0.33281 0.48640 0.49182 
733	8	0.52099 0.73242 0.43166 0.37285 0.59958 0.45964 
734	8	0.87350 0.86025 0.16620 0.77935 0.84966 0.18265 
735	8	0.61910 0.79212 0.27030 0.48161 0.78049 0.35738 
736	8	0.72766 0.82239 0.28494 0.57861 0.78165 0.32721 
737	8	0.74513 0.74595 0.14755 0.63030 0.86656 0.20444 
738	8	0.64046 0.80028 0.22639 0.50541 0.79449 0.32666 
739	8	0.81753 0.80610 0.23768 0.69737 0.79565 0.24202 
740	8	0.68999 0.73690 0.51583 0.50087 0.50588 0.46226 
741	8	0.87262 0.82178 0.18256 0.78010 0.83663 0.18265 
742	8	0.68734 0.81737 0.28584 0.54009 0.78419 0.33971 
743	8	0.56454 0.84824 0.29296 0.41910 0.73474 0.42728 
744	8	0.67348 0.79610 0.23583 0.52846 0.78811 0.32430 
745	8	0.57946 0.86671 0.20395 0.44437 0.81198 0.38759 
746	8	0.69148 0.83744 0.15242 0.55522 0.86019 0.29184 
747	8	0.47171 0.86854 0.09594 0.44799 0.90394 0.29708 
748	8	0.56083 0.82087 0.21664 0.44864 0.80732 0.35710 
749	8	0.61371 0.71503 0.20620 0.51088 0.82105 0.27746 
750	8	0.62154 0.81181 0.17004 0.51080 0.85248 0.28482 
751	8	0.65488 0.72676 0.22294 0.53780 0.80923 0.27247 
752	8	0.73825 0.79669 0.28637 0.59450 0.75731 0.31167 
753	8	0.73236 0.78543 0.23697 0.59423 0.80459 0.28670 
754	8	0.49897 0.83502 0.28058 0.38498 0.76082 0.43177 
755	8	0.66668 0.82194 0.27608 0.51196 0.76395 0.36290 
756	8	0.58973 0.84833 0.26285 0.43895 0.76560 0.41178 
757	8	0.79190 0.71844 0.31626 0.66742 0.76744 0.25297 
758	8	0.75673 0.72813 0.32335 0.61152 0.69590 0.31194 
759	8	0.81711 0.84061 0.17660 0.70059 0.83839 0.22584 
760	8	0.86824 0.78553 0.24170 0.77087 0.79416 0.20420 
761	8	0.58274 0.76283 0.23755 0.46881 0.79374 0.33463 
762	8	0.51255 0.84329 0.22161 0.40360 0.80396 0.40017 
763	8	0.72048 0.64342 0.36159 0.56722 0.65610 0.33982 
764	8	0.59244 0.95230 0.06239 0.46935 0.93252 0.33062 
765	8	0.76976 0.65468 0.22731 0.64135 0.80363 0.23758 
766	8	0.60726 0.82797 0.15370 0.47211 0.86179 0.32451 
767	8	0.43430 0.80261 0.49601 0.26535 0.56888 0.59517 
768	8	0.61398 0.86397 0.29680 0.43293 0.73108 0.44421 
769	8	0.61892 0.09355 0.71276 0.42379 0.30599 0.44870 
770	8	0.75810 0.50243 0.26798 0.62682 0.73433 0.25092 
771	8	0.57116 0.24733 0.57644 0.40390 0.43172 0.42648 
772	8	0.50295 0.27201 0.46668 0.40346 0.56453 0.36252 
773	8	0.52283 0.44500 0.52074 0.33659 0.49345 0.51205 
774	8	0.39573 0.62629 0.62022 0.24508 0.38925 0.59589 
775	8	0.69247 0.81297 0.26516 0.53085 0.76640 0.36175 
776	8	0.45736 0.78650 0.23196 0.40406 0.78461 0.37325 
777	8	0.56783 0.75087 0.16772 0.48167 0.83811 0.28275 
778	8	0.57149 0.56630 0.43643 0.42508 0.57960 0.42532 
779	8	0.54822 0.56700 0.66574 0.34951 0.35555 0.54224 
780	8	0.72270 0.49383 0.43026 0.56059 0.58685 0.34618 
781	8	0.60118 0.56879 0.25785 0.49584 0.76711 0.28481 
782	8	0.51578 0.63609 0.22615 0.45416 0.78004 0.30015 
783	8	0.47125 0.59709 0.33225 0.40437 0.67864 0.36518 
784	8	0.49121 0.58146 0.30488 0.42840 0.71129 0.33056 
785	8	0.32286 0.57393 0.73824 0.21455 0.27456 0.61179 
786	8	0.66007 0.68242 0.36022 0.48932 0.65239 0.38673 
787	8	0.43818 0.53441 0.42035 0.36899 0.59034 0.41160 
788	8	0.58963 0.51400 0.43581 0.43524 0.57842 0.41700 
789	8	0.62347 0.65993 0.34808 0.47999 0.67129 0.35296 
790	8	0.57550 0.23317 0.67896 0.37458 0.32809 0.48748 
791	8	0.46074 0.49742 0.68767 0.28456 0.33497 0.58894 
792	8	0.54826 0.64876 0.27790 0.43530 0.76211 0.36264 
793	8	0.63031 0.43419 0.50545 0.44110 0.51209 0.44540 
794	8	0.22788 0.85573 0.58174 0.09942 0.42425 0.82957 
795	8	0.23542 0.88232 0.49628 0.10709 0.50709 0.79924 
796	8	0.24127 0.84592 0.64998 0.09563 0.36268 0.84544 
797	8	0.17432 0.85588 0.71251 0.05552 0.30578 0.90136 
798	8	0.30147 0.85377 0.61212 0.12944 0.39130 0.80161 
799	8	0.28196 0.86106 0.63485 0.11262 0.36945 0.82754 
800	9	0.59110 0.93602 0.11165 0.46099 0.91412 0.35755 
801	9	0.51577 0.93653 0.17942 0.35596 0.85064 0.48819 
802	9	0.56524 0.95530 0.21790 0.37401 0.80560 0.52156 
803	9	0.71768 0.84792 0.22537 0.55160 0.79096 0.37053 
804	9	0.50990 0.91585 0.11228 0.39334 0.89929 0.40064 
805	9	0.43686 0.90533 0.24750 0.29228 0.77465 0.55300 
806	9	0.80215 0.84869 0.17466 0.67192 0.85489 0.25921 
807	9	0.56170 0.88377 0.19539 0.41599 0.82274 0.41419 
808	9	0.77762 0.89397 0.12336 0.64129 0.88639 0.26403 
809	9	0.77555 0.90221 0.01096 0.67741 0.99089 0.13671 
810	9	0.94606 0.88764 0.09978 0.90166 0.92992 0.08592 
811	9	0.70560 0.77914 0.22205 0.55984 0.79638 0.30689 
812	9	0.78027 0.88989 0.27133 0.62784 0.76906 0.35355 
813	9	0.65955 0.89828 0.27608 0.46981 0.76103 0.45112 
814	9	0.82142 0.91246 0.17348 0.69283 0.85173 0.27026 
815	9	0.73903 0.87054 0.31597 0.56795 0.72941 0.40429 
816	9	0.82892 0.90573 0.14448 0.70781 0.87683 0.25113 
817	9	0.73181 0.85092 0.08811 0.60684 0.91100 0.22947 
818	9	0.51300 0.93737 0.15558 0.40051 0.87588 0.41715 
819	9	0.40343 0.96364 0.09025 0.39964 0.90905 0.37012 
820	9	0.82845 0.88917 0.16109 0.70625 0.86546 0.24709 
821	9	0.46874 0.91554 0.23406 0.34772 0.78479 0.48759 
822	9	0.70852 0.89214 0.10076 0.59235 0.91441 0.22282 
823	9	0.75696 0.92087 0.20118 0.59879 0.81952 0.35046 
824	9	0.75169 0.95130 0.15236 0.59238 0.86238 0.35264 
825	9	0.95187 0.89329 0.06955 0.91507 0.94425 0.05231 
826	9	0.82945 0.87473 0.16047 0.70897 0.84891 0.24282 
827	9	0.97203 0.75082 0.20074 0.94662 0.81899 0.06964 
828	9	0.72917 0.84512 0.06895 0.61793 0.93405 0.19851 
829	9	0.88001 0.65714 0.28756 0.78727 0.72167 0.19240 
830	9	0.52350 0.86211 0.21577 0.39698 0.80569 0.42203 
831	9	0.49142 0.79699 0.24034 0.37248 0.76411 0.43012 
832	9	0.53497 0.88084 0.15050 0.41400 0.85162 0.38629 
833	9	0.39208 0.93372 0.09845 0.38510 0.90953 0.38928 
834	9	0.51111 0.90270 0.08954 0.43852 0.90659 0.33072 
835	9	0.38815 0.91954 0.19447 0.34486 0.82978 0.45532 
836	9	0.39739 0.94655 0.11721 0.32632 0.88398 0.46699 
837	9	0.60699 0.88493 0.20599 0.44055 0.80565 0.41313 
838	9	0.49376 0.93144 0.13408 0.37562 0.87040 0.43409 
839	9	0.69313 0.93401 0.04232 0.55781 0.95983 0.26564 
840	9	0.90154 0.92630 0.06201 0.83244 0.95576 0.10381 
841	9	0.86662 0.91454 0.11118 0.77022 0.89935 0.17996 
842	9	0.73854 0.95864 0.00350 0.62623 0.99243 0.19254 
843	9	0.95544 0.91756 0.11156 0.91708 0.89894 0.08888 
844	9	0.59310 0.89054 0.14017 0.48370 0.89147 0.31297 
845	9	0.70087 0.94324 0.03221 0.59453 0.97825 0.20161 
846	9	0.66250 0.94019 0.05046 0.54206 0.94988 0.26228 
847	9	0.37565 0.94381 0.10893 0.34610 0.89577 0.44718 
848	9	0.61429 0.92744 0.13068 0.45919 0.88480 0.38657 
849	9	0.57047 0.76736 0.40065 0.37087 0.61193 0.51793 
850	9	0.82286 0.72772 0.28249 0.69440 0.72670 0.26741 
851	9	0.63776 0.81346 0.19893 0.46764 0.80331 0.39101 
852	9	0.58034 0.78854 0.21431 0.45147 0.78574 0.34755 
853	9	0.59018 0.84345 0.21495 0.39807 0.79129 0.46357 
854	9	0.55273 0.87951 0.20351 0.36662 0.80419 0.47834 
855	9	0.50772 0.84252 0.27296 0.32253 0.74501 0.53090 
856	9	0.50016 0.85673 0.37704 0.28644 0.63873 0.61772 
857	9	0.57805 0.76809 0.30861 0.42155 0.71074 0.41786 
858	9	0.70068 0.73490 0.28647 0.54697 0.71745 0.33900 
859	9	0.37624 0.81724 0.25184 0.31646 0.75857 0.47551 
860	9	0.54384 0.77292 0.35909 0.34483 0.65113 0.53232 
861	9	0.49455 0.84448 0.25966 0.32119 0.74912 0.52160 
862	9	0.38477 0.87929 0.25694 0.26726 0.75268 0.54306 
863	9	0.70750 0.79656 0.26265 0.55234 0.75045 0.32748 
864	9	0.45869 0.91686 0.29255 0.30414 0.74804 0.56202 
865	9	0.78209 0.88112 0.16715 0.63892 0.85404 0.28508 
866	9	0.72691 0.87410 0.19254 0.56326 0.82394 0.35987 
867	9	0.62595 0.87511 0.09389 0.49858 0.91584 0.29539 
868	9	0.32972 0.85360 0.25859 0.29480 0.76071 0.50798 
869	9	0.46896 0.82779 0.42266 0.28242 0.59518 0.59407 
870	9	0.48326 0.89106 0.14154 0.40722 0.87505 0.37912 
871	9	0.48760 0.81773 0.34849 0.33363 0.66333 0.51212 
872	9	0.33859 0.91065 0.21290 0.29247 0.80416 0.51672 
873	9	0.44527 0.92830 0.20810 0.33151 0.81213 0.50298 
874	9	0.39712 0.90572 0.15591 0.34531 0.86521 0.44316 
875	9	0.47531 0.87425 0.17385 0.36053 0.82888 0.42720 
876	9	0.41676 0.87977 0.19436 0.36229 0.82480 0.43248 
877	9	0.58518 0.87134 0.19852 0.41708 0.80842 0.42639 
878	9	0.53327 0.57898 0.62447 0.32767 0.38302 0.55779 
879	9	0.53778 0.67918 0.55367 0.33173 0.45854 0.56165 
880	9	0.52550 0.79916 0.36692 0.36140 0.65011 0.48882 
881	9	0.48230 0.84107 0.32919 0.32935 0.69343 0.51145 
882	9	0.43131 0.82112 0.63773 0.21825 0.37706 0.72126 
883	9	0.42904 0.70594 0.66318 0.22334 0.35544 0.67639 
884	9	0.40121 0.93408 0.16547 0.35245 0.86247 0.45039 
885	9	0.56552 0.95475 0.05246 0.46053 0.94810 0.32710 
886	9	0.38815 0.93362 0.09588 0.39370 0.91604 0.37767 
887	9	0.71148 0.86681 0.26295 0.53974 0.75851 0.39222 
888	9	0.71301 0.89916 0.12747 0.56568 0.87791 0.30440 
889	9	0.49149 0.92604 0.14069 0.37202 0.88022 0.44474 
890	9	0.32556 0.91878 0.25697 0.28098 0.77216 0.55070 
891	9	0.84683 0.89177 0.16307 0.73317 0.86773 0.23617 
892	9	0.93124 0.92943 0.11829 0.87618 0.92785 0.10755 
893	9	0.61722 0.90470 0.23094 0.43141 0.79365 0.46537 
894	9	0.80400 0.90559 0.14644 0.66924 0.86772 0.26698 
895	9	0.48771 0.87448 0.27247 0.34493 0.74865 0.49719 
896	9	0.66977 0.89811 0.24546 0.48267 0.78501 0.42389 
897	9	0.70092 0.84213 0.22737 0.54263 0.79847 0.33920 
898	9	0.63151 0.89145 0.11441 0.48051 0.89561 0.35105 
899	9	0.52295 0.86862 0.27639 0.36285 0.75165 0.48377 
900	10	0.14420 0.90660 0.66992 0.04060 0.41366 0.91982 
901	10	0.08897 0.90113 0.71936 0.01813 0.32174 0.96446 
902	10	0.06946 0.88193 0.78890 0.01422 0.26183 0.97753 
903	10	0.10165 0.89490 0.68514 0.02239 0.35112 0.94869 
904	10	0.22793 0.90953 0.51478 0.07837 0.50086 0.86223 
905	10	0.03893 0.89359 0.72596 0.01079 0.32147 0.97289 
906	10	0.03363 0.89683 0.72285 0.00563 0.33198 0.97545 
907	10	0.04380 0.89003 0.75002 0.00231 0.30475 1.00000 
908	10	0.03581 0.87814 0.83187 0.00963 0.26220 0.98524 
909	10	0.01642 0.89246 0.73422 0.00140 0.32454 0.98802 
910	10	0.03746 0.89172 0.70290 0.01808 0.34471 0.95286 
911	10	0.00000 0.90088 0.74073 0.00000 0.35943 0.99068 
912	10	0.02434 0.91162 0.63768 0.01180 0.42854 0.95997 
913	10	0.03335 0.90984 0.58946 0.02467 0.48016 0.93490 
914	10	0.18189 0.91755 0.35369 0.08575 0.65009 0.80200 
915	10	0.12160 0.89794 0.58738 0.03898 0.48515 0.91255 
916	10	0.06571 0.91614 0.55266 0.03573 0.50064 0.91168 
917	10	0.05445 0.89900 0.70707 0.01720 0.31487 0.96116 
918	10	0.08874 0.90968 0.67952 0.03418 0.38034 0.92895 
919	10	0.11368 0.92936 0.55030 0.03733 0.46682 0.91497 
920	10	0.12837 0.90701 0.50933 0.05230 0.53513 0.88250 
921	10	0.10098 0.91264 0.56405 0.04184 0.50967 0.90553 
922	10	0.15489 0.91188 0.38291 0.09322 0.64001 0.79553 
923	10	0.12398 0.93953 0.44316 0.06364 0.57750 0.85722 
924	10	0.15144 0.93065 0.57235 0.04813 0.48725 0.89889 
925	10	0.17406 0.93776 0.41000 0.08295 0.59959 0.83457 
926	10	0.09444 0.91082 0.48451 0.07732 0.57152 0.82443 
927	10	0.20540 0.91173 0.46889 0.09857 0.58892 0.80533 
928	10	0.26069 0.93371 0.35301 0.12260 0.65980 0.77079 
929	10	0.13771 0.94913 0.37584 0.05917 0.64333 0.85309 
930	10	0.19263 0.94122 0.39818 0.08705 0.62110 0.82160 
931	10	0.08420 0.95289 0.40040 0.03627 0.60868 0.89257 
932	10	0.07300 0.91902 0.52101 0.03958 0.51042 0.90206 
933	10	0.14143 0.92754 0.45299 0.05975 0.57608 0.85942 
934	10	0.22449 0.94311 0.29718 0.10652 0.70344 0.77047 
935	10	0.12877 0.92713 0.41181 0.05960 0.61335 0.84978 
936	10	0.25186 0.93785 0.46548 0.09654 0.55155 0.84823 
937	10	0.16787 0.90073 0.37008 0.08102 0.62975 0.81071 
938	10	0.14077 0.91769 0.57000 0.07381 0.51371 0.85663 
939	10	0.13834 0.91745 0.56922 0.05115 0.48441 0.88786 
940	10	0.22425 0.93229 0.49407 0.10995 0.55772 0.80582 
941	10	0.29299 0.94117 0.45529 0.12883 0.60133 0.79185 
942	10	0.23038 0.92302 0.46869 0.10659 0.58130 0.78852 
943	10	0.17410 0.92175 0.60988 0.05312 0.48242 0.90390 
944	10	0.16303 0.93393 0.49372 0.09852 0.56608 0.82098 
945	10	0.13875 0.92428 0.49637 0.06552 0.54674 0.84922 
946	10	0.17960 0.93914 0.54813 0.08332 0.51950 0.83583 
947	10	0.12993 0.92881 0.48024 0.07263 0.55509 0.83954 
948	10	0.13760 0.91055 0.58779 0.07299 0.49636 0.86249 
949	10	0.28757 0.92583 0.26755 0.20919 0.79683 0.62158 
950	10	0.27668 0.93371 0.30732 0.20136 0.72994 0.65834 
951	10	0.20000 0.93692 0.31338 0.14988 0.70767 0.70126 
952	10	0.23509 0.93062 0.47910 0.10471 0.57211 0.81387 
953	10	0.19954 0.90483 0.47716 0.12001 0.55614 0.76077 
954	10	0.07846 0.88768 0.62434 0.04522 0.45258 0.89966 
955	10	0.11579 0.90701 0.68869 0.04106 0.41673 0.92181 
956	10	0.06714 0.88235 0.62451 0.04339 0.43915 0.89038 
957	10	0.13748 0.91275 0.61573 0.06286 0.43599 0.88831 
958	10	0.17386 0.91185 0.66356 0.09781 0.45188 0.85629 
959	10	0.18028 0.91694 0.62764 0.05295 0.40903 0.91324 
960	10	0.03358 0.88497 0.66551 0.02361 0.37378 0.93846 
961	10	0.05849 0.89612 0.56567 0.04049 0.47492 0.89439 
962	10	0.19097 0.83357 0.66618 0.07982 0.43664 0.86145 
963	10	0.29578 0.91587 0.41483 0.13609 0.61365 0.76702 
964	10	0.22740 0.88207 0.47409 0.12341 0.55621 0.77936 
965	10	0.12799 0.85410 0.65294 0.06070 0.44600 0.88402 
966	10	0.20849 0.90845 0.44168 0.10066 0.61266 0.80186 
967	10	0.19790 0.86317 0.59382 0.07803 0.46914 0.86144 
968	10	0.30757 0.93150 0.58850 0.13452 0.47163 0.80773 
969	10	0.31136 0.92963 0.39605 0.15225 0.63484 0.74995 
970	10	0.05101 0.88426 0.65829 0.03992 0.39842 0.90854 
971	10	0.14839 0.90554 0.65403 0.04934 0.44369 0.90598 
972	10	0.15400 0.90307 0.68869 0.04420 0.41202 0.92605 
973	10	0.13934 0.92135 0.57343 0.04565 0.47253 0.90695 
974	10	0.12597 0.91659 0.52845 0.04941 0.51706 0.89007 
975	10	0.05485 0.92595 0.64707 0.02497 0.47271 0.93855 
976	10	0.18502 0.90233 0.53322 0.05733 0.49895 0.89160 
977	10	0.07558 0.93143 0.51778 0.03005 0.50048 0.92050 
978	10	0.11173 0.93550 0.45309 0.04233 0.55479 0.89147 
979	10	0.07970 0.89720 0.57622 0.04367 0.46716 0.90026 
980	10	0.18561 0.89019 0.60095 0.05968 0.43841 0.89945 
981	10	0.14522 0.92932 0.55817 0.04476 0.45695 0.91337 
982	10	0.16954 0.92299 0.57513 0.05694 0.45725 0.89426 
983	10	0.12936 0.89869 0.53226 0.04556 0.48778 0.89143 
984	10	0.05258 0.93494 0.44831 0.02620 0.57737 0.91425 
985	10	0.22793 0.95260 0.40812 0.08072 0.60975 0.85173 
986	10	0.22885 0.94179 0.46721 0.08450 0.56282 0.84384 
987	10	0.19763 0.95091 0.40170 0.07621 0.63406 0.84210 
988	10	0.26515 0.95626 0.38193 0.10782 0.64034 0.80858 
989	10	0.15283 0.86593 0.57844 0.06992 0.46076 0.86023 
990	10	0.21210 0.95239 0.37057 0.08480 0.63981 0.82371 
991	10	0.32189 0.94322 0.44548 0.13376 0.56459 0.79907 
992	10	0.18889 0.95353 0.37814 0.11322 0.64729 0.76827 
993	10	0.21859 0.93104 0.54156 0.07730 0.51395 0.86533 
994	10	0.19286 0.94243 0.33296 0.10814 0.68165 0.78635 
995	10	0.24229 0.94367 0.49351 0.10358 0.55736 0.82150 
996	10	0.12829 0.92739 0.47787 0.05855 0.55490 0.86952 
997	10	0.17030 0.94329 0.31491 0.11994 0.69539 0.76061 
998	10	0.21477 0.94819 0.41247 0.09201 0.61795 0.82385 
999	10	0.18757 0.94605 0.32777 0.10794 0.67957 0.79498 
1000	11	0.64275 0.98980 0.01616 0.50333 0.97857 0.32383 
1001	11	0.70626 0.96935 0.14248 0.53373 0.87999 0.38837 
1002	11	0.86196 0.92278 0.06368 0.76096 0.93593 0.17448 
1003	11	0.53472 0.89621 0.18416 0.40112 0.81855 0.41590 
1004	11	0.86172 0.96984 0.04539 0.76419 0.95654 0.17943 
1005	11	0.54136 0.91180 0.12040 0.42033 0.88023 0.37468 
1006	11	0.54755 0.95310 0.08635 0.39998 0.91872 0.40445 
1007	11	0.46237 0.88057 0.11480 0.42881 0.88350 0.32643 
1008	11	0.73770 0.94338 0.07345 0.59119 0.92830 0.28849 
1009	11	0.74576 0.93924 0.09146 0.60356 0.90903 0.27967 
1010	11	0.79147 0.96246 0.06257 0.66205 0.94328 0.24561 
1011	11	0.64560 0.88380 0.14950 0.47420 0.85420 0.38962 
1012	11	0.70815 0.94751 0.06065 0.56038 0.94077 0.29694 
1013	11	0.71747 0.93255 0.09540 0.56941 0.90637 0.30109 
1014	11	0.91532 0.95653 0.02811 0.85272 0.97751 0.09772 
1015	11	0.67283 0.93045 0.08576 0.52867 0.91627 0.31244 
1016	11	0.80872 0.95419 0.09527 0.68012 0.91670 0.25648 
1017	11	0.79439 0.94664 0.08433 0.66310 0.92506 0.24648 
1018	11	0.84664 0.94333 0.09441 0.73575 0.91468 0.21530 
1019	11	0.57207 0.91977 0.11980 0.43586 0.87775 0.38062 
1020	11	0.88538 0.95310 0.07227 0.79901 0.93341 0.16375 
1021	11	0.52054 0.91243 0.13758 0.38007 0.86803 0.43129 
1022	11	0.88247 0.95301 0.06662 0.79492 0.94396 0.15091 
1023	11	0.42482 0.94622 0.13187 0.33351 0.88097 0.46477 
1024	11	0.70900 0.94451 0.08862 0.57273 0.92248 0.27997 
1025	11	0.87530 0.96417 0.08648 0.77913 0.92203 0.20070 
1026	11	0.79848 0.95149 0.12240 0.65634 0.88998 0.31384 
1027	11	0.95252 0.94157 0.03232 0.91329 0.96976 0.06921 
1028	11	0.74636 0.92440 0.09622 0.60046 0.90768 0.29703 
1029	11	0.84222 0.95999 0.08860 0.72982 0.92731 0.22104 
1030	11	0.50205 0.93374 0.11128 0.41127 0.89114 0.37582 
1031	11	0.78612 0.94478 0.05674 0.65540 0.94639 0.23912 
1032	11	0.93819 0.92502 0.04270 0.88761 0.95647 0.08527 
1033	11	0.54221 0.92252 0.12486 0.43817 0.88368 0.35217 
1034	11	0.84812 0.94117 0.12245 0.73456 0.88888 0.24665 
1035	11	0.80821 0.95331 0.06841 0.68699 0.93905 0.22476 
1036	11	0.89340 0.88884 0.06600 0.81414 0.93725 0.14242 
1037	11	0.75315 0.89825 0.05761 0.64308 0.94529 0.18603 
1038	11	0.53509 0.97154 0.19643 0.34517 0.83231 0.53855 
1039	11	0.49944 0.97121 0.15524 0.34580 0.85759 0.50266 
1040	11	0.74725 0.94532 0.09482 0.59539 0.90764 0.30682 
1041	11	0.85967 0.97035 0.11679 0.75371 0.90243 0.22694 
1042	11	0.72763 0.94637 0.07210 0.58595 0.93643 0.28911 
1043	11	0.68789 0.86375 0.21455 0.53362 0.78995 0.33355 
1044	11	0.77993 0.94750 0.10285 0.63422 0.90072 0.29022 
1045	11	0.79067 0.92005 0.10529 0.65840 0.89334 0.25044 
1046	11	0.51836 0.90940 0.14533 0.40632 0.85900 0.39797 
1047	11	0.88222 0.93862 0.04068 0.80177 0.96115 0.13095 
1048	11	0.45454 0.97767 0.14395 0.32376 0.87676 0.50915 
1049	11	0.50403 0.97036 0.09821 0.39230 0.91383 0.41937 
1050	11	0.37651 0.93514 0.09855 0.37484 0.90142 0.39528 
1051	11	0.73386 0.92869 0.09173 0.57199 0.90878 0.33453 
1052	11	0.64796 0.95786 0.13401 0.48535 0.87693 0.38088 
1053	11	0.58228 0.87469 0.20926 0.42956 0.79874 0.40152 
1054	11	0.88927 0.86722 0.04640 0.81812 0.95322 0.09130 
1055	11	0.63169 0.75459 0.17672 0.52029 0.82301 0.26269 
1056	11	0.76470 0.88355 0.11574 0.61333 0.88636 0.30708 
1057	11	0.66040 0.91040 0.09734 0.49911 0.90285 0.35547 
1058	11	0.54358 0.77258 0.14169 0.46998 0.85567 0.28403 
1059	11	0.71168 0.95362 0.09476 0.55257 0.91006 0.32992 
1060	11	0.67575 0.91273 0.12999 0.52784 0.87170 0.32278 
1061	11	0.82611 0.90258 0.08549 0.70132 0.91376 0.24787 
1062	11	0.42599 0.88444 0.21307 0.33817 0.79199 0.46340 
1063	11	0.78180 0.90882 0.07804 0.63897 0.92163 0.27525 
1064	11	0.57536 0.92436 0.15773 0.43095 0.84623 0.39941 
1065	11	0.47118 0.91594 0.14375 0.35473 0.85955 0.44852 
1066	11	0.63427 0.92966 0.13924 0.48926 0.86941 0.35084 
1067	11	0.56484 0.94370 0.19539 0.37515 0.82184 0.50697 
1068	11	0.86822 0.92733 0.11197 0.77277 0.89978 0.18171 
1069	11	0.86348 0.95416 0.10401 0.75897 0.90448 0.22550 
1070	11	0.90384 0.96867 0.06249 0.82927 0.94546 0.14164 
1071	11	0.72440 0.94168 0.10969 0.57724 0.90092 0.30847 
1072	11	0.44396 0.90579 0.16847 0.36161 0.83414 0.43197 
1073	11	0.79561 0.91790 0.14153 0.65246 0.86704 0.31026 
1074	11	0.67223 0.95135 0.08897 0.50764 0.91255 0.36584 
1075	11	0.75776 0.95343 0.08260 0.59987 0.92154 0.32558 
1076	11	0.70320 0.92288 0.10720 0.54054 0.89369 0.34587 
1077	11	0.76945 0.95853 0.09081 0.61768 0.91382 0.32272 
1078	11	0.49968 0.93438 0.10573 0.42163 0.90132 0.35223 
1079	11	0.53082 0.95769 0.11274 0.41637 0.90568 0.39289 
1080	11	0.65058 0.96231 0.09424 0.49401 0.92182 0.36427 
1081	11	0.46183 0.95963 0.16556 0.34803 0.87077 0.48156 
1082	11	0.58978 0.97306 0.12288 0.42216 0.89096 0.43870 
1083	11	0.72516 0.95958 0.15202 0.55422 0.86492 0.39368 
1084	11	0.68537 0.96787 0.10556 0.52436 0.90608 0.34947 
1085	11	0.60456 0.96283 0.12911 0.43747 0.88014 0.43416 
1086	11	0.42123 0.94194 0.17344 0.33372 0.84075 0.47213 
1087	11	0.82471 0.93054 0.03083 0.71966 0.97267 0.17280 
1088	11	0.45279 0.97622 0.13388 0.28973 0.87662 0.55696 
1089	11	0.33387 0.98287 0.06790 0.26104 0.93294 0.55236 
1090	11	0.31493 0.97325 0.16361 0.22226 0.85504 0.61830 
1091	11	0.33182 0.97305 0.13905 0.24361 0.87268 0.59801 
1092	11	0.41530 0.96779 0.06804 0.34465 0.93691 0.45328 
1093	11	0.35584 0.97061 0.07002 0.32780 0.93468 0.46193 
1094	11	0.35257 0.96939 0.10061 0.29708 0.91146 0.51328 
1095	11	0.37143 0.96714 0.14813 0.27098 0.86835 0.56753 
1096	11	0.47974 0.94942 0.03269 0.40498 0.96824 0.35817 
1097	11	0.48456 0.93651 0.04371 0.41362 0.95732 0.35096 
1098	11	0.35040 0.94914 0.08070 0.32714 0.92427 0.44908 
1099	11	0.51899 0.95326 0.10408 0.36068 0.89985 0.47301 
1100	12	0.82988 0.94285 0.00673 0.71813 0.98914 0.18699 
1101	12	0.68778 0.89801 0.09332 0.52629 0.91528 0.34063 
1102	12	0.55730 0.92139 0.16173 0.36809 0.84873 0.48752 
1103	12	0.61304 0.95602 0.11503 0.41847 0.88520 0.46341 
1104	12	0.83214 0.92077 0.06674 0.71435 0.93255 0.21955 
1105	12	0.78871 0.92993 0.05553 0.64969 0.94054 0.26494 
1106	12	0.91354 0.94514 0.02579 0.84657 0.97143 0.11590 
1107	12	0.72657 0.92520 0.10860 0.55816 0.89795 0.36599 
1108	12	0.55556 0.94372 0.06247 0.38543 0.93605 0.42096 
1109	12	0.75857 0.92758 0.04876 0.61061 0.94685 0.28136 
1110	12	0.65335 0.91176 0.10894 0.47346 0.89716 0.40043 
1111	12	0.72777 0.89959 0.11192 0.56216 0.89389 0.35048 
1112	12	0.84323 0.91303 0.04423 0.73368 0.95383 0.19141 
1113	12	0.45666 0.90881 0.08505 0.35764 0.91504 0.42487 
1114	12	0.81084 0.91143 0.03141 0.69902 0.97307 0.17914 
1115	12	0.59284 0.93198 0.04801 0.47735 0.95197 0.30981 
1116	12	0.61054 0.90143 0.13841 0.45568 0.87652 0.38695 
1117	12	0.45486 0.92895 0.14612 0.31871 0.86251 0.49759 
1118	12	0.42294 0.88800 0.06600 0.42195 0.93006 0.31889 
1119	12	0.85907 0.94035 0.03619 0.75648 0.96297 0.18671 
1120	12	0.49578 0.93284 0.13055 0.32604 0.86968 0.49948 
1121	12	0.60738 0.93503 0.10036 0.42534 0.90017 0.41758 
1122	12	0.68241 0.90696 0.13662 0.49966 0.86579 0.40192 
1123	12	0.71397 0.92621 0.08678 0.54814 0.91829 0.33259 
1124	12	0.55857 0.92456 0.15532 0.36585 0.84593 0.48727 
1125	12	0.83384 0.90455 0.04269 0.72226 0.95303 0.19987 
1126	12	0.88374 0.92772 0.02510 0.79881 0.97191 0.14225 
1127	12	0.70791 0.95927 0.04641 0.53912 0.94904 0.34981 
1128	12	0.93106 0.91974 0.00452 0.87742 0.99341 0.07676 
1129	12	0.69028 0.92753 0.10907 0.51315 0.89167 0.38442 
1130	12	0.65793 0.92098 0.09791 0.48509 0.89946 0.37752 
1131	12	0.89319 0.90669 0.02981 0.81350 0.97026 0.13233 
1132	12	0.90670 0.94906 0.00000 0.83668 1.00000 0.10581 
1133	12	0.32750 0.98099 0.05648 0.26179 0.93841 0.54570 
1134	12	0.29542 0.95746 0.09624 0.18623 0.89880 0.62539 
1135	12	0.38522 0.92590 0.10431 0.29282 0.89441 0.48257 
1136	12	0.54793 0.93462 0.14394 0.34423 0.85699 0.52355 
1137	12	0.44839 0.90472 0.18641 0.26492 0.81464 0.57423 
1138	12	0.45947 0.98670 0.05369 0.27070 0.94118 0.58139 
1139	12	0.28473 0.95311 0.13541 0.21912 0.86441 0.60129 
1140	12	0.26340 0.94164 0.15025 0.20382 0.84544 0.61919 
1141	12	0.33123 0.93481 0.14246 0.25687 0.85952 0.55939 
1142	12	0.66091 0.89963 0.08998 0.48781 0.90952 0.37795 
1143	12	0.26365 0.95818 0.11840 0.21742 0.88146 0.60022 
1144	12	0.31822 0.94591 0.15581 0.23926 0.84608 0.57220 
1145	12	0.32582 0.92739 0.23904 0.18583 0.76834 0.64859 
1146	12	0.40905 0.93547 0.20056 0.22227 0.81048 0.63911 
1147	12	0.58386 0.93392 0.15745 0.38881 0.84827 0.48913 
1148	12	0.57057 0.94782 0.18750 0.38560 0.83264 0.50232 
1149	12	0.80900 0.92347 0.05804 0.67705 0.93794 0.25796 
1150	12	0.78198 0.95305 0.08782 0.63390 0.91750 0.30908 
1151	12	0.66609 0.95676 0.09740 0.48828 0.90141 0.38788 
1152	12	0.62727 0.93526 0.15574 0.42991 0.86704 0.47190 
1153	12	0.71468 0.94527 0.14714 0.53941 0.87055 0.38559 
1154	12	0.29616 0.93135 0.11378 0.25525 0.88479 0.52339 
1155	12	0.29496 0.94202 0.19541 0.14961 0.80612 0.71012 
1156	12	0.36344 0.96432 0.12431 0.17609 0.87413 0.68739 
1157	12	0.50711 0.93229 0.08111 0.36166 0.91387 0.45748 
1158	12	0.35862 0.93023 0.18483 0.19059 0.81976 0.66379 
1159	12	0.35211 0.98027 0.09474 0.16906 0.90030 0.70256 
1160	12	0.36919 0.91948 0.20291 0.22369 0.79412 0.62967 
1161	12	0.42355 0.97602 0.05667 0.24050 0.93822 0.59972 
1162	12	0.43470 0.97655 0.09563 0.22892 0.89941 0.65097 
1163	12	0.60647 0.94996 0.04010 0.46389 0.95636 0.35357 
1164	12	0.56260 0.95784 0.03864 0.42531 0.95620 0.38427 
1165	12	0.69710 0.95260 0.06634 0.53574 0.93084 0.33962 
1166	12	0.52645 0.93554 0.12679 0.35306 0.86989 0.49119 
1167	12	0.61457 0.94370 0.10656 0.41740 0.89473 0.46232 
1168	12	0.51378 0.95004 0.01613 0.37093 0.97875 0.39941 
1169	12	0.70247 0.94444 0.03668 0.53558 0.95935 0.33225 
1170	12	0.36018 0.95099 0.07106 0.23466 0.92629 0.54104 
1171	12	0.34300 0.93773 0.17644 0.19210 0.84088 0.65296 
1172	12	0.25884 0.95373 0.06502 0.24808 0.93232 0.50571 
1173	12	0.70499 0.92840 0.02330 0.55968 0.98303 0.27638 
1174	12	0.80671 0.94042 0.05829 0.67214 0.95053 0.26357 
1175	12	0.63478 0.92373 0.07950 0.48258 0.91548 0.35617 
1176	12	0.67002 0.90141 0.08940 0.51753 0.90661 0.33210 
1177	12	0.48653 0.96354 0.13094 0.29052 0.86424 0.57756 
1178	12	0.75162 0.91871 0.11813 0.59168 0.87821 0.33626 
1179	12	0.54406 0.81752 0.18637 0.38861 0.81172 0.42721 
1180	12	0.34803 0.83191 0.28535 0.20646 0.71565 0.61392 
1181	12	0.78056 0.82227 0.10093 0.64519 0.89434 0.24852 
1182	12	0.45745 0.82593 0.16030 0.34831 0.84108 0.43208 
1183	12	0.24705 0.93811 0.15654 0.18801 0.83875 0.61610 
1184	12	0.44946 0.84892 0.13082 0.32971 0.86717 0.44005 
1185	12	0.48423 0.90620 0.15051 0.33036 0.84476 0.48674 
1186	12	0.74391 0.88407 0.08845 0.60063 0.90656 0.27396 
1187	12	0.42758 0.93057 0.10629 0.30373 0.88879 0.48398 
1188	12	0.32254 0.92237 0.11653 0.29946 0.87858 0.48439 
1189	12	0.39717 0.96019 0.12249 0.24577 0.87265 0.57492 
1190	12	0.27654 0.88509 0.22857 0.21975 0.77903 0.59054 
1191	12	0.50128 0.90292 0.05118 0.41239 0.94376 0.33882 
1192	12	0.50855 0.90585 0.06899 0.38673 0.92725 0.37284 
1193	12	0.50062 0.86661 0.20766 0.31147 0.79447 0.53442 
1194	12	0.31544 0.94724 0.14538 0.21118 0.84984 0.61474 
1195	12	0.52481 0.90442 0.04475 0.42225 0.95029 0.34185 
1196	12	0.32265 0.94306 0.08156 0.25197 0.91342 0.52939 
1197	12	0.81518 0.84716 0.08073 0.69554 0.91663 0.21079 
1198	12	0.46839 0.90807 0.12150 0.33893 0.87363 0.46302 
1199	12	0.66530 0.85843 0.20361 0.47812 0.80701 0.42699 
1200	13	0.15460 0.92337 0.42762 0.07789 0.61212 0.83496 
1201	13	0.15172 0.93437 0.32239 0.09171 0.69332 0.78948 
1202	13	0.14283 0.92515 0.36886 0.10746 0.66203 0.77903 
1203	13	0.15022 0.93323 0.38556 0.08949 0.64564 0.80481 
1204	13	0.13727 0.92695 0.44763 0.06668 0.60524 0.85128 
1205	13	0.25839 0.89553 0.43337 0.14238 0.61369 0.74682 
1206	13	0.28456 0.89332 0.40839 0.13495 0.63687 0.76149 
1207	13	0.13482 0.91956 0.51448 0.06396 0.56219 0.87270 
1208	13	0.13352 0.90930 0.51554 0.06865 0.55608 0.86526 
1209	13	0.20264 0.93377 0.41265 0.08682 0.62306 0.83008 
1210	13	0.14501 0.90752 0.48342 0.08445 0.56763 0.83035 
1211	13	0.28593 0.91239 0.36978 0.14422 0.67259 0.74850 
1212	13	0.16132 0.93231 0.35336 0.09072 0.65870 0.80542 
1213	13	0.27106 0.92301 0.31767 0.14719 0.70799 0.73480 
1214	13	0.45134 0.85899 0.37299 0.27773 0.65615 0.58390 
1215	13	0.23314 0.93100 0.38692 0.11582 0.65534 0.79208 
1216	13	0.22857 0.93964 0.31854 0.13260 0.71005 0.75208 
1217	13	0.36965 0.92158 0.19620 0.22846 0.80515 0.59400 
1218	13	0.22148 0.92248 0.42585 0.11376 0.64781 0.79587 
1219	13	0.15283 0.93532 0.37828 0.09503 0.65931 0.80753 
1220	13	0.23176 0.93630 0.29691 0.14470 0.73993 0.72695 
1221	13	0.40308 0.93748 0.24741 0.24201 0.79072 0.62773 
1222	13	0.23978 0.93236 0.29255 0.14386 0.72826 0.72515 
1223	13	0.39160 0.92000 0.29455 0.22135 0.75447 0.65443 
1224	13	0.25236 0.91561 0.34195 0.16038 0.70033 0.71018 
1225	13	0.16468 0.91842 0.31746 0.12510 0.70150 0.73425 
1226	13	0.17946 0.93895 0.32354 0.11439 0.71535 0.76556 
1227	13	0.20127 0.92240 0.27724 0.15977 0.76248 0.68275 
1228	13	0.18381 0.95030 0.25295 0.13185 0.75337 0.73699 
1229	13	0.26092 0.92825 0.31342 0.15765 0.72447 0.71539 
1230	13	0.25895 0.94197 0.28282 0.15914 0.74391 0.70902 
1231	13	0.19701 0.93170 0.30488 0.13852 0.73831 0.72773 
1232	13	0.19671 0.92756 0.26063 0.15694 0.76131 0.68097 
1233	13	0.16980 0.94422 0.27807 0.12711 0.73544 0.73864 
1234	13	0.17143 0.90977 0.39445 0.12082 0.64768 0.76640 
1235	13	0.16974 0.91716 0.46882 0.11249 0.60552 0.79176 
1236	13	0.25465 0.89167 0.30974 0.19154 0.73186 0.63523 
1237	13	0.16924 0.90449 0.36114 0.13632 0.68200 0.72422 
1238	13	0.27097 0.83340 0.37523 0.15204 0.62332 0.67920 
1239	13	0.16877 0.92495 0.38074 0.11937 0.66452 0.76942 
1240	13	0.26222 0.91086 0.35879 0.16575 0.68754 0.70202 
1241	13	0.19963 0.90728 0.47657 0.12114 0.61041 0.78517 
1242	13	0.22435 0.91928 0.35086 0.13038 0.67026 0.75346 
1243	13	0.21743 0.91402 0.39966 0.14351 0.66727 0.73296 
1244	13	0.20310 0.90929 0.43072 0.11445 0.61535 0.78809 
1245	13	0.18613 0.92209 0.32410 0.12568 0.69651 0.74717 
1246	13	0.14959 0.91328 0.42247 0.10565 0.62782 0.79111 
1247	13	0.16308 0.91976 0.37039 0.11731 0.66935 0.76259 
1248	13	0.14612 0.90998 0.35787 0.11421 0.66514 0.75892 
1249	13	0.21188 0.90859 0.32323 0.15409 0.70493 0.69662 
1250	13	0.15143 0.90782 0.33266 0.13436 0.70172 0.71564 
1251	13	0.24650 0.90702 0.36630 0.14785 0.68193 0.73243 
1252	13	0.30978 0.91989 0.33968 0.15738 0.70910 0.73321 
1253	13	0.25783 0.88896 0.25737 0.19402 0.75359 0.61571 
1254	13	0.14453 0.89726 0.53165 0.08799 0.56107 0.83325 
1255	13	0.21817 0.91637 0.37672 0.13450 0.66421 0.74703 
1256	13	0.26789 0.90637 0.40189 0.12925 0.64887 0.76511 
1257	13	0.28252 0.87075 0.34389 0.18887 0.68315 0.63899 
1258	13	0.25314 0.90296 0.39550 0.14411 0.65116 0.74139 
1259	13	0.23495 0.90608 0.25869 0.16921 0.74290 0.65274 
1260	13	0.22721 0.90527 0.38172 0.14216 0.67349 0.73256 
1261	13	0.28541 0.86639 0.28312 0.20265 0.72618 0.60550 
1262	13	0.18981 0.91207 0.36383 0.13889 0.67764 0.73078 
1263	13	0.20075 0.90843 0.33004 0.14533 0.69712 0.71735 
1264	13	0.29490 0.90021 0.36474 0.18168 0.71246 0.67447 
1265	13	0.15862 0.91069 0.39961 0.11393 0.66217 0.77126 
1266	13	0.23037 0.83306 0.38226 0.18612 0.63154 0.62745 
1267	13	0.30058 0.91284 0.30852 0.17968 0.72338 0.68524 
1268	13	0.26785 0.90498 0.37142 0.16010 0.69181 0.71438 
1269	13	0.35618 0.91711 0.27570 0.20753 0.74103 0.65796 
1270	13	0.14041 0.92770 0.37127 0.09430 0.65605 0.79494 
1271	13	0.14204 0.90672 0.40037 0.11386 0.64462 0.77196 
1272	13	0.24712 0.91263 0.37404 0.12185 0.66570 0.76301 
1273	13	0.25350 0.91398 0.39565 0.11951 0.66492 0.77936 
1274	13	0.20588 0.89381 0.48174 0.11261 0.58282 0.79414 
1275	13	0.21662 0.90087 0.42142 0.12069 0.62932 0.76939 
1276	13	0.16554 0.89929 0.42744 0.10363 0.60883 0.79349 
1277	13	0.31125 0.89555 0.41693 0.15745 0.65093 0.73767 
1278	13	0.24749 0.88371 0.54308 0.11421 0.54219 0.80911 
1279	13	0.22414 0.88876 0.49497 0.11510 0.57248 0.79249 
1280	13	0.18175 0.88709 0.46429 0.10207 0.58333 0.79633 
1281	13	0.15846 0.90659 0.50458 0.08265 0.55525 0.83900 
1282	13	0.21093 0.90459 0.40431 0.12678 0.65047 0.75987 
1283	13	0.19060 0.89723 0.53716 0.07847 0.51886 0.85513 
1284	13	0.26498 0.90216 0.48967 0.11499 0.56952 0.80927 
1285	13	0.27483 0.91181 0.42264 0.12939 0.60911 0.77769 
1286	13	0.17792 0.89317 0.45456 0.10676 0.56505 0.79368 
1287	13	0.24551 0.89742 0.40827 0.12798 0.61467 0.76444 
1288	13	0.18473 0.89599 0.51284 0.09179 0.54998 0.82525 
1289	13	0.25608 0.89770 0.44054 0.12532 0.58938 0.77736 
1290	13	0.18128 0.88772 0.45609 0.10223 0.58498 0.79950 
1291	13	0.38105 0.88261 0.40750 0.19957 0.62863 0.70282 
1292	13	0.39752 0.89023 0.42494 0.20681 0.61965 0.70821 
1293	13	0.37859 0.88587 0.38828 0.20054 0.65581 0.69570 
1294	13	0.36863 0.89974 0.40394 0.18773 0.63459 0.72090 
1295	13	0.29600 0.89707 0.41881 0.13401 0.62640 0.77215 
1296	13	0.17867 0.92064 0.32578 0.11437 0.69650 0.75937 
1297	13	0.20114 0.90539 0.34743 0.12592 0.68268 0.73901 
1298	13	0.23316 0.90361 0.46062 0.11567 0.61702 0.78923 
1299	13	0.32950 0.89974 0.35505 0.18057 0.68578 0.70130 
1300	14	0.35667 0.89099 0.53614 0.17500 0.59205 0.71836 
1301	14	0.39553 0.87130 0.32640 0.21469 0.72771 0.63567 
1302	14	0.42597 0.89002 0.41264 0.25503 0.71121 0.59772 
1303	14	0.33281 0.91402 0.44160 0.17528 0.65170 0.71837 
1304	14	0.32788 0.91002 0.40956 0.16733 0.66905 0.70884 
1305	14	0.33708 0.87838 0.36576 0.21172 0.73302 0.60228 
1306	14	0.37466 0.87561 0.35924 0.21516 0.72036 0.62479 
1307	14	0.38008 0.83957 0.51474 0.18682 0.58940 0.69871 
1308	14	0.24232 0.98200 0.13254 0.10889 0.86964 0.75191 
1309	14	0.34846 0.88947 0.26533 0.23266 0.78868 0.56195 
1310	14	0.14596 0.97725 0.15629 0.07181 0.84425 0.78784 
1311	14	0.37554 0.85502 0.36961 0.20066 0.72617 0.64801 
1312	14	0.36602 0.89663 0.36241 0.20215 0.72480 0.66676 
1313	14	0.34260 0.90058 0.38389 0.18762 0.69161 0.68221 
1314	14	0.36223 0.86711 0.35341 0.19388 0.73547 0.65209 
1315	14	0.27767 0.86939 0.45205 0.12866 0.65265 0.75107 
1316	14	0.49934 0.86713 0.35321 0.29908 0.73294 0.57778 
1317	14	0.17645 0.89684 0.45233 0.08498 0.64350 0.79593 
1318	14	0.42031 0.87332 0.32524 0.23443 0.74190 0.61643 
1319	14	0.23040 0.95501 0.12922 0.15520 0.86615 0.65865 
1320	14	0.25288 0.97811 0.09462 0.15491 0.90107 0.66369 
1321	14	0.25581 0.79596 0.59912 0.13742 0.52285 0.73508 
1322	14	0.33053 0.79454 0.32436 0.20746 0.75163 0.59848 
1323	14	0.26857 0.81160 0.53976 0.13445 0.55395 0.72690 
1324	14	0.29366 0.95888 0.09581 0.16232 0.89956 0.63374 
1325	14	0.31901 0.86769 0.43035 0.15384 0.64666 0.71370 
1326	14	0.30382 0.86173 0.46484 0.18585 0.62129 0.64084 
1327	14	0.22966 0.83327 0.59323 0.11005 0.56786 0.77862 
1328	14	0.18294 0.95359 0.17633 0.11653 0.82269 0.71196 
1329	14	0.20602 0.84197 0.54041 0.10734 0.61180 0.75515 
1330	14	0.22350 0.85307 0.70652 0.11658 0.46831 0.77961 
1331	14	0.31731 0.85386 0.43918 0.16589 0.68381 0.68742 
1332	14	0.30763 0.85002 0.44610 0.14801 0.63053 0.71470 
1333	14	0.23376 0.80192 0.66593 0.10558 0.48736 0.79792 
1334	14	0.34876 0.86305 0.45927 0.17218 0.65440 0.70582 
1335	14	0.21604 0.88974 0.38008 0.14602 0.69153 0.69775 
1336	14	0.43869 0.79101 0.44042 0.26503 0.67156 0.57858 
1337	14	0.17044 0.84433 0.62337 0.11098 0.53302 0.77173 
1338	14	0.16144 0.84626 0.43960 0.09761 0.64805 0.75135 
1339	14	0.33589 0.79972 0.47386 0.18255 0.67292 0.66951 
1340	14	0.32891 0.81495 0.43567 0.20228 0.68644 0.62731 
1341	14	0.22737 0.86901 0.51683 0.13147 0.58124 0.74096 
1342	14	0.16895 0.83494 0.51230 0.11914 0.60257 0.74431 
1343	14	0.13130 0.94625 0.14469 0.12236 0.85221 0.67369 
1344	14	0.21422 0.78582 0.54461 0.15005 0.57576 0.70272 
1345	14	0.21569 0.86116 0.45059 0.15088 0.66015 0.69311 
1346	14	0.28041 0.83664 0.48437 0.14544 0.67166 0.71457 
1347	14	0.34781 0.70992 0.48665 0.22051 0.64805 0.60764 
1348	14	0.27436 0.76947 0.60199 0.13754 0.52424 0.73891 
1349	14	0.33796 0.84122 0.49729 0.18933 0.63686 0.65632 
1350	14	0.25303 0.79145 0.48957 0.13947 0.63281 0.71328 
1351	14	0.13803 0.98186 0.14244 0.11366 0.85286 0.71512 
1352	14	0.25498 0.84089 0.43368 0.16174 0.65434 0.67911 
1353	14	0.30980 0.85949 0.41060 0.16927 0.64865 0.67107 
1354	14	0.13099 0.72378 0.64039 0.11159 0.47294 0.75245 
1355	14	0.22489 0.81364 0.36009 0.17297 0.71825 0.61932 
1356	14	0.24542 0.81637 0.55497 0.11216 0.55793 0.76670 
1357	14	0.20301 0.82317 0.70346 0.09858 0.45627 0.80387 
1358	14	0.38343 0.76080 0.68149 0.19489 0.47840 0.70625 
1359	14	0.19132 0.96721 0.16137 0.09689 0.83392 0.76175 
1360	14	0.38464 0.78462 0.37321 0.23257 0.66984 0.59631 
1361	14	0.22640 0.84740 0.54767 0.11224 0.54829 0.76194 
1362	14	0.33012 0.79131 0.63015 0.17615 0.54471 0.68895 
1363	14	0.35301 0.95790 0.13265 0.18130 0.86259 0.64857 
1364	14	0.32835 0.86463 0.44260 0.17605 0.66993 0.69826 
1365	14	0.31741 0.86512 0.43262 0.15204 0.67219 0.71507 
1366	14	0.35895 0.88871 0.39752 0.19707 0.67058 0.66515 
1367	14	0.60959 0.87431 0.30497 0.41722 0.70897 0.48148 
1368	14	0.59336 0.87312 0.30532 0.40201 0.71660 0.48943 
1369	14	0.21479 0.73098 0.58521 0.14041 0.42454 0.73613 
1370	14	0.47086 0.83369 0.36777 0.26114 0.63893 0.64640 
1371	14	0.36955 0.76930 0.50281 0.21259 0.49974 0.66721 
1372	14	0.59045 0.66514 0.39686 0.39261 0.67473 0.50585 
1373	14	0.52626 0.71987 0.44576 0.33639 0.61135 0.53037 
1374	14	0.43766 0.79400 0.45011 0.24579 0.56549 0.64257 
1375	14	0.22964 0.81848 0.46879 0.15103 0.53990 0.72963 
1376	14	0.26402 0.80279 0.47773 0.14674 0.58387 0.72699 
1377	14	0.34205 0.83337 0.43996 0.18614 0.58003 0.70576 
1378	14	0.31933 0.84585 0.38424 0.15919 0.62009 0.71929 
1379	14	0.36672 0.75679 0.44362 0.23508 0.57205 0.63549 
1380	14	0.40126 0.73972 0.38872 0.24136 0.61612 0.60827 
1381	14	0.30560 0.73382 0.42636 0.21099 0.61442 0.64499 
1382	14	0.47865 0.64257 0.59997 0.27415 0.53174 0.63701 
1383	14	0.47100 0.61874 0.49590 0.28601 0.54136 0.58359 
1384	14	0.25490 0.67473 0.68312 0.17073 0.42729 0.72781 
1385	14	0.48282 0.68277 0.42816 0.30384 0.63046 0.56510 
1386	14	0.29472 0.69892 0.45412 0.23236 0.59863 0.62429 
1387	14	0.25576 0.74083 0.49744 0.17454 0.59565 0.68906 
1388	14	0.20283 0.79390 0.36763 0.16184 0.63876 0.67485 
1389	14	0.34300 0.73603 0.42888 0.20947 0.58983 0.64924 
1390	14	0.37447 0.65305 0.62419 0.20756 0.47245 0.68925 
1391	14	0.68814 0.05221 0.60787 0.50597 0.41104 0.40980 
1392	14	0.51909 0.72528 0.41461 0.32194 0.65718 0.56125 
1393	14	0.46018 0.62165 0.48733 0.30242 0.62364 0.55301 
1394	14	0.32970 0.82011 0.36186 0.19943 0.63956 0.66650 
1395	14	0.48110 0.62706 0.64668 0.27387 0.48400 0.63883 
1396	14	0.44201 0.79327 0.43140 0.26682 0.61664 0.61056 
1397	14	0.45734 0.71218 0.35805 0.29511 0.66422 0.54424 
1398	14	0.29941 0.79076 0.49560 0.16781 0.52597 0.72264 
1399	14	0.34337 0.67387 0.42448 0.24441 0.59776 0.58304 
