1400	14	6
0	1	0.32564 0.96724 0.07290 0.27532 0.94401 0.48693 
1	1	0.42198 0.83726 0.15456 0.32514 0.87769 0.47513 
2	1	0.33543 0.84609 0.16036 0.30727 0.87314 0.48457 
3	1	0.42922 0.87281 0.20366 0.31500 0.84502 0.49071 
4	1	0.46277 0.88347 0.20436 0.31479 0.85319 0.52528 
5	1	0.30383 0.89513 0.18880 0.28629 0.86516 0.49709 
6	1	0.36217 0.94387 0.11379 0.25889 0.90735 0.52909 
7	1	0.38956 0.83684 0.13481 0.34250 0.89138 0.44040 
8	1	0.33891 0.87964 0.08721 0.30879 0.92654 0.43574 
9	1	0.43767 0.84093 0.14059 0.35084 0.88208 0.44822 
10	1	0.46142 0.87785 0.08469 0.36352 0.91912 0.40433 
11	1	0.29454 0.96607 0.21282 0.24228 0.89794 0.55484 
12	1	0.27749 0.96024 0.13533 0.25073 0.91474 0.53810 
13	1	0.31501 0.97822 0.13373 0.29408 0.94380 0.46808 
14	1	0.37329 0.95838 0.14028 0.26749 0.90706 0.53932 
15	1	0.40784 0.96922 0.06139 0.27629 0.92116 0.53616 
16	1	0.42376 0.94436 0.13510 0.28003 0.90598 0.54259 
17	1	0.34063 0.96780 0.06942 0.25685 0.91096 0.54419 
18	1	0.30268 0.90859 0.18541 0.24389 0.86164 0.56430 
19	1	0.55027 0.93151 0.09042 0.40634 0.91995 0.40692 
20	1	0.39549 0.83816 0.10835 0.37135 0.91228 0.39641 
21	1	0.47374 0.91528 0.13593 0.36344 0.90388 0.43197 
22	1	0.40598 0.86984 0.22800 0.29743 0.84222 0.51465 
23	1	0.45151 0.81083 0.19202 0.31332 0.84448 0.51003 
24	1	0.40295 0.84009 0.12043 0.35703 0.90551 0.41981 
25	1	0.42696 0.91996 0.13806 0.27456 0.88464 0.53919 
26	1	0.38303 0.84467 0.11348 0.31594 0.89880 0.44541 
27	1	0.36114 0.86535 0.23781 0.27304 0.82779 0.53601 
28	1	0.30744 0.97697 0.05359 0.24993 0.93016 0.53977 
29	1	0.56492 0.83189 0.14386 0.40395 0.87785 0.44539 
30	1	0.37579 0.91725 0.16003 0.30069 0.87634 0.49849 
31	1	0.43860 0.94168 0.09091 0.35485 0.92361 0.41710 
32	1	0.57414 0.94448 0.06529 0.41640 0.93330 0.40806 
33	1	0.31329 0.93665 0.10894 0.32159 0.91589 0.44251 
34	1	0.39899 0.86778 0.10984 0.34195 0.90010 0.44060 
35	1	0.43743 0.92363 0.12336 0.34430 0.90692 0.43941 
36	1	0.53459 0.83786 0.10439 0.41332 0.90898 0.39273 
37	1	0.59997 0.68873 0.29756 0.41201 0.67455 0.50919 
38	1	0.50470 0.78077 0.23439 0.32057 0.73775 0.56497 
39	1	0.43999 0.86383 0.12773 0.31225 0.85018 0.48710 
40	1	0.46434 0.60643 0.40533 0.29970 0.55897 0.58147 
41	1	0.46674 0.69198 0.25915 0.30850 0.69750 0.54216 
42	1	0.12402 0.91252 0.23498 0.09000 0.74140 0.78783 
43	1	0.20657 0.75532 0.46390 0.13645 0.52358 0.76972 
44	1	0.27708 0.26383 0.56690 0.20464 0.36369 0.61664 
45	1	0.66709 0.84089 0.13986 0.49535 0.84846 0.43430 
46	1	0.24728 0.72351 0.32107 0.19471 0.63661 0.65760 
47	1	0.60180 0.76202 0.21846 0.42005 0.75216 0.48956 
48	1	0.20655 0.77325 0.38422 0.14760 0.57953 0.73478 
49	1	0.12367 0.82141 0.34120 0.10458 0.61731 0.75912 
50	1	0.44338 0.71398 0.32620 0.27506 0.63831 0.60108 
51	1	0.32008 0.78919 0.43977 0.15745 0.52347 0.76376 
52	1	0.59882 0.75006 0.27282 0.40429 0.69813 0.53299 
53	1	0.53982 0.84305 0.14206 0.37933 0.83913 0.46314 
54	1	0.24487 0.57000 0.47918 0.18970 0.47671 0.66988 
55	1	0.38030 0.72948 0.31936 0.28593 0.67949 0.54795 
56	1	0.29433 0.83960 0.21540 0.19351 0.74733 0.61856 
57	1	0.61181 0.70721 0.26975 0.43408 0.69598 0.45801 
58	1	0.27394 0.88231 0.15712 0.27429 0.82267 0.54412 
59	1	0.37777 0.90539 0.28609 0.20390 0.68006 0.69588 
60	1	0.19416 0.67085 0.39970 0.13886 0.54468 0.68943 
61	1	0.14016 0.64105 0.65420 0.09622 0.30220 0.75255 
62	1	0.55312 0.86042 0.21149 0.37290 0.76542 0.51030 
63	1	0.43071 0.84781 0.13667 0.34026 0.83852 0.46860 
64	1	0.17734 0.84442 0.28528 0.14117 0.69166 0.70514 
65	1	0.27172 0.81195 0.32554 0.16250 0.62566 0.68893 
66	1	0.28595 0.62684 0.45835 0.17295 0.49704 0.68036 
67	1	0.40188 0.78348 0.21266 0.31268 0.76673 0.50246 
68	1	0.42012 0.59208 0.25093 0.33506 0.70744 0.45700 
69	1	0.14492 0.80079 0.30461 0.13202 0.65055 0.70928 
70	1	0.32879 0.89652 0.18525 0.21895 0.78229 0.60706 
71	1	0.14652 0.83948 0.26704 0.13706 0.68732 0.68372 
72	1	0.49398 0.77972 0.33524 0.30175 0.63718 0.61241 
73	1	0.23935 0.80176 0.34496 0.14809 0.60897 0.70287 
74	1	0.41461 0.78285 0.27012 0.27206 0.69413 0.58277 
75	1	0.32730 0.81032 0.39394 0.19541 0.62013 0.64957 
76	1	0.42754 0.74964 0.24135 0.30343 0.72426 0.53237 
77	1	0.48550 0.75064 0.24374 0.33577 0.72107 0.51166 
78	1	0.55644 0.77573 0.23206 0.37373 0.75070 0.52802 
79	1	0.68715 0.84587 0.12422 0.51651 0.86131 0.41608 
80	1	0.12211 0.77613 0.36874 0.11079 0.58194 0.73067 
81	1	0.46937 0.83701 0.20682 0.30881 0.77229 0.56022 
82	1	0.10232 0.80490 0.41812 0.09316 0.55241 0.80282 
83	1	0.14415 0.75427 0.35214 0.13632 0.59506 0.67552 
84	1	0.36926 0.82145 0.27150 0.22893 0.69659 0.62820 
85	1	0.30891 0.55769 0.37033 0.26223 0.58593 0.54986 
86	1	0.44092 0.74282 0.18998 0.32236 0.78629 0.48620 
87	1	0.19226 0.86651 0.27927 0.14804 0.69920 0.71612 
88	1	0.23774 0.90515 0.20565 0.15845 0.75905 0.68981 
89	1	0.43149 0.85111 0.17870 0.29964 0.79355 0.54308 
90	1	0.23035 0.68549 0.45588 0.15200 0.49679 0.69115 
91	1	0.28103 0.83417 0.27427 0.16320 0.68563 0.69202 
92	1	0.45627 0.88283 0.16355 0.28430 0.80550 0.56967 
93	1	0.29735 0.85889 0.22899 0.21739 0.76570 0.63652 
94	1	0.45449 0.85293 0.18008 0.31719 0.81088 0.53491 
95	1	0.13847 0.88869 0.22941 0.12032 0.73390 0.72326 
96	1	0.48353 0.84958 0.21419 0.31666 0.77926 0.55103 
97	1	0.40378 0.89251 0.14547 0.28673 0.84599 0.54804 
98	1	0.13582 0.90078 0.26668 0.10439 0.71370 0.77214 
99	1	0.34229 0.87003 0.24821 0.21326 0.74311 0.65053 
100	2	0.28975 0.54204 0.54764 0.15612 0.37680 0.72897 
101	2	0.49433 0.83377 0.23711 0.31830 0.73290 0.54831 
102	2	0.44104 0.83850 0.23944 0.27950 0.72866 0.57150 
103	2	0.39506 0.59402 0.43138 0.23476 0.51092 0.63034 
104	2	0.39696 0.74107 0.22129 0.29464 0.74198 0.52950 
105	2	0.55844 0.76353 0.16573 0.38731 0.80191 0.47551 
106	2	0.25040 0.76437 0.29659 0.18066 0.66685 0.64995 
107	2	0.46804 0.80500 0.30149 0.28739 0.66618 0.58790 
108	2	0.61689 0.79653 0.21331 0.43995 0.77030 0.45979 
109	2	0.65174 0.82321 0.21480 0.47431 0.75807 0.44821 
110	2	0.29378 0.86608 0.25894 0.20979 0.70037 0.62600 
111	2	0.33507 0.78815 0.24274 0.21623 0.71708 0.62154 
112	2	0.17681 0.79331 0.42599 0.13127 0.52913 0.75396 
113	2	0.22476 0.77737 0.28456 0.19463 0.66969 0.64126 
114	2	0.45268 0.73649 0.21499 0.29807 0.74802 0.53703 
115	2	0.25700 0.82537 0.23048 0.20344 0.73214 0.62793 
116	2	0.51059 0.84242 0.27273 0.32239 0.68896 0.57618 
117	2	0.50072 0.66339 0.26020 0.33120 0.69396 0.52789 
118	2	0.57528 0.85503 0.22492 0.39014 0.75464 0.51905 
119	2	0.62946 0.80554 0.24936 0.44734 0.72061 0.47713 
120	2	0.25324 0.80742 0.27518 0.19244 0.68525 0.66151 
121	2	0.54494 0.83680 0.28119 0.35185 0.68710 0.57072 
122	2	0.52675 0.83523 0.27699 0.34007 0.69904 0.55493 
123	2	0.61615 0.83107 0.28525 0.42579 0.69581 0.52166 
124	2	0.51602 0.81598 0.27709 0.33536 0.69593 0.54151 
125	2	0.54466 0.82587 0.28650 0.35773 0.68734 0.54922 
126	2	0.19639 0.84233 0.42085 0.09987 0.54858 0.80718 
127	2	0.10162 0.81800 0.50768 0.05385 0.45421 0.86358 
128	2	0.00000 0.87573 0.48498 0.01750 0.47338 0.94991 
129	2	0.09186 0.76693 0.43099 0.09560 0.52105 0.78727 
130	2	0.22244 0.72138 0.47133 0.13006 0.47954 0.75271 
131	2	0.11617 0.73974 0.48326 0.10363 0.46398 0.78249 
132	2	0.20125 0.75623 0.52360 0.07847 0.41502 0.85527 
133	2	0.13236 0.72358 0.47520 0.11963 0.47985 0.74879 
134	2	0.14508 0.73630 0.48261 0.11096 0.46134 0.77108 
135	2	0.09732 0.79898 0.55966 0.04729 0.39424 0.89772 
136	2	0.06946 0.77934 0.54496 0.03803 0.39885 0.89506 
137	2	0.19516 0.72929 0.45059 0.13624 0.49858 0.72641 
138	2	0.22138 0.63623 0.44688 0.15304 0.49677 0.68721 
139	2	0.14049 0.95141 0.19848 0.12100 0.78050 0.74295 
140	2	0.40478 0.71297 0.34457 0.26167 0.62059 0.62604 
141	2	0.27595 0.78960 0.22846 0.19821 0.74129 0.60051 
142	2	0.55234 0.69955 0.34414 0.35599 0.61324 0.58307 
143	2	0.13524 0.80439 0.40109 0.10231 0.54549 0.77168 
144	2	0.59092 0.81319 0.24111 0.40001 0.72323 0.54255 
145	2	0.59482 0.79859 0.26152 0.40681 0.70194 0.52921 
146	2	0.43982 0.75975 0.40594 0.28233 0.67351 0.59619 
147	2	0.62124 0.72217 0.26182 0.44129 0.71282 0.49721 
148	2	0.29066 0.73925 0.41722 0.14534 0.52203 0.76403 
149	2	0.49488 0.64469 0.36058 0.31897 0.59743 0.57742 
150	2	0.42119 0.72165 0.38014 0.25070 0.58434 0.65404 
151	2	0.72230 0.52342 0.30554 0.56046 0.67070 0.39929 
152	2	0.55587 0.65231 0.21465 0.39024 0.74795 0.46832 
153	2	0.50411 0.63841 0.39545 0.30905 0.56252 0.62916 
154	2	0.44358 0.57631 0.37967 0.26951 0.58054 0.60232 
155	2	0.54823 0.70048 0.27175 0.36413 0.69886 0.54682 
156	2	0.40963 0.70403 0.34458 0.26395 0.62412 0.62732 
157	2	0.34223 0.57062 0.53990 0.19573 0.40746 0.69097 
158	2	0.48813 0.66160 0.37995 0.30591 0.57532 0.59199 
159	2	0.52138 0.61353 0.30763 0.36393 0.65143 0.50080 
160	2	0.43818 0.54641 0.42704 0.25842 0.51270 0.63170 
161	2	0.47407 0.59205 0.35116 0.29716 0.60237 0.58759 
162	2	0.74594 0.65760 0.24397 0.58976 0.73808 0.38983 
163	2	0.62962 0.60592 0.33189 0.44154 0.63994 0.50431 
164	2	0.71332 0.56159 0.29040 0.54714 0.68760 0.41174 
165	2	0.70630 0.50975 0.29295 0.53720 0.67194 0.42552 
166	2	0.44155 0.54510 0.37630 0.28793 0.56995 0.57177 
167	2	0.15648 0.64965 0.53781 0.11705 0.39229 0.76058 
168	2	0.78982 0.41491 0.24620 0.65527 0.72917 0.31838 
169	2	0.14142 0.69120 0.52910 0.09444 0.40692 0.78945 
170	2	0.77876 0.60878 0.20964 0.63772 0.76365 0.33880 
171	2	0.68545 0.47983 0.34855 0.51196 0.62021 0.44348 
172	2	0.70691 0.59664 0.29639 0.54003 0.68425 0.41801 
173	2	0.30596 0.39120 0.66603 0.14623 0.25830 0.73677 
174	2	0.69107 0.52720 0.34407 0.52094 0.63483 0.43061 
175	2	0.38350 0.43805 0.43674 0.24900 0.50469 0.59308 
176	2	0.62934 0.57648 0.46101 0.44137 0.54089 0.50508 
177	2	0.34207 0.35225 0.61885 0.18995 0.31185 0.68615 
178	2	0.19547 0.55330 0.72164 0.07587 0.22860 0.82644 
179	2	0.42479 0.37246 0.52727 0.24314 0.39864 0.63454 
180	2	0.47494 0.62210 0.44288 0.28881 0.52007 0.60633 
181	2	0.24724 0.49041 0.78178 0.09227 0.16151 0.83538 
182	2	0.12841 0.45679 1.00000 0.03160 0.00000 0.90901 
183	2	0.43192 0.38943 0.55827 0.24723 0.36967 0.64170 
184	2	0.66881 0.39616 0.37466 0.49881 0.60868 0.41958 
185	2	0.29251 0.48642 0.65535 0.13280 0.27875 0.76484 
186	2	0.63951 0.46487 0.37725 0.46224 0.59647 0.44591 
187	2	0.55744 0.23301 0.43978 0.36660 0.49202 0.51968 
188	2	0.65236 0.54283 0.35158 0.47404 0.61132 0.44987 
189	2	0.11576 0.64191 0.65816 0.08088 0.27885 0.82570 
190	2	0.20746 0.58921 0.66820 0.08344 0.26153 0.82153 
191	2	0.13293 0.53549 0.80865 0.04449 0.13175 0.87117 
192	2	0.57845 0.39987 0.39507 0.39086 0.55553 0.51550 
193	2	0.61293 0.44293 0.44599 0.42702 0.52980 0.49483 
194	2	0.52418 0.16407 0.51690 0.33513 0.41210 0.54844 
195	2	0.21306 0.59525 0.58785 0.12895 0.34553 0.74718 
196	2	0.59903 0.56128 0.37910 0.40362 0.57143 0.54781 
197	2	0.52538 0.53793 0.39130 0.34108 0.55865 0.56390 
198	2	0.45489 0.61735 0.42883 0.27365 0.52643 0.64189 
199	2	0.18534 0.77357 0.28883 0.15241 0.66103 0.65571 
200	3	0.65511 0.92736 0.10697 0.49963 0.88162 0.38285 
201	3	0.71246 0.89032 0.21528 0.54816 0.81107 0.42015 
202	3	0.58178 0.89233 0.26453 0.39013 0.75482 0.55045 
203	3	0.60788 0.90782 0.22428 0.42408 0.79744 0.50619 
204	3	0.61994 0.88123 0.16225 0.44821 0.82583 0.43981 
205	3	0.70902 0.89160 0.24365 0.54103 0.78050 0.43798 
206	3	0.54135 0.89024 0.27483 0.34477 0.74786 0.59807 
207	3	0.56283 0.86121 0.22995 0.38409 0.76247 0.50986 
208	3	0.56965 0.87539 0.20657 0.38948 0.79701 0.51389 
209	3	0.61319 0.87271 0.30954 0.42092 0.72890 0.55049 
210	3	0.53738 0.86248 0.33401 0.34015 0.69962 0.60142 
211	3	0.53243 0.86658 0.20893 0.35918 0.78041 0.51299 
212	3	0.54936 0.84827 0.34239 0.35340 0.68289 0.59776 
213	3	0.51144 0.84190 0.28758 0.33120 0.70248 0.57062 
214	3	0.59398 0.88323 0.28073 0.40136 0.73641 0.55310 
215	3	0.55215 0.88430 0.19423 0.37989 0.79397 0.49862 
216	3	0.59997 0.87369 0.31885 0.40348 0.71557 0.57036 
217	3	0.58195 0.86273 0.20840 0.40118 0.78483 0.50363 
218	3	0.53455 0.89220 0.27074 0.33872 0.74064 0.59691 
219	3	0.47920 0.87804 0.25006 0.30647 0.73762 0.59047 
220	3	0.56032 0.86634 0.24730 0.37786 0.73907 0.53073 
221	3	0.69981 0.89340 0.23066 0.52911 0.78525 0.44616 
222	3	0.69533 0.87683 0.26954 0.52295 0.76188 0.45931 
223	3	0.71471 0.86482 0.19626 0.55656 0.80923 0.39954 
224	3	0.72654 0.89187 0.21037 0.56415 0.81009 0.42070 
225	3	0.74100 0.89808 0.18487 0.58577 0.82148 0.39158 
226	3	0.75678 0.90298 0.19035 0.60626 0.82063 0.38646 
227	3	0.74279 0.88413 0.18555 0.58693 0.81762 0.39748 
228	3	0.79499 0.84179 0.13356 0.66829 0.86713 0.28720 
229	3	0.68782 0.87494 0.15470 0.52894 0.84426 0.38541 
230	3	0.64942 0.88546 0.26553 0.46630 0.77045 0.49823 
231	3	0.64646 0.89385 0.15571 0.48962 0.84433 0.40496 
232	3	0.61478 0.87924 0.27718 0.42514 0.74858 0.53533 
233	3	0.63147 0.88856 0.28736 0.44224 0.75253 0.53556 
234	3	0.70333 0.88136 0.26856 0.53099 0.76885 0.46606 
235	3	0.66696 0.90011 0.22617 0.48690 0.79237 0.48022 
236	3	0.70763 0.87933 0.22985 0.53949 0.79288 0.43914 
237	3	0.47524 0.74469 0.44306 0.27676 0.56018 0.66013 
238	3	0.64536 0.84120 0.24220 0.45997 0.75435 0.50244 
239	3	0.65957 0.87705 0.15185 0.49438 0.83541 0.41322 
240	3	0.67885 0.89338 0.22992 0.50074 0.77785 0.47820 
241	3	0.69849 0.87692 0.20951 0.52922 0.80258 0.43812 
242	3	0.74244 0.84960 0.15916 0.59362 0.84231 0.35490 
243	3	0.69984 0.88666 0.13727 0.54576 0.85901 0.37006 
244	3	0.72769 0.86497 0.24233 0.56590 0.77793 0.41877 
245	3	0.68800 0.88091 0.20877 0.51586 0.80200 0.44991 
246	3	0.70277 0.89492 0.21007 0.53414 0.80998 0.44276 
247	3	0.63156 0.90350 0.21456 0.44241 0.80479 0.51688 
248	3	0.70925 0.89930 0.19390 0.54402 0.82514 0.41959 
249	3	0.69008 0.87017 0.26562 0.51803 0.76261 0.44674 
250	3	0.68431 0.87164 0.22462 0.50989 0.77914 0.45817 
251	3	0.69582 0.85980 0.23409 0.52321 0.77365 0.45687 
252	3	0.69077 0.88621 0.13466 0.53176 0.85500 0.38499 
253	3	0.73877 0.87859 0.19223 0.58248 0.81586 0.39680 
254	3	0.68607 0.88298 0.21754 0.51233 0.79022 0.45642 
255	3	0.70106 0.84367 0.28846 0.52977 0.76285 0.45892 
256	3	0.72642 0.89349 0.20532 0.56559 0.81262 0.41006 
257	3	0.68867 0.82863 0.31863 0.51482 0.72618 0.46576 
258	3	0.72334 0.88757 0.17558 0.56417 0.82774 0.39958 
259	3	0.63074 0.87974 0.24589 0.44635 0.76025 0.50429 
260	3	0.68161 0.89324 0.20786 0.50967 0.79662 0.45073 
261	3	0.33527 0.79198 0.43130 0.19833 0.55133 0.69589 
262	3	0.75522 0.87368 0.10840 0.61275 0.87923 0.32047 
263	3	0.70395 0.88041 0.20596 0.53488 0.79805 0.43833 
264	3	0.70289 0.86254 0.21515 0.53316 0.78703 0.44372 
265	3	0.68752 0.89481 0.13709 0.52927 0.85280 0.38809 
266	3	0.69220 0.84447 0.22192 0.51928 0.78026 0.45306 
267	3	0.70994 0.86858 0.19626 0.54229 0.80260 0.43288 
268	3	0.71220 0.85470 0.18856 0.54647 0.81111 0.42195 
269	3	0.66784 0.82764 0.23739 0.48743 0.75610 0.47790 
270	3	0.24877 0.82487 0.40459 0.19778 0.67527 0.65287 
271	3	0.44963 0.80793 0.38407 0.27032 0.69397 0.61746 
272	3	0.53107 0.86952 0.42255 0.36130 0.80143 0.50302 
273	3	0.41645 0.89845 0.22227 0.27741 0.82314 0.56157 
274	3	0.48197 0.89692 0.18378 0.31632 0.81314 0.54203 
275	3	0.48295 0.86931 0.23556 0.32514 0.81666 0.52827 
276	3	0.42683 0.91118 0.15584 0.28781 0.84178 0.54894 
277	3	0.35997 0.87879 0.25588 0.25056 0.81386 0.58052 
278	3	0.43699 0.88623 0.23154 0.29047 0.83177 0.55277 
279	3	0.42112 0.87072 0.26365 0.26865 0.76053 0.59979 
280	3	0.47892 0.87635 0.27157 0.30897 0.79078 0.55748 
281	3	0.41549 0.90489 0.17989 0.28575 0.82105 0.56084 
282	3	0.34709 0.89218 0.25215 0.23994 0.80833 0.59850 
283	3	0.28798 0.85353 0.28366 0.22173 0.77409 0.60774 
284	3	0.30976 0.85279 0.26862 0.21873 0.71982 0.63807 
285	3	0.26461 0.87404 0.26470 0.19388 0.72073 0.66080 
286	3	0.28308 0.83202 0.39751 0.20925 0.71852 0.64307 
287	3	0.70082 0.81913 0.22123 0.53119 0.78897 0.43794 
288	3	0.68110 0.84601 0.38109 0.50322 0.77641 0.46782 
289	3	0.66932 0.80842 0.36742 0.49101 0.76324 0.46538 
290	3	0.36996 0.81137 0.39485 0.22475 0.72370 0.64181 
291	3	0.39048 0.88501 0.25985 0.26188 0.79793 0.58166 
292	3	0.28814 0.83190 0.39955 0.20833 0.72005 0.64068 
293	3	0.62143 0.74086 0.43217 0.43045 0.68894 0.52361 
294	3	0.69448 0.81246 0.35791 0.52457 0.78730 0.43409 
295	3	0.67878 0.82698 0.25002 0.50238 0.76446 0.46641 
296	3	0.66914 0.86324 0.22947 0.48938 0.77794 0.47697 
297	3	0.65202 0.86951 0.29842 0.46681 0.72855 0.50653 
298	3	0.65726 0.84787 0.26784 0.47155 0.73554 0.50847 
299	3	0.66846 0.81614 0.43841 0.48727 0.73846 0.48514 
300	4	0.79002 0.95717 0.05893 0.66028 0.93119 0.27997 
301	4	0.90804 0.96881 0.01834 0.84199 0.97457 0.13672 
302	4	0.70802 0.96380 0.09496 0.54163 0.89412 0.40198 
303	4	0.74022 0.96937 0.06371 0.59035 0.92370 0.33695 
304	4	0.72316 0.99115 0.06248 0.56767 0.94908 0.36072 
305	4	0.74670 0.98007 0.12767 0.59346 0.90397 0.37041 
306	4	0.80526 0.97670 0.03860 0.68163 0.95076 0.26464 
307	4	0.64426 0.97779 0.07298 0.47696 0.91071 0.42888 
308	4	0.52408 0.98277 0.12628 0.35396 0.89124 0.51961 
309	4	0.82603 0.97440 0.03062 0.71053 0.95647 0.25078 
310	4	0.94130 0.97821 0.00000 0.89730 0.98799 0.08894 
311	4	0.94062 0.97820 0.01117 0.89620 0.98711 0.08851 
312	4	0.92668 0.98010 0.00466 0.87249 0.98474 0.11133 
313	4	0.84670 0.98132 0.04563 0.74138 0.94861 0.24084 
314	4	0.85338 0.97515 0.08119 0.75183 0.94067 0.23301 
315	4	0.80318 0.98245 0.06737 0.67462 0.92713 0.30485 
316	4	0.78928 0.97394 0.06125 0.65663 0.93204 0.30547 
317	4	0.81994 0.97465 0.03463 0.70495 0.95359 0.23862 
318	4	0.83079 0.98166 0.04476 0.71750 0.94366 0.25605 
319	4	0.68109 0.96755 0.07986 0.51499 0.90813 0.39518 
320	4	0.78608 0.97384 0.04985 0.65057 0.93593 0.30596 
321	4	0.76706 0.98417 0.06739 0.62262 0.92154 0.34272 
322	4	0.66247 0.98640 0.11908 0.48160 0.88282 0.47456 
323	4	0.59937 0.97171 0.12210 0.40734 0.86287 0.51896 
324	4	0.76879 0.98086 0.10637 0.62567 0.91618 0.33755 
325	4	0.74150 0.97765 0.08738 0.58838 0.91484 0.36528 
326	4	0.81596 0.97227 0.03639 0.69571 0.94762 0.26141 
327	4	0.73417 0.98187 0.08599 0.57560 0.90317 0.38948 
328	4	0.82302 0.97459 0.04754 0.70707 0.94540 0.25387 
329	4	0.58945 0.97542 0.17098 0.39501 0.84493 0.54595 
330	4	0.55587 0.93786 0.09465 0.38393 0.88319 0.48837 
331	4	0.50026 0.96234 0.13534 0.31064 0.85560 0.59562 
332	4	0.48143 0.94843 0.13324 0.31836 0.85597 0.55693 
333	4	0.45047 0.93178 0.13412 0.28363 0.84555 0.57921 
334	4	0.39616 0.95385 0.12745 0.22645 0.85282 0.64238 
335	4	0.43963 0.95197 0.11248 0.26773 0.87310 0.58855 
336	4	0.23000 0.95425 0.10398 0.13649 0.87822 0.68505 
337	4	0.34327 0.95827 0.12921 0.18577 0.85550 0.68174 
338	4	0.32818 0.97027 0.09657 0.18540 0.88796 0.66621 
339	4	0.29377 0.96411 0.12717 0.15242 0.86373 0.71463 
340	4	0.41309 0.97087 0.11151 0.23575 0.87862 0.64974 
341	4	0.41827 0.95740 0.07966 0.25144 0.89810 0.59178 
342	4	0.31310 0.95604 0.12853 0.16967 0.85829 0.68047 
343	4	0.36885 0.95876 0.09329 0.22625 0.90077 0.59288 
344	4	0.32320 0.95012 0.11822 0.18272 0.86929 0.65372 
345	4	0.32065 0.95828 0.10106 0.18621 0.88021 0.65194 
346	4	0.42166 0.93727 0.07474 0.27534 0.90394 0.53426 
347	4	0.39905 0.95798 0.13217 0.24271 0.85097 0.62813 
348	4	0.34907 0.97639 0.10674 0.21307 0.90207 0.62606 
349	4	0.37070 0.94937 0.13909 0.20579 0.84187 0.66168 
350	4	0.34772 0.96498 0.08901 0.19663 0.88986 0.64337 
351	4	0.33342 0.95351 0.12461 0.19075 0.85676 0.65333 
352	4	0.25093 0.95486 0.09148 0.16428 0.88874 0.63660 
353	4	0.32553 0.94415 0.10355 0.24594 0.87889 0.56920 
354	4	0.31689 0.95321 0.11721 0.18435 0.86407 0.65996 
355	4	0.42077 0.91869 0.21796 0.28987 0.84435 0.52134 
356	4	0.36750 0.96614 0.16744 0.23030 0.81957 0.63384 
357	4	0.48205 0.95380 0.15765 0.28691 0.82892 0.62290 
358	4	0.47137 0.95569 0.12259 0.30653 0.85462 0.56304 
359	4	0.40811 0.94884 0.13645 0.27279 0.83809 0.57431 
360	4	0.39628 0.95528 0.13433 0.25521 0.84056 0.60243 
361	4	0.42967 0.94903 0.14326 0.24535 0.83601 0.64858 
362	4	0.26380 0.93911 0.18601 0.22323 0.78573 0.61449 
363	4	0.31518 0.95188 0.15463 0.24638 0.82369 0.59461 
364	4	0.26750 0.93790 0.19400 0.22971 0.79034 0.60505 
365	4	0.28583 0.92471 0.14452 0.25217 0.83375 0.55445 
366	4	0.27357 0.94557 0.17863 0.23291 0.79538 0.61003 
367	4	0.25910 0.91449 0.16262 0.24622 0.81058 0.56111 
368	4	0.27231 0.94245 0.20017 0.20289 0.77662 0.65111 
369	4	0.24476 0.95485 0.14796 0.22585 0.82863 0.60756 
370	4	0.30256 0.94700 0.15335 0.24156 0.83334 0.58871 
371	4	0.34758 0.95131 0.10593 0.25599 0.87994 0.55199 
372	4	0.31956 0.94778 0.09205 0.25252 0.88372 0.55574 
373	4	0.32655 0.97014 0.13120 0.24855 0.88329 0.55729 
374	4	0.26241 0.96657 0.13247 0.26087 0.87973 0.53689 
375	4	0.29304 0.97269 0.12201 0.24833 0.89175 0.55219 
376	4	0.34443 0.92159 0.09054 0.27587 0.88535 0.50715 
377	4	0.30012 0.96103 0.13881 0.26530 0.87167 0.52872 
378	4	0.43197 0.94874 0.11678 0.27546 0.85959 0.58045 
379	4	0.35856 0.96295 0.09620 0.24175 0.89203 0.57453 
380	4	0.28155 0.96107 0.12228 0.16690 0.86145 0.67801 
381	4	0.39968 0.95661 0.19134 0.24316 0.82474 0.62228 
382	4	0.38008 0.94911 0.13574 0.24658 0.84330 0.60417 
383	4	0.32516 0.95467 0.18358 0.21652 0.82837 0.62755 
384	4	0.36587 0.93339 0.14309 0.25557 0.83713 0.57929 
385	4	0.36870 0.94192 0.12450 0.21605 0.85445 0.62260 
386	4	0.19165 0.92246 0.19733 0.14988 0.78215 0.69483 
387	4	0.35706 0.93307 0.15163 0.19779 0.82468 0.65930 
388	4	0.26364 0.92178 0.15119 0.21599 0.81701 0.60714 
389	4	0.37367 0.93559 0.09448 0.29971 0.88247 0.50501 
390	4	0.26590 0.94062 0.24787 0.12182 0.73621 0.79222 
391	4	0.27403 0.92196 0.14104 0.19910 0.83098 0.62017 
392	4	0.14157 0.96514 0.13504 0.10278 0.84389 0.75052 
393	4	0.26749 0.93772 0.13016 0.18756 0.85718 0.61491 
394	4	0.20341 0.96006 0.17036 0.10651 0.80945 0.77390 
395	4	0.13619 0.94642 0.13852 0.10580 0.84627 0.73634 
396	4	0.43828 0.92862 0.08958 0.27308 0.88746 0.54219 
397	4	0.17480 0.95258 0.15733 0.09329 0.82686 0.75662 
398	4	0.36771 0.95644 0.12257 0.23545 0.85886 0.59101 
399	4	0.71181 0.96075 0.05876 0.57253 0.93562 0.30852 
400	5	0.33924 0.97612 0.10051 0.23619 0.88703 0.61284 
401	5	0.30424 0.97735 0.08562 0.23527 0.90098 0.59654 
402	5	0.22450 0.96887 0.12902 0.15302 0.85669 0.70119 
403	5	0.45495 0.95323 0.19605 0.26735 0.77822 0.64661 
404	5	0.46684 0.95084 0.19367 0.26352 0.78114 0.67460 
405	5	0.40225 0.98197 0.10453 0.23551 0.87469 0.64130 
406	5	0.31136 0.97813 0.04927 0.30545 0.93942 0.48263 
407	5	0.37847 0.96158 0.06840 0.31112 0.91102 0.49326 
408	5	0.50183 0.92827 0.14772 0.34452 0.82658 0.52412 
409	5	0.80596 0.96799 0.04897 0.68151 0.93819 0.27821 
410	5	0.26764 0.95059 0.17122 0.16911 0.80233 0.68127 
411	5	0.37831 0.95041 0.08316 0.31491 0.89849 0.48343 
412	5	0.72452 0.97125 0.08357 0.56510 0.90605 0.38413 
413	5	0.39967 0.94734 0.06466 0.35163 0.91462 0.42960 
414	5	0.37586 0.95139 0.12574 0.25472 0.86282 0.58998 
415	5	0.30738 0.94180 0.10375 0.29747 0.87914 0.50339 
416	5	0.91386 0.96797 0.01235 0.85032 0.97586 0.13417 
417	5	0.23203 0.97232 0.13533 0.14914 0.84359 0.69063 
418	5	0.68883 0.97572 0.09489 0.51568 0.88952 0.43206 
419	5	0.52767 0.95990 0.07408 0.39112 0.91406 0.43898 
420	5	0.56249 0.96418 0.07190 0.40625 0.91136 0.44473 
421	5	0.81416 0.96710 0.05742 0.69249 0.93386 0.27688 
422	5	0.39757 0.96699 0.08209 0.29964 0.89740 0.51382 
423	5	0.73422 0.97217 0.06420 0.58147 0.92479 0.35856 
424	5	0.43717 0.94097 0.06329 0.34131 0.92122 0.45102 
425	5	0.89155 0.97772 0.00555 0.81425 0.98145 0.15834 
426	5	0.52825 0.96681 0.06420 0.38420 0.91874 0.45258 
427	5	0.89481 0.97474 0.01275 0.81902 0.97377 0.16062 
428	5	0.73184 0.97477 0.05127 0.57940 0.93510 0.34338 
429	5	0.43107 0.94416 0.06715 0.35567 0.91228 0.43446 
430	5	0.46524 0.96276 0.06412 0.34929 0.92593 0.46016 
431	5	0.50408 0.96757 0.06498 0.35910 0.91581 0.47226 
432	5	0.51141 0.96884 0.07605 0.35885 0.90922 0.48236 
433	5	0.53308 0.97128 0.08749 0.35235 0.89264 0.52251 
434	5	0.78525 0.96120 0.07988 0.64853 0.91126 0.33583 
435	5	0.74758 0.97640 0.06081 0.60066 0.93597 0.33716 
436	5	0.79885 0.95439 0.02283 0.67823 0.96031 0.24447 
437	5	0.58308 0.96690 0.08168 0.39977 0.90195 0.49665 
438	5	0.77273 0.97384 0.07011 0.63122 0.92936 0.33334 
439	5	0.85979 0.97038 0.03238 0.76201 0.95647 0.22535 
440	5	0.68445 0.98697 0.05981 0.50987 0.92438 0.44325 
441	5	0.59930 0.95518 0.10058 0.41649 0.88405 0.49138 
442	5	0.81542 0.97574 0.04109 0.69356 0.94486 0.27827 
443	5	0.78238 0.94451 0.05514 0.65175 0.92475 0.29068 
444	5	0.62927 0.95650 0.13348 0.45065 0.86100 0.47702 
445	5	0.80120 0.93050 0.06312 0.67494 0.91903 0.27130 
446	5	0.78988 0.95509 0.05916 0.65877 0.92321 0.29711 
447	5	0.81174 0.96502 0.07294 0.68710 0.91497 0.30769 
448	5	0.52921 0.95776 0.14111 0.33503 0.83590 0.57195 
449	5	0.52156 0.96314 0.09819 0.34059 0.87960 0.53085 
450	5	0.74543 0.96077 0.07853 0.59557 0.91155 0.35363 
451	5	0.68925 0.93556 0.12435 0.51748 0.86287 0.43225 
452	5	0.77354 0.96111 0.07799 0.63401 0.90828 0.33710 
453	5	0.64899 0.95758 0.10650 0.47221 0.87525 0.45539 
454	5	0.77932 0.93958 0.07928 0.64297 0.90235 0.31050 
455	5	0.58199 0.96698 0.10984 0.39631 0.86491 0.50420 
456	5	0.75837 0.95815 0.06621 0.61712 0.92554 0.32135 
457	5	0.77512 0.96728 0.06960 0.63568 0.91486 0.32052 
458	5	0.71703 0.95899 0.08218 0.56062 0.89588 0.36865 
459	5	0.73700 0.95920 0.07263 0.58288 0.91450 0.36081 
460	5	0.69561 0.95151 0.10313 0.52610 0.87691 0.41985 
461	5	0.46675 0.96445 0.08673 0.36178 0.89419 0.45675 
462	5	0.29775 0.95243 0.12900 0.23518 0.84915 0.59190 
463	5	0.30009 0.96171 0.15888 0.19058 0.81263 0.67408 
464	5	0.44181 0.97428 0.08770 0.34935 0.89311 0.47838 
465	5	0.22237 0.94774 0.17630 0.18695 0.79449 0.66152 
466	5	0.18874 0.96070 0.17562 0.15365 0.79410 0.71092 
467	5	0.30900 0.96548 0.13014 0.20942 0.84471 0.63374 
468	5	0.56748 0.97246 0.11105 0.42158 0.89230 0.43163 
469	5	0.39562 0.97135 0.16341 0.25567 0.81687 0.62292 
470	5	0.57469 0.97722 0.09820 0.42593 0.90656 0.42972 
471	5	0.53862 0.94706 0.08678 0.40013 0.89359 0.43656 
472	5	0.35368 0.95158 0.13356 0.24876 0.83890 0.59271 
473	5	0.27561 0.95473 0.18785 0.17761 0.78901 0.69380 
474	5	0.31119 0.97442 0.10782 0.20402 0.87141 0.64710 
475	5	0.39956 0.97020 0.09085 0.33241 0.89134 0.48339 
476	5	0.33796 0.97601 0.06904 0.32136 0.91477 0.48067 
477	5	0.39764 0.94014 0.10600 0.31772 0.86899 0.49441 
478	5	0.40652 0.96182 0.09190 0.33320 0.88833 0.47880 
479	5	0.26410 0.95566 0.18501 0.18307 0.78787 0.68431 
480	5	0.33863 0.96081 0.13263 0.24960 0.84073 0.58905 
481	5	0.29255 0.97382 0.15294 0.17515 0.82348 0.69552 
482	5	0.52365 0.97332 0.12385 0.33077 0.85364 0.57138 
483	5	0.77570 0.98465 0.04593 0.64128 0.94032 0.30591 
484	5	0.62873 0.97778 0.09690 0.45102 0.88981 0.46514 
485	5	0.67423 0.96937 0.07203 0.51645 0.90785 0.38595 
486	5	0.70497 0.98003 0.10502 0.54047 0.89048 0.41585 
487	5	0.64043 0.98520 0.07572 0.46014 0.90552 0.46721 
488	5	0.42894 0.97683 0.12645 0.25812 0.85637 0.61950 
489	5	0.60305 0.97105 0.08548 0.42173 0.89160 0.47995 
490	5	0.79669 0.98771 0.04032 0.66939 0.94446 0.28879 
491	5	0.53869 0.98129 0.09853 0.35858 0.88365 0.53852 
492	5	0.40199 0.97567 0.10117 0.25407 0.88310 0.60469 
493	5	0.51247 0.98422 0.13938 0.31767 0.85453 0.61118 
494	5	0.27597 0.96387 0.17615 0.18496 0.80505 0.68995 
495	5	0.36594 0.96788 0.07231 0.27471 0.91228 0.54286 
496	5	0.43249 0.97982 0.11518 0.29983 0.87872 0.56996 
497	5	0.16542 0.97162 0.20672 0.06329 0.77709 0.83955 
498	5	0.23044 0.95273 0.22872 0.10800 0.76927 0.79310 
499	5	0.16757 0.97584 0.17831 0.11236 0.80277 0.77907 
500	6	0.26257 0.76142 0.27205 0.20814 0.68431 0.59169 
501	6	0.32663 0.85288 0.22983 0.22971 0.73018 0.60285 
502	6	0.77751 0.82105 0.21886 0.63617 0.76722 0.34408 
503	6	0.34712 0.85983 0.24995 0.22192 0.70772 0.62499 
504	6	0.20067 0.78920 0.59081 0.09901 0.39794 0.81650 
505	6	0.48163 0.75996 0.39229 0.27967 0.58430 0.64435 
506	6	0.35299 0.83814 0.41911 0.16894 0.54581 0.76881 
507	6	0.38582 0.81288 0.20392 0.26248 0.76330 0.56966 
508	6	0.27002 0.81619 0.25289 0.17393 0.70564 0.66430 
509	6	0.58541 0.64392 0.22445 0.41063 0.73540 0.46181 
510	6	0.41419 0.55728 0.56473 0.23742 0.41409 0.62801 
511	6	0.39000 0.77507 0.27025 0.26605 0.68846 0.56644 
512	6	0.41118 0.77307 0.45974 0.22182 0.50182 0.71255 
513	6	0.54651 0.70508 0.43355 0.35465 0.56247 0.54869 
514	6	0.57934 0.75509 0.32848 0.40914 0.64673 0.47873 
515	6	0.48415 0.44403 0.43470 0.29391 0.49733 0.58359 
516	6	0.59919 0.70206 0.42476 0.40479 0.56176 0.53615 
517	6	0.32967 0.80658 0.19851 0.25643 0.76673 0.56849 
518	6	0.33692 0.55820 0.68592 0.15223 0.28063 0.77496 
519	6	0.49861 0.59743 0.51223 0.31090 0.47962 0.57286 
520	6	0.32925 0.61405 0.42408 0.18943 0.51225 0.67392 
521	6	0.21765 0.70095 0.40287 0.13926 0.53533 0.70929 
522	6	0.25439 0.75050 0.30699 0.18180 0.64949 0.66089 
523	6	0.49779 0.66297 0.17974 0.37590 0.78507 0.42443 
524	6	0.18586 0.72246 0.37517 0.13944 0.56747 0.70752 
525	6	0.83507 0.70249 0.15405 0.72392 0.81701 0.24942 
526	6	0.63219 0.58294 0.21203 0.47088 0.74906 0.39865 
527	6	0.65539 0.61831 0.23939 0.48927 0.72759 0.39510 
528	6	0.19320 0.81434 0.29901 0.16349 0.65652 0.66006 
529	6	0.17141 0.72337 0.34305 0.15490 0.60104 0.65359 
530	6	0.40299 0.73420 0.45396 0.22592 0.54043 0.66345 
531	6	0.22113 0.72134 0.40813 0.13644 0.52749 0.71118 
532	6	0.66053 0.65189 0.25782 0.48044 0.70630 0.44902 
533	6	0.26272 0.75155 0.40751 0.13905 0.53740 0.73242 
534	6	0.54610 0.77078 0.26575 0.35317 0.70700 0.54960 
535	6	0.14783 0.79689 0.34764 0.11195 0.59862 0.73175 
536	6	0.53328 0.70835 0.31699 0.33654 0.64067 0.56470 
537	6	0.49320 0.67807 0.40906 0.29689 0.53874 0.59605 
538	6	0.14142 0.87497 0.25074 0.13310 0.70970 0.70829 
539	6	0.24145 0.83865 0.20984 0.18033 0.75354 0.62016 
540	6	0.47697 0.64421 0.24603 0.34851 0.71549 0.47517 
541	6	0.35176 0.62527 0.27337 0.27424 0.68018 0.51777 
542	6	0.53552 0.87295 0.20240 0.39477 0.78215 0.44156 
543	6	0.53232 0.66449 0.31488 0.34990 0.65055 0.52975 
544	6	0.88093 0.58060 0.12402 0.79630 0.85062 0.18011 
545	6	0.42279 0.61547 0.28702 0.27407 0.66674 0.53807 
546	6	0.21592 0.73643 0.43968 0.11633 0.49655 0.76183 
547	6	0.32499 0.80849 0.42322 0.17234 0.52922 0.72114 
548	6	0.59732 0.71412 0.32904 0.41747 0.64413 0.46487 
549	6	0.21404 0.65856 0.44235 0.13014 0.49024 0.70463 
550	6	0.36809 0.71714 0.31700 0.21738 0.63132 0.63340 
551	6	0.27946 0.67628 0.45428 0.14092 0.47868 0.72895 
552	6	0.47317 0.78896 0.43658 0.28091 0.57908 0.61530 
553	6	0.25814 0.84373 0.35924 0.16151 0.62458 0.70234 
554	6	0.61382 0.68183 0.33331 0.43272 0.64450 0.45949 
555	6	0.52056 0.62572 0.37455 0.33634 0.58212 0.54633 
556	6	0.41496 0.76272 0.25876 0.26157 0.69648 0.60050 
557	6	0.45529 0.43876 0.46546 0.27984 0.46831 0.59137 
558	6	0.70647 0.60155 0.30437 0.54430 0.67390 0.38388 
559	6	0.38025 0.57314 0.39316 0.22379 0.54368 0.61801 
560	6	0.39743 0.79694 0.14800 0.33817 0.82133 0.44655 
561	6	0.43540 0.86878 0.30331 0.24209 0.66092 0.67893 
562	6	0.44475 0.81646 0.37867 0.25510 0.59198 0.62786 
563	6	0.21678 0.67779 0.46133 0.13326 0.46910 0.74432 
564	6	0.22898 0.78087 0.23108 0.21376 0.72857 0.60527 
565	6	0.23591 0.67428 0.39157 0.14511 0.54619 0.68468 
566	6	0.25322 0.74458 0.47994 0.20410 0.50930 0.66051 
567	6	0.48571 0.79844 0.36343 0.29969 0.60680 0.57898 
568	6	0.33507 0.70161 0.57830 0.15937 0.35903 0.78861 
569	6	0.68878 0.67884 0.30929 0.51935 0.66538 0.40905 
570	6	0.11700 0.82888 0.55233 0.08382 0.46394 0.81691 
571	6	0.43092 0.73526 0.26384 0.27489 0.69052 0.58419 
572	6	0.41446 0.72284 0.45259 0.23033 0.51894 0.66744 
573	6	0.39083 0.74418 0.55303 0.20216 0.44332 0.73712 
574	6	0.41721 0.69986 0.28550 0.27001 0.66839 0.58493 
575	6	0.38966 0.63907 0.54142 0.19701 0.40332 0.72532 
576	6	0.30693 0.72487 0.48349 0.15062 0.46140 0.73569 
577	6	0.35932 0.63441 0.37294 0.20727 0.56705 0.64218 
578	6	0.42408 0.67582 0.30683 0.29385 0.64803 0.54637 
579	6	0.33334 0.67679 0.40682 0.18535 0.53150 0.68266 
580	6	0.34338 0.70766 0.42768 0.18355 0.52159 0.70217 
581	6	0.72542 0.64289 0.35168 0.56284 0.64590 0.39398 
582	6	0.25630 0.67116 0.53608 0.14473 0.41189 0.74669 
583	6	0.67045 0.58124 0.36402 0.49608 0.62024 0.43232 
584	6	0.35875 0.57937 0.58586 0.19606 0.36458 0.70812 
585	6	0.54159 0.60000 0.30127 0.35533 0.65024 0.52223 
586	6	0.39767 0.78782 0.40397 0.23817 0.55464 0.64425 
587	6	0.17043 0.58006 0.48775 0.13093 0.43762 0.69046 
588	6	0.24436 0.60628 0.52411 0.13507 0.41151 0.72651 
589	6	0.17869 0.69666 0.58561 0.07966 0.35475 0.81285 
590	6	0.14647 0.77412 0.37630 0.10441 0.56780 0.73734 
591	6	0.13413 0.74429 0.37299 0.11726 0.56730 0.70567 
592	6	0.24357 0.70223 0.57330 0.10688 0.36398 0.78663 
593	6	0.37611 0.68309 0.50828 0.19582 0.45139 0.72397 
594	6	0.16033 0.69474 0.41262 0.13197 0.52246 0.68541 
595	6	0.65179 0.45804 0.29685 0.48021 0.65491 0.42242 
596	6	0.31667 0.83973 0.32739 0.16950 0.63848 0.70115 
597	6	0.15365 0.84990 0.26381 0.13237 0.69367 0.71212 
598	6	0.51018 0.75840 0.43216 0.31464 0.55419 0.58902 
599	6	0.57905 0.79071 0.35042 0.38461 0.62494 0.53700 
600	7	0.52193 0.91685 0.09471 0.34800 0.89484 0.50040 
601	7	0.52307 0.96472 0.13968 0.34779 0.94741 0.47944 
602	7	0.62098 0.96454 0.15325 0.44372 0.93317 0.43108 
603	7	0.49639 0.96424 0.14659 0.33631 0.92180 0.47673 
604	7	0.52565 0.95662 0.20929 0.35436 0.91169 0.47907 
605	7	0.52785 0.96052 0.17863 0.36161 0.92016 0.47350 
606	7	0.46126 0.94254 0.27671 0.29982 0.88570 0.52067 
607	7	0.51742 0.97019 0.11744 0.33213 0.86923 0.54025 
608	7	0.49541 0.99193 0.11475 0.29600 0.86737 0.61043 
609	7	0.51805 0.99918 0.10486 0.32221 0.91116 0.57136 
610	7	0.51026 0.99121 0.09176 0.31300 0.89485 0.58607 
611	7	0.48255 0.98869 0.08905 0.29186 0.90046 0.58863 
612	7	0.52567 0.99834 0.04710 0.33246 0.93586 0.55186 
613	7	0.54994 0.98788 0.09895 0.35483 0.88747 0.55543 
614	7	0.43691 0.96743 0.13929 0.24995 0.84769 0.61636 
615	7	0.59099 0.99188 0.05971 0.40182 0.92239 0.49902 
616	7	0.54081 1.00000 0.08660 0.34251 0.91792 0.55891 
617	7	0.52193 0.99289 0.08407 0.32553 0.90091 0.57380 
618	7	0.54882 0.99361 0.06394 0.35726 0.92051 0.53428 
619	7	0.54699 0.99046 0.07735 0.35296 0.90601 0.54697 
620	7	0.45993 0.99001 0.10000 0.26668 0.88363 0.62527 
621	7	0.49305 0.98563 0.11533 0.29738 0.87249 0.60274 
622	7	0.50501 0.99358 0.07097 0.31320 0.91083 0.57170 
623	7	0.50142 0.99062 0.08447 0.30694 0.90293 0.58463 
624	7	0.57302 0.99469 0.04951 0.38228 0.93356 0.51051 
625	7	0.40563 0.96680 0.18467 0.24043 0.90937 0.58136 
626	7	0.15377 0.93516 0.10167 0.16499 0.87413 0.62823 
627	7	0.31274 0.91064 0.20169 0.20603 0.88340 0.58236 
628	7	0.24830 0.86863 0.40750 0.15488 0.81235 0.64655 
629	7	0.23431 0.94122 0.31255 0.14446 0.83301 0.66023 
630	7	0.26379 0.92475 0.28609 0.17093 0.82394 0.62411 
631	7	0.33036 0.94478 0.23949 0.19717 0.86421 0.60919 
632	7	0.36488 0.94194 0.22006 0.22863 0.86828 0.57405 
633	7	0.35166 0.89824 0.20483 0.23235 0.90198 0.55369 
634	7	0.24093 0.91155 0.11698 0.18837 0.86538 0.60013 
635	7	0.53664 0.86345 0.11004 0.38382 0.86548 0.43772 
636	7	0.26165 0.92164 0.09595 0.21931 0.88145 0.57691 
637	7	0.28835 0.91740 0.08066 0.25687 0.89925 0.52051 
638	7	0.26111 0.94008 0.05939 0.23507 0.92092 0.52335 
639	7	0.55220 0.90066 0.08236 0.37614 0.89748 0.47889 
640	7	0.30336 0.95153 0.07532 0.19110 0.90193 0.60527 
641	7	0.29416 0.92234 0.06245 0.29009 0.91941 0.47952 
642	7	0.56570 0.88577 0.04324 0.45282 0.93898 0.34072 
643	7	0.20512 0.98024 0.12274 0.08932 0.85173 0.78630 
644	7	0.29413 0.96746 0.10625 0.17009 0.87121 0.66955 
645	7	0.18814 0.97735 0.11376 0.13654 0.86446 0.68126 
646	7	0.10761 0.97764 0.16963 0.04595 0.80060 0.85184 
647	7	0.15892 0.96427 0.10520 0.14175 0.87607 0.66958 
648	7	0.11741 0.99496 0.07641 0.06037 0.90122 0.80760 
649	7	0.22117 0.96745 0.13007 0.13056 0.84445 0.70773 
650	7	0.13131 0.98577 0.10835 0.08279 0.86933 0.77963 
651	7	0.10161 0.99676 0.11248 0.08699 0.90796 0.76005 
652	7	0.22885 0.97274 0.11593 0.13752 0.86043 0.69488 
653	7	0.02447 0.99458 0.07008 0.03617 0.90775 0.82337 
654	7	0.16260 0.97826 0.13043 0.05977 0.84571 0.83625 
655	7	0.31983 0.95011 0.16854 0.15881 0.80788 0.72329 
656	7	0.06402 0.99266 0.12022 0.04107 0.89562 0.82148 
657	7	0.02987 0.99376 0.12321 0.03577 0.88807 0.83214 
658	7	0.35508 0.95318 0.12818 0.18797 0.84679 0.66570 
659	7	0.00741 0.97798 0.12936 0.02926 0.84384 0.84350 
660	7	0.38505 0.95541 0.11328 0.21320 0.86077 0.64085 
661	7	0.34514 0.96629 0.11221 0.17609 0.86629 0.69355 
662	7	0.82043 0.86242 0.10641 0.70723 0.92830 0.23431 
663	7	0.66332 0.92835 0.23036 0.48717 0.84556 0.45101 
664	7	0.64607 0.89525 0.47303 0.47439 0.80714 0.44080 
665	7	0.69613 0.90645 0.15626 0.52914 0.84315 0.41667 
666	7	0.67265 0.92190 0.24753 0.50019 0.83056 0.43318 
667	7	0.57739 0.84535 0.33508 0.38922 0.76385 0.52813 
668	7	0.59170 0.91708 0.25290 0.40446 0.81070 0.51435 
669	7	0.42490 0.91174 0.24896 0.24333 0.72897 0.64906 
670	7	0.26366 0.88158 0.41242 0.16805 0.71782 0.70033 
671	7	0.38610 0.89042 0.22113 0.22859 0.76373 0.61470 
672	7	0.58420 0.95529 0.15168 0.40683 0.86453 0.48295 
673	7	0.62615 0.94820 0.11743 0.45199 0.87224 0.44045 
674	7	0.11745 0.94771 0.16888 0.10572 0.80742 0.73308 
675	7	0.10938 0.91822 0.26696 0.09970 0.69856 0.76613 
676	7	0.24288 0.96228 0.23410 0.13472 0.80085 0.70369 
677	7	0.13728 0.92676 0.23415 0.10474 0.73026 0.75339 
678	7	0.25479 0.90065 0.30874 0.13693 0.65302 0.73227 
679	7	0.25903 0.89525 0.31105 0.14000 0.66503 0.73675 
680	7	0.16731 0.90013 0.40656 0.11407 0.64402 0.75928 
681	7	0.37239 0.92713 0.37163 0.19861 0.65816 0.69506 
682	7	0.13924 0.81621 0.30261 0.11730 0.64603 0.71732 
683	7	0.17876 0.88143 0.30225 0.12123 0.66841 0.74328 
684	7	0.17635 0.94730 0.17699 0.12283 0.79161 0.72336 
685	7	0.21277 0.93458 0.20480 0.14674 0.76888 0.69706 
686	7	0.51503 0.72276 0.34818 0.33086 0.67594 0.54512 
687	7	0.33898 0.79696 0.49899 0.19279 0.53223 0.67483 
688	7	0.46726 0.79572 0.30905 0.28008 0.64148 0.59747 
689	7	0.43209 0.79675 0.50448 0.24340 0.53615 0.65989 
690	7	0.36442 0.87674 0.35183 0.20129 0.64564 0.66564 
691	7	0.56893 0.84423 0.35448 0.37450 0.62661 0.53358 
692	7	0.41814 0.83610 0.41854 0.23820 0.56660 0.65114 
693	7	0.49281 0.69284 0.42849 0.31796 0.54150 0.54241 
694	7	0.49593 0.73797 0.50291 0.31018 0.47173 0.57449 
695	7	0.29415 0.88074 0.29665 0.15957 0.67848 0.73044 
696	7	0.32992 0.78860 0.43534 0.18387 0.51667 0.67465 
697	7	0.49513 0.88015 0.34770 0.29773 0.67808 0.61142 
698	7	0.41142 0.80977 0.37669 0.22725 0.60864 0.67406 
699	7	0.49421 0.84254 0.28326 0.29853 0.67394 0.60603 
700	8	0.98042 0.88363 0.01674 0.96482 0.97620 0.03362 
701	8	0.94721 0.88112 0.02051 0.90806 0.97513 0.06864 
702	8	0.93965 0.88327 0.04897 0.89347 0.94159 0.10326 
703	8	0.87811 0.92523 0.06610 0.79130 0.91940 0.19563 
704	8	0.91378 0.90779 0.06041 0.85006 0.93239 0.13898 
705	8	0.91825 0.94635 0.06628 0.85678 0.92979 0.14888 
706	8	0.90656 0.93365 0.04690 0.83849 0.94889 0.14580 
707	8	0.90805 0.92398 0.04637 0.84031 0.93858 0.15070 
708	8	0.90712 0.87977 0.09368 0.83830 0.90239 0.16483 
709	8	0.94970 0.88677 0.02624 0.91184 0.96692 0.07343 
710	8	0.84804 0.93113 0.07837 0.74397 0.90713 0.23624 
711	8	0.86261 0.91032 0.09261 0.76620 0.89214 0.22329 
712	8	0.90239 0.87779 0.06719 0.83377 0.93832 0.13956 
713	8	0.80835 0.90584 0.11757 0.68272 0.86595 0.29310 
714	8	0.85590 0.87272 0.12480 0.75625 0.87430 0.23485 
715	8	0.82740 0.89072 0.16813 0.71155 0.86086 0.28408 
716	8	0.85270 0.92069 0.08597 0.75061 0.89888 0.23588 
717	8	0.85590 0.92148 0.08150 0.75569 0.90255 0.23059 
718	8	0.85974 0.89178 0.12597 0.76122 0.87649 0.23615 
719	8	0.91648 0.88680 0.08227 0.85428 0.91707 0.14237 
720	8	0.89989 0.82268 0.10141 0.82652 0.89316 0.17018 
721	8	0.92586 0.90951 0.04753 0.87046 0.94683 0.11853 
722	8	0.84084 0.88486 0.14458 0.73237 0.86518 0.25509 
723	8	0.90755 0.88003 0.06973 0.84172 0.93089 0.13975 
724	8	0.94548 0.83342 0.04698 0.90509 0.95385 0.07782 
725	8	0.93004 0.87614 0.06198 0.87730 0.93173 0.11597 
726	8	0.87123 0.87599 0.09465 0.78015 0.89345 0.20783 
727	8	0.89688 0.87116 0.07851 0.82299 0.91653 0.16606 
728	8	0.89105 0.94009 0.08636 0.81172 0.91675 0.19331 
729	8	0.89305 0.85839 0.08915 0.81492 0.89676 0.18765 
730	8	0.88404 0.86934 0.10530 0.80005 0.88537 0.20329 
731	8	0.95671 0.87382 0.04143 0.92318 0.95659 0.07253 
732	8	0.92632 0.84420 0.07484 0.87257 0.93724 0.11338 
733	8	0.89365 0.89419 0.07281 0.81636 0.91776 0.17689 
734	8	0.92127 0.86804 0.05266 0.86486 0.94840 0.10787 
735	8	0.43480 0.87665 0.18858 0.36140 0.83059 0.45250 
736	8	0.39764 0.88651 0.15024 0.33306 0.83415 0.48072 
737	8	0.45661 0.83046 0.10065 0.40073 0.87811 0.36154 
738	8	0.37366 0.88287 0.10741 0.35141 0.87276 0.42595 
739	8	0.50876 0.90547 0.11487 0.39307 0.88075 0.41895 
740	8	0.57051 0.92037 0.12537 0.41650 0.85898 0.44149 
741	8	0.56812 0.91434 0.07511 0.44118 0.90964 0.36878 
742	8	0.46785 0.89708 0.19422 0.36636 0.83470 0.46699 
743	8	0.32817 0.90009 0.15639 0.30945 0.82563 0.49906 
744	8	0.34852 0.83763 0.16612 0.32587 0.81162 0.46453 
745	8	0.35470 0.89639 0.14928 0.31922 0.83288 0.48883 
746	8	0.43879 0.87358 0.14201 0.37540 0.85428 0.41524 
747	8	0.41815 0.93397 0.09392 0.40048 0.93008 0.35085 
748	8	0.35750 0.88103 0.16510 0.35013 0.83984 0.44111 
749	8	0.39886 0.81788 0.17961 0.38681 0.86649 0.37453 
750	8	0.49458 0.86566 0.16815 0.41442 0.87441 0.36825 
751	8	0.47545 0.82347 0.20561 0.40433 0.86577 0.37403 
752	8	0.45828 0.86621 0.17682 0.35796 0.81287 0.46716 
753	8	0.45516 0.85073 0.15086 0.37086 0.83559 0.43014 
754	8	0.37727 0.84853 0.20245 0.29500 0.78182 0.52525 
755	8	0.37755 0.88921 0.14234 0.32543 0.84379 0.47362 
756	8	0.37129 0.90842 0.17365 0.31798 0.82838 0.50628 
757	8	0.47877 0.86722 0.18189 0.38719 0.84310 0.42696 
758	8	0.39145 0.90243 0.13465 0.36341 0.86678 0.42333 
759	8	0.56439 0.91437 0.10967 0.43748 0.88955 0.39330 
760	8	0.59127 0.91132 0.08335 0.46051 0.90775 0.36212 
761	8	0.86827 0.87276 0.15310 0.77440 0.86286 0.23055 
762	8	0.67541 0.89058 0.16087 0.50394 0.83074 0.42296 
763	8	0.51919 0.77449 0.23864 0.35956 0.73573 0.49193 
764	8	0.60305 0.81105 0.15945 0.43802 0.81093 0.43433 
765	8	0.40551 0.55019 0.33229 0.32261 0.65163 0.48502 
766	8	0.38891 0.64010 0.47582 0.23619 0.49334 0.63697 
767	8	0.48098 0.72267 0.32752 0.29054 0.63796 0.59617 
768	8	0.76845 0.89881 0.12952 0.62575 0.85211 0.32853 
769	8	0.57829 0.83770 0.14273 0.44066 0.84606 0.39991 
770	8	0.67514 0.83749 0.10791 0.54072 0.87611 0.30943 
771	8	1.00000 0.83214 0.02521 1.00000 0.97658 0.00000 
772	8	0.68561 0.77213 0.11323 0.55114 0.86939 0.29681 
773	8	0.32228 0.84381 0.15272 0.32941 0.83923 0.45917 
774	8	0.52646 0.88245 0.14141 0.38036 0.83600 0.45872 
775	8	0.72391 0.89407 0.09854 0.57811 0.88785 0.33169 
776	8	0.42120 0.67986 0.41878 0.28577 0.56148 0.57266 
777	8	0.50455 0.54805 0.36507 0.35586 0.59325 0.48463 
778	8	0.58032 0.45271 0.36504 0.39897 0.59328 0.48750 
779	8	0.56815 0.66373 0.44107 0.38270 0.52506 0.53448 
780	8	0.67833 0.36293 0.33135 0.51195 0.62294 0.39303 
781	8	0.77451 0.00000 0.30227 0.63951 0.67102 0.28645 
782	8	0.75676 0.28663 0.26451 0.61099 0.69732 0.32686 
783	8	0.81128 0.58428 0.22353 0.68669 0.75474 0.29603 
784	8	0.94721 0.54344 0.11540 0.90617 0.87568 0.09961 
785	8	0.91401 0.88789 0.09745 0.85076 0.90940 0.14563 
786	8	0.60669 0.81449 0.13728 0.45150 0.84294 0.39863 
787	8	0.77469 0.73333 0.15056 0.64637 0.82921 0.28365 
788	8	0.71384 0.78739 0.12552 0.58035 0.86230 0.29297 
789	8	0.97127 0.81999 0.06165 0.94846 0.94612 0.05510 
790	8	0.61548 0.86494 0.13517 0.46982 0.85463 0.38537 
791	8	0.90920 0.84612 0.12651 0.84233 0.88994 0.15356 
792	8	0.48727 0.87102 0.10951 0.39081 0.88678 0.39864 
793	8	0.41124 0.88572 0.16000 0.32143 0.83128 0.49579 
794	8	0.51873 0.81078 0.29579 0.33259 0.66840 0.55728 
795	8	0.19539 0.90551 0.27200 0.12005 0.68324 0.74832 
796	8	0.20846 0.89464 0.27533 0.12584 0.68658 0.73593 
797	8	0.16293 0.86032 0.50660 0.08166 0.47458 0.82979 
798	8	0.29706 0.87771 0.37530 0.14994 0.59319 0.73809 
799	8	0.26841 0.91628 0.24172 0.15218 0.72167 0.71021 
800	9	0.87211 0.95188 0.03386 0.78256 0.95629 0.19043 
801	9	0.76438 0.94781 0.04759 0.62951 0.94297 0.28227 
802	9	0.72660 0.94478 0.07850 0.57298 0.90751 0.35571 
803	9	0.78827 0.91826 0.07946 0.65932 0.91500 0.28525 
804	9	0.35237 0.91343 0.15983 0.33006 0.90383 0.44458 
805	9	0.24723 0.94325 0.14420 0.21780 0.84307 0.62274 
806	9	0.46459 0.91849 0.10209 0.35130 0.88783 0.46479 
807	9	0.84472 0.92746 0.04536 0.74085 0.94109 0.21554 
808	9	0.34457 0.91599 0.11411 0.32338 0.87618 0.48051 
809	9	0.38687 0.92452 0.02755 0.40810 0.95639 0.32166 
810	9	0.53746 0.93085 0.06259 0.42024 0.92590 0.38559 
811	9	0.82633 0.91654 0.04096 0.71684 0.95170 0.21931 
812	9	0.55869 0.94367 0.12716 0.39985 0.87060 0.47931 
813	9	0.26944 0.92944 0.15323 0.22506 0.82983 0.61011 
814	9	0.41103 0.93223 0.09749 0.29705 0.89000 0.50743 
815	9	0.55421 0.92901 0.13143 0.37824 0.85991 0.49567 
816	9	0.62469 0.90868 0.13548 0.47009 0.89582 0.39764 
817	9	0.38952 0.89692 0.06473 0.37138 0.91797 0.39149 
818	9	0.85483 0.95272 0.05981 0.75440 0.93429 0.22820 
819	9	0.92049 0.97960 0.01899 0.86218 0.98816 0.10806 
820	9	0.84673 0.89214 0.05441 0.74516 0.93270 0.20773 
821	9	0.80685 0.94446 0.07485 0.68183 0.91456 0.28134 
822	9	0.97362 0.92580 0.00663 0.95284 0.98380 0.03891 
823	9	0.80551 0.93744 0.06615 0.68082 0.91841 0.27450 
824	9	0.80707 0.95722 0.05531 0.68254 0.92941 0.27597 
825	9	0.89486 0.87895 0.15645 0.82138 0.94437 0.13901 
826	9	0.44283 0.90834 0.09813 0.33595 0.88052 0.46211 
827	9	0.45907 0.91107 0.09972 0.40089 0.92237 0.36485 
828	9	0.59006 0.88542 0.07784 0.47930 0.93104 0.30834 
829	9	0.52524 0.90505 0.08595 0.43146 0.92516 0.34306 
830	9	0.32838 0.90375 0.14405 0.31224 0.87726 0.48390 
831	9	0.32610 0.90478 0.10930 0.35551 0.91237 0.40071 
832	9	0.51542 0.87382 0.08483 0.40360 0.89789 0.39437 
833	9	0.61718 0.91937 0.17733 0.45894 0.86033 0.42379 
834	9	0.62313 0.90362 0.06728 0.47945 0.91183 0.36328 
835	9	0.65640 0.86841 0.19633 0.48384 0.81367 0.44942 
836	9	0.59453 0.95551 0.09070 0.42039 0.89234 0.48019 
837	9	0.47723 0.92986 0.08497 0.34271 0.89528 0.48040 
838	9	0.37244 0.95044 0.09774 0.30433 0.88407 0.51547 
839	9	0.44510 0.92522 0.04413 0.36652 0.93922 0.40011 
840	9	0.45835 0.88191 0.15582 0.39188 0.89523 0.39195 
841	9	0.32712 0.92723 0.07944 0.33276 0.90355 0.43655 
842	9	0.46915 0.95671 0.03464 0.41623 0.96847 0.33192 
843	9	0.72627 0.95291 0.08392 0.59352 0.94608 0.27925 
844	9	0.94976 0.91397 0.06307 0.91175 0.97374 0.06823 
845	9	0.99188 0.96083 0.04564 0.98563 1.00000 0.00080 
846	9	0.95755 0.94602 0.01905 0.92540 0.99355 0.05222 
847	9	0.87352 0.93563 0.17847 0.78866 0.96456 0.15169 
848	9	0.85402 0.93033 0.05774 0.75570 0.95375 0.20452 
849	9	0.49164 0.80966 0.18611 0.35094 0.78091 0.47391 
850	9	0.57536 0.73266 0.24321 0.39691 0.71670 0.50153 
851	9	0.46217 0.68577 0.29292 0.29165 0.65901 0.57296 
852	9	0.35694 0.81471 0.27433 0.21698 0.67930 0.62699 
853	9	0.67291 0.76173 0.21611 0.49534 0.74963 0.44673 
854	9	0.65403 0.79861 0.25866 0.46880 0.70646 0.48115 
855	9	0.37864 0.73849 0.30935 0.24647 0.65154 0.62190 
856	9	0.46919 0.88462 0.16696 0.30462 0.80645 0.52575 
857	9	0.76106 0.65483 0.24836 0.61247 0.71498 0.35137 
858	9	0.61158 0.71161 0.33440 0.41996 0.61567 0.51690 
859	9	0.77889 0.68223 0.19764 0.63927 0.77096 0.32607 
860	9	0.45990 0.81048 0.19050 0.33303 0.78916 0.51122 
861	9	0.74059 0.83686 0.17893 0.58422 0.79328 0.38752 
862	9	0.49168 0.89228 0.15676 0.32763 0.82672 0.51282 
863	9	0.43061 0.77872 0.26037 0.28247 0.70163 0.56861 
864	9	0.57245 0.89709 0.15791 0.39306 0.83503 0.50568 
865	9	0.40738 0.89669 0.12489 0.29193 0.85632 0.52334 
866	9	0.76487 0.87448 0.08984 0.62575 0.89563 0.31187 
867	9	0.72789 0.84694 0.08759 0.58227 0.90210 0.32524 
868	9	0.83439 0.90254 0.06499 0.72720 0.93050 0.21820 
869	9	0.57120 0.91819 0.20913 0.39089 0.77519 0.51814 
870	9	0.67950 0.89996 0.16121 0.51392 0.82602 0.41380 
871	9	0.91207 0.95317 0.05095 0.84653 0.94648 0.15216 
872	9	0.79445 0.94377 0.07640 0.66331 0.91174 0.29655 
873	9	0.87426 0.92566 0.17760 0.78476 0.90986 0.20869 
874	9	0.87436 0.92360 0.05631 0.78802 0.94067 0.18189 
875	9	0.82319 0.93593 0.04493 0.71521 0.94859 0.21037 
876	9	0.34825 0.87899 0.26543 0.27113 0.78401 0.55381 
877	9	0.26164 0.86458 0.20842 0.20883 0.76043 0.61246 
878	9	0.36913 0.78814 0.20833 0.30163 0.75454 0.50342 
879	9	0.28096 0.84607 0.20517 0.23099 0.76074 0.58208 
880	9	0.84826 0.91729 0.04980 0.74794 0.93845 0.20088 
881	9	0.70725 0.86801 0.12286 0.55039 0.86201 0.35509 
882	9	0.26509 0.89683 0.26744 0.17006 0.70133 0.69804 
883	9	0.73295 0.90540 0.09742 0.58277 0.88839 0.33238 
884	9	0.49837 0.92464 0.14000 0.36073 0.84816 0.49325 
885	9	0.55929 0.95143 0.10256 0.42898 0.92043 0.40298 
886	9	0.37195 0.92675 0.05672 0.34568 0.92807 0.42391 
887	9	0.44677 0.93820 0.09101 0.35591 0.90028 0.45845 
888	9	0.38917 0.94064 0.05795 0.33960 0.92497 0.44418 
889	9	0.36137 0.94484 0.05472 0.33338 0.93812 0.44615 
890	9	0.36876 0.94649 0.09830 0.27577 0.88595 0.53187 
891	9	0.48479 0.90473 0.08401 0.35436 0.90378 0.45652 
892	9	0.51272 0.93278 0.11748 0.40570 0.91971 0.40113 
893	9	0.54038 0.92215 0.10882 0.37668 0.87886 0.48000 
894	9	0.83340 0.90143 0.06338 0.72529 0.92771 0.22534 
895	9	0.82730 0.95059 0.11774 0.71080 0.89523 0.27962 
896	9	0.74212 0.91484 0.10261 0.59493 0.88844 0.32938 
897	9	0.89889 0.91458 0.04152 0.82741 0.95392 0.14357 
898	9	0.89274 0.93044 0.02607 0.81758 0.96612 0.14985 
899	9	0.76918 0.93194 0.09366 0.63376 0.90310 0.30256 
900	10	0.20531 0.91631 0.46057 0.11382 0.57257 0.81377 
901	10	0.04614 0.86990 0.52978 0.02216 0.45677 0.93224 
902	10	0.05613 0.87864 0.46369 0.03016 0.51939 0.89273 
903	10	0.05517 0.85505 0.52346 0.03826 0.46643 0.91040 
904	10	0.13009 0.90116 0.38435 0.07833 0.57115 0.82634 
905	10	0.07738 0.87058 0.52502 0.03012 0.46714 0.92166 
906	10	0.05839 0.85040 0.56743 0.03022 0.45358 0.91415 
907	10	0.05542 0.87877 0.49807 0.03395 0.49035 0.91867 
908	10	0.08759 0.87257 0.36825 0.06640 0.58891 0.82021 
909	10	0.00424 0.86284 0.66615 0.00000 0.36577 1.00000 
910	10	0.09122 0.87874 0.33771 0.07249 0.62053 0.80397 
911	10	0.06825 0.85121 0.68728 0.03389 0.38174 0.94307 
912	10	0.08158 0.86546 0.63722 0.02762 0.38663 0.95746 
913	10	0.11443 0.84788 0.52887 0.05869 0.47292 0.87753 
914	10	0.14295 0.90013 0.31406 0.09250 0.65561 0.79086 
915	10	0.09476 0.85692 0.54018 0.05107 0.46061 0.89920 
916	10	0.19196 0.88807 0.43942 0.09214 0.55640 0.83224 
917	10	0.10551 0.85959 0.51231 0.04405 0.46944 0.88704 
918	10	0.14051 0.87417 0.51387 0.06272 0.49617 0.87100 
919	10	0.22708 0.90597 0.41899 0.12109 0.60837 0.79416 
920	10	0.15996 0.87350 0.44416 0.07861 0.56350 0.83555 
921	10	0.15839 0.93201 0.31383 0.09715 0.66435 0.80693 
922	10	0.21356 0.94366 0.21337 0.12258 0.76923 0.75293 
923	10	0.11209 0.94506 0.31170 0.08109 0.66031 0.82529 
924	10	0.26572 0.94812 0.28072 0.14436 0.69953 0.75123 
925	10	0.19329 0.91723 0.27362 0.13695 0.71773 0.72644 
926	10	0.25019 0.90620 0.40614 0.10364 0.57794 0.82474 
927	10	0.28311 0.90768 0.37050 0.12888 0.61663 0.79220 
928	10	0.22987 0.89568 0.31624 0.12509 0.66428 0.75364 
929	10	0.09450 0.94030 0.33139 0.05966 0.64144 0.86156 
930	10	0.11929 0.92199 0.29773 0.08214 0.68117 0.78390 
931	10	0.19859 0.94222 0.29718 0.10727 0.68857 0.79188 
932	10	0.20458 0.93804 0.25972 0.11318 0.71460 0.77503 
933	10	0.28332 0.92492 0.32165 0.14024 0.64196 0.77037 
934	10	0.18979 0.95744 0.20012 0.15108 0.77721 0.73304 
935	10	0.15488 0.93643 0.28109 0.09567 0.70663 0.79725 
936	10	0.12711 0.92299 0.33270 0.07513 0.62892 0.81907 
937	10	0.16560 0.91485 0.23958 0.13669 0.72255 0.71814 
938	10	0.11022 0.91479 0.40080 0.04882 0.58372 0.88009 
939	10	0.24664 0.91728 0.36791 0.10398 0.61212 0.81609 
940	10	0.18206 0.93575 0.40348 0.08118 0.61272 0.87019 
941	10	0.27719 0.93993 0.24157 0.15510 0.75049 0.71431 
942	10	0.18079 0.91103 0.40032 0.08286 0.61713 0.83781 
943	10	0.18681 0.92249 0.37124 0.07944 0.62828 0.83482 
944	10	0.13651 0.91357 0.45349 0.05051 0.54654 0.91036 
945	10	0.10024 0.91588 0.41496 0.04611 0.57293 0.88682 
946	10	0.14277 0.93434 0.32113 0.08318 0.65251 0.82291 
947	10	0.02397 0.91659 0.45412 0.01587 0.53592 0.94946 
948	10	0.05922 0.91827 0.45416 0.02397 0.54119 0.94252 
949	10	0.28695 0.93064 0.15537 0.23746 0.83941 0.58991 
950	10	0.27211 0.94299 0.20228 0.23608 0.80527 0.61854 
951	10	0.29921 0.96141 0.13963 0.23992 0.85260 0.58818 
952	10	0.22012 0.93690 0.26842 0.11574 0.71096 0.76549 
953	10	0.18914 0.94008 0.25481 0.14448 0.73782 0.74587 
954	10	0.12204 0.90647 0.36474 0.05979 0.62258 0.85403 
955	10	0.10557 0.90591 0.47965 0.02991 0.51178 0.92115 
956	10	0.20219 0.88048 0.38829 0.13022 0.61869 0.74873 
957	10	0.07907 0.91476 0.44645 0.03211 0.53978 0.92100 
958	10	0.19085 0.92601 0.36189 0.09563 0.65408 0.83010 
959	10	0.25871 0.94163 0.27838 0.11938 0.70333 0.77991 
960	10	0.17628 0.88564 0.43095 0.11661 0.59443 0.77795 
961	10	0.14352 0.93287 0.31423 0.07377 0.67094 0.83313 
962	10	0.42793 0.84068 0.40852 0.24631 0.61119 0.67047 
963	10	0.39489 0.93986 0.28335 0.21680 0.72492 0.70980 
964	10	0.38031 0.92407 0.21651 0.20600 0.76017 0.68076 
965	10	0.15740 0.89168 0.38224 0.07230 0.61498 0.84612 
966	10	0.10389 0.91402 0.25225 0.09125 0.73454 0.77470 
967	10	0.13026 0.89247 0.46254 0.04937 0.52525 0.89656 
968	10	0.28356 0.90865 0.35963 0.16480 0.64756 0.71856 
969	10	0.44423 0.93351 0.28269 0.26112 0.70619 0.66203 
970	10	0.04013 0.90314 0.44999 0.02768 0.52157 0.91638 
971	10	0.29640 0.88998 0.44359 0.13888 0.56211 0.79354 
972	10	0.29447 0.89919 0.38807 0.14963 0.63330 0.76025 
973	10	0.29351 0.89005 0.41387 0.14944 0.61084 0.75873 
974	10	0.30776 0.89713 0.41736 0.15365 0.60205 0.77187 
975	10	0.10068 0.91842 0.56243 0.02384 0.44742 0.94629 
976	10	0.16403 0.90784 0.45497 0.05298 0.51487 0.89863 
977	10	0.20408 0.90435 0.46240 0.08860 0.53639 0.84965 
978	10	0.27864 0.90381 0.41360 0.13239 0.59104 0.79240 
979	10	0.14037 0.86611 0.48675 0.07754 0.52225 0.83832 
980	10	0.17311 0.88385 0.55221 0.06001 0.45888 0.90778 
981	10	0.18970 0.91853 0.34598 0.11723 0.64728 0.77510 
982	10	0.21620 0.93877 0.32865 0.09453 0.63377 0.82591 
983	10	0.10417 0.90873 0.42098 0.03932 0.54733 0.90076 
984	10	0.06709 0.93122 0.37535 0.04538 0.60351 0.88060 
985	10	0.25481 0.93386 0.29165 0.14470 0.70512 0.74285 
986	10	0.28686 0.94715 0.30680 0.12695 0.67498 0.79364 
987	10	0.21143 0.92748 0.30006 0.12214 0.68687 0.75954 
988	10	0.29835 0.95003 0.32460 0.12764 0.65883 0.81752 
989	10	0.13843 0.89062 0.42989 0.04591 0.53497 0.89699 
990	10	0.20914 0.92417 0.28888 0.13817 0.71073 0.72719 
991	10	0.34588 0.95071 0.25594 0.17282 0.71762 0.74034 
992	10	0.15038 0.94902 0.29511 0.08036 0.66645 0.82062 
993	10	0.22505 0.93147 0.37761 0.08545 0.62366 0.85517 
994	10	0.18512 0.95432 0.26691 0.16436 0.78604 0.69254 
995	10	0.22142 0.93261 0.29005 0.14686 0.71384 0.72776 
996	10	0.06507 0.93416 0.30189 0.05334 0.67953 0.84707 
997	10	0.17711 0.95762 0.18719 0.15395 0.79353 0.70814 
998	10	0.19167 0.94930 0.25905 0.08884 0.72455 0.80566 
999	10	0.20991 0.94506 0.27490 0.16058 0.77485 0.69975 
1000	11	0.91610 0.99234 0.00969 0.85358 0.97986 0.14287 
1001	11	0.85941 0.93933 0.05856 0.76517 0.94132 0.20242 
1002	11	0.45611 0.96212 0.07014 0.32548 0.91378 0.49281 
1003	11	0.94486 0.95764 0.01354 0.90307 0.97472 0.08809 
1004	11	0.87040 0.96609 0.02668 0.77967 0.96052 0.20144 
1005	11	0.76426 0.95840 0.04642 0.62688 0.94634 0.30091 
1006	11	0.61353 0.96818 0.06699 0.44598 0.92465 0.43530 
1007	11	0.83249 0.93232 0.03559 0.72936 0.95181 0.20770 
1008	11	0.89299 0.92937 0.04024 0.81591 0.94666 0.16843 
1009	11	0.91689 0.94656 0.03010 0.85562 0.95600 0.13353 
1010	11	0.79358 0.94592 0.04847 0.67064 0.94230 0.26533 
1011	11	0.82404 0.92863 0.03628 0.71628 0.95082 0.21846 
1012	11	0.91152 0.93713 0.03280 0.84640 0.95545 0.14341 
1013	11	0.91153 0.92929 0.03945 0.84635 0.94871 0.14529 
1014	11	0.88187 0.92528 0.04374 0.79698 0.94382 0.19621 
1015	11	0.73505 0.92124 0.07119 0.59194 0.91579 0.32776 
1016	11	0.41739 0.92117 0.14130 0.30175 0.83658 0.52741 
1017	11	0.83752 0.94650 0.06808 0.72745 0.92343 0.25183 
1018	11	0.29535 0.93635 0.13106 0.26646 0.85333 0.55491 
1019	11	0.60545 0.97244 0.05052 0.46054 0.93433 0.39534 
1020	11	0.61603 0.95588 0.04992 0.47793 0.93453 0.35799 
1021	11	0.56013 0.94690 0.06597 0.42380 0.92220 0.40967 
1022	11	0.84045 0.95928 0.05262 0.73206 0.93739 0.24120 
1023	11	0.32823 0.96691 0.07730 0.32996 0.91392 0.47366 
1024	11	0.35388 0.94405 0.07085 0.32870 0.91534 0.46184 
1025	11	0.55318 0.96070 0.07805 0.39504 0.90115 0.45661 
1026	11	0.59518 0.96252 0.10832 0.43015 0.87940 0.45580 
1027	11	0.55111 0.94861 0.08123 0.41914 0.90610 0.41307 
1028	11	0.51626 0.94276 0.06674 0.38973 0.91389 0.42147 
1029	11	0.42894 0.95202 0.07061 0.35493 0.91642 0.43526 
1030	11	0.65488 0.94716 0.06103 0.51218 0.92556 0.34038 
1031	11	0.90421 0.95454 0.02289 0.83497 0.96901 0.13967 
1032	11	0.89633 0.95559 0.02811 0.82214 0.96193 0.15201 
1033	11	0.51391 0.92692 0.07790 0.41170 0.90643 0.38157 
1034	11	0.43252 0.95244 0.06400 0.37271 0.92503 0.40347 
1035	11	0.92269 0.95449 0.01840 0.86498 0.96863 0.12342 
1036	11	0.55173 0.94188 0.04319 0.45120 0.94111 0.33534 
1037	11	0.54178 0.94354 0.05179 0.44766 0.94276 0.33216 
1038	11	0.53389 0.96718 0.11497 0.34647 0.87036 0.56278 
1039	11	0.31511 0.96039 0.10140 0.25915 0.88101 0.56174 
1040	11	0.86299 0.95860 0.03586 0.76868 0.95146 0.19978 
1041	11	0.74768 0.96853 0.07899 0.60067 0.91728 0.33934 
1042	11	0.37233 0.93783 0.09699 0.34280 0.88381 0.44842 
1043	11	0.81699 0.89556 0.07591 0.69640 0.90908 0.27561 
1044	11	0.73569 0.95944 0.07968 0.58139 0.91223 0.35988 
1045	11	0.82861 0.90945 0.06772 0.71471 0.91525 0.25337 
1046	11	0.94398 0.95071 0.01251 0.90165 0.97812 0.08300 
1047	11	0.69790 0.94588 0.05478 0.56033 0.93017 0.31054 
1048	11	0.58790 0.96629 0.09861 0.40560 0.88530 0.50912 
1049	11	0.68046 0.96132 0.06033 0.51949 0.92658 0.39460 
1050	11	0.39828 0.96059 0.08009 0.32156 0.90054 0.49065 
1051	11	0.27433 0.95056 0.09713 0.27578 0.88403 0.53652 
1052	11	0.64540 0.96893 0.06470 0.48958 0.92669 0.38629 
1053	11	0.81999 0.95654 0.05647 0.70162 0.93237 0.26740 
1054	11	0.93514 0.92278 0.00641 0.88850 0.98324 0.08184 
1055	11	0.93291 0.92953 0.00435 0.88480 0.98448 0.08473 
1056	11	0.91006 0.94078 0.03532 0.84440 0.95490 0.13947 
1057	11	0.79738 0.97110 0.04089 0.67023 0.94741 0.28239 
1058	11	0.90889 0.93395 0.00401 0.84655 0.98325 0.10788 
1059	11	0.62953 0.97057 0.06908 0.45951 0.91734 0.43258 
1060	11	0.92522 0.95392 0.02323 0.86990 0.96915 0.11386 
1061	11	0.79750 0.95485 0.04519 0.67551 0.94533 0.26164 
1062	11	0.80113 0.96923 0.05924 0.67273 0.93203 0.29441 
1063	11	0.75265 0.96727 0.04934 0.60938 0.93958 0.31607 
1064	11	0.78993 0.96218 0.03936 0.66605 0.95124 0.26013 
1065	11	0.87323 0.95771 0.03720 0.78555 0.95254 0.18062 
1066	11	0.78259 0.95788 0.03561 0.65434 0.94970 0.27196 
1067	11	0.85727 0.95332 0.05605 0.76153 0.93553 0.19643 
1068	11	0.49832 0.92660 0.08348 0.39631 0.89655 0.40554 
1069	11	0.72915 0.96594 0.06828 0.57795 0.92412 0.35561 
1070	11	0.71123 0.97073 0.06074 0.55842 0.92790 0.36030 
1071	11	0.80598 0.96186 0.03525 0.68998 0.95328 0.23603 
1072	11	0.88660 0.95755 0.03307 0.80673 0.95778 0.16479 
1073	11	0.28998 0.95492 0.07712 0.29945 0.90745 0.49891 
1074	11	0.38928 0.95135 0.07130 0.33495 0.91174 0.45460 
1075	11	0.86240 0.96565 0.03460 0.76724 0.95232 0.20505 
1076	11	0.88403 0.95992 0.03413 0.80296 0.95628 0.16537 
1077	11	0.37448 0.94361 0.07463 0.34329 0.90818 0.43669 
1078	11	0.93245 0.96108 0.01458 0.88154 0.97561 0.10835 
1079	11	0.67789 0.95599 0.05148 0.52199 0.93277 0.37338 
1080	11	0.84507 0.95187 0.04382 0.73878 0.94545 0.24417 
1081	11	0.66046 0.95447 0.07171 0.49051 0.91360 0.42435 
1082	11	0.75883 0.96444 0.06822 0.61080 0.91888 0.35705 
1083	11	0.34504 0.95070 0.09231 0.30377 0.89766 0.49076 
1084	11	0.42690 0.96188 0.06835 0.33514 0.92261 0.46430 
1085	11	0.60875 0.96917 0.07672 0.44304 0.91269 0.44757 
1086	11	0.42694 0.95281 0.07500 0.33273 0.91361 0.46887 
1087	11	0.77145 0.95059 0.01917 0.65104 0.96808 0.23913 
1088	11	0.81961 0.97324 0.05614 0.70125 0.93307 0.26695 
1089	11	0.35028 0.98398 0.04388 0.27948 0.94258 0.52634 
1090	11	0.47504 0.97674 0.08138 0.32611 0.91622 0.50682 
1091	11	0.47037 0.97441 0.08248 0.31376 0.90474 0.53427 
1092	11	0.33037 0.98546 0.04660 0.33542 0.94462 0.45690 
1093	11	0.90606 0.97105 0.01904 0.83760 0.96983 0.14536 
1094	11	0.31128 0.97954 0.04621 0.31006 0.93972 0.48274 
1095	11	0.28687 0.98176 0.09107 0.28423 0.90846 0.53414 
1096	11	0.35807 0.97550 0.02578 0.40035 0.97481 0.34114 
1097	11	0.48123 0.94246 0.04570 0.41791 0.93949 0.34719 
1098	11	0.55784 0.94359 0.05364 0.43466 0.92759 0.37743 
1099	11	0.73216 0.95573 0.05874 0.57646 0.92473 0.37258 
1100	12	0.62389 0.94472 0.04337 0.46802 0.94055 0.38681 
1101	12	0.47117 0.91161 0.08083 0.36307 0.90805 0.44769 
1102	12	0.33304 0.93621 0.12869 0.24605 0.85727 0.58430 
1103	12	0.67449 0.95203 0.07744 0.50978 0.91002 0.40087 
1104	12	0.53213 0.95366 0.04259 0.40751 0.94210 0.39977 
1105	12	0.82161 0.94421 0.03128 0.70884 0.95768 0.23131 
1106	12	0.74813 0.95683 0.04069 0.60329 0.94699 0.31722 
1107	12	0.56543 0.94562 0.07898 0.39622 0.90440 0.48101 
1108	12	0.37144 0.95660 0.05920 0.26032 0.92570 0.53032 
1109	12	0.48956 0.94144 0.04450 0.38078 0.93718 0.42015 
1110	12	0.69781 0.94178 0.04921 0.54986 0.94141 0.33910 
1111	12	0.70106 0.93775 0.05022 0.55424 0.93703 0.33333 
1112	12	0.67485 0.94723 0.04002 0.51664 0.94638 0.35827 
1113	12	0.79165 0.92576 0.03029 0.66804 0.95544 0.25885 
1114	12	0.91544 0.91828 0.00429 0.85482 0.98499 0.11030 
1115	12	0.85900 0.89207 0.04635 0.76156 0.93924 0.21246 
1116	12	0.53793 0.93068 0.07110 0.38290 0.92283 0.45510 
1117	12	0.65784 0.92239 0.09464 0.48324 0.88820 0.43905 
1118	12	0.92105 0.94213 0.01319 0.86322 0.97448 0.12060 
1119	12	0.58408 0.95184 0.04806 0.43878 0.94004 0.40197 
1120	12	0.76875 0.95074 0.04133 0.63551 0.94764 0.27410 
1121	12	0.35107 0.93957 0.08567 0.27109 0.89812 0.53644 
1122	12	0.78954 0.94277 0.04758 0.66275 0.94389 0.26383 
1123	12	0.29636 0.93377 0.07292 0.29736 0.91184 0.49052 
1124	12	0.61459 0.93963 0.08334 0.45232 0.90533 0.41459 
1125	12	0.75516 0.95533 0.03647 0.61588 0.94998 0.30948 
1126	12	0.77861 0.95685 0.05187 0.64557 0.94211 0.29887 
1127	12	0.58297 0.97147 0.05134 0.40349 0.93295 0.47458 
1128	12	0.69186 0.94166 0.02147 0.55929 0.96333 0.28772 
1129	12	0.52147 0.94242 0.09211 0.36143 0.89156 0.49824 
1130	12	0.28957 0.93136 0.07459 0.29729 0.90427 0.49546 
1131	12	0.43820 0.93516 0.04208 0.34654 0.94322 0.43280 
1132	12	0.31902 0.93987 0.05145 0.32807 0.93335 0.44267 
1133	12	0.37267 0.98404 0.06111 0.30517 0.94131 0.49957 
1134	12	0.47595 0.97364 0.08482 0.37175 0.96538 0.39970 
1135	12	0.82842 0.91112 0.04951 0.71798 0.93986 0.22766 
1136	12	0.50867 0.96128 0.06346 0.34230 0.91809 0.48276 
1137	12	0.33649 0.94871 0.05233 0.27966 0.93373 0.48580 
1138	12	0.62012 0.98479 0.08778 0.45009 0.94863 0.41654 
1139	12	0.59002 0.96342 0.04914 0.41791 0.93582 0.44529 
1140	12	0.71616 0.90792 0.05594 0.56645 0.92730 0.33263 
1141	12	0.64980 0.96045 0.04040 0.48494 0.94352 0.38542 
1142	12	0.31075 0.92801 0.06126 0.33004 0.92189 0.43988 
1143	12	0.54340 0.96315 0.05104 0.37374 0.93269 0.46493 
1144	12	0.48447 0.94553 0.06671 0.33407 0.91883 0.46992 
1145	12	0.39552 0.95129 0.14564 0.23283 0.84653 0.62486 
1146	12	0.41117 0.95190 0.11378 0.25643 0.87592 0.57965 
1147	12	0.65409 0.89803 0.07378 0.49391 0.91660 0.38844 
1148	12	0.62996 0.96391 0.08804 0.45304 0.90495 0.46295 
1149	12	0.45492 0.92444 0.06523 0.36444 0.91297 0.41433 
1150	12	0.49716 0.94337 0.11977 0.33974 0.86732 0.51619 
1151	12	0.73149 0.95632 0.04217 0.58603 0.94422 0.31188 
1152	12	0.68973 0.95397 0.04856 0.54127 0.94662 0.32754 
1153	12	0.68398 0.94021 0.07668 0.52065 0.91279 0.39035 
1154	12	0.62595 0.90266 0.10086 0.44771 0.88346 0.45387 
1155	12	0.18778 0.94080 0.09711 0.17949 0.88194 0.60001 
1156	12	0.29413 0.94491 0.16841 0.21003 0.87422 0.60063 
1157	12	0.47564 0.91895 0.08974 0.36663 0.92320 0.42844 
1158	12	0.31062 0.93401 0.13010 0.24227 0.86259 0.57522 
1159	12	0.45222 0.96333 0.21521 0.29441 0.91681 0.52656 
1160	12	0.57456 0.94547 0.11119 0.38434 0.87553 0.53000 
1161	12	0.43303 0.97232 0.10642 0.31406 0.94048 0.49005 
1162	12	0.49962 0.97457 0.15428 0.31359 0.92296 0.53538 
1163	12	0.58345 0.93752 0.05481 0.43811 0.93048 0.39931 
1164	12	0.88182 0.93896 0.06293 0.79889 0.97842 0.16625 
1165	12	0.37776 0.94575 0.09279 0.30846 0.89393 0.49613 
1166	12	0.53630 0.93692 0.09286 0.36121 0.89443 0.50789 
1167	12	0.41611 0.90882 0.10627 0.31386 0.87880 0.49261 
1168	12	0.35187 0.95183 0.03070 0.36019 0.95266 0.40034 
1169	12	0.61601 0.94522 0.04700 0.45820 0.93596 0.38429 
1170	12	0.56162 0.95835 0.06402 0.38336 0.92252 0.49505 
1171	12	0.63059 0.94239 0.07113 0.46100 0.91475 0.41273 
1172	12	0.86636 0.94530 0.02595 0.77475 0.95986 0.19593 
1173	12	0.83934 0.93334 0.03086 0.73452 0.95935 0.22001 
1174	12	0.64462 0.93102 0.06287 0.48443 0.91734 0.37600 
1175	12	0.74091 0.92720 0.12305 0.60894 0.95330 0.25310 
1176	12	0.47580 0.91543 0.10465 0.37519 0.91658 0.39921 
1177	12	0.81033 0.85154 0.16683 0.69588 0.94039 0.22719 
1178	12	0.67490 0.92240 0.15047 0.50792 0.89048 0.38964 
1179	12	0.75097 0.87567 0.10551 0.61096 0.90956 0.28491 
1180	12	0.70104 0.88408 0.04793 0.57351 0.93997 0.27250 
1181	12	0.87617 0.93844 0.03456 0.80094 0.99053 0.10657 
1182	12	0.81099 0.90876 0.11899 0.70415 0.95420 0.19516 
1183	12	0.64656 0.90877 0.33290 0.51864 0.92663 0.30035 
1184	12	0.68571 0.89628 0.18629 0.55758 0.92428 0.27909 
1185	12	0.55924 0.90032 0.34309 0.45155 0.90878 0.33196 
1186	12	0.81541 0.92281 0.09171 0.71364 0.96838 0.17289 
1187	12	0.70079 0.93656 0.11526 0.57631 0.95425 0.25723 
1188	12	0.81981 0.89327 0.12826 0.72300 0.97540 0.15069 
1189	12	0.60459 0.93825 0.19156 0.45536 0.91236 0.37596 
1190	12	0.65922 0.88428 0.06290 0.52640 0.92830 0.31312 
1191	12	0.43656 0.92175 0.16976 0.35789 0.93276 0.39140 
1192	12	0.48361 0.90366 0.14226 0.35764 0.90014 0.42574 
1193	12	0.76765 0.87448 0.15927 0.63270 0.90255 0.28768 
1194	12	0.36997 0.90296 0.24317 0.31060 0.91010 0.43720 
1195	12	0.54859 0.94439 0.05348 0.42967 0.95015 0.34404 
1196	12	0.71566 0.93649 0.10413 0.58272 0.95944 0.25809 
1197	12	0.84273 0.88797 0.03705 0.74078 0.95404 0.19575 
1198	12	0.88196 0.89501 0.03948 0.80363 0.98143 0.13114 
1199	12	0.46883 0.86693 0.20072 0.31268 0.79257 0.54366 
1200	13	0.30270 0.92246 0.28069 0.19958 0.73637 0.67214 
1201	13	0.32313 0.94618 0.22676 0.19370 0.76520 0.69274 
1202	13	0.36196 0.94628 0.19887 0.22823 0.77912 0.65021 
1203	13	0.34003 0.92118 0.27734 0.21644 0.73483 0.64709 
1204	13	0.27953 0.91770 0.31824 0.18187 0.71004 0.69433 
1205	13	0.26018 0.93975 0.18197 0.22429 0.80712 0.62459 
1206	13	0.41117 0.91883 0.19166 0.26599 0.81355 0.60052 
1207	13	0.21653 0.91666 0.30614 0.16489 0.72156 0.70929 
1208	13	0.15303 0.93612 0.27570 0.11383 0.72334 0.78008 
1209	13	0.25809 0.92706 0.28168 0.15612 0.72616 0.72504 
1210	13	0.21192 0.93761 0.22160 0.16782 0.75913 0.70220 
1211	13	0.32170 0.93096 0.21355 0.20901 0.79537 0.66838 
1212	13	0.20181 0.95675 0.16941 0.14304 0.80915 0.71685 
1213	13	0.22142 0.94669 0.16559 0.18595 0.81866 0.66478 
1214	13	0.40595 0.89874 0.21533 0.33415 0.77591 0.48463 
1215	13	0.18439 0.94692 0.24319 0.12458 0.75145 0.76773 
1216	13	0.25920 0.94222 0.16802 0.24328 0.83533 0.58138 
1217	13	0.42953 0.96571 0.04902 0.37680 0.93741 0.40528 
1218	13	0.26238 0.92216 0.24582 0.19695 0.77583 0.65449 
1219	13	0.24866 0.95534 0.23333 0.15284 0.75621 0.73990 
1220	13	0.22767 0.95348 0.16191 0.18794 0.82495 0.66383 
1221	13	0.36997 0.94724 0.14776 0.26185 0.83735 0.59138 
1222	13	0.27302 0.94407 0.15416 0.22422 0.83499 0.61873 
1223	13	0.37224 0.94272 0.15593 0.26026 0.82931 0.59527 
1224	13	0.28401 0.94288 0.15034 0.26631 0.83759 0.57014 
1225	13	0.39129 0.93548 0.12637 0.31001 0.86000 0.51300 
1226	13	0.35871 0.95829 0.17882 0.22597 0.81105 0.64986 
1227	13	0.32306 0.93155 0.12969 0.29787 0.87179 0.49990 
1228	13	0.27961 0.96953 0.12956 0.20065 0.84832 0.65208 
1229	13	0.26309 0.93637 0.16444 0.25083 0.82965 0.58628 
1230	13	0.26563 0.94818 0.17231 0.23857 0.82578 0.61270 
1231	13	0.31104 0.95296 0.16104 0.23472 0.82853 0.61754 
1232	13	0.33946 0.94671 0.14756 0.26573 0.83251 0.57660 
1233	13	0.36065 0.94859 0.15356 0.27028 0.83506 0.57008 
1234	13	0.30869 0.92757 0.24422 0.23001 0.75746 0.64940 
1235	13	0.28927 0.94715 0.22179 0.19989 0.77238 0.67563 
1236	13	0.39497 0.91820 0.12908 0.33275 0.86863 0.47493 
1237	13	0.33300 0.91336 0.17139 0.28190 0.83982 0.51812 
1238	13	0.59782 0.66283 0.54494 0.48204 0.80223 0.29788 
1239	13	0.31244 0.95140 0.20804 0.20892 0.78502 0.66678 
1240	13	0.28502 0.92752 0.19678 0.26124 0.81035 0.58761 
1241	13	0.26024 0.92588 0.27989 0.20279 0.74912 0.68403 
1242	13	0.26906 0.93827 0.14470 0.25328 0.83874 0.57441 
1243	13	0.32939 0.92515 0.24963 0.26033 0.78310 0.60657 
1244	13	0.24035 0.92870 0.24413 0.19782 0.76200 0.67664 
1245	13	0.30929 0.93726 0.18045 0.23302 0.80565 0.61881 
1246	13	0.31206 0.94072 0.21224 0.20675 0.77903 0.66580 
1247	13	0.39955 0.92290 0.21540 0.27473 0.79734 0.57231 
1248	13	0.36632 0.94032 0.16790 0.24311 0.80765 0.61556 
1249	13	0.37675 0.93159 0.14533 0.30549 0.84941 0.52147 
1250	13	0.35854 0.94086 0.16090 0.25178 0.82394 0.59476 
1251	13	0.26413 0.93488 0.17717 0.23099 0.81184 0.61738 
1252	13	0.29517 0.94083 0.19156 0.20312 0.79437 0.66434 
1253	13	0.42368 0.91863 0.09185 0.36671 0.88984 0.42420 
1254	13	0.27722 0.92499 0.26164 0.19136 0.75940 0.68426 
1255	13	0.30479 0.93482 0.16872 0.24362 0.82173 0.59331 
1256	13	0.29939 0.92592 0.19965 0.23731 0.80384 0.61724 
1257	13	0.37405 0.88881 0.15253 0.34248 0.83847 0.45626 
1258	13	0.25522 0.92890 0.21420 0.23748 0.78887 0.62297 
1259	13	0.41928 0.93923 0.10537 0.35932 0.87616 0.43544 
1260	13	0.28173 0.91704 0.16290 0.27937 0.84545 0.52540 
1261	13	0.37456 0.90919 0.09634 0.34910 0.88347 0.43202 
1262	13	0.33543 0.93296 0.17497 0.25734 0.82265 0.58383 
1263	13	0.30644 0.93466 0.15551 0.25416 0.82873 0.58519 
1264	13	0.31998 0.91194 0.15523 0.31108 0.85424 0.49380 
1265	13	0.26478 0.92205 0.18593 0.24507 0.82126 0.57887 
1266	13	0.41397 0.88806 0.13869 0.34641 0.84143 0.44780 
1267	13	0.29224 0.93693 0.15863 0.29544 0.84452 0.53298 
1268	13	0.25820 0.92881 0.17511 0.24764 0.83102 0.58357 
1269	13	0.33319 0.93008 0.15542 0.25107 0.82814 0.59144 
1270	13	0.30264 0.94681 0.20867 0.18656 0.76702 0.69150 
1271	13	0.33273 0.92718 0.16302 0.27012 0.83774 0.54580 
1272	13	0.24635 0.93010 0.22384 0.16877 0.75592 0.69878 
1273	13	0.24420 0.92526 0.25224 0.17668 0.75757 0.69820 
1274	13	0.25038 0.92542 0.26594 0.20583 0.75147 0.67406 
1275	13	0.28410 0.92764 0.18399 0.24134 0.81281 0.59927 
1276	13	0.32591 0.93556 0.17580 0.23345 0.81543 0.61879 
1277	13	0.28994 0.92213 0.21379 0.22445 0.77572 0.63653 
1278	13	0.26733 0.93262 0.22695 0.19407 0.77674 0.67663 
1279	13	0.26647 0.92266 0.20933 0.24425 0.79645 0.60194 
1280	13	0.26287 0.92625 0.21632 0.19788 0.77081 0.66323 
1281	13	0.25213 0.92741 0.29934 0.17639 0.71785 0.72290 
1282	13	0.26395 0.93653 0.19763 0.22019 0.79211 0.63988 
1283	13	0.21156 0.92610 0.25702 0.17752 0.74628 0.70207 
1284	13	0.25372 0.93582 0.23839 0.18563 0.75087 0.69140 
1285	13	0.25167 0.93798 0.19344 0.21642 0.80138 0.63656 
1286	13	0.39839 0.93049 0.20265 0.26638 0.77854 0.60436 
1287	13	0.23901 0.93493 0.20055 0.21913 0.79129 0.64516 
1288	13	0.23850 0.93898 0.22428 0.18429 0.76492 0.68967 
1289	13	0.23749 0.93662 0.19063 0.22234 0.80046 0.63161 
1290	13	0.24930 0.92991 0.20670 0.19753 0.77573 0.66613 
1291	13	0.37781 0.92567 0.17852 0.26491 0.81939 0.59135 
1292	13	0.39193 0.93411 0.19391 0.25783 0.79279 0.61765 
1293	13	0.43124 0.92238 0.12570 0.32422 0.87545 0.48604 
1294	13	0.35720 0.93096 0.20444 0.22990 0.79620 0.64630 
1295	13	0.28171 0.93107 0.20915 0.17474 0.76976 0.69438 
1296	13	0.27821 0.95150 0.16361 0.20796 0.81460 0.64739 
1297	13	0.27574 0.94490 0.15603 0.22537 0.82455 0.61767 
1298	13	0.25086 0.92722 0.21325 0.22342 0.79670 0.63244 
1299	13	0.30579 0.93455 0.16940 0.25255 0.82875 0.59483 
1300	14	0.50804 0.89694 0.29180 0.33030 0.73217 0.55519 
1301	14	0.53661 0.90831 0.19655 0.37292 0.81926 0.49659 
1302	14	0.46319 0.91084 0.18727 0.29254 0.82896 0.56037 
1303	14	0.13683 0.94637 0.25170 0.07247 0.74451 0.81398 
1304	14	0.30762 0.95330 0.24050 0.15774 0.76657 0.72226 
1305	14	0.36891 0.87550 0.36760 0.19839 0.66601 0.69752 
1306	14	0.57523 0.91776 0.15476 0.41994 0.86954 0.43492 
1307	14	0.34345 0.88388 0.38002 0.18288 0.71052 0.69314 
1308	14	0.37690 0.97967 0.21642 0.19942 0.88868 0.67394 
1309	14	0.36319 0.91107 0.18120 0.22665 0.82626 0.59653 
1310	14	0.29700 0.96891 0.28067 0.15489 0.85876 0.70727 
1311	14	0.39184 0.91030 0.24946 0.22309 0.79184 0.63530 
1312	14	0.34061 0.91606 0.31444 0.21312 0.76129 0.66630 
1313	14	0.37344 0.86281 0.39698 0.20063 0.68454 0.72143 
1314	14	0.37142 0.90165 0.27003 0.21289 0.77630 0.64661 
1315	14	0.28468 0.89865 0.29326 0.24189 0.77651 0.61048 
1316	14	0.39785 0.91094 0.18907 0.24835 0.82379 0.59005 
1317	14	0.38772 0.90098 0.32356 0.26397 0.74795 0.60074 
1318	14	0.22483 0.93059 0.11418 0.20193 0.87689 0.57529 
1319	14	0.29573 0.97227 0.13148 0.17101 0.86322 0.70157 
1320	14	0.21264 0.98599 0.05785 0.15091 0.92723 0.65885 
1321	14	0.46648 0.84617 0.42385 0.34227 0.72848 0.52810 
1322	14	0.39657 0.88090 0.15135 0.27592 0.85902 0.50268 
1323	14	0.44947 0.72519 0.29722 0.30532 0.69332 0.52487 
1324	14	0.14767 0.97901 0.11458 0.10909 0.88262 0.73822 
1325	14	0.48799 0.87152 0.33238 0.30578 0.74529 0.58642 
1326	14	0.29698 0.87768 0.45555 0.14024 0.63361 0.75578 
1327	14	0.41616 0.84993 0.52467 0.25592 0.62400 0.67337 
1328	14	0.24614 0.95042 0.28131 0.16429 0.85920 0.65596 
1329	14	0.42694 0.84420 0.44677 0.29182 0.70390 0.58685 
1330	14	0.39596 0.87116 0.34958 0.25170 0.71697 0.62303 
1331	14	0.59170 0.90410 0.17576 0.44510 0.85679 0.41679 
1332	14	0.44020 0.88003 0.37205 0.28448 0.71874 0.59377 
1333	14	0.46071 0.86935 0.45170 0.26013 0.63372 0.67770 
1334	14	0.40556 0.88881 0.38985 0.26121 0.71143 0.63076 
1335	14	0.33438 0.95447 0.18843 0.22441 0.85761 0.59629 
1336	14	0.45206 0.86300 0.36548 0.32230 0.77035 0.54088 
1337	14	0.41783 0.86218 0.42995 0.23414 0.68619 0.66506 
1338	14	0.32378 0.87334 0.32403 0.26344 0.75606 0.57661 
1339	14	0.44992 0.87167 0.30680 0.33832 0.78452 0.51210 
1340	14	0.44997 0.89097 0.21001 0.30147 0.82527 0.54463 
1341	14	0.40228 0.87504 0.40700 0.21718 0.67071 0.68839 
1342	14	0.20648 0.85463 0.31126 0.16853 0.76887 0.65746 
1343	14	0.12794 0.93833 0.27660 0.12203 0.87131 0.69964 
1344	14	0.28583 0.84372 0.49778 0.24315 0.66444 0.64563 
1345	14	0.42765 0.87510 0.33330 0.25304 0.74784 0.62568 
1346	14	0.49935 0.88458 0.21234 0.33784 0.81880 0.51758 
1347	14	0.23910 0.80580 0.33348 0.17743 0.73390 0.65893 
1348	14	0.14148 0.88371 0.45294 0.11067 0.63917 0.78164 
1349	14	0.39880 0.88555 0.41081 0.21286 0.68592 0.69925 
1350	14	0.22373 0.84789 0.33882 0.15553 0.73563 0.68179 
1351	14	0.31503 0.98695 0.15768 0.15176 0.84972 0.74407 
1352	14	0.19200 0.87380 0.35422 0.12480 0.73583 0.73551 
1353	14	0.39053 0.89697 0.35731 0.24981 0.72305 0.63200 
1354	14	0.30996 0.81138 0.47674 0.24102 0.66217 0.63448 
1355	14	0.19324 0.88038 0.25276 0.15091 0.79615 0.66777 
1356	14	0.27279 0.85574 0.39689 0.14632 0.66467 0.73043 
1357	14	0.41936 0.84371 0.54468 0.28168 0.64889 0.62242 
1358	14	0.46422 0.82877 0.52199 0.27316 0.61561 0.66108 
1359	14	0.38482 0.98527 0.10399 0.23749 0.88228 0.62551 
1360	14	0.33129 0.85414 0.27284 0.19176 0.75527 0.66682 
1361	14	0.35326 0.87623 0.42174 0.23623 0.68576 0.64071 
1362	14	0.45763 0.85121 0.45771 0.32022 0.69343 0.56500 
1363	14	0.31426 0.96122 0.14258 0.22073 0.85664 0.61587 
1364	14	0.38600 0.88905 0.32225 0.28490 0.76591 0.57223 
1365	14	0.29585 0.90664 0.27460 0.16637 0.77746 0.68423 
1366	14	0.31273 0.91046 0.20106 0.20283 0.79570 0.63073 
1367	14	0.70919 0.88568 0.13590 0.54937 0.85636 0.37139 
1368	14	0.72949 0.85451 0.17956 0.57789 0.84462 0.36013 
1369	14	0.58550 0.82715 0.16202 0.40439 0.81522 0.48806 
1370	14	0.59171 0.91201 0.18465 0.40064 0.82449 0.51567 
1371	14	0.62620 0.90018 0.18040 0.43366 0.82153 0.53644 
1372	14	0.70113 0.78062 0.18701 0.53305 0.80348 0.41797 
1373	14	0.65037 0.82562 0.30823 0.46569 0.72111 0.49610 
1374	14	0.64241 0.83272 0.14011 0.46616 0.83732 0.44266 
1375	14	0.60286 0.91176 0.17770 0.41339 0.81794 0.50693 
1376	14	0.59934 0.88070 0.24127 0.40813 0.78168 0.52170 
1377	14	0.61047 0.89956 0.20755 0.42034 0.79479 0.51026 
1378	14	0.56516 0.90536 0.18543 0.36840 0.80330 0.54879 
1379	14	0.61012 0.75725 0.25007 0.43046 0.74671 0.50078 
1380	14	0.50626 0.75713 0.29166 0.32322 0.72187 0.57303 
1381	14	0.46128 0.80601 0.26237 0.29872 0.76729 0.55308 
1382	14	0.49280 0.76833 0.35177 0.30117 0.69052 0.61588 
1383	14	0.58740 0.67917 0.36894 0.39435 0.65443 0.55250 
1384	14	0.54442 0.74880 0.38844 0.34547 0.64970 0.59540 
1385	14	0.62975 0.76397 0.30266 0.44424 0.76904 0.51202 
1386	14	0.50305 0.78373 0.35209 0.30344 0.68617 0.64555 
1387	14	0.48177 0.78248 0.29097 0.29961 0.73618 0.58899 
1388	14	0.31797 0.82346 0.20148 0.23745 0.78608 0.56837 
1389	14	0.25697 0.87656 0.26453 0.15138 0.74731 0.68942 
1390	14	0.46117 0.74893 0.34646 0.28692 0.68116 0.60292 
1391	14	0.62131 0.11913 0.98020 0.42540 0.35198 0.54110 
1392	14	0.42250 0.85157 0.27149 0.25077 0.72984 0.64088 
1393	14	0.60539 0.64227 0.40032 0.41881 0.69606 0.53675 
1394	14	0.33755 0.86063 0.33824 0.16568 0.66986 0.76606 
1395	14	0.62614 0.69513 0.42204 0.43260 0.66322 0.55632 
1396	14	0.37160 0.83407 0.38835 0.18781 0.62102 0.76305 
1397	14	0.61160 0.73562 0.28483 0.42613 0.74838 0.51258 
1398	14	0.42018 0.83063 0.41146 0.22022 0.62068 0.75069 
1399	14	0.34128 0.77265 0.39282 0.17644 0.62948 0.74123 
