1400	14	6
0	1	0.24450 0.92484 0.02172 0.21650 0.96052 0.44891 
1	1	0.19720 0.58456 0.46290 0.16905 0.80275 0.56005 
2	1	0.15105 0.62903 0.45078 0.15261 0.80438 0.56898 
3	1	0.21688 0.54963 0.33074 0.21470 0.83713 0.47391 
4	1	0.15617 0.57019 0.35411 0.18307 0.84540 0.50700 
5	1	0.16321 0.61797 0.46768 0.15528 0.82713 0.56235 
6	1	0.19175 0.73239 0.37092 0.14799 0.86433 0.57332 
7	1	0.19311 0.60097 0.38045 0.19167 0.84783 0.50951 
8	1	0.19635 0.71785 0.28081 0.18363 0.87430 0.51240 
9	1	0.16206 0.62003 0.32773 0.18946 0.84773 0.49286 
10	1	0.24932 0.71468 0.21736 0.23508 0.90174 0.45030 
11	1	0.17155 0.92705 0.13241 0.12381 0.86333 0.63113 
12	1	0.14102 0.92736 0.08284 0.13017 0.89873 0.59034 
13	1	0.09697 0.94685 0.08717 0.11295 0.93035 0.61878 
14	1	0.09881 0.92304 0.08884 0.12284 0.90077 0.58910 
15	1	0.14033 0.90355 0.05893 0.16050 0.91683 0.52223 
16	1	0.23163 0.91548 0.07280 0.15099 0.90528 0.55796 
17	1	0.16516 0.90006 0.06549 0.17880 0.91149 0.49679 
18	1	0.20279 0.63779 0.36065 0.17143 0.85821 0.53243 
19	1	0.24258 0.67584 0.16698 0.26890 0.92363 0.39500 
20	1	0.31542 0.56581 0.26671 0.25199 0.89680 0.42224 
21	1	0.15705 0.63456 0.31500 0.18858 0.88803 0.49414 
22	1	0.12967 0.52042 0.57731 0.14895 0.78085 0.57099 
23	1	0.15910 0.58768 0.46478 0.14684 0.79996 0.57499 
24	1	0.18473 0.61332 0.35504 0.18679 0.87727 0.49479 
25	1	0.15435 0.69955 0.32371 0.17464 0.87348 0.52019 
26	1	0.23683 0.62970 0.31037 0.19502 0.85246 0.50535 
27	1	0.23370 0.52029 0.54864 0.17605 0.80009 0.54687 
28	1	0.18316 0.93343 0.02424 0.18447 0.95185 0.48232 
29	1	0.18147 0.56827 0.35727 0.18877 0.84554 0.50550 
30	1	0.20165 0.72414 0.31823 0.18362 0.87166 0.52923 
31	1	0.25302 0.69350 0.14327 0.25282 0.95308 0.38360 
32	1	0.27064 0.68706 0.12980 0.27712 0.95599 0.36731 
33	1	0.21097 0.68919 0.18868 0.23016 0.92854 0.42067 
34	1	0.24359 0.69681 0.27870 0.20502 0.87919 0.48964 
35	1	0.22622 0.62683 0.28294 0.21718 0.89276 0.46685 
36	1	0.27880 0.60372 0.25622 0.23666 0.90870 0.43259 
37	1	0.14898 0.72430 0.36685 0.10251 0.58155 0.70412 
38	1	0.19610 0.81605 0.26885 0.11431 0.69175 0.67871 
39	1	0.36046 0.76049 0.26864 0.20117 0.68691 0.59240 
40	1	0.60086 0.40986 0.33964 0.42046 0.59874 0.39820 
41	1	0.29041 0.70238 0.34657 0.15075 0.58142 0.64804 
42	1	0.12116 0.83272 0.36589 0.06430 0.57336 0.77780 
43	1	0.18757 0.61756 0.55602 0.09905 0.37441 0.73102 
44	1	0.53250 0.51434 0.35619 0.34173 0.56465 0.47639 
45	1	0.20971 0.74087 0.30199 0.12962 0.67849 0.64737 
46	1	0.16744 0.66047 0.41559 0.10638 0.52204 0.69534 
47	1	0.20956 0.72245 0.30151 0.14173 0.65277 0.63731 
48	1	0.16460 0.68042 0.36381 0.12446 0.57531 0.65875 
49	1	0.20593 0.72406 0.45980 0.10371 0.52009 0.74138 
50	1	0.16764 0.70890 0.37469 0.10413 0.56066 0.68723 
51	1	0.19744 0.65377 0.43964 0.10995 0.49766 0.70945 
52	1	0.12019 0.72746 0.37757 0.09609 0.56397 0.71159 
53	1	0.37141 0.73080 0.31845 0.19867 0.64893 0.61734 
54	1	0.50705 0.49537 0.33059 0.31667 0.58863 0.49546 
55	1	0.27431 0.38508 0.39392 0.20819 0.53350 0.54229 
56	1	0.23637 0.73881 0.22478 0.16190 0.74662 0.57828 
57	1	0.67999 0.27729 0.28316 0.51098 0.65360 0.33479 
58	1	0.28468 0.81039 0.25555 0.16004 0.71169 0.63449 
59	1	0.37242 0.78473 0.32714 0.20474 0.61999 0.62236 
60	1	0.25542 0.33203 0.42726 0.20117 0.51309 0.54873 
61	1	0.31965 0.41327 0.46634 0.19419 0.45191 0.58411 
62	1	0.49135 0.59599 0.32277 0.31219 0.63253 0.48294 
63	1	0.48530 0.77569 0.18357 0.30959 0.76813 0.47479 
64	1	0.35789 0.63441 0.31316 0.20253 0.64337 0.58151 
65	1	0.15097 0.65874 0.40064 0.10907 0.51500 0.68488 
66	1	0.16230 0.49392 0.43596 0.13751 0.50273 0.63326 
67	1	0.15698 0.60629 0.37685 0.14765 0.56223 0.61877 
68	1	0.46925 0.53853 0.21874 0.33467 0.73170 0.41469 
69	1	0.20938 0.68456 0.36795 0.14568 0.57454 0.65811 
70	1	0.17381 0.74897 0.35025 0.12034 0.60892 0.67026 
71	1	0.18252 0.71519 0.35549 0.10464 0.56156 0.67869 
72	1	0.10918 0.73166 0.44481 0.08065 0.50287 0.75837 
73	1	0.12139 0.69096 0.37330 0.09915 0.55440 0.69845 
74	1	0.13986 0.73487 0.40423 0.08720 0.52519 0.73188 
75	1	0.34311 0.50991 0.42373 0.20741 0.50942 0.58450 
76	1	0.12179 0.64588 0.41564 0.10891 0.50876 0.68776 
77	1	0.16203 0.63594 0.39950 0.12220 0.53069 0.66593 
78	1	0.14086 0.73377 0.39949 0.09172 0.54427 0.73279 
79	1	0.18318 0.78290 0.24258 0.13430 0.70597 0.63987 
80	1	0.17773 0.67528 0.38821 0.12230 0.53377 0.67223 
81	1	0.15098 0.77229 0.31420 0.10156 0.62725 0.69717 
82	1	0.15409 0.69521 0.45649 0.08701 0.49532 0.75290 
83	1	0.24169 0.51221 0.39031 0.16541 0.52805 0.58868 
84	1	0.39792 0.55850 0.32861 0.23624 0.59552 0.54287 
85	1	0.35555 0.47774 0.38522 0.21955 0.55265 0.54438 
86	1	0.19743 0.61296 0.34077 0.15321 0.59816 0.60908 
87	1	0.14490 0.80211 0.48621 0.06606 0.46164 0.80096 
88	1	0.05549 0.81933 0.38091 0.05858 0.55838 0.78948 
89	1	0.13710 0.76109 0.30905 0.10967 0.61796 0.67982 
90	1	0.41238 0.33462 0.42079 0.26092 0.50771 0.51952 
91	1	0.15009 0.71158 0.40151 0.09739 0.55083 0.71795 
92	1	0.27258 0.78974 0.24726 0.15075 0.70209 0.63392 
93	1	0.19279 0.77045 0.38363 0.10169 0.59143 0.72076 
94	1	0.13900 0.73807 0.36730 0.10898 0.62326 0.69773 
95	1	0.09661 0.80093 0.39692 0.07056 0.55337 0.77344 
96	1	0.14039 0.78840 0.33843 0.10415 0.61158 0.71439 
97	1	0.12283 0.77945 0.30647 0.09620 0.64298 0.69454 
98	1	0.19078 0.81596 0.31195 0.10870 0.64568 0.71169 
99	1	0.11904 0.81746 0.36658 0.07086 0.60006 0.76963 
100	2	0.19592 0.62335 0.34839 0.15269 0.54673 0.60489 
101	2	0.16957 0.73111 0.38866 0.10779 0.51042 0.68141 
102	2	0.13033 0.72556 0.42639 0.09440 0.47402 0.70261 
103	2	0.35446 0.72612 0.38518 0.18172 0.51405 0.64684 
104	2	0.17192 0.66625 0.32371 0.14887 0.58225 0.60410 
105	2	0.17386 0.67253 0.38940 0.11390 0.49704 0.67384 
106	2	0.09485 0.75304 0.46330 0.06684 0.44886 0.76534 
107	2	0.17288 0.70477 0.43954 0.09286 0.46379 0.72755 
108	2	0.17746 0.62907 0.45147 0.12035 0.45374 0.66716 
109	2	0.35393 0.75758 0.38183 0.18261 0.52206 0.64758 
110	2	0.36738 0.87484 0.27823 0.18794 0.61895 0.63983 
111	2	0.13726 0.72364 0.37567 0.10934 0.53081 0.68735 
112	2	0.14584 0.71458 0.44607 0.10139 0.44427 0.73017 
113	2	0.22619 0.72502 0.36675 0.13665 0.54631 0.65939 
114	2	0.16692 0.63180 0.43353 0.10403 0.44405 0.70147 
115	2	0.15777 0.78495 0.35753 0.09972 0.54911 0.71452 
116	2	0.16933 0.79145 0.34821 0.09506 0.54251 0.71762 
117	2	0.17138 0.62051 0.41622 0.13614 0.46021 0.65185 
118	2	0.10101 0.80213 0.36685 0.07597 0.52886 0.75800 
119	2	0.26614 0.75845 0.40204 0.12744 0.50227 0.69750 
120	2	0.09630 0.74825 0.45743 0.07136 0.43863 0.77224 
121	2	0.21956 0.78628 0.45512 0.09777 0.44826 0.74806 
122	2	0.11740 0.75688 0.43545 0.08292 0.48157 0.73405 
123	2	0.24954 0.77254 0.44383 0.11362 0.48085 0.72685 
124	2	0.26613 0.70166 0.51951 0.12435 0.40355 0.71521 
125	2	0.13686 0.72743 0.50234 0.07611 0.40736 0.76687 
126	2	0.14511 0.74088 0.42968 0.08511 0.46966 0.74674 
127	2	0.07553 0.70953 0.59473 0.04907 0.31603 0.81973 
128	2	0.04138 0.79996 0.52831 0.02461 0.35113 0.88628 
129	2	0.07266 0.76365 0.47435 0.04985 0.41231 0.81933 
130	2	0.06602 0.72641 0.46515 0.05258 0.41719 0.79487 
131	2	0.09529 0.74966 0.48241 0.05902 0.40545 0.80010 
132	2	0.09713 0.65362 0.55416 0.05894 0.32130 0.80233 
133	2	0.08336 0.74332 0.57578 0.04677 0.30819 0.83886 
134	2	0.11983 0.74362 0.47640 0.05870 0.42056 0.78603 
135	2	0.09688 0.70962 0.53045 0.05167 0.35580 0.80851 
136	2	0.03687 0.72195 0.55163 0.03699 0.33613 0.84614 
137	2	0.11678 0.66220 0.56510 0.05941 0.33270 0.79570 
138	2	0.14647 0.67041 0.47123 0.07575 0.40922 0.74230 
139	2	0.01973 0.89493 0.46675 0.02529 0.48598 0.87907 
140	2	0.12725 0.76461 0.42397 0.07579 0.46597 0.76044 
141	2	0.13952 0.60606 0.45311 0.09723 0.43638 0.70722 
142	2	0.12275 0.72658 0.43104 0.07217 0.44637 0.76155 
143	2	0.04858 0.74826 0.43893 0.05768 0.43624 0.78305 
144	2	0.06898 0.75821 0.43036 0.06229 0.43222 0.77953 
145	2	0.09592 0.74488 0.44751 0.06067 0.41197 0.77894 
146	2	0.07659 0.57491 0.56472 0.07101 0.28266 0.75351 
147	2	0.12682 0.64990 0.51938 0.06635 0.34609 0.78181 
148	2	0.14354 0.66350 0.42132 0.08399 0.43249 0.71515 
149	2	0.08033 0.52848 0.51565 0.08283 0.35561 0.72220 
150	2	0.09948 0.63598 0.52091 0.06666 0.32967 0.77300 
151	2	0.06234 0.53506 0.62362 0.06520 0.22178 0.77678 
152	2	0.14840 0.42001 0.56410 0.10099 0.27332 0.70004 
153	2	0.09497 0.53323 0.56737 0.07859 0.26972 0.74696 
154	2	0.13592 0.40361 0.53293 0.09922 0.31302 0.68154 
155	2	0.16914 0.51785 0.65488 0.07450 0.18072 0.78543 
156	2	0.11691 0.53503 0.60013 0.07124 0.23454 0.76899 
157	2	0.13893 0.54277 0.51266 0.08888 0.36428 0.72201 
158	2	0.11587 0.58179 0.56412 0.06708 0.28776 0.77180 
159	2	0.13660 0.50963 0.48928 0.09744 0.37779 0.68811 
160	2	0.15354 0.43429 0.60550 0.09376 0.23782 0.71463 
161	2	0.19772 0.41961 0.65347 0.08925 0.19723 0.74829 
162	2	0.14451 0.58188 0.59700 0.07692 0.24901 0.77961 
163	2	0.06967 0.56903 0.60828 0.05713 0.22789 0.79526 
164	2	0.15942 0.53013 0.64253 0.08091 0.20460 0.75342 
165	2	0.04629 0.55511 0.60326 0.05107 0.23179 0.79883 
166	2	0.11261 0.45962 0.67593 0.06358 0.15725 0.78820 
167	2	0.05015 0.55620 0.70213 0.03789 0.12007 0.84721 
168	2	0.19535 0.27188 0.74184 0.08998 0.07004 0.74236 
169	2	0.08881 0.51188 0.65707 0.05734 0.16291 0.79308 
170	2	0.20452 0.34534 0.68901 0.09393 0.12106 0.74195 
171	2	0.16899 0.31117 0.64137 0.09798 0.17712 0.71350 
172	2	0.14691 0.36245 0.66395 0.08696 0.17542 0.73512 
173	2	0.13385 0.08666 0.75893 0.08244 0.03913 0.72574 
174	2	0.14441 0.27693 0.65810 0.09383 0.18450 0.70984 
175	2	0.09320 0.35480 0.65698 0.07212 0.16075 0.73668 
176	2	0.17889 0.36362 0.74112 0.08238 0.11127 0.74989 
177	2	0.15028 0.40276 0.79470 0.06587 0.05086 0.79540 
178	2	0.09885 0.32948 0.70267 0.06938 0.14219 0.75912 
179	2	0.06575 0.39113 0.84794 0.03829 0.00000 0.83664 
180	2	0.08694 0.47908 0.68330 0.06415 0.12474 0.77533 
181	2	0.11723 0.33984 0.73404 0.07318 0.09283 0.75435 
182	2	0.09308 0.24766 0.71944 0.07452 0.09575 0.72693 
183	2	0.12328 0.44557 0.78418 0.05608 0.03076 0.81184 
184	2	0.16176 0.23343 0.75724 0.07787 0.05601 0.73770 
185	2	0.14542 0.02713 0.70674 0.09109 0.10098 0.69486 
186	2	0.21088 0.10908 0.68720 0.10780 0.12127 0.68431 
187	2	0.19026 0.10241 0.67463 0.10520 0.12850 0.68035 
188	2	0.21967 0.20407 0.65348 0.10998 0.16297 0.68839 
189	2	0.14021 0.39231 0.71110 0.06970 0.10384 0.76692 
190	2	0.12918 0.39240 0.66093 0.08541 0.16592 0.73557 
191	2	0.14521 0.36893 0.65349 0.08964 0.16656 0.71861 
192	2	0.08582 0.21497 0.76018 0.06719 0.05504 0.75570 
193	2	0.10051 0.26769 0.72400 0.07046 0.08535 0.74559 
194	2	0.12664 0.15661 0.81295 0.07075 0.00980 0.75132 
195	2	0.23678 0.25743 0.63273 0.11695 0.18569 0.67714 
196	2	0.13520 0.54206 0.49189 0.10018 0.34826 0.69329 
197	2	0.32158 0.47962 0.44156 0.19182 0.41616 0.59298 
198	2	0.14445 0.62193 0.44542 0.11553 0.42044 0.67872 
199	2	0.23241 0.72261 0.36205 0.12880 0.51767 0.67137 
200	3	0.36225 0.76896 0.27654 0.23867 0.69864 0.51906 
201	3	0.53189 0.61625 0.49351 0.35046 0.63697 0.49327 
202	3	0.24506 0.66953 0.49827 0.14051 0.50247 0.64296 
203	3	0.25441 0.64406 0.48697 0.14531 0.51255 0.63267 
204	3	0.20359 0.69159 0.42877 0.16332 0.53737 0.59089 
205	3	0.23775 0.63955 0.53781 0.15332 0.46949 0.62507 
206	3	0.16467 0.68105 0.50986 0.11803 0.51778 0.67074 
207	3	0.43057 0.66706 0.48862 0.25294 0.55759 0.56586 
208	3	0.34088 0.57546 0.59311 0.19005 0.46563 0.60170 
209	3	0.52437 0.62123 0.55658 0.34311 0.64762 0.51278 
210	3	0.30955 0.62175 0.51383 0.18160 0.53973 0.60479 
211	3	0.34575 0.60123 0.50308 0.19502 0.52884 0.59094 
212	3	0.18982 0.57708 0.60312 0.12982 0.42172 0.67481 
213	3	0.20773 0.61100 0.57333 0.12689 0.45880 0.67387 
214	3	0.39871 0.66847 0.48233 0.22931 0.54555 0.59151 
215	3	0.23757 0.66539 0.48105 0.14423 0.51728 0.62809 
216	3	0.20572 0.65246 0.60207 0.13176 0.47336 0.68087 
217	3	0.18195 0.60678 0.54548 0.14264 0.46926 0.64585 
218	3	0.18855 0.68882 0.44486 0.13492 0.55054 0.63897 
219	3	0.18815 0.76802 0.46593 0.10636 0.52627 0.72614 
220	3	0.19573 0.71315 0.45851 0.15147 0.50927 0.62949 
221	3	0.24483 0.73783 0.43853 0.16929 0.59490 0.61495 
222	3	0.21623 0.71659 0.43483 0.16198 0.60364 0.62023 
223	3	0.49262 0.75615 0.39148 0.30793 0.69431 0.53536 
224	3	0.41624 0.75461 0.38102 0.25338 0.68603 0.56147 
225	3	0.31602 0.77042 0.41463 0.22213 0.64515 0.56192 
226	3	0.23634 0.74594 0.52496 0.16198 0.54474 0.63495 
227	3	0.35681 0.79693 0.34592 0.22715 0.69630 0.55857 
228	3	0.55871 0.74082 0.40573 0.39691 0.75198 0.42931 
229	3	0.51657 0.69426 0.41780 0.33496 0.62536 0.50261 
230	3	0.35751 0.74323 0.47999 0.20554 0.61536 0.61081 
231	3	0.35093 0.73443 0.50977 0.20132 0.56612 0.62892 
232	3	0.31513 0.71767 0.48727 0.17600 0.57350 0.63875 
233	3	0.33944 0.76897 0.44879 0.18527 0.62696 0.64073 
234	3	0.49536 0.73109 0.50288 0.30513 0.61090 0.55733 
235	3	0.41652 0.76857 0.47718 0.24061 0.63117 0.59324 
236	3	0.48590 0.67515 0.56390 0.28638 0.53370 0.57547 
237	3	0.56966 0.59969 0.79920 0.37536 0.55594 0.53209 
238	3	0.38181 0.78335 0.41254 0.23591 0.67839 0.58007 
239	3	0.40638 0.78829 0.36375 0.24838 0.67662 0.55994 
240	3	0.25573 0.77603 0.48684 0.16928 0.54673 0.64163 
241	3	0.42977 0.73505 0.46424 0.27174 0.65175 0.55341 
242	3	0.63272 0.65093 0.47653 0.44132 0.66160 0.45455 
243	3	0.32704 0.60615 0.56611 0.17198 0.45215 0.63016 
244	3	0.43147 0.70213 0.47061 0.26276 0.63259 0.55748 
245	3	0.41626 0.69302 0.50662 0.25242 0.60151 0.57607 
246	3	0.44893 0.66716 0.56797 0.25455 0.49911 0.58617 
247	3	0.34014 0.80995 0.40938 0.17405 0.64983 0.66562 
248	3	0.42608 0.78377 0.38964 0.25560 0.68778 0.55913 
249	3	0.38738 0.71738 0.55719 0.22447 0.57663 0.60879 
250	3	0.44475 0.74321 0.41008 0.27200 0.65504 0.55612 
251	3	0.55662 0.70922 0.44812 0.36268 0.65122 0.50925 
252	3	0.39878 0.68447 0.51578 0.22098 0.51445 0.61585 
253	3	0.60419 0.69655 0.47295 0.40816 0.61631 0.48685 
254	3	0.43280 0.74472 0.44281 0.26571 0.61189 0.56929 
255	3	0.54243 0.67038 0.61598 0.35931 0.62882 0.51969 
256	3	0.18478 0.69298 0.56139 0.13190 0.48701 0.66266 
257	3	0.22563 0.60389 0.77435 0.15268 0.36867 0.66644 
258	3	0.19285 0.73440 0.50552 0.14613 0.53101 0.64506 
259	3	0.17271 0.75977 0.59023 0.12936 0.48895 0.69239 
260	3	0.36084 0.83612 0.30443 0.22875 0.76184 0.54674 
261	3	0.31315 0.72113 0.56190 0.18681 0.51115 0.62416 
262	3	0.34852 0.70514 0.43497 0.22506 0.57928 0.55095 
263	3	0.40576 0.70092 0.57099 0.21729 0.51464 0.63372 
264	3	0.30817 0.68829 0.53476 0.16957 0.49251 0.65038 
265	3	0.23913 0.72449 0.49149 0.15767 0.52285 0.63845 
266	3	0.20239 0.65888 0.58965 0.15543 0.49241 0.64936 
267	3	0.34062 0.66268 0.58793 0.20701 0.48890 0.60493 
268	3	0.35311 0.72588 0.45559 0.21489 0.59419 0.58511 
269	3	0.53800 0.73859 0.50063 0.34282 0.65721 0.53288 
270	3	0.58982 0.74750 0.56346 0.40102 0.64778 0.49179 
271	3	0.59271 0.77284 0.44548 0.41392 0.73672 0.44652 
272	3	0.63621 0.74891 0.46139 0.45905 0.71819 0.42210 
273	3	0.56001 0.78757 0.44028 0.39754 0.74722 0.44263 
274	3	0.62568 0.76843 0.42160 0.45115 0.71561 0.41793 
275	3	0.61232 0.73784 0.50108 0.43709 0.71633 0.43895 
276	3	0.58243 0.73143 0.40275 0.40902 0.71209 0.44171 
277	3	0.50251 0.78459 0.43942 0.34933 0.72856 0.47314 
278	3	0.55625 0.76311 0.47210 0.38608 0.74878 0.45487 
279	3	0.52698 0.64045 0.72287 0.33403 0.56520 0.54513 
280	3	0.63476 0.75120 0.50697 0.45836 0.71773 0.41301 
281	3	0.56861 0.75016 0.44881 0.40833 0.74691 0.44139 
282	3	0.38591 0.79846 0.42643 0.25599 0.67667 0.55360 
283	3	0.28331 0.75742 0.46399 0.19571 0.62547 0.59880 
284	3	0.31845 0.77560 0.40713 0.23139 0.65510 0.55939 
285	3	0.26749 0.73711 0.54198 0.17756 0.54595 0.63690 
286	3	0.27853 0.74292 0.57466 0.20962 0.55506 0.61752 
287	3	0.54098 0.73491 0.35930 0.36999 0.72806 0.46421 
288	3	0.21021 0.73310 0.61112 0.13670 0.48414 0.70951 
289	3	0.22258 0.73846 0.50661 0.16354 0.58840 0.64621 
290	3	0.41380 0.71453 0.49780 0.26099 0.59713 0.58042 
291	3	0.48632 0.80948 0.42264 0.33781 0.69637 0.50097 
292	3	0.27968 0.66949 0.88236 0.22230 0.51559 0.62644 
293	3	0.48960 0.64464 0.68767 0.32051 0.61060 0.55343 
294	3	0.41351 0.71043 0.52572 0.24127 0.54865 0.59830 
295	3	0.27798 0.57283 0.74641 0.17621 0.49605 0.64870 
296	3	0.25741 0.69276 0.57734 0.19626 0.54935 0.62629 
297	3	0.21266 0.73369 0.60128 0.12779 0.49169 0.70848 
298	3	0.52318 0.78632 0.40287 0.34387 0.71388 0.49687 
299	3	0.42466 0.77850 0.47522 0.29132 0.64623 0.52714 
300	4	0.38782 0.92020 0.12290 0.36319 0.89369 0.36326 
301	4	0.65628 0.89542 0.07027 0.52158 0.93819 0.24286 
302	4	0.37229 0.92416 0.23299 0.31164 0.84133 0.45529 
303	4	0.54488 0.94817 0.11987 0.37999 0.86185 0.41642 
304	4	0.27024 0.98541 0.03061 0.24905 0.94960 0.46016 
305	4	0.28601 0.95226 0.17803 0.24757 0.81950 0.51089 
306	4	0.47947 0.95322 0.08370 0.41736 0.91617 0.33543 
307	4	0.45004 0.94780 0.08218 0.32675 0.88654 0.41116 
308	4	0.37216 0.96354 0.13188 0.30216 0.83925 0.47370 
309	4	0.43519 0.94578 0.08535 0.42682 0.93990 0.31173 
310	4	0.49898 0.92053 0.02039 0.47115 0.96250 0.22191 
311	4	0.53869 0.89503 0.07258 0.42465 0.90445 0.28149 
312	4	0.57964 0.93807 0.00745 0.53279 0.98105 0.18731 
313	4	0.38122 0.94509 0.09442 0.38414 0.91441 0.34170 
314	4	0.42711 0.93171 0.13653 0.33370 0.87583 0.40035 
315	4	0.48692 0.94515 0.15903 0.36331 0.85844 0.40917 
316	4	0.63414 0.91727 0.15756 0.47655 0.85096 0.34906 
317	4	0.46729 0.94309 0.09803 0.40527 0.90641 0.34213 
318	4	0.49561 0.94515 0.10429 0.38022 0.88970 0.37362 
319	4	0.44977 0.93554 0.15850 0.32029 0.86724 0.43606 
320	4	0.44486 0.94864 0.11445 0.39441 0.90189 0.35658 
321	4	0.38527 0.95652 0.10637 0.34223 0.88984 0.40645 
322	4	0.30378 0.96408 0.19964 0.23520 0.82807 0.54299 
323	4	0.38737 0.94843 0.21788 0.26713 0.81862 0.52136 
324	4	0.29559 0.95269 0.14221 0.25733 0.84311 0.47328 
325	4	0.49199 0.94732 0.18390 0.34508 0.87109 0.42669 
326	4	0.46460 0.94882 0.08815 0.42228 0.91831 0.32041 
327	4	0.39985 0.96035 0.11055 0.33945 0.88516 0.41894 
328	4	0.53260 0.94820 0.10518 0.44299 0.91362 0.32466 
329	4	0.38043 0.93227 0.31165 0.24112 0.77037 0.56590 
330	4	0.39805 0.92732 0.14867 0.33076 0.82933 0.43681 
331	4	0.40652 0.94725 0.14649 0.27570 0.85684 0.49629 
332	4	0.37799 0.92977 0.14951 0.30683 0.84599 0.45025 
333	4	0.38095 0.93640 0.18519 0.31520 0.82760 0.45843 
334	4	0.33852 0.95021 0.19477 0.25198 0.80772 0.54355 
335	4	0.37873 0.94442 0.16907 0.27824 0.84053 0.50394 
336	4	0.20730 0.95151 0.16278 0.13564 0.81675 0.65936 
337	4	0.25615 0.94355 0.15424 0.21177 0.84401 0.55037 
338	4	0.33751 0.96380 0.13312 0.21398 0.86997 0.57240 
339	4	0.30564 0.93199 0.18955 0.16850 0.81459 0.61851 
340	4	0.28189 0.94956 0.17477 0.22713 0.82638 0.56176 
341	4	0.35113 0.95803 0.11587 0.23101 0.86326 0.54187 
342	4	0.23996 0.95395 0.20188 0.17155 0.79069 0.62690 
343	4	0.31942 0.95707 0.07627 0.20266 0.90127 0.54554 
344	4	0.31723 0.94991 0.16154 0.21514 0.82666 0.56817 
345	4	0.35484 0.95556 0.11585 0.22371 0.87767 0.54280 
346	4	0.35425 0.92345 0.13638 0.24598 0.82622 0.51571 
347	4	0.33379 0.94349 0.15973 0.27846 0.82630 0.50249 
348	4	0.29582 0.96920 0.10518 0.23369 0.86925 0.54838 
349	4	0.38699 0.94533 0.16594 0.22993 0.82868 0.56495 
350	4	0.29204 0.96357 0.14948 0.18034 0.81985 0.61735 
351	4	0.28799 0.95815 0.17396 0.21270 0.80872 0.58743 
352	4	0.34260 0.94910 0.11805 0.22437 0.86512 0.54026 
353	4	0.32466 0.93412 0.10421 0.29270 0.88634 0.45354 
354	4	0.28520 0.94261 0.17541 0.19603 0.81422 0.58972 
355	4	0.41888 0.91117 0.13248 0.29114 0.84936 0.46133 
356	4	0.45784 0.93646 0.20251 0.32513 0.79394 0.46490 
357	4	0.53082 0.93490 0.21051 0.33308 0.79454 0.51526 
358	4	0.56490 0.94561 0.10076 0.40546 0.86817 0.39528 
359	4	0.51244 0.93426 0.11460 0.37630 0.85551 0.39799 
360	4	0.64934 0.95122 0.11227 0.46450 0.86248 0.40197 
361	4	0.34180 0.94799 0.12845 0.20222 0.84590 0.56906 
362	4	0.67794 0.93811 0.13276 0.50623 0.84732 0.35673 
363	4	0.55037 0.92337 0.19055 0.39048 0.79005 0.42513 
364	4	0.60485 0.91198 0.19816 0.43956 0.81708 0.38538 
365	4	0.37841 0.91773 0.13960 0.37475 0.84463 0.37252 
366	4	0.57871 0.93030 0.12718 0.42803 0.84236 0.36886 
367	4	0.58287 0.92877 0.12201 0.45167 0.85630 0.33738 
368	4	0.60451 0.93482 0.16857 0.42388 0.82860 0.42319 
369	4	0.59092 0.93621 0.16334 0.41239 0.81811 0.42115 
370	4	0.52065 0.92548 0.14388 0.39709 0.85978 0.37746 
371	4	0.52638 0.93691 0.10573 0.34998 0.85125 0.43710 
372	4	0.40932 0.92579 0.08367 0.34360 0.87961 0.39625 
373	4	0.39301 0.95213 0.10697 0.26380 0.85716 0.48806 
374	4	0.41929 0.95015 0.09957 0.29604 0.87190 0.45290 
375	4	0.38952 0.95510 0.09353 0.28430 0.87351 0.46556 
376	4	0.40677 0.92200 0.06833 0.38378 0.89972 0.34543 
377	4	0.33085 0.92743 0.12720 0.29386 0.82634 0.46254 
378	4	0.46016 0.94748 0.09392 0.34475 0.88345 0.41776 
379	4	0.32216 0.96263 0.08922 0.22957 0.86935 0.52311 
380	4	0.33852 0.94456 0.15764 0.22628 0.84465 0.54147 
381	4	0.44866 0.95609 0.16157 0.29277 0.80651 0.51337 
382	4	0.42547 0.94833 0.15590 0.29532 0.82710 0.48723 
383	4	0.45758 0.94891 0.19000 0.28550 0.79140 0.52647 
384	4	0.42346 0.92152 0.14959 0.34672 0.83855 0.40999 
385	4	0.40623 0.95201 0.14997 0.26639 0.83133 0.52481 
386	4	0.27646 0.91675 0.21771 0.16455 0.77678 0.60839 
387	4	0.21560 0.91602 0.22981 0.13628 0.77782 0.64181 
388	4	0.30306 0.91549 0.15118 0.24375 0.80732 0.50152 
389	4	0.30055 0.88743 0.09970 0.27347 0.86503 0.43544 
390	4	0.10045 0.91894 0.23750 0.09388 0.76094 0.69872 
391	4	0.24350 0.90667 0.14337 0.17050 0.82006 0.56699 
392	4	0.22390 0.95806 0.13422 0.16835 0.83450 0.60128 
393	4	0.24680 0.92551 0.15858 0.14439 0.79144 0.62187 
394	4	0.25182 0.95346 0.16807 0.15419 0.80220 0.63592 
395	4	0.13514 0.95364 0.16583 0.09213 0.78229 0.70718 
396	4	0.16580 0.95431 0.12397 0.10490 0.84208 0.66151 
397	4	0.16993 0.95449 0.22672 0.11525 0.75507 0.70757 
398	4	0.53500 0.94123 0.13424 0.35214 0.85422 0.46023 
399	4	0.43813 0.91854 0.07832 0.36973 0.88801 0.34413 
400	5	0.39254 0.95771 0.16984 0.23155 0.80994 0.56452 
401	5	0.41316 0.95445 0.15316 0.25260 0.84288 0.53181 
402	5	0.25229 0.94365 0.23978 0.14263 0.78326 0.65087 
403	5	0.19404 0.96204 0.18177 0.13336 0.78245 0.63680 
404	5	0.20326 0.94563 0.21718 0.14102 0.73837 0.65451 
405	5	0.17694 0.96336 0.16772 0.14263 0.79679 0.63360 
406	5	0.37951 0.94431 0.10767 0.26683 0.88607 0.45488 
407	5	0.32793 0.93280 0.09746 0.26847 0.88556 0.44252 
408	5	0.44786 0.91802 0.14655 0.28959 0.82139 0.47245 
409	5	0.37020 0.90599 0.16845 0.28173 0.78388 0.47135 
410	5	0.32487 0.92859 0.23864 0.17499 0.73114 0.62929 
411	5	0.28239 0.92014 0.13797 0.25341 0.82513 0.48132 
412	5	0.25804 0.93178 0.20984 0.18908 0.75513 0.59815 
413	5	0.24056 0.91190 0.13054 0.22352 0.82497 0.49915 
414	5	0.22913 0.91861 0.17267 0.18152 0.79418 0.58122 
415	5	0.26314 0.89613 0.17782 0.21565 0.82694 0.51943 
416	5	0.31973 0.89491 0.11317 0.24537 0.85125 0.46287 
417	5	0.20221 0.95866 0.21058 0.09717 0.73571 0.72198 
418	5	0.24470 0.95293 0.17516 0.14610 0.77676 0.62580 
419	5	0.25682 0.91589 0.14205 0.21756 0.83147 0.50672 
420	5	0.21975 0.93605 0.15045 0.17953 0.79672 0.56031 
421	5	0.23103 0.94615 0.12912 0.22362 0.85483 0.50658 
422	5	0.25730 0.93126 0.15351 0.20428 0.82022 0.54535 
423	5	0.21308 0.94026 0.19831 0.15311 0.76345 0.63479 
424	5	0.16637 0.91792 0.16273 0.17675 0.79827 0.54657 
425	5	0.23695 0.92120 0.09219 0.24500 0.87116 0.45467 
426	5	0.30831 0.92631 0.10602 0.24990 0.85487 0.47691 
427	5	0.30815 0.90676 0.10838 0.23131 0.84909 0.47789 
428	5	0.24571 0.93628 0.19296 0.18141 0.78343 0.59027 
429	5	0.28292 0.89025 0.13999 0.23266 0.81935 0.48250 
430	5	0.23346 0.93214 0.13371 0.20615 0.82860 0.53296 
431	5	0.22868 0.93395 0.14495 0.17098 0.81760 0.57507 
432	5	0.24747 0.94265 0.15292 0.19752 0.82267 0.56755 
433	5	0.23101 0.96229 0.14419 0.16783 0.81421 0.61439 
434	5	0.26441 0.92647 0.12297 0.23947 0.86245 0.47234 
435	5	0.24396 0.94218 0.09544 0.20327 0.86696 0.51397 
436	5	0.31175 0.90888 0.08289 0.28884 0.88232 0.42130 
437	5	0.29475 0.94570 0.15623 0.20781 0.84018 0.55582 
438	5	0.29758 0.92656 0.12299 0.24596 0.83321 0.50201 
439	5	0.34485 0.91440 0.11240 0.29987 0.86793 0.40168 
440	5	0.20913 0.95807 0.12127 0.17750 0.83612 0.57183 
441	5	0.35076 0.93882 0.15653 0.24551 0.84782 0.52069 
442	5	0.33705 0.95700 0.09587 0.26488 0.87785 0.46556 
443	5	0.37505 0.93071 0.05899 0.33270 0.91494 0.37052 
444	5	0.21445 0.94940 0.21530 0.16480 0.79776 0.61497 
445	5	0.25712 0.92718 0.06632 0.28997 0.90738 0.38592 
446	5	0.33820 0.90970 0.07633 0.29283 0.89572 0.39498 
447	5	0.26680 0.92685 0.10438 0.27206 0.88029 0.42897 
448	5	0.31060 0.93806 0.20256 0.19088 0.77656 0.59847 
449	5	0.32041 0.94786 0.18114 0.19118 0.79219 0.60095 
450	5	0.30431 0.95335 0.14945 0.23209 0.82221 0.53096 
451	5	0.27627 0.91506 0.22248 0.20303 0.77108 0.55541 
452	5	0.31564 0.91182 0.12372 0.28163 0.85982 0.43721 
453	5	0.27173 0.93482 0.14695 0.22787 0.82636 0.50878 
454	5	0.26053 0.90945 0.11476 0.27181 0.85461 0.42814 
455	5	0.22525 0.95223 0.16175 0.19575 0.80331 0.56638 
456	5	0.24716 0.93956 0.16065 0.20609 0.80909 0.54375 
457	5	0.31906 0.91691 0.19230 0.27765 0.80301 0.46106 
458	5	0.27796 0.94448 0.11730 0.24587 0.85124 0.48063 
459	5	0.25004 0.94007 0.11842 0.23499 0.85160 0.48386 
460	5	0.27385 0.92836 0.14722 0.22432 0.80860 0.51015 
461	5	0.36034 0.92335 0.12226 0.35074 0.85695 0.36306 
462	5	0.34924 0.94314 0.14296 0.30653 0.83563 0.44831 
463	5	0.34304 0.95805 0.16471 0.25215 0.80434 0.52695 
464	5	0.42243 0.94275 0.09060 0.36473 0.87708 0.35358 
465	5	0.39695 0.94255 0.20398 0.26928 0.77075 0.51487 
466	5	0.35030 0.96161 0.16767 0.27458 0.79840 0.51261 
467	5	0.48067 0.97258 0.13039 0.32891 0.83755 0.47255 
468	5	0.39453 0.92569 0.14034 0.37226 0.83522 0.35356 
469	5	0.56807 0.95775 0.14870 0.41878 0.83444 0.39539 
470	5	0.40477 0.94285 0.11033 0.37448 0.86392 0.35047 
471	5	0.50487 0.92910 0.11126 0.42432 0.86654 0.32236 
472	5	0.51955 0.94920 0.12600 0.39992 0.85171 0.38617 
473	5	0.35698 0.96107 0.16947 0.26917 0.80455 0.51457 
474	5	0.32049 0.96786 0.12270 0.26356 0.86635 0.50147 
475	5	0.41026 0.95159 0.07240 0.37205 0.91414 0.34293 
476	5	0.40607 0.95207 0.06464 0.35278 0.91281 0.35323 
477	5	0.32184 0.94480 0.10529 0.30855 0.86819 0.40339 
478	5	0.43679 0.94677 0.07740 0.38132 0.90274 0.33960 
479	5	0.38913 0.94912 0.19292 0.29035 0.78804 0.49790 
480	5	0.48231 0.96175 0.10148 0.38622 0.86621 0.37890 
481	5	0.46059 0.97238 0.13501 0.31157 0.83614 0.48995 
482	5	0.40936 0.95843 0.18295 0.24437 0.77409 0.56892 
483	5	0.69232 0.94310 0.11622 0.53243 0.86063 0.31921 
484	5	0.49267 0.93704 0.19701 0.33819 0.79190 0.47034 
485	5	0.50895 0.90638 0.13740 0.35840 0.80868 0.39292 
486	5	0.53610 0.93925 0.19649 0.36671 0.79049 0.44383 
487	5	0.49196 0.95425 0.12694 0.33333 0.82902 0.46902 
488	5	0.39742 0.96109 0.19248 0.23969 0.79297 0.56997 
489	5	0.51071 0.95259 0.12426 0.33976 0.84084 0.46247 
490	5	0.57695 0.93720 0.11704 0.42060 0.84621 0.35571 
491	5	0.54219 0.95801 0.17144 0.36405 0.80190 0.47928 
492	5	0.36343 0.93969 0.23979 0.20921 0.74945 0.60267 
493	5	0.51000 0.95391 0.21235 0.31368 0.78075 0.54418 
494	5	0.30427 0.95434 0.20120 0.24767 0.78501 0.55918 
495	5	0.43130 0.92694 0.15370 0.28578 0.84867 0.50101 
496	5	0.49883 0.95267 0.14202 0.35135 0.86055 0.43577 
497	5	0.21739 0.94855 0.38266 0.08958 0.65435 0.79513 
498	5	0.22846 0.93499 0.43862 0.09908 0.63463 0.78518 
499	5	0.25590 0.96211 0.24221 0.17038 0.75005 0.65168 
500	6	0.04614 0.76858 0.62346 0.02684 0.21007 0.87159 
501	6	0.18174 0.80667 0.32934 0.10000 0.56547 0.68968 
502	6	0.08367 0.83353 0.33610 0.07258 0.56056 0.73692 
503	6	0.13541 0.84565 0.36727 0.07187 0.52261 0.76532 
504	6	0.07316 0.84926 0.45119 0.04009 0.39985 0.83186 
505	6	0.14442 0.76514 0.46343 0.06298 0.38336 0.78458 
506	6	0.10964 0.78209 0.44466 0.05882 0.40214 0.77240 
507	6	0.24730 0.71094 0.31037 0.14252 0.59094 0.61605 
508	6	0.18126 0.76350 0.27851 0.11677 0.63932 0.63440 
509	6	0.25505 0.44801 0.32515 0.18385 0.56598 0.54057 
510	6	0.12882 0.62946 0.49433 0.09615 0.36905 0.68731 
511	6	0.12363 0.73070 0.45020 0.09137 0.42638 0.70689 
512	6	0.11644 0.71630 0.52055 0.07069 0.32902 0.76784 
513	6	0.13126 0.71782 0.38590 0.09234 0.50211 0.69544 
514	6	0.11116 0.70712 0.48455 0.08126 0.38309 0.72254 
515	6	0.29146 0.53322 0.31712 0.18572 0.57526 0.54122 
516	6	0.26061 0.61398 0.49683 0.13694 0.37003 0.66480 
517	6	0.18647 0.71393 0.46558 0.08721 0.39780 0.73876 
518	6	0.10238 0.67961 0.47641 0.07633 0.38428 0.72177 
519	6	0.13680 0.60929 0.51510 0.10575 0.36440 0.68724 
520	6	0.23700 0.69022 0.31036 0.13972 0.59771 0.61085 
521	6	0.22604 0.62252 0.38489 0.13236 0.48906 0.63300 
522	6	0.19485 0.64896 0.35198 0.13170 0.55014 0.62684 
523	6	0.12403 0.62931 0.32534 0.11074 0.56151 0.63982 
524	6	0.07874 0.71358 0.42001 0.07561 0.45350 0.72521 
525	6	0.19210 0.58586 0.40841 0.14200 0.47361 0.61699 
526	6	0.27389 0.58211 0.27856 0.18930 0.62438 0.52048 
527	6	0.19225 0.63133 0.36917 0.12862 0.51323 0.62362 
528	6	0.05847 0.85298 0.49293 0.04000 0.35229 0.83301 
529	6	0.08118 0.77824 0.38363 0.08194 0.50145 0.71591 
530	6	0.11146 0.69905 0.46255 0.06381 0.40369 0.76483 
531	6	0.23611 0.79375 0.25222 0.14433 0.67341 0.60570 
532	6	0.12197 0.72105 0.52696 0.05855 0.32626 0.79211 
533	6	0.12126 0.73653 0.53105 0.05907 0.33907 0.79905 
534	6	0.15238 0.72104 0.50201 0.07016 0.36057 0.76993 
535	6	0.11226 0.80641 0.54842 0.04088 0.32519 0.85051 
536	6	0.13932 0.75604 0.41542 0.08900 0.48911 0.72245 
537	6	0.26624 0.81107 0.42334 0.12109 0.47400 0.72017 
538	6	0.05170 0.77137 0.54251 0.03910 0.30732 0.83339 
539	6	0.07889 0.83472 0.45032 0.04607 0.41194 0.80975 
540	6	0.07102 0.74131 0.40202 0.07390 0.47406 0.71954 
541	6	0.22330 0.74104 0.25229 0.16572 0.66737 0.55045 
542	6	0.18893 0.83170 0.38685 0.08168 0.51359 0.74967 
543	6	0.05380 0.66542 0.49809 0.06231 0.38787 0.75854 
544	6	0.19379 0.52694 0.50819 0.11281 0.35072 0.65612 
545	6	0.18405 0.69519 0.39407 0.10436 0.50440 0.67968 
546	6	0.23123 0.77600 0.37786 0.11018 0.52314 0.69756 
547	6	0.04950 0.80988 0.59125 0.02257 0.24611 0.88449 
548	6	0.20838 0.58445 0.45812 0.11233 0.40207 0.67406 
549	6	0.14546 0.58503 0.43997 0.10797 0.42733 0.64862 
550	6	0.16277 0.64259 0.35077 0.11322 0.54242 0.63437 
551	6	0.12327 0.72563 0.40713 0.08781 0.47771 0.71078 
552	6	0.08871 0.71341 0.37963 0.07899 0.51806 0.70464 
553	6	0.07175 0.78050 0.47586 0.04164 0.39539 0.80847 
554	6	0.19044 0.72219 0.39265 0.10661 0.49803 0.68229 
555	6	0.12024 0.75341 0.48805 0.07317 0.38625 0.75266 
556	6	0.11644 0.79414 0.52373 0.04884 0.34116 0.82546 
557	6	0.20728 0.73364 0.35381 0.11766 0.52801 0.64531 
558	6	0.31733 0.64510 0.22898 0.20642 0.69007 0.49669 
559	6	0.16600 0.61914 0.34060 0.12394 0.54342 0.62246 
560	6	0.18905 0.44673 0.41909 0.12993 0.44050 0.59060 
561	6	0.15206 0.81151 0.57240 0.04674 0.26077 0.85547 
562	6	0.19810 0.72990 0.36748 0.10890 0.51739 0.67476 
563	6	0.14271 0.74357 0.39787 0.08952 0.48231 0.70792 
564	6	0.18819 0.66164 0.30658 0.14915 0.59882 0.57939 
565	6	0.17126 0.67881 0.29551 0.13189 0.61045 0.59906 
566	6	0.02719 0.75250 0.58934 0.02738 0.25179 0.86971 
567	6	0.27239 0.64772 0.37462 0.15923 0.52052 0.60189 
568	6	0.18700 0.73431 0.41933 0.10343 0.45514 0.69740 
569	6	0.20794 0.60557 0.39276 0.12598 0.47536 0.63531 
570	6	0.13316 0.82065 0.44010 0.08222 0.42816 0.74593 
571	6	0.11849 0.70124 0.44648 0.07922 0.41984 0.71963 
572	6	0.16107 0.75047 0.42353 0.08014 0.45370 0.73076 
573	6	0.22113 0.76078 0.38599 0.10879 0.49807 0.69402 
574	6	0.22408 0.73315 0.51234 0.09836 0.36705 0.75293 
575	6	0.19254 0.75942 0.46257 0.08935 0.42393 0.73931 
576	6	0.20513 0.74579 0.45747 0.09222 0.41868 0.73694 
577	6	0.08878 0.66619 0.42243 0.08227 0.44830 0.69508 
578	6	0.09742 0.68543 0.45792 0.07879 0.40215 0.72322 
579	6	0.22706 0.77328 0.37603 0.10951 0.51430 0.70079 
580	6	0.10476 0.76501 0.48024 0.06064 0.37094 0.77466 
581	6	0.20623 0.62050 0.27475 0.15711 0.63927 0.55079 
582	6	0.06177 0.68304 0.46462 0.07315 0.39500 0.71455 
583	6	0.15288 0.74307 0.28421 0.14021 0.61401 0.58174 
584	6	0.16788 0.68467 0.38771 0.10811 0.49324 0.65830 
585	6	0.19089 0.67187 0.32229 0.14888 0.56936 0.58124 
586	6	0.14116 0.62436 0.48524 0.08855 0.35686 0.69355 
587	6	0.18219 0.51940 0.35196 0.16527 0.52676 0.54355 
588	6	0.14981 0.73026 0.34001 0.12332 0.55352 0.63921 
589	6	0.18086 0.77560 0.39990 0.09534 0.49380 0.71404 
590	6	0.14541 0.74375 0.47255 0.07002 0.38155 0.75048 
591	6	0.23352 0.65404 0.36166 0.13930 0.52104 0.61563 
592	6	0.19538 0.76806 0.41483 0.09243 0.47083 0.72534 
593	6	0.10170 0.71516 0.49855 0.06128 0.35471 0.76976 
594	6	0.22681 0.67911 0.35320 0.14102 0.52633 0.60700 
595	6	0.19430 0.50009 0.43723 0.12738 0.42464 0.62795 
596	6	0.02454 0.74891 0.59093 0.02816 0.27048 0.85236 
597	6	0.07059 0.77864 0.36781 0.07457 0.51874 0.71367 
598	6	0.06232 0.64285 0.41300 0.08047 0.46142 0.69804 
599	6	0.11331 0.74788 0.38561 0.08496 0.49434 0.71001 
600	7	0.27737 0.76286 0.18936 0.20922 0.87913 0.50453 
601	7	0.17971 0.96950 0.05633 0.12138 0.90935 0.66222 
602	7	0.35511 0.95901 0.04367 0.20491 0.93229 0.55589 
603	7	0.23917 0.96402 0.08820 0.11929 0.87209 0.68318 
604	7	0.17270 0.97134 0.07057 0.10222 0.89210 0.68622 
605	7	0.15266 0.96570 0.08621 0.09070 0.87445 0.70901 
606	7	0.13390 0.96670 0.07632 0.09880 0.88756 0.68926 
607	7	0.40619 0.97283 0.18738 0.23232 0.80896 0.58025 
608	7	0.37420 0.98164 0.18579 0.19763 0.77459 0.62130 
609	7	0.41649 0.98695 0.13686 0.22800 0.82964 0.59125 
610	7	0.40453 0.98215 0.14779 0.21211 0.82405 0.61836 
611	7	0.35330 0.97234 0.18924 0.17922 0.78148 0.64741 
612	7	0.22493 0.98746 0.13529 0.15805 0.82153 0.63404 
613	7	0.22533 0.96419 0.26979 0.15329 0.72669 0.65463 
614	7	0.34038 0.96325 0.23442 0.18472 0.78617 0.62191 
615	7	0.23280 0.97362 0.16676 0.14901 0.79079 0.64658 
616	7	0.30807 1.00000 0.04424 0.17017 0.92524 0.60791 
617	7	0.27705 0.98179 0.17286 0.17152 0.79826 0.62502 
618	7	0.32808 0.97910 0.18242 0.18998 0.78528 0.62693 
619	7	0.22773 0.96397 0.23035 0.12137 0.72296 0.69016 
620	7	0.22286 0.97398 0.20711 0.11198 0.76169 0.70631 
621	7	0.26043 0.96715 0.22573 0.13117 0.74111 0.68342 
622	7	0.28216 0.97384 0.17721 0.14904 0.76919 0.65581 
623	7	0.24489 0.97039 0.21239 0.13576 0.75685 0.67276 
624	7	0.23543 0.96870 0.19570 0.15750 0.74804 0.64105 
625	7	0.07710 0.97511 0.06311 0.06042 0.90042 0.72817 
626	7	0.13174 0.93344 0.03696 0.13743 0.93424 0.55643 
627	7	0.12056 0.92036 0.09309 0.10336 0.86803 0.63925 
628	7	0.09143 0.92517 0.09688 0.09102 0.87430 0.64361 
629	7	0.04031 0.93804 0.15735 0.05035 0.80319 0.75645 
630	7	0.08213 0.92344 0.17466 0.06042 0.78773 0.74339 
631	7	0.08759 0.93116 0.13237 0.07490 0.83080 0.70690 
632	7	0.12342 0.93021 0.12438 0.08351 0.83866 0.68801 
633	7	0.16178 0.95217 0.03427 0.11654 0.93777 0.59964 
634	7	0.14594 0.87735 0.17521 0.11084 0.83473 0.63437 
635	7	0.16994 0.87479 0.11826 0.13519 0.86531 0.58158 
636	7	0.13991 0.89495 0.11031 0.12472 0.84749 0.60179 
637	7	0.13734 0.89258 0.10643 0.12110 0.86055 0.59181 
638	7	0.11087 0.91928 0.09113 0.10547 0.86781 0.61171 
639	7	0.14913 0.94975 0.03446 0.12619 0.93752 0.57628 
640	7	0.10344 0.95095 0.02493 0.11754 0.95002 0.58018 
641	7	0.07872 0.90426 0.10779 0.10063 0.85713 0.61925 
642	7	0.26287 0.79122 0.11230 0.20552 0.91396 0.47164 
643	7	0.10313 0.97271 0.12101 0.05926 0.83374 0.76861 
644	7	0.04515 0.97360 0.14601 0.04209 0.79862 0.79878 
645	7	0.02933 0.98158 0.12997 0.04228 0.81736 0.78653 
646	7	0.08936 0.96884 0.18080 0.04471 0.75581 0.80694 
647	7	0.12111 0.97062 0.14010 0.06120 0.80837 0.75894 
648	7	0.06695 0.99519 0.04854 0.05263 0.91903 0.75346 
649	7	0.12005 0.96898 0.17193 0.05894 0.76882 0.78028 
650	7	0.05604 0.97563 0.13309 0.05425 0.81780 0.76887 
651	7	0.06190 0.99409 0.06173 0.05773 0.90322 0.74949 
652	7	0.04591 0.97796 0.12541 0.04551 0.82342 0.77853 
653	7	0.07775 0.99339 0.05059 0.04766 0.91635 0.76287 
654	7	0.12395 0.97127 0.13124 0.06146 0.81825 0.76422 
655	7	0.17724 0.94770 0.12929 0.09457 0.85060 0.67827 
656	7	0.05636 0.99198 0.05051 0.04907 0.91645 0.76116 
657	7	0.03439 0.99448 0.04665 0.04421 0.92154 0.76502 
658	7	0.11304 0.96877 0.12907 0.06458 0.82758 0.75529 
659	7	0.09297 0.97761 0.10503 0.06653 0.84945 0.73861 
660	7	0.12877 0.96909 0.10485 0.07475 0.85060 0.72567 
661	7	0.09191 0.97789 0.11057 0.05578 0.84296 0.76708 
662	7	0.31754 0.82524 0.26880 0.17834 0.64629 0.59770 
663	7	0.24154 0.86647 0.21338 0.15749 0.74741 0.60754 
664	7	0.18281 0.81418 0.31187 0.12410 0.61921 0.65143 
665	7	0.26973 0.74407 0.26854 0.20912 0.70118 0.53057 
666	7	0.37756 0.85108 0.26514 0.21512 0.65347 0.57799 
667	7	0.42273 0.71637 0.38220 0.25144 0.72676 0.54500 
668	7	0.41071 0.79779 0.26116 0.23255 0.64819 0.56991 
669	7	0.34712 0.82664 0.23484 0.20642 0.71974 0.56854 
670	7	0.21689 0.75929 0.30437 0.15212 0.68105 0.61968 
671	7	0.25154 0.77155 0.32665 0.14956 0.66111 0.60088 
672	7	0.17005 0.84144 0.34863 0.12103 0.55296 0.66378 
673	7	0.51138 0.77191 0.23591 0.32626 0.69208 0.46540 
674	7	0.20102 0.81799 0.23125 0.14385 0.71644 0.61352 
675	7	0.16917 0.84887 0.27877 0.09728 0.62805 0.69539 
676	7	0.17229 0.88074 0.30215 0.08061 0.62483 0.74104 
677	7	0.13117 0.85696 0.23841 0.11488 0.68467 0.65881 
678	7	0.21099 0.80970 0.32668 0.11607 0.56692 0.67315 
679	7	0.29615 0.74792 0.36944 0.15569 0.58397 0.63966 
680	7	0.16889 0.83330 0.24753 0.12363 0.66828 0.65639 
681	7	0.38710 0.75045 0.45194 0.20475 0.53448 0.61460 
682	7	0.27244 0.79590 0.27200 0.14270 0.63413 0.64922 
683	7	0.29327 0.75742 0.31212 0.15933 0.62595 0.62674 
684	7	0.16465 0.83285 0.30203 0.10651 0.59857 0.69225 
685	7	0.19390 0.84232 0.27922 0.13720 0.67222 0.63835 
686	7	0.37311 0.68831 0.36222 0.20214 0.52587 0.58923 
687	7	0.34539 0.72351 0.38453 0.18691 0.49632 0.61403 
688	7	0.47105 0.77147 0.25915 0.28752 0.65459 0.51174 
689	7	0.39401 0.74494 0.39396 0.21069 0.49598 0.60913 
690	7	0.27685 0.77989 0.29227 0.15619 0.62130 0.61406 
691	7	0.35213 0.65639 0.38191 0.21075 0.49808 0.54307 
692	7	0.35442 0.77125 0.29316 0.21245 0.62627 0.57157 
693	7	0.33757 0.57430 0.37684 0.21170 0.50357 0.52558 
694	7	0.40244 0.69187 0.31900 0.26166 0.58509 0.50735 
695	7	0.23950 0.81699 0.42012 0.11540 0.57829 0.71008 
696	7	0.32195 0.66639 0.38797 0.18763 0.52476 0.56852 
697	7	0.27039 0.78639 0.30121 0.15073 0.60923 0.62047 
698	7	0.26685 0.70226 0.39987 0.17975 0.64371 0.59424 
699	7	0.35000 0.78895 0.28252 0.20730 0.65091 0.57307 
700	8	0.57461 0.45297 0.28567 0.43620 0.65550 0.30470 
701	8	0.57412 0.59013 0.31453 0.40812 0.67761 0.36894 
702	8	0.51898 0.61148 0.33431 0.36912 0.66047 0.37905 
703	8	0.45643 0.78885 0.31005 0.33656 0.67924 0.42501 
704	8	0.47129 0.69346 0.32216 0.32600 0.63954 0.43602 
705	8	0.54855 0.83319 0.18022 0.46069 0.80780 0.30638 
706	8	0.48941 0.74006 0.30464 0.34736 0.64748 0.41859 
707	8	0.43060 0.81140 0.19554 0.40909 0.79987 0.32665 
708	8	0.50581 0.56793 0.50958 0.34284 0.54892 0.43524 
709	8	0.50660 0.78646 0.16405 0.41510 0.82559 0.31812 
710	8	0.44558 0.77864 0.36024 0.29340 0.60374 0.48843 
711	8	0.42763 0.76451 0.34069 0.36158 0.71115 0.41183 
712	8	0.40479 0.78969 0.28685 0.37257 0.77381 0.37722 
713	8	0.38358 0.74842 0.48495 0.24894 0.52319 0.54075 
714	8	0.37552 0.77148 0.34552 0.32130 0.73675 0.43533 
715	8	0.32332 0.77440 0.48901 0.28440 0.67116 0.49389 
716	8	0.40248 0.75661 0.42216 0.28630 0.55810 0.49365 
717	8	0.35509 0.77075 0.39074 0.29431 0.59420 0.47413 
718	8	0.33461 0.71372 0.50116 0.28795 0.58609 0.48340 
719	8	0.46282 0.72335 0.38330 0.31198 0.64040 0.45344 
720	8	0.37679 0.60560 0.43230 0.24548 0.58201 0.49892 
721	8	0.56665 0.70800 0.36134 0.40024 0.61964 0.40332 
722	8	0.29704 0.74112 0.48649 0.25841 0.64295 0.49790 
723	8	0.40028 0.79810 0.28875 0.34709 0.76708 0.39738 
724	8	0.62194 0.58981 0.44379 0.48062 0.65067 0.34238 
725	8	0.42635 0.71908 0.27586 0.34480 0.74007 0.37296 
726	8	0.59140 0.75693 0.34262 0.45996 0.74698 0.35696 
727	8	0.47957 0.77237 0.23192 0.39593 0.80351 0.34903 
728	8	0.47249 0.78988 0.33089 0.32422 0.64336 0.46532 
729	8	0.53988 0.78987 0.24607 0.42604 0.81617 0.33936 
730	8	0.59786 0.76622 0.33556 0.46881 0.75384 0.34166 
731	8	0.44785 0.67407 0.30172 0.39928 0.73859 0.32211 
732	8	0.73268 0.80521 0.20991 0.61078 0.83445 0.24183 
733	8	0.61847 0.81467 0.22865 0.49244 0.82481 0.29761 
734	8	0.75982 0.79283 0.24150 0.63448 0.79562 0.24984 
735	8	0.46445 0.62290 0.46941 0.35118 0.67548 0.43121 
736	8	0.49955 0.69896 0.44054 0.39214 0.70359 0.40510 
737	8	0.39869 0.48032 0.28393 0.39755 0.73835 0.31034 
738	8	0.35461 0.67229 0.34762 0.32940 0.69946 0.41273 
739	8	0.58969 0.68402 0.39188 0.43884 0.67211 0.37807 
740	8	0.41536 0.83024 0.32095 0.34597 0.74832 0.42255 
741	8	0.47427 0.68272 0.36025 0.32558 0.64748 0.43224 
742	8	0.49837 0.69353 0.47327 0.36506 0.67403 0.44006 
743	8	0.31235 0.76947 0.40856 0.27335 0.64444 0.50725 
744	8	0.35069 0.66215 0.34947 0.33549 0.69608 0.41547 
745	8	0.37205 0.76150 0.35248 0.29268 0.66130 0.47273 
746	8	0.38891 0.65865 0.29475 0.32868 0.69774 0.40507 
747	8	0.35918 0.62872 0.30245 0.27851 0.62009 0.42196 
748	8	0.36778 0.65695 0.41272 0.26743 0.62024 0.47446 
749	8	0.45158 0.35243 0.41600 0.33261 0.60752 0.38289 
750	8	0.27889 0.50722 0.43834 0.25929 0.56036 0.43521 
751	8	0.36029 0.45492 0.42924 0.31540 0.62982 0.39149 
752	8	0.51448 0.66023 0.46328 0.36892 0.63300 0.44493 
753	8	0.51911 0.63925 0.40201 0.38737 0.67199 0.40765 
754	8	0.34899 0.69079 0.49644 0.27124 0.59656 0.49654 
755	8	0.40263 0.71055 0.42194 0.33282 0.67644 0.45243 
756	8	0.39761 0.75900 0.37159 0.31856 0.67135 0.46998 
757	8	0.48821 0.54257 0.50593 0.39373 0.67506 0.38819 
758	8	0.36296 0.68021 0.38872 0.24616 0.60742 0.49080 
759	8	0.52249 0.73204 0.31038 0.40320 0.70880 0.37838 
760	8	0.45881 0.67749 0.40353 0.31696 0.62786 0.43514 
761	8	0.28079 0.57904 0.41566 0.26012 0.63060 0.47373 
762	8	0.35931 0.72524 0.38448 0.24143 0.63001 0.52073 
763	8	0.30795 0.52224 0.47640 0.26283 0.52389 0.49418 
764	8	0.48120 0.92142 0.11011 0.32863 0.84063 0.43179 
765	8	0.43593 0.46713 0.39076 0.31846 0.62433 0.42894 
766	8	0.28580 0.53175 0.43942 0.21669 0.50847 0.49869 
767	8	0.35659 0.68979 0.65485 0.18658 0.42463 0.65066 
768	8	0.48773 0.79180 0.44757 0.29775 0.57230 0.55269 
769	8	0.29839 0.35920 0.42736 0.23220 0.51312 0.47009 
770	8	0.38309 0.34063 0.39159 0.27137 0.52751 0.44604 
771	8	0.34998 0.26717 0.39615 0.25714 0.53937 0.45496 
772	8	0.58617 0.16585 0.33897 0.43113 0.64253 0.33240 
773	8	0.26894 0.52262 0.37187 0.20968 0.60816 0.52258 
774	8	0.20366 0.66228 0.44284 0.17811 0.49124 0.57516 
775	8	0.49782 0.70313 0.43739 0.31012 0.54941 0.51283 
776	8	0.29016 0.56898 0.42999 0.22293 0.55958 0.51141 
777	8	0.27695 0.45127 0.38572 0.24176 0.55164 0.45329 
778	8	0.28265 0.52050 0.44398 0.21535 0.54643 0.52912 
779	8	0.17987 0.59203 0.56262 0.16819 0.41425 0.57977 
780	8	0.39178 0.42358 0.42409 0.27071 0.53142 0.44783 
781	8	0.34573 0.00000 0.48353 0.26248 0.48347 0.42598 
782	8	0.41920 0.28124 0.34721 0.31281 0.60714 0.40891 
783	8	0.33288 0.32419 0.48199 0.22982 0.47846 0.49872 
784	8	0.47520 0.36938 0.33556 0.34662 0.63575 0.39084 
785	8	0.37453 0.66120 0.44646 0.22988 0.50469 0.55044 
786	8	0.41322 0.67270 0.36486 0.27360 0.58611 0.48268 
787	8	0.39073 0.40319 0.43804 0.25564 0.51813 0.49418 
788	8	0.36150 0.37693 0.53238 0.21889 0.42880 0.54475 
789	8	0.40546 0.38982 0.54213 0.24734 0.41110 0.51580 
790	8	0.26299 0.41642 0.46809 0.20710 0.43712 0.50232 
791	8	0.20071 0.50397 0.62997 0.13133 0.34767 0.66417 
792	8	0.32017 0.39455 0.50220 0.21557 0.50250 0.53452 
793	8	0.41645 0.56981 0.38429 0.26788 0.60228 0.50116 
794	8	0.09150 0.85743 0.56565 0.03202 0.31593 0.88316 
795	8	0.07107 0.86301 0.55013 0.03113 0.33402 0.88692 
796	8	0.07061 0.85649 0.60523 0.02720 0.30125 0.89098 
797	8	0.05201 0.85014 0.73495 0.01188 0.20082 0.95207 
798	8	0.12107 0.86399 0.59540 0.04660 0.28975 0.86054 
799	8	0.08598 0.86496 0.63999 0.02829 0.24152 0.89971 
800	9	0.60914 0.88678 0.14536 0.50048 0.90451 0.28705 
801	9	0.48092 0.90793 0.19474 0.37371 0.84063 0.41251 
802	9	0.59721 0.94201 0.18788 0.43138 0.83465 0.41978 
803	9	0.41414 0.88042 0.14039 0.43184 0.88550 0.31967 
804	9	0.30123 0.81162 0.25458 0.22018 0.71606 0.51514 
805	9	0.31332 0.88846 0.25604 0.26017 0.76469 0.53400 
806	9	0.54452 0.78677 0.21894 0.42695 0.79812 0.36341 
807	9	0.79176 0.85435 0.14765 0.65955 0.87885 0.25018 
808	9	0.58093 0.87579 0.10413 0.50134 0.90389 0.26050 
809	9	0.59338 0.83282 0.00503 0.59684 1.00000 0.10469 
810	9	0.68752 0.78007 0.20248 0.53740 0.81919 0.28049 
811	9	0.56295 0.83420 0.08963 0.54075 0.93874 0.18685 
812	9	0.49679 0.88760 0.21546 0.40250 0.82896 0.37905 
813	9	0.35642 0.86933 0.26931 0.31256 0.76834 0.47818 
814	9	0.50810 0.88288 0.21966 0.35812 0.79234 0.44392 
815	9	0.40765 0.87572 0.28442 0.31391 0.77745 0.47982 
816	9	0.43714 0.84429 0.24977 0.36112 0.76285 0.42620 
817	9	0.53177 0.82077 0.06810 0.48538 0.91545 0.23697 
818	9	0.73229 0.90239 0.14599 0.61735 0.90205 0.22313 
819	9	0.90572 0.96312 0.03233 0.84269 0.96586 0.10174 
820	9	0.50903 0.84196 0.15273 0.44772 0.87412 0.30435 
821	9	0.71804 0.89604 0.17921 0.56761 0.85131 0.31435 
822	9	1.00000 0.84654 0.05257 1.00000 0.97530 0.00000 
823	9	0.43568 0.89623 0.17257 0.41060 0.85218 0.35426 
824	9	0.39908 0.92440 0.13702 0.40848 0.87390 0.35589 
825	9	0.58509 0.84290 0.12041 0.55015 0.91693 0.18398 
826	9	0.58671 0.84231 0.16189 0.47524 0.83361 0.31332 
827	9	0.74259 0.79462 0.14832 0.65099 0.87372 0.16703 
828	9	0.62844 0.66661 0.13621 0.51207 0.83937 0.23779 
829	9	0.44299 0.83019 0.13300 0.38979 0.85215 0.30541 
830	9	0.34777 0.79924 0.23898 0.28700 0.76936 0.45160 
831	9	0.55406 0.86230 0.08998 0.44436 0.90021 0.30254 
832	9	0.39099 0.85146 0.12083 0.32301 0.85693 0.39266 
833	9	0.48773 0.88873 0.12975 0.41670 0.85946 0.34270 
834	9	0.67790 0.83822 0.08195 0.53349 0.89003 0.26020 
835	9	0.61518 0.86720 0.23233 0.47407 0.79085 0.35210 
836	9	0.41222 0.92534 0.11555 0.31297 0.86025 0.43404 
837	9	0.48797 0.89876 0.13343 0.39098 0.87030 0.37036 
838	9	0.44323 0.91496 0.11226 0.34628 0.87564 0.39676 
839	9	0.41836 0.89275 0.05377 0.43172 0.94067 0.27417 
840	9	0.56552 0.87320 0.11441 0.48609 0.90979 0.24113 
841	9	0.66074 0.86773 0.11679 0.56951 0.89254 0.21140 
842	9	0.43436 0.93034 0.02770 0.38862 0.95920 0.28266 
843	9	0.32341 0.91688 0.12159 0.32246 0.87989 0.34604 
844	9	0.72715 0.84497 0.14876 0.59442 0.90136 0.23476 
845	9	0.74111 0.90517 0.05485 0.62232 0.96002 0.17649 
846	9	0.64580 0.90598 0.04629 0.52519 0.94650 0.23279 
847	9	0.61991 0.92705 0.10780 0.45990 0.88035 0.36685 
848	9	0.60849 0.90465 0.13698 0.45610 0.88118 0.35421 
849	9	0.35475 0.74656 0.29270 0.23928 0.64970 0.50937 
850	9	0.36924 0.73381 0.25465 0.32711 0.69896 0.42547 
851	9	0.35748 0.76846 0.18221 0.29050 0.77444 0.43140 
852	9	0.26313 0.78502 0.19088 0.25780 0.75584 0.44004 
853	9	0.39074 0.79224 0.22276 0.25149 0.73641 0.50262 
854	9	0.39710 0.83678 0.21348 0.27441 0.75288 0.48431 
855	9	0.43154 0.79135 0.30254 0.25878 0.67123 0.54783 
856	9	0.24514 0.85444 0.30698 0.16396 0.65761 0.61765 
857	9	0.36811 0.72489 0.34129 0.25342 0.61213 0.51189 
858	9	0.36389 0.67112 0.26908 0.30342 0.65876 0.43264 
859	9	0.24803 0.76646 0.26501 0.21242 0.69223 0.52683 
860	9	0.20612 0.78983 0.27829 0.18570 0.68252 0.56597 
861	9	0.41040 0.78394 0.30102 0.25520 0.65209 0.54788 
862	9	0.29231 0.82674 0.26899 0.23202 0.69580 0.53496 
863	9	0.41219 0.78075 0.25683 0.32713 0.70994 0.42905 
864	9	0.47603 0.89516 0.27299 0.33509 0.76593 0.47422 
865	9	0.55677 0.82214 0.22871 0.39004 0.76951 0.42457 
866	9	0.52725 0.87453 0.16319 0.40158 0.84701 0.35610 
867	9	0.51542 0.82468 0.11651 0.44186 0.88728 0.28522 
868	9	0.58925 0.82462 0.19309 0.41755 0.80804 0.38569 
869	9	0.27029 0.85263 0.26163 0.23489 0.72010 0.52040 
870	9	0.40641 0.80185 0.28735 0.28053 0.69053 0.49268 
871	9	0.40423 0.85422 0.19809 0.30779 0.78121 0.41573 
872	9	0.41760 0.89200 0.18460 0.28876 0.80399 0.46716 
873	9	0.40231 0.91571 0.19268 0.33148 0.81450 0.44439 
874	9	0.28556 0.84955 0.21176 0.25236 0.78642 0.46946 
875	9	0.27343 0.83916 0.17497 0.25999 0.79283 0.45199 
876	9	0.19317 0.81228 0.30897 0.16876 0.66618 0.57679 
877	9	0.24184 0.76162 0.39226 0.15840 0.52736 0.62099 
878	9	0.36240 0.81292 0.17693 0.30386 0.79474 0.43040 
879	9	0.23118 0.81792 0.22620 0.23149 0.74227 0.49163 
880	9	0.27565 0.83005 0.20233 0.26807 0.78641 0.44078 
881	9	0.26257 0.81850 0.24354 0.23171 0.73767 0.49059 
882	9	0.19331 0.83977 0.43345 0.13067 0.49521 0.70323 
883	9	0.34559 0.83992 0.27072 0.22519 0.71681 0.54785 
884	9	0.37027 0.86928 0.24004 0.29956 0.76245 0.45132 
885	9	0.43939 0.95333 0.04696 0.41667 0.95057 0.30376 
886	9	0.50802 0.86607 0.15572 0.37622 0.83793 0.36699 
887	9	0.40143 0.88071 0.16964 0.39291 0.83943 0.36883 
888	9	0.47302 0.86041 0.12879 0.42869 0.85783 0.32580 
889	9	0.43519 0.88789 0.12178 0.41019 0.89950 0.33230 
890	9	0.51942 0.88170 0.25621 0.36911 0.75829 0.45008 
891	9	0.51976 0.88490 0.16351 0.40708 0.87265 0.35966 
892	9	0.43664 0.87877 0.20407 0.42761 0.87383 0.31885 
893	9	0.41379 0.89346 0.20240 0.36599 0.82083 0.41323 
894	9	0.41662 0.87401 0.22272 0.29146 0.77872 0.47519 
895	9	0.30854 0.85846 0.27209 0.24419 0.72071 0.52042 
896	9	0.33917 0.87058 0.24476 0.28402 0.76251 0.48584 
897	9	0.49726 0.82917 0.16608 0.42771 0.85403 0.32142 
898	9	0.50076 0.81009 0.15111 0.44646 0.83305 0.29180 
899	9	0.36631 0.84155 0.29719 0.26757 0.70630 0.52753 
900	10	0.01669 0.86970 0.88350 0.01656 0.29132 0.94990 
901	10	0.00914 0.89580 0.74482 0.00515 0.30871 0.97615 
902	10	0.01830 0.88211 0.76636 0.01117 0.31614 0.96542 
903	10	0.01763 0.89140 0.68056 0.01976 0.37215 0.93080 
904	10	0.11121 0.88875 0.61880 0.03462 0.36318 0.90927 
905	10	0.01630 0.89219 0.70487 0.00964 0.36714 0.95258 
906	10	0.01044 0.88538 0.76615 0.00783 0.32204 0.95856 
907	10	0.00783 0.88064 0.79140 0.00000 0.29751 1.00000 
908	10	0.01038 0.86080 0.92216 0.00673 0.27986 0.97698 
909	10	0.00376 0.88084 0.79649 0.00297 0.29956 0.98529 
910	10	0.02488 0.89037 0.70177 0.01499 0.34272 0.94361 
911	10	0.02518 0.87178 0.92540 0.00278 0.28081 0.99878 
912	10	0.03179 0.87901 0.81665 0.00658 0.28290 0.97829 
913	10	0.04939 0.87509 0.75740 0.01658 0.35175 0.94842 
914	10	0.05582 0.88715 0.49626 0.03584 0.44309 0.86900 
915	10	0.03176 0.86758 0.73688 0.01638 0.36468 0.93828 
916	10	0.08170 0.89059 0.70809 0.02551 0.38716 0.92950 
917	10	0.08438 0.90543 0.61896 0.03789 0.36634 0.90151 
918	10	0.11178 0.89144 0.77649 0.03360 0.32229 0.92032 
919	10	0.12014 0.92697 0.54413 0.03632 0.41495 0.89850 
920	10	0.00000 0.88674 0.60995 0.01714 0.44016 0.92055 
921	10	0.05731 0.89465 0.65871 0.02812 0.47198 0.90527 
922	10	0.21164 0.91245 0.36932 0.10412 0.63516 0.74981 
923	10	0.08523 0.93152 0.46293 0.03786 0.52191 0.86452 
924	10	0.12163 0.92032 0.57956 0.05213 0.51167 0.85284 
925	10	0.09794 0.94162 0.36290 0.05199 0.59559 0.82935 
926	10	0.06327 0.88928 0.55589 0.04895 0.52027 0.83131 
927	10	0.12074 0.88864 0.55077 0.06351 0.54412 0.81409 
928	10	0.13619 0.91810 0.41472 0.06380 0.54932 0.81607 
929	10	0.06161 0.94495 0.37526 0.04483 0.59972 0.84041 
930	10	0.07753 0.93642 0.42481 0.04397 0.55980 0.84935 
931	10	0.07915 0.94841 0.41251 0.03140 0.53532 0.88528 
932	10	0.09407 0.92101 0.51048 0.04682 0.51278 0.87451 
933	10	0.10833 0.91035 0.54631 0.04908 0.47534 0.85849 
934	10	0.05757 0.92913 0.36291 0.05067 0.55877 0.81572 
935	10	0.07183 0.90684 0.50461 0.03871 0.48712 0.85787 
936	10	0.10952 0.93134 0.46870 0.04740 0.49974 0.85551 
937	10	0.04880 0.89832 0.36686 0.04432 0.54747 0.82789 
938	10	0.17785 0.89369 0.75177 0.07221 0.45606 0.84921 
939	10	0.18536 0.89764 0.68570 0.06067 0.45053 0.87651 
940	10	0.25926 0.91198 0.58589 0.11850 0.53516 0.76848 
941	10	0.31460 0.91691 0.63520 0.14023 0.50744 0.78068 
942	10	0.27326 0.90405 0.57906 0.12138 0.52442 0.76847 
943	10	0.21183 0.89311 0.80028 0.07056 0.41732 0.88257 
944	10	0.19993 0.90629 0.65497 0.08114 0.45852 0.83922 
945	10	0.17606 0.90514 0.58394 0.06853 0.48518 0.84090 
946	10	0.20244 0.91574 0.71360 0.08299 0.44949 0.83690 
947	10	0.12048 0.92355 0.52236 0.07046 0.52650 0.81974 
948	10	0.10024 0.87850 0.74082 0.05276 0.43297 0.86491 
949	10	0.31522 0.88455 0.39441 0.19777 0.77842 0.59312 
950	10	0.27762 0.90804 0.40189 0.16211 0.70577 0.66322 
951	10	0.16553 0.91415 0.38317 0.11345 0.61305 0.71311 
952	10	0.24973 0.91235 0.60488 0.10911 0.53864 0.79505 
953	10	0.22479 0.90727 0.46851 0.16304 0.61281 0.68541 
954	10	0.06949 0.86714 0.67220 0.04877 0.46765 0.86431 
955	10	0.13569 0.87938 0.86268 0.04445 0.39395 0.90809 
956	10	0.02685 0.85704 0.72342 0.03261 0.39413 0.88435 
957	10	0.09924 0.90338 0.63434 0.04493 0.45444 0.87871 
958	10	0.15036 0.89400 0.75531 0.07507 0.51596 0.83954 
959	10	0.15846 0.91467 0.57730 0.05937 0.46173 0.85943 
960	10	0.05236 0.88279 0.65674 0.02202 0.36957 0.92406 
961	10	0.06578 0.89102 0.59718 0.03238 0.45708 0.88340 
962	10	0.16421 0.79085 0.79016 0.06062 0.39285 0.86276 
963	10	0.19509 0.90543 0.47376 0.11743 0.57479 0.74109 
964	10	0.24677 0.88490 0.44858 0.13211 0.61008 0.72197 
965	10	0.03311 0.81751 0.84961 0.03066 0.39037 0.91512 
966	10	0.12924 0.87398 0.55337 0.06548 0.53675 0.82579 
967	10	0.11895 0.84907 0.66500 0.05620 0.41868 0.86874 
968	10	0.27896 0.91446 0.69023 0.11195 0.44269 0.81394 
969	10	0.26062 0.91015 0.47109 0.12056 0.57548 0.75608 
970	10	0.12421 0.86962 0.74906 0.05553 0.38892 0.87920 
971	10	0.13799 0.87556 0.80925 0.04969 0.40872 0.88961 
972	10	0.14710 0.87419 0.87785 0.04687 0.35389 0.91556 
973	10	0.11794 0.90241 0.68661 0.04038 0.38852 0.90546 
974	10	0.11786 0.89654 0.65486 0.04218 0.42892 0.89529 
975	10	0.05508 0.88579 0.91221 0.01580 0.35249 0.96156 
976	10	0.07038 0.88350 0.64164 0.02065 0.38992 0.93436 
977	10	0.07422 0.92107 0.58394 0.02190 0.40100 0.93090 
978	10	0.09901 0.92744 0.51309 0.03351 0.43709 0.90094 
979	10	0.02174 0.87466 0.68368 0.02250 0.38821 0.91600 
980	10	0.02383 0.87607 0.65077 0.02270 0.41272 0.92080 
981	10	0.13549 0.93139 0.48743 0.04889 0.49916 0.86880 
982	10	0.16075 0.92676 0.52844 0.06731 0.52071 0.83725 
983	10	0.15085 0.90636 0.45506 0.05860 0.54504 0.84189 
984	10	0.04677 0.92706 0.45825 0.02495 0.53704 0.89899 
985	10	0.15814 0.94505 0.41796 0.06089 0.56159 0.84040 
986	10	0.14593 0.93432 0.47342 0.06094 0.54237 0.83335 
987	10	0.13484 0.92897 0.48488 0.04756 0.54726 0.86217 
988	10	0.17741 0.94507 0.40759 0.07440 0.59508 0.80903 
989	10	0.02658 0.85991 0.59979 0.02868 0.45169 0.88285 
990	10	0.16594 0.93798 0.43771 0.05630 0.52957 0.85112 
991	10	0.20497 0.94271 0.40976 0.08890 0.57405 0.79533 
992	10	0.17720 0.93751 0.48279 0.07590 0.54814 0.80759 
993	10	0.17195 0.91020 0.65495 0.05520 0.45500 0.88086 
994	10	0.13789 0.93276 0.37862 0.07386 0.59896 0.80308 
995	10	0.20676 0.92083 0.63587 0.07429 0.46110 0.85069 
996	10	0.09480 0.91860 0.55028 0.03742 0.48915 0.88823 
997	10	0.15746 0.93206 0.35609 0.08552 0.61580 0.77752 
998	10	0.18327 0.92974 0.49438 0.06727 0.54263 0.83523 
999	10	0.17343 0.94088 0.32171 0.08390 0.63095 0.78629 
1000	11	0.53219 0.98908 0.00000 0.44834 0.98523 0.29617 
1001	11	0.57687 0.95837 0.15355 0.40829 0.88355 0.40450 
1002	11	0.47635 0.90006 0.07989 0.40221 0.90819 0.32814 
1003	11	0.90463 0.93936 0.03838 0.83188 0.96161 0.12991 
1004	11	0.90405 0.95567 0.03603 0.83112 0.96271 0.13304 
1005	11	0.72867 0.92020 0.05937 0.58739 0.94042 0.24398 
1006	11	0.65188 0.94181 0.06757 0.49740 0.94065 0.30617 
1007	11	0.47810 0.88261 0.05613 0.40537 0.92932 0.27918 
1008	11	0.72278 0.91564 0.07704 0.56675 0.91935 0.29138 
1009	11	0.80252 0.92783 0.06269 0.68230 0.93131 0.19895 
1010	11	0.74915 0.92694 0.09107 0.60782 0.90992 0.25573 
1011	11	0.52685 0.89993 0.10986 0.38964 0.88849 0.36196 
1012	11	0.79245 0.92867 0.04719 0.66948 0.95564 0.20488 
1013	11	0.80982 0.92128 0.05979 0.69112 0.94411 0.19624 
1014	11	0.50864 0.89772 0.09747 0.46090 0.89493 0.26868 
1015	11	0.68647 0.90521 0.07724 0.53711 0.91816 0.27276 
1016	11	0.74149 0.92986 0.11395 0.59131 0.89951 0.29355 
1017	11	0.73133 0.93280 0.09394 0.58226 0.92053 0.27502 
1018	11	0.45512 0.92323 0.12169 0.34812 0.87613 0.39584 
1019	11	0.73440 0.93654 0.03899 0.60314 0.95054 0.22250 
1020	11	0.41468 0.92901 0.10090 0.33873 0.89459 0.38200 
1021	11	0.58812 0.91086 0.07930 0.43617 0.92495 0.33384 
1022	11	0.68937 0.93658 0.08338 0.54922 0.93362 0.26707 
1023	11	0.59669 0.94293 0.09178 0.45672 0.93563 0.31019 
1024	11	0.52363 0.92002 0.10411 0.37800 0.90620 0.37848 
1025	11	0.58663 0.94839 0.11877 0.42573 0.88602 0.37752 
1026	11	0.58802 0.94163 0.13145 0.43842 0.88408 0.36754 
1027	11	0.42718 0.89661 0.07338 0.43470 0.91978 0.27948 
1028	11	0.62046 0.91789 0.07543 0.47296 0.92236 0.30987 
1029	11	0.39781 0.93279 0.14813 0.29970 0.86853 0.44648 
1030	11	0.58273 0.92843 0.07238 0.45195 0.92026 0.30431 
1031	11	0.59894 0.91833 0.06591 0.45388 0.93351 0.31265 
1032	11	0.43181 0.90641 0.05549 0.44506 0.93605 0.27099 
1033	11	0.59045 0.91174 0.07513 0.45159 0.92766 0.30253 
1034	11	0.45414 0.92816 0.11684 0.39313 0.88707 0.36026 
1035	11	0.46495 0.91712 0.09336 0.41409 0.90421 0.33356 
1036	11	0.48224 0.88261 0.05591 0.41307 0.94110 0.26999 
1037	11	0.37197 0.86679 0.06310 0.38291 0.93017 0.28058 
1038	11	0.39451 0.95497 0.21460 0.26736 0.82041 0.52812 
1039	11	0.46053 0.96318 0.14760 0.36242 0.86686 0.42873 
1040	11	0.47440 0.92897 0.09650 0.34441 0.89205 0.40376 
1041	11	0.60553 0.94250 0.14639 0.47525 0.86830 0.33067 
1042	11	0.45220 0.92307 0.09104 0.42714 0.91433 0.31054 
1043	11	0.88911 0.89951 0.08568 0.80380 0.91572 0.16350 
1044	11	0.76429 0.93415 0.12344 0.61377 0.87340 0.29999 
1045	11	0.89082 0.92240 0.04810 0.81055 0.94395 0.13708 
1046	11	0.77646 0.91081 0.07981 0.63909 0.92004 0.24509 
1047	11	0.54805 0.89884 0.06083 0.47336 0.93511 0.25562 
1048	11	0.36060 0.96171 0.18342 0.29006 0.85602 0.49108 
1049	11	0.41011 0.95383 0.11692 0.35699 0.90155 0.40167 
1050	11	0.52027 0.93366 0.04740 0.42303 0.94560 0.30178 
1051	11	0.58118 0.91632 0.07705 0.43642 0.91678 0.34080 
1052	11	0.35794 0.94008 0.12028 0.34175 0.87746 0.40355 
1053	11	0.73868 0.88751 0.10860 0.60163 0.89299 0.24966 
1054	11	0.66517 0.76487 0.07147 0.57323 0.90801 0.17358 
1055	11	0.53201 0.79408 0.06135 0.49667 0.92218 0.20809 
1056	11	0.72912 0.88633 0.09169 0.57399 0.90268 0.28528 
1057	11	0.59318 0.90663 0.07311 0.46122 0.91758 0.30544 
1058	11	0.78967 0.82140 0.03216 0.67719 0.95305 0.15670 
1059	11	0.57240 0.93419 0.09203 0.40825 0.90592 0.37953 
1060	11	0.63074 0.90817 0.07965 0.50066 0.91072 0.27573 
1061	11	0.82381 0.90121 0.07497 0.70529 0.91494 0.21173 
1062	11	0.48924 0.90355 0.11562 0.40875 0.87786 0.33828 
1063	11	0.71145 0.91122 0.06346 0.55656 0.92685 0.27930 
1064	11	0.50798 0.92371 0.08985 0.42160 0.90614 0.32589 
1065	11	0.38371 0.91607 0.09440 0.29607 0.89912 0.41177 
1066	11	0.60159 0.92728 0.06929 0.47056 0.93545 0.29753 
1067	11	0.40595 0.93186 0.16598 0.33037 0.84313 0.43291 
1068	11	0.75958 0.91403 0.08311 0.63999 0.92798 0.21107 
1069	11	0.66292 0.94593 0.10149 0.51887 0.90397 0.29885 
1070	11	0.67196 0.95029 0.07828 0.52263 0.92947 0.29317 
1071	11	0.87530 0.93561 0.07561 0.78901 0.94050 0.14633 
1072	11	0.43674 0.91783 0.08357 0.36493 0.90821 0.35615 
1073	11	0.45631 0.92687 0.09140 0.37897 0.91739 0.34778 
1074	11	0.50341 0.94792 0.07431 0.37520 0.91808 0.37379 
1075	11	0.45850 0.94102 0.08377 0.37829 0.91384 0.35725 
1076	11	0.58140 0.91357 0.07677 0.45519 0.91283 0.30103 
1077	11	0.37323 0.94491 0.11212 0.31237 0.88212 0.41830 
1078	11	0.58372 0.92010 0.07081 0.44531 0.93361 0.30446 
1079	11	0.38571 0.93378 0.11433 0.35219 0.90739 0.38235 
1080	11	0.39535 0.94471 0.12303 0.34154 0.90006 0.39465 
1081	11	0.31296 0.93347 0.23140 0.23176 0.83466 0.53094 
1082	11	0.42000 0.96267 0.14136 0.32554 0.87641 0.44425 
1083	11	0.36978 0.94686 0.16140 0.32587 0.86171 0.43218 
1084	11	0.43649 0.94555 0.12396 0.33070 0.88456 0.42963 
1085	11	0.33560 0.94931 0.12909 0.28018 0.88092 0.44816 
1086	11	0.46633 0.93642 0.15924 0.32613 0.86128 0.45034 
1087	11	0.58489 0.88711 0.05464 0.50693 0.94803 0.21983 
1088	11	0.38713 0.97017 0.12685 0.24225 0.88827 0.53416 
1089	11	0.24853 0.97623 0.06977 0.18418 0.92150 0.55641 
1090	11	0.25475 0.96538 0.17662 0.16140 0.84620 0.61952 
1091	11	0.20719 0.96645 0.14442 0.16002 0.86303 0.60220 
1092	11	0.28731 0.96303 0.06060 0.23743 0.94287 0.46234 
1093	11	0.23205 0.96152 0.07560 0.22015 0.92858 0.47837 
1094	11	0.20860 0.95729 0.11580 0.20168 0.89989 0.52450 
1095	11	0.31000 0.95986 0.15078 0.20084 0.87460 0.56136 
1096	11	0.37416 0.92998 0.04224 0.28208 0.95242 0.40411 
1097	11	0.39012 0.92565 0.03883 0.29920 0.96310 0.37551 
1098	11	0.24619 0.93948 0.07191 0.23372 0.93003 0.44914 
1099	11	0.34800 0.95270 0.07742 0.24468 0.91988 0.48205 
1100	12	0.47599 0.92178 0.02097 0.41183 0.96606 0.30565 
1101	12	0.42612 0.87132 0.09708 0.32675 0.91862 0.40427 
1102	12	0.25867 0.90438 0.17431 0.20852 0.83416 0.55361 
1103	12	0.44071 0.94597 0.10304 0.28205 0.88220 0.49851 
1104	12	0.48476 0.91257 0.07072 0.35766 0.91819 0.39478 
1105	12	0.58344 0.91991 0.05993 0.43499 0.91927 0.35398 
1106	12	0.57590 0.92371 0.05359 0.42509 0.92966 0.34033 
1107	12	0.44650 0.90495 0.14792 0.27303 0.84900 0.52700 
1108	12	0.47048 0.91558 0.08177 0.30265 0.90338 0.45802 
1109	12	0.44323 0.91757 0.04356 0.35789 0.93702 0.37773 
1110	12	0.53554 0.91209 0.08615 0.37830 0.91449 0.40086 
1111	12	0.39583 0.89787 0.09156 0.31377 0.91155 0.41789 
1112	12	0.57317 0.88904 0.07035 0.42667 0.91270 0.35410 
1113	12	0.42682 0.88979 0.05711 0.39231 0.93676 0.33960 
1114	12	0.57231 0.87718 0.03989 0.45660 0.96988 0.27396 
1115	12	0.86506 0.89651 0.03627 0.77608 0.96416 0.14446 
1116	12	0.58960 0.88184 0.11934 0.43897 0.90520 0.35480 
1117	12	0.59984 0.90424 0.13338 0.41789 0.86914 0.41629 
1118	12	0.53678 0.88082 0.01987 0.50394 0.96689 0.21236 
1119	12	0.44452 0.91035 0.07137 0.34754 0.91390 0.39633 
1120	12	0.34949 0.93922 0.07864 0.29489 0.90993 0.44187 
1121	12	0.52776 0.91634 0.10074 0.34654 0.88860 0.44536 
1122	12	0.66042 0.90992 0.10645 0.48345 0.88606 0.36757 
1123	12	0.36363 0.91067 0.09369 0.28973 0.91151 0.44653 
1124	12	0.33948 0.90641 0.17769 0.19489 0.79643 0.59512 
1125	12	0.53820 0.89400 0.04019 0.43328 0.94591 0.31030 
1126	12	0.59413 0.90795 0.04222 0.49468 0.95141 0.26091 
1127	12	0.45526 0.95120 0.05529 0.31773 0.92161 0.44505 
1128	12	0.72768 0.88591 0.02964 0.58671 0.96086 0.24114 
1129	12	0.42629 0.91078 0.11507 0.30681 0.86920 0.46346 
1130	12	0.47415 0.90703 0.08078 0.33079 0.90327 0.42326 
1131	12	0.41530 0.89901 0.02937 0.43106 0.96998 0.28173 
1132	12	0.47681 0.91792 0.02093 0.45313 0.97949 0.25803 
1133	12	0.14501 0.97695 0.04204 0.14935 0.92760 0.58960 
1134	12	0.18448 0.96642 0.05063 0.12381 0.91630 0.62525 
1135	12	0.28267 0.89194 0.11112 0.19195 0.86696 0.53365 
1136	12	0.26962 0.92308 0.13478 0.18445 0.83429 0.58899 
1137	12	0.19933 0.90145 0.13227 0.16329 0.84545 0.57653 
1138	12	0.26411 0.98574 0.02839 0.15630 0.94547 0.60505 
1139	12	0.16414 0.93483 0.14564 0.13826 0.83190 0.63515 
1140	12	0.23006 0.93716 0.12983 0.14630 0.83018 0.63263 
1141	12	0.18635 0.92967 0.13764 0.15070 0.84019 0.61587 
1142	12	0.45973 0.89095 0.08181 0.31115 0.89963 0.44043 
1143	12	0.20768 0.94310 0.12360 0.14404 0.85529 0.62125 
1144	12	0.23925 0.92021 0.14763 0.17826 0.82651 0.57957 
1145	12	0.21557 0.91299 0.24690 0.11869 0.73908 0.69047 
1146	12	0.30754 0.92084 0.20801 0.15214 0.77887 0.66094 
1147	12	0.23484 0.91453 0.16241 0.18700 0.82357 0.57796 
1148	12	0.41313 0.94154 0.14687 0.24435 0.87486 0.54446 
1149	12	0.26913 0.91011 0.06061 0.27919 0.91406 0.40726 
1150	12	0.63949 0.92683 0.11264 0.46742 0.88948 0.37565 
1151	12	0.58182 0.94451 0.08389 0.41254 0.90378 0.39525 
1152	12	0.30223 0.90446 0.18571 0.23461 0.84376 0.52626 
1153	12	0.33301 0.91835 0.19211 0.22128 0.82206 0.56323 
1154	12	0.25055 0.92350 0.10924 0.17711 0.87222 0.55926 
1155	12	0.18005 0.93400 0.18844 0.09340 0.77942 0.72164 
1156	12	0.22332 0.95818 0.12020 0.11390 0.85856 0.69333 
1157	12	0.44906 0.94356 0.03049 0.33335 0.94729 0.41572 
1158	12	0.22212 0.92808 0.15662 0.14644 0.82068 0.64604 
1159	12	0.32006 0.97952 0.07078 0.15741 0.89005 0.65957 
1160	12	0.32079 0.93062 0.13159 0.18782 0.82783 0.60316 
1161	12	0.18546 0.97092 0.05181 0.12571 0.91522 0.63772 
1162	12	0.29434 0.97117 0.08145 0.14181 0.87689 0.66880 
1163	12	0.40749 0.92462 0.05000 0.29799 0.93081 0.42817 
1164	12	0.40861 0.93739 0.04743 0.28469 0.92378 0.44592 
1165	12	0.67043 0.93068 0.05956 0.49917 0.92103 0.34273 
1166	12	0.44996 0.92977 0.09749 0.28066 0.87090 0.50595 
1167	12	0.31351 0.93428 0.11218 0.23380 0.86861 0.53245 
1168	12	0.50998 0.93905 0.00386 0.35349 0.98325 0.38060 
1169	12	0.47998 0.93169 0.04854 0.33268 0.93255 0.41957 
1170	12	0.32882 0.94161 0.05682 0.20330 0.92810 0.52856 
1171	12	0.24774 0.92682 0.16014 0.17607 0.86828 0.58506 
1172	12	0.33272 0.93977 0.04097 0.26788 0.94699 0.42838 
1173	12	0.39803 0.90364 0.05405 0.30158 0.95354 0.40987 
1174	12	0.56418 0.90792 0.10133 0.41003 0.90331 0.38508 
1175	12	0.21542 0.92987 0.07034 0.19481 0.89671 0.50746 
1176	12	0.31266 0.90245 0.08993 0.23950 0.88724 0.46794 
1177	12	0.34942 0.95879 0.09628 0.21633 0.86074 0.54968 
1178	12	0.20120 0.91796 0.11788 0.19934 0.85049 0.52670 
1179	12	0.36579 0.85981 0.09616 0.28944 0.87973 0.40858 
1180	12	0.23971 0.84621 0.19725 0.17707 0.77478 0.56015 
1181	12	0.40871 0.84361 0.09707 0.27721 0.86601 0.43641 
1182	12	0.30781 0.82948 0.09915 0.28812 0.88680 0.40247 
1183	12	0.12061 0.93066 0.15803 0.10619 0.78378 0.67063 
1184	12	0.33425 0.83008 0.11957 0.22803 0.84688 0.48711 
1185	12	0.30369 0.90841 0.13660 0.17733 0.81131 0.57779 
1186	12	0.47298 0.88487 0.08529 0.31806 0.87435 0.42153 
1187	12	0.35644 0.92193 0.13050 0.20291 0.81702 0.57288 
1188	12	0.21432 0.90688 0.13029 0.15214 0.81819 0.59926 
1189	12	0.33870 0.95426 0.11962 0.18040 0.82904 0.61450 
1190	12	0.17886 0.86771 0.26351 0.12644 0.72237 0.66515 
1191	12	0.46307 0.86682 0.07213 0.33849 0.89697 0.38577 
1192	12	0.37431 0.87638 0.08245 0.27402 0.88774 0.43269 
1193	12	0.21891 0.87107 0.20594 0.15434 0.77251 0.59649 
1194	12	0.25598 0.95784 0.09444 0.14845 0.86320 0.62091 
1195	12	0.36067 0.89026 0.04361 0.28276 0.92928 0.40542 
1196	12	0.14321 0.94420 0.06073 0.13712 0.90579 0.58799 
1197	12	0.65150 0.80027 0.10802 0.49500 0.86048 0.31967 
1198	12	0.37301 0.91761 0.08901 0.25755 0.86675 0.47471 
1199	12	0.53146 0.84689 0.21868 0.33791 0.77184 0.49157 
1200	13	0.15318 0.90886 0.53035 0.05992 0.53681 0.85030 
1201	13	0.14369 0.92706 0.36813 0.07105 0.63922 0.79398 
1202	13	0.13446 0.90971 0.44778 0.07443 0.60124 0.79078 
1203	13	0.14684 0.91345 0.51256 0.06613 0.55369 0.82819 
1204	13	0.12917 0.90666 0.58784 0.05228 0.51288 0.86389 
1205	13	0.10896 0.88154 0.48259 0.10172 0.59795 0.72960 
1206	13	0.14544 0.87671 0.47203 0.10950 0.61615 0.73441 
1207	13	0.12174 0.89951 0.64472 0.05214 0.53033 0.87016 
1208	13	0.09620 0.89231 0.60526 0.05986 0.54341 0.84563 
1209	13	0.13729 0.91358 0.52734 0.06941 0.53022 0.83374 
1210	13	0.10031 0.89162 0.54024 0.08029 0.55099 0.79266 
1211	13	0.18384 0.89209 0.45384 0.10958 0.63241 0.74681 
1212	13	0.10828 0.92907 0.35290 0.07168 0.63123 0.79228 
1213	13	0.20465 0.90130 0.39763 0.11332 0.63371 0.74423 
1214	13	0.23056 0.87761 0.28761 0.18811 0.74246 0.55871 
1215	13	0.16782 0.91122 0.49622 0.08976 0.58417 0.79753 
1216	13	0.17728 0.92425 0.39724 0.11022 0.64222 0.74488 
1217	13	0.17877 0.87494 0.30075 0.12694 0.64667 0.65374 
1218	13	0.17885 0.89422 0.60174 0.09874 0.55376 0.80049 
1219	13	0.16140 0.92437 0.45801 0.07907 0.61586 0.80156 
1220	13	0.18754 0.91198 0.40571 0.10904 0.66591 0.74120 
1221	13	0.21672 0.90414 0.37390 0.15129 0.68893 0.66696 
1222	13	0.17628 0.92241 0.32067 0.12037 0.70780 0.70853 
1223	13	0.23425 0.89073 0.40824 0.14831 0.69095 0.66966 
1224	13	0.18019 0.89741 0.39162 0.12957 0.68405 0.69150 
1225	13	0.17632 0.90735 0.32615 0.11165 0.69215 0.70067 
1226	13	0.17772 0.92124 0.41339 0.09892 0.66276 0.75549 
1227	13	0.19105 0.89820 0.35389 0.12432 0.72082 0.68257 
1228	13	0.18837 0.94386 0.28540 0.10739 0.70201 0.73297 
1229	13	0.16907 0.90942 0.37921 0.11567 0.68368 0.71652 
1230	13	0.16354 0.92320 0.35155 0.11133 0.67660 0.71896 
1231	13	0.16339 0.90270 0.43306 0.10642 0.66318 0.73703 
1232	13	0.18032 0.91004 0.32252 0.12157 0.70708 0.68250 
1233	13	0.17053 0.93374 0.33168 0.09905 0.67836 0.73866 
1234	13	0.13645 0.89038 0.48173 0.07921 0.58993 0.78454 
1235	13	0.13677 0.89801 0.57144 0.08535 0.57609 0.78127 
1236	13	0.14382 0.84826 0.43584 0.11875 0.63549 0.67535 
1237	13	0.15889 0.88461 0.43694 0.10381 0.63811 0.72599 
1238	13	0.08875 0.82658 0.31941 0.08046 0.59042 0.70130 
1239	13	0.14977 0.90164 0.50237 0.08581 0.58766 0.78226 
1240	13	0.15074 0.88351 0.46374 0.11151 0.62524 0.72010 
1241	13	0.12990 0.87985 0.61553 0.08308 0.57363 0.79234 
1242	13	0.12868 0.90211 0.39040 0.09169 0.61362 0.75586 
1243	13	0.12187 0.87819 0.55714 0.09525 0.57495 0.75305 
1244	13	0.11614 0.88930 0.58199 0.06626 0.52145 0.82695 
1245	13	0.11939 0.90519 0.39158 0.08644 0.62695 0.76311 
1246	13	0.11774 0.89054 0.52353 0.07686 0.57570 0.79571 
1247	13	0.12982 0.90029 0.47253 0.08186 0.58548 0.77844 
1248	13	0.11591 0.89335 0.42187 0.07871 0.61127 0.77290 
1249	13	0.11507 0.88733 0.38087 0.10107 0.65453 0.71002 
1250	13	0.11078 0.87781 0.43217 0.08791 0.62170 0.74200 
1251	13	0.11164 0.87266 0.47359 0.09422 0.61051 0.75168 
1252	13	0.14224 0.88505 0.49449 0.09811 0.59946 0.76220 
1253	13	0.09550 0.85571 0.30651 0.11286 0.66735 0.65286 
1254	13	0.10899 0.86907 0.64671 0.06704 0.54184 0.82068 
1255	13	0.11893 0.89183 0.48569 0.08625 0.59134 0.77020 
1256	13	0.13578 0.88060 0.50284 0.08881 0.60769 0.76357 
1257	13	0.18416 0.85898 0.34327 0.12841 0.67231 0.64029 
1258	13	0.14101 0.88447 0.46597 0.09494 0.61290 0.75346 
1259	13	0.12215 0.88161 0.28223 0.10920 0.66067 0.66156 
1260	13	0.10907 0.87756 0.49007 0.09397 0.61467 0.74939 
1261	13	0.18472 0.84974 0.27143 0.14036 0.70849 0.61281 
1262	13	0.14919 0.89319 0.42230 0.10129 0.64546 0.72619 
1263	13	0.13638 0.88999 0.37794 0.10075 0.65525 0.72471 
1264	13	0.12553 0.84231 0.53220 0.11136 0.59543 0.69646 
1265	13	0.15161 0.88442 0.52379 0.09101 0.61060 0.77011 
1266	13	0.20931 0.86989 0.26622 0.15571 0.72619 0.59286 
1267	13	0.15560 0.86897 0.43081 0.10870 0.61271 0.71800 
1268	13	0.14105 0.86650 0.49315 0.11092 0.63338 0.72160 
1269	13	0.17059 0.88813 0.34970 0.12833 0.65262 0.69313 
1270	13	0.12846 0.91811 0.42029 0.07484 0.62394 0.78966 
1271	13	0.11039 0.88837 0.47059 0.07782 0.60722 0.78081 
1272	13	0.09439 0.88991 0.47682 0.07630 0.59622 0.78614 
1273	13	0.11652 0.88196 0.56425 0.07181 0.56367 0.80993 
1274	13	0.09049 0.87652 0.56126 0.07126 0.56374 0.80180 
1275	13	0.09255 0.87688 0.48010 0.07809 0.59004 0.77255 
1276	13	0.08854 0.88504 0.47715 0.06268 0.56337 0.80997 
1277	13	0.11556 0.85486 0.55659 0.09309 0.56095 0.76059 
1278	13	0.11414 0.87078 0.59312 0.07541 0.56730 0.79900 
1279	13	0.10420 0.86677 0.56791 0.07464 0.54714 0.78951 
1280	13	0.07917 0.87536 0.49831 0.06767 0.58210 0.79750 
1281	13	0.07211 0.89153 0.61518 0.05420 0.51455 0.84883 
1282	13	0.09802 0.88887 0.46096 0.08865 0.64901 0.75698 
1283	13	0.09221 0.88915 0.57108 0.05895 0.52617 0.83802 
1284	13	0.12762 0.89102 0.54529 0.07262 0.56528 0.81073 
1285	13	0.13226 0.90518 0.44859 0.08462 0.59321 0.77487 
1286	13	0.08803 0.89741 0.42122 0.07566 0.57448 0.77642 
1287	13	0.13175 0.89432 0.41409 0.08923 0.61286 0.75930 
1288	13	0.07458 0.88784 0.54157 0.06898 0.58206 0.80503 
1289	13	0.10784 0.89949 0.43284 0.08733 0.61042 0.76417 
1290	13	0.12031 0.87482 0.49322 0.07385 0.57107 0.79789 
1291	13	0.13999 0.85964 0.47948 0.09420 0.55939 0.74970 
1292	13	0.20085 0.87261 0.48528 0.10866 0.58210 0.74005 
1293	13	0.19018 0.85770 0.48113 0.10306 0.59294 0.74403 
1294	13	0.17972 0.88444 0.49129 0.09205 0.58018 0.76768 
1295	13	0.16303 0.87538 0.52793 0.07380 0.56653 0.81067 
1296	13	0.08209 0.89943 0.40951 0.06927 0.59982 0.78587 
1297	13	0.12249 0.88916 0.40388 0.08605 0.64014 0.74892 
1298	13	0.11063 0.87597 0.56478 0.07125 0.57987 0.79664 
1299	13	0.14064 0.87399 0.42239 0.10578 0.63363 0.72616 
1300	14	0.12424 0.88043 0.71289 0.09837 0.59241 0.72997 
1301	14	0.18040 0.85971 0.42385 0.13067 0.70312 0.64310 
1302	14	0.22664 0.87263 0.56365 0.12881 0.70118 0.68918 
1303	14	0.10988 0.89721 0.58945 0.10223 0.63422 0.72537 
1304	14	0.14652 0.90687 0.49938 0.09171 0.63327 0.72735 
1305	14	0.18845 0.83520 0.55258 0.13891 0.66633 0.64468 
1306	14	0.29205 0.85489 0.49059 0.18057 0.71274 0.61124 
1307	14	0.21300 0.84523 0.61313 0.14270 0.64596 0.65265 
1308	14	0.11728 0.98093 0.13428 0.08793 0.87113 0.71994 
1309	14	0.16148 0.87532 0.35769 0.13160 0.74953 0.64617 
1310	14	0.09542 0.97694 0.16785 0.05904 0.84054 0.76518 
1311	14	0.21041 0.84257 0.49129 0.12452 0.72499 0.66165 
1312	14	0.13034 0.88561 0.50193 0.10178 0.69236 0.72264 
1313	14	0.12517 0.87442 0.52948 0.10970 0.65942 0.69867 
1314	14	0.17480 0.84855 0.50009 0.12508 0.71845 0.66634 
1315	14	0.11191 0.85488 0.56324 0.08332 0.64991 0.76155 
1316	14	0.28958 0.84862 0.44971 0.17143 0.72787 0.62451 
1317	14	0.12866 0.88657 0.53752 0.07321 0.66584 0.76719 
1318	14	0.23316 0.86360 0.40604 0.17111 0.75743 0.60519 
1319	14	0.13698 0.95930 0.11534 0.11064 0.85788 0.65659 
1320	14	0.10305 0.97861 0.09691 0.10153 0.88887 0.66662 
1321	14	0.09099 0.75424 0.85183 0.08376 0.52103 0.77389 
1322	14	0.13256 0.74082 0.42779 0.12606 0.73923 0.63640 
1323	14	0.19114 0.75792 0.74546 0.11669 0.53016 0.70797 
1324	14	0.12910 0.96112 0.09802 0.11049 0.88986 0.62998 
1325	14	0.18634 0.84359 0.55243 0.12160 0.64770 0.69370 
1326	14	0.15508 0.83797 0.65199 0.08931 0.55877 0.73856 
1327	14	0.10853 0.80051 0.82691 0.07692 0.53686 0.76726 
1328	14	0.03976 0.95845 0.19448 0.05978 0.80695 0.75323 
1329	14	0.09864 0.79323 0.78445 0.07661 0.60299 0.75669 
1330	14	0.11826 0.81830 0.99742 0.05697 0.44360 0.85090 
1331	14	0.24869 0.82820 0.58132 0.15863 0.71497 0.62510 
1332	14	0.15194 0.83618 0.56730 0.11244 0.64407 0.69376 
1333	14	0.18534 0.77131 0.86821 0.09626 0.52466 0.76019 
1334	14	0.17762 0.84126 0.59547 0.12626 0.69051 0.67791 
1335	14	0.10939 0.87184 0.50600 0.08674 0.68406 0.74627 
1336	14	0.20470 0.77421 0.61929 0.12214 0.66571 0.67525 
1337	14	0.17579 0.80233 0.91510 0.09793 0.52756 0.75899 
1338	14	0.09315 0.81747 0.59355 0.06698 0.63254 0.75995 
1339	14	0.13941 0.76604 0.66448 0.11263 0.67498 0.67905 
1340	14	0.17163 0.76772 0.60455 0.13657 0.67823 0.65811 
1341	14	0.08431 0.85197 0.72089 0.06244 0.54476 0.81287 
1342	14	0.10421 0.77529 0.76570 0.07844 0.60685 0.78003 
1343	14	0.06580 0.94788 0.16136 0.06996 0.82371 0.72265 
1344	14	0.06748 0.75819 0.74263 0.06544 0.56479 0.79255 
1345	14	0.09175 0.83322 0.65898 0.08815 0.63345 0.73753 
1346	14	0.16814 0.79420 0.66320 0.11431 0.67254 0.71142 
1347	14	0.11557 0.63123 0.71327 0.10414 0.63658 0.70504 
1348	14	0.06029 0.71820 0.89773 0.04824 0.48486 0.84825 
1349	14	0.18594 0.80135 0.69837 0.13520 0.60758 0.67510 
1350	14	0.08119 0.76114 0.65527 0.07539 0.61745 0.75497 
1351	14	0.08063 0.98355 0.12971 0.07590 0.84557 0.71334 
1352	14	0.15982 0.80531 0.55354 0.11658 0.64902 0.67399 
1353	14	0.13930 0.86931 0.47133 0.08190 0.63792 0.73584 
1354	14	0.06278 0.72042 0.83186 0.05792 0.45936 0.80358 
1355	14	0.07836 0.80252 0.44025 0.09228 0.71807 0.68014 
1356	14	0.14836 0.79511 0.75575 0.07827 0.54635 0.78787 
1357	14	0.08195 0.78381 1.00000 0.05751 0.45389 0.84017 
1358	14	0.17138 0.73029 0.94109 0.09351 0.47328 0.76653 
1359	14	0.11088 0.97641 0.13148 0.05849 0.82432 0.76485 
1360	14	0.23077 0.77016 0.45629 0.13630 0.63528 0.67261 
1361	14	0.19315 0.84457 0.64440 0.09813 0.59408 0.74248 
1362	14	0.12589 0.77263 0.87231 0.08553 0.52976 0.76038 
1363	14	0.23492 0.96867 0.11169 0.14651 0.86312 0.61595 
1364	14	0.12379 0.85303 0.60479 0.08114 0.63631 0.76240 
1365	14	0.15453 0.85010 0.57231 0.10564 0.66892 0.71346 
1366	14	0.28493 0.89069 0.44740 0.16361 0.69319 0.63792 
1367	14	0.46479 0.83995 0.38465 0.30368 0.68233 0.52655 
1368	14	0.32359 0.81445 0.42560 0.25499 0.66111 0.54788 
1369	14	0.37550 0.79652 0.38333 0.20221 0.62335 0.64261 
1370	14	0.17496 0.83014 0.41945 0.11569 0.56510 0.73174 
1371	14	0.55744 0.81969 0.33994 0.34849 0.62812 0.55193 
1372	14	0.49650 0.58990 0.56091 0.29706 0.63837 0.57139 
1373	14	0.44799 0.63923 0.59596 0.25256 0.53538 0.60052 
1374	14	0.45704 0.79293 0.40975 0.25582 0.62043 0.61838 
1375	14	0.34568 0.84470 0.36525 0.17661 0.61863 0.67731 
1376	14	0.20022 0.78090 0.50761 0.11948 0.59883 0.71562 
1377	14	0.17545 0.81270 0.52996 0.10640 0.53030 0.76463 
1378	14	0.26720 0.85691 0.34488 0.13999 0.63914 0.69775 
1379	14	0.29196 0.72801 0.53563 0.15511 0.51020 0.70788 
1380	14	0.22943 0.74396 0.39084 0.14254 0.60898 0.67242 
1381	14	0.24063 0.63269 0.57021 0.13449 0.58761 0.70671 
1382	14	0.30103 0.56235 0.81364 0.14712 0.46414 0.73413 
1383	14	0.29448 0.51185 0.66271 0.16918 0.48730 0.67699 
1384	14	0.21810 0.58344 0.89725 0.12745 0.41348 0.76734 
1385	14	0.26277 0.60744 0.56686 0.16848 0.58830 0.65897 
1386	14	0.17468 0.62950 0.59089 0.13523 0.57528 0.69880 
1387	14	0.07737 0.68208 0.67538 0.07484 0.56155 0.78350 
1388	14	0.07407 0.74970 0.46062 0.08132 0.55998 0.75980 
1389	14	0.13304 0.73117 0.51412 0.08564 0.54288 0.76187 
1390	14	0.21745 0.58976 0.73209 0.13275 0.50250 0.72402 
1391	14	0.32194 0.19134 0.53049 0.26241 0.44580 0.49499 
1392	14	0.29748 0.71159 0.48116 0.16390 0.63072 0.64448 
1393	14	0.25536 0.52467 0.65358 0.17956 0.58720 0.63261 
1394	14	0.21213 0.81401 0.37093 0.14326 0.59589 0.70223 
1395	14	0.22718 0.56230 0.83615 0.13901 0.46464 0.72664 
1396	14	0.20720 0.78109 0.49163 0.14192 0.56365 0.69325 
1397	14	0.21073 0.69018 0.39997 0.15559 0.62829 0.62833 
1398	14	0.20905 0.75669 0.61800 0.09962 0.44718 0.79411 
1399	14	0.38323 0.61487 0.45837 0.21623 0.58314 0.60708 
