1400	14	6
0	1	0.79502 0.92339 0.04867 0.66463 0.94434 0.27385 
1	1	0.71883 0.74791 0.16941 0.55072 0.83529 0.40247 
2	1	0.59444 0.82740 0.19669 0.40528 0.80470 0.51248 
3	1	0.88790 0.64842 0.07199 0.80307 0.92410 0.20677 
4	1	0.91114 0.59104 0.05812 0.84220 0.93820 0.16896 
5	1	0.48002 0.88281 0.15791 0.32683 0.83341 0.52184 
6	1	0.72916 0.81083 0.11296 0.56658 0.88866 0.37534 
7	1	0.58950 0.88013 0.13076 0.41549 0.85891 0.45928 
8	1	0.68124 0.84884 0.11790 0.50501 0.87641 0.42193 
9	1	0.67920 0.81587 0.16128 0.50439 0.84244 0.42645 
10	1	0.51035 0.91487 0.12565 0.32809 0.85548 0.54790 
11	1	0.64706 0.92829 0.06665 0.47214 0.91119 0.40825 
12	1	0.58057 0.94923 0.06298 0.41193 0.91723 0.43542 
13	1	0.81972 0.93791 0.03450 0.69915 0.95704 0.25125 
14	1	0.65057 0.94937 0.05055 0.47662 0.92743 0.40352 
15	1	0.75050 0.92129 0.04723 0.59677 0.92559 0.34112 
16	1	0.64681 0.93671 0.06178 0.46798 0.91158 0.42391 
17	1	0.64753 0.92998 0.06908 0.47285 0.90832 0.41540 
18	1	0.65329 0.89719 0.10634 0.48451 0.88747 0.41545 
19	1	0.88834 0.75482 0.03705 0.80487 0.94523 0.19197 
20	1	0.60981 0.88079 0.12965 0.44708 0.87259 0.42051 
21	1	0.76702 0.83457 0.09415 0.61884 0.89768 0.33863 
22	1	0.56986 0.80238 0.20373 0.38305 0.79405 0.50561 
23	1	0.65043 0.80112 0.15501 0.46608 0.83297 0.45906 
24	1	0.64063 0.87226 0.12548 0.46890 0.87622 0.42128 
25	1	0.82247 0.68347 0.07482 0.70246 0.90937 0.27362 
26	1	0.72024 0.82080 0.12531 0.55355 0.85970 0.39790 
27	1	0.47507 0.88071 0.16237 0.31662 0.83573 0.53424 
28	1	0.69945 0.93921 0.04636 0.53262 0.93412 0.36779 
29	1	0.80672 0.62617 0.10547 0.67803 0.88366 0.30068 
30	1	0.69472 0.82066 0.12519 0.52135 0.87174 0.41231 
31	1	0.88348 0.81037 0.05522 0.79605 0.94406 0.20072 
32	1	0.94826 0.64424 0.02503 0.90642 0.97094 0.10380 
33	1	0.70512 0.89426 0.09393 0.54781 0.90985 0.35736 
34	1	0.63076 0.89389 0.10588 0.45635 0.88689 0.42902 
35	1	0.82420 0.79056 0.08485 0.70188 0.90781 0.28154 
36	1	0.81347 0.80122 0.07799 0.68624 0.91523 0.28632 
37	1	0.26131 0.83858 0.27349 0.12748 0.69173 0.73979 
38	1	0.17500 0.90607 0.17796 0.10209 0.78257 0.74773 
39	1	0.34932 0.80595 0.31143 0.17235 0.68565 0.71602 
40	1	0.79419 0.67877 0.12785 0.65522 0.85655 0.32740 
41	1	0.45859 0.88670 0.14036 0.26708 0.81134 0.61730 
42	1	0.20233 0.89543 0.23264 0.09417 0.73344 0.79353 
43	1	0.43138 0.82972 0.24519 0.23137 0.74115 0.67247 
44	1	0.63278 0.84405 0.16148 0.43604 0.82271 0.50889 
45	1	0.26703 0.89991 0.18382 0.13595 0.75126 0.75157 
46	1	0.29881 0.79030 0.32129 0.14139 0.66916 0.72722 
47	1	0.35789 0.86287 0.20634 0.19165 0.75479 0.66603 
48	1	0.38659 0.78858 0.28121 0.20818 0.69929 0.65786 
49	1	0.21098 0.83176 0.29362 0.11741 0.69101 0.74817 
50	1	0.19310 0.83550 0.27991 0.10213 0.67697 0.75075 
51	1	0.34355 0.84716 0.23727 0.17871 0.70487 0.70012 
52	1	0.24097 0.82687 0.29973 0.11377 0.65347 0.76139 
53	1	0.25994 0.90786 0.18495 0.13329 0.75991 0.73483 
54	1	0.66107 0.88099 0.09035 0.47530 0.84961 0.45069 
55	1	0.69853 0.69644 0.23062 0.52304 0.77644 0.41810 
56	1	0.38880 0.90998 0.12899 0.22861 0.83427 0.60857 
57	1	0.33261 0.64843 0.45818 0.24466 0.59915 0.57438 
58	1	0.26015 0.93283 0.13441 0.16153 0.81691 0.68259 
59	1	0.25652 0.83560 0.31112 0.13659 0.67253 0.73225 
60	1	0.38186 0.69427 0.41641 0.23450 0.61075 0.62226 
61	1	0.53721 0.60457 0.44430 0.34357 0.60180 0.54041 
62	1	0.51985 0.80944 0.23053 0.33635 0.75233 0.54251 
63	1	0.37830 0.87504 0.19350 0.23544 0.78118 0.61126 
64	1	0.36521 0.79257 0.30435 0.19669 0.69029 0.65974 
65	1	0.32237 0.84734 0.23817 0.17870 0.70850 0.68207 
66	1	0.39451 0.74501 0.35915 0.21946 0.63589 0.65602 
67	1	0.34328 0.80219 0.29250 0.20835 0.69775 0.64877 
68	1	0.25403 0.81747 0.26673 0.21984 0.73439 0.60412 
69	1	0.40080 0.87658 0.20441 0.21657 0.75491 0.66550 
70	1	0.22541 0.92729 0.13382 0.14708 0.82085 0.67432 
71	1	0.22573 0.89121 0.18917 0.14255 0.75768 0.68777 
72	1	0.20642 0.89954 0.21466 0.10165 0.70325 0.78525 
73	1	0.24404 0.84430 0.27950 0.11496 0.67197 0.75390 
74	1	0.14148 0.87182 0.24583 0.10433 0.69235 0.75664 
75	1	0.31703 0.73955 0.35764 0.22895 0.63526 0.60532 
76	1	0.31186 0.85269 0.23391 0.18007 0.72650 0.67285 
77	1	0.29138 0.80900 0.29914 0.16232 0.68433 0.69067 
78	1	0.26913 0.92100 0.14993 0.13173 0.75752 0.73030 
79	1	0.38737 0.94808 0.08854 0.20569 0.82895 0.65318 
80	1	0.29714 0.80085 0.30966 0.16955 0.68722 0.68077 
81	1	0.24877 0.90989 0.17107 0.13279 0.75685 0.73022 
82	1	0.30522 0.90071 0.17348 0.15583 0.73916 0.70120 
83	1	0.27192 0.78153 0.31971 0.20937 0.69014 0.62325 
84	1	0.30515 0.71554 0.41464 0.18739 0.62003 0.65211 
85	1	0.36870 0.75175 0.34834 0.21267 0.64880 0.64896 
86	1	0.37479 0.81664 0.27507 0.20104 0.70079 0.66878 
87	1	0.26393 0.92022 0.20560 0.11342 0.71644 0.78856 
88	1	0.06719 0.92226 0.19666 0.05256 0.69328 0.83672 
89	1	0.25254 0.89063 0.19473 0.13487 0.70859 0.72580 
90	1	0.35080 0.62372 0.50309 0.21681 0.54361 0.62655 
91	1	0.26528 0.87896 0.22656 0.13405 0.71487 0.74662 
92	1	0.46577 0.96254 0.06448 0.26829 0.86743 0.59548 
93	1	0.16120 0.92431 0.20214 0.07139 0.71627 0.82761 
94	1	0.21905 0.93400 0.13656 0.12341 0.78898 0.72733 
95	1	0.14657 0.92029 0.19517 0.08442 0.72551 0.80387 
96	1	0.22743 0.91628 0.16965 0.12102 0.78320 0.73846 
97	1	0.12232 0.92375 0.16701 0.08280 0.74804 0.77764 
98	1	0.19722 0.89790 0.19131 0.11143 0.73794 0.74272 
99	1	0.08781 0.93043 0.18789 0.05625 0.71588 0.83474 
100	2	0.33443 0.87853 0.08688 0.24172 0.80223 0.63190 
101	2	0.33543 0.86705 0.15675 0.19766 0.72969 0.73085 
102	2	0.28347 0.86490 0.15750 0.18823 0.74378 0.72879 
103	2	0.35862 0.86401 0.15151 0.21675 0.73763 0.69967 
104	2	0.30811 0.86999 0.10150 0.23957 0.80636 0.63809 
105	2	0.24033 0.86719 0.12726 0.17285 0.61995 0.73914 
106	2	0.17684 0.82730 0.24850 0.10987 0.62249 0.85738 
107	2	0.19345 0.86382 0.17455 0.12559 0.64960 0.82298 
108	2	0.35568 0.74030 0.21689 0.21219 0.69878 0.70657 
109	2	0.40482 0.72840 0.26825 0.22882 0.63596 0.71502 
110	2	0.37287 0.85104 0.15497 0.21364 0.77166 0.69742 
111	2	0.20060 0.86065 0.13660 0.14186 0.60938 0.78470 
112	2	0.36763 0.76125 0.22088 0.18709 0.60625 0.76104 
113	2	0.33029 0.69659 0.35679 0.15670 0.52055 0.80985 
114	2	0.21877 0.79983 0.20516 0.13483 0.54453 0.79018 
115	2	0.10290 0.78716 0.42099 0.03752 0.45393 0.93343 
116	2	0.18142 0.82742 0.28572 0.07447 0.53887 0.90526 
117	2	0.39195 0.81819 0.16522 0.21071 0.58778 0.73210 
118	2	0.09663 0.82175 0.36984 0.03952 0.50832 0.93798 
119	2	0.06729 0.76434 0.50879 0.03794 0.41589 0.91879 
120	2	0.18031 0.72348 0.49105 0.05546 0.41806 0.93079 
121	2	0.10919 0.70785 0.59321 0.02915 0.35675 0.93466 
122	2	0.11062 0.72652 0.48013 0.04451 0.44948 0.93309 
123	2	0.15355 0.72287 0.54356 0.04234 0.40794 0.92028 
124	2	0.12827 0.72164 0.54108 0.05549 0.42728 0.88490 
125	2	0.25100 0.74370 0.36461 0.10547 0.52792 0.86430 
126	2	0.27978 0.79512 0.23844 0.14921 0.63226 0.78553 
127	2	0.21427 0.70191 0.29450 0.14967 0.61540 0.78418 
128	2	0.13136 0.87267 0.27012 0.05057 0.58443 0.92440 
129	2	0.15786 0.83870 0.28367 0.08728 0.60120 0.86856 
130	2	0.23571 0.80386 0.28841 0.10606 0.56096 0.86524 
131	2	0.16739 0.84741 0.27224 0.08318 0.60102 0.89040 
132	2	0.20716 0.70070 0.31613 0.13714 0.54633 0.79879 
133	2	0.22177 0.77843 0.29251 0.11485 0.59572 0.83746 
134	2	0.18169 0.74185 0.35467 0.09588 0.57941 0.85509 
135	2	0.19685 0.77967 0.27426 0.08352 0.54948 0.88728 
136	2	0.24194 0.76278 0.28467 0.13046 0.56653 0.82379 
137	2	0.20116 0.69923 0.33277 0.12430 0.57342 0.80553 
138	2	0.24389 0.85322 0.16251 0.17242 0.73429 0.74333 
139	2	0.41484 0.94418 0.12585 0.21257 0.74553 0.69730 
140	2	0.21642 0.80650 0.36875 0.05691 0.49863 0.94939 
141	2	0.30357 0.74912 0.41267 0.10368 0.48833 0.90028 
142	2	0.35725 0.83100 0.33465 0.13741 0.57376 0.88042 
143	2	0.18148 0.82425 0.33902 0.04164 0.53696 0.95860 
144	2	0.22466 0.84976 0.31359 0.06182 0.54461 0.94140 
145	2	0.23586 0.85818 0.33285 0.06712 0.52599 0.92210 
146	2	0.46924 0.75719 0.26291 0.26058 0.60964 0.68344 
147	2	0.33547 0.79504 0.34378 0.12775 0.53606 0.86737 
148	2	0.33633 0.74702 0.44725 0.15890 0.52342 0.77493 
149	2	0.35737 0.79555 0.36329 0.15938 0.53394 0.81683 
150	2	0.23960 0.76325 0.48988 0.09693 0.51534 0.84653 
151	2	0.12427 0.73312 0.48096 0.08206 0.51631 0.82500 
152	2	0.40593 0.71190 0.41800 0.21999 0.58984 0.69401 
153	2	0.45880 0.74112 0.36350 0.26081 0.63636 0.66990 
154	2	0.56004 0.74070 0.27147 0.36048 0.70731 0.57659 
155	2	0.36375 0.73938 0.37668 0.19709 0.58434 0.70781 
156	2	0.20701 0.72776 0.46009 0.11071 0.53135 0.79632 
157	2	0.11786 0.77983 0.43302 0.07276 0.54866 0.86260 
158	2	0.16793 0.73966 0.51861 0.08730 0.52020 0.82782 
159	2	0.32935 0.72036 0.45961 0.15658 0.54807 0.77784 
160	2	0.36152 0.74322 0.38599 0.19353 0.60390 0.70366 
161	2	0.33716 0.66341 0.48481 0.17479 0.49592 0.74077 
162	2	0.18633 0.66004 0.66550 0.06235 0.35854 0.89661 
163	2	0.05893 0.72921 0.52552 0.04537 0.44315 0.90517 
164	2	0.33936 0.52401 0.65259 0.15420 0.37797 0.75953 
165	2	0.18648 0.71404 0.48908 0.10136 0.47962 0.79188 
166	2	0.37108 0.72725 0.31346 0.19432 0.57230 0.71529 
167	2	0.21460 0.73000 0.41207 0.10435 0.49623 0.81832 
168	2	0.56750 0.64628 0.27652 0.36395 0.63176 0.57984 
169	2	0.26521 0.73870 0.36351 0.14366 0.54200 0.77050 
170	2	0.55467 0.65551 0.33748 0.34327 0.58548 0.61060 
171	2	0.51774 0.73782 0.23010 0.31785 0.64567 0.60778 
172	2	0.38143 0.67518 0.29610 0.21774 0.53437 0.68895 
173	2	0.40774 0.64855 0.20586 0.25734 0.60914 0.61959 
174	2	0.32129 0.71480 0.28901 0.18532 0.58885 0.71535 
175	2	0.37005 0.71015 0.23017 0.22986 0.63162 0.64977 
176	2	0.42418 0.66838 0.25035 0.26143 0.65018 0.61881 
177	2	0.39355 0.75234 0.25001 0.22354 0.63727 0.66120 
178	2	0.27379 0.74529 0.25182 0.17366 0.57609 0.70138 
179	2	0.27983 0.73307 0.25094 0.18458 0.60642 0.68507 
180	2	0.29905 0.76527 0.23804 0.19328 0.66640 0.67000 
181	2	0.31023 0.73177 0.27073 0.18744 0.56032 0.70105 
182	2	0.35291 0.72023 0.26991 0.20679 0.61057 0.66619 
183	2	0.24334 0.78594 0.23905 0.16136 0.60358 0.71377 
184	2	0.53331 0.75380 0.20206 0.33501 0.64349 0.59505 
185	2	0.33178 0.70819 0.17617 0.21757 0.53536 0.64143 
186	2	0.48215 0.76455 0.18365 0.29510 0.65723 0.60371 
187	2	0.49443 0.76532 0.23481 0.28711 0.59526 0.63269 
188	2	0.47187 0.76491 0.19937 0.28131 0.63919 0.61527 
189	2	0.39790 0.76600 0.23560 0.23548 0.67928 0.65441 
190	2	0.34662 0.79455 0.23287 0.20381 0.64643 0.68593 
191	2	0.33686 0.78698 0.25139 0.19275 0.60540 0.69511 
192	2	0.20725 0.72386 0.26979 0.16400 0.54138 0.71065 
193	2	0.35147 0.77416 0.20359 0.21576 0.62531 0.66218 
194	2	0.38218 0.70514 0.21058 0.24141 0.62994 0.63134 
195	2	0.48075 0.71345 0.25124 0.29510 0.66728 0.61683 
196	2	0.17458 0.84921 0.31913 0.12770 0.69481 0.73866 
197	2	0.28099 0.80561 0.40629 0.15633 0.62082 0.73584 
198	2	0.25725 0.83857 0.38863 0.13427 0.63094 0.76997 
199	2	0.24849 0.87867 0.32581 0.12468 0.67680 0.75966 
200	3	0.32965 0.68016 0.46250 0.17458 0.56666 0.73635 
201	3	0.25108 0.44283 0.78912 0.11572 0.27574 0.82041 
202	3	0.33396 0.56050 0.61654 0.15378 0.40905 0.79300 
203	3	0.26378 0.61323 0.57549 0.11799 0.45214 0.82135 
204	3	0.35452 0.45596 0.73289 0.16242 0.32934 0.78453 
205	3	0.20081 0.71377 0.47460 0.12470 0.49306 0.81436 
206	3	0.34048 0.57984 0.61718 0.14413 0.39893 0.83752 
207	3	0.51296 0.41779 0.64115 0.28823 0.40166 0.71113 
208	3	0.54473 0.43234 0.58560 0.32022 0.45859 0.69218 
209	3	0.45524 0.37276 0.73263 0.23012 0.32491 0.76572 
210	3	0.45464 0.34758 0.70551 0.23073 0.35843 0.75673 
211	3	0.46243 0.40949 0.67025 0.24152 0.38087 0.73543 
212	3	0.40490 0.49681 0.65815 0.19165 0.37684 0.78489 
213	3	0.45884 0.49142 0.62217 0.23846 0.40851 0.74851 
214	3	0.42873 0.40179 0.71548 0.20891 0.34255 0.77309 
215	3	0.41218 0.44840 0.73158 0.19786 0.32998 0.77702 
216	3	0.28053 0.65074 0.56658 0.12122 0.45009 0.84251 
217	3	0.36171 0.48195 0.73412 0.16119 0.31732 0.82544 
218	3	0.36686 0.62789 0.50706 0.17815 0.51142 0.77405 
219	3	0.21287 0.67153 0.64471 0.05718 0.35442 0.94829 
220	3	0.35772 0.54904 0.70566 0.15529 0.33352 0.82537 
221	3	0.17036 0.79423 0.35786 0.10989 0.54626 0.84015 
222	3	0.17687 0.83053 0.29641 0.12645 0.60828 0.81628 
223	3	0.27191 0.89636 0.19696 0.12479 0.56767 0.82359 
224	3	0.14699 0.86131 0.25747 0.04189 0.47860 0.91101 
225	3	0.25175 0.92025 0.09250 0.17317 0.81175 0.70734 
226	3	0.27935 0.90227 0.13298 0.17268 0.76921 0.74207 
227	3	0.29473 0.90284 0.10126 0.20187 0.82074 0.67095 
228	3	0.41866 0.86917 0.11373 0.26579 0.80760 0.62849 
229	3	0.34571 0.72273 0.42167 0.15176 0.46855 0.83168 
230	3	0.25656 0.81517 0.32084 0.09339 0.50757 0.87892 
231	3	0.24103 0.80639 0.32846 0.07034 0.42149 0.91639 
232	3	0.18094 0.82757 0.32192 0.05720 0.43088 0.92498 
233	3	0.18602 0.87185 0.26568 0.05914 0.45391 0.91501 
234	3	0.33555 0.85524 0.25218 0.12730 0.43606 0.86154 
235	3	0.18992 0.86071 0.23308 0.04119 0.39962 0.93609 
236	3	0.13394 0.88452 0.18514 0.05647 0.41916 0.89811 
237	3	0.52142 0.84657 0.11350 0.32340 0.75825 0.60627 
238	3	0.34263 0.87613 0.10940 0.19534 0.77152 0.69632 
239	3	0.26729 0.90237 0.13607 0.14957 0.75428 0.76016 
240	3	0.24863 0.88659 0.15588 0.12659 0.71305 0.80329 
241	3	0.21519 0.86772 0.16642 0.09294 0.51066 0.84750 
242	3	0.32709 0.84235 0.21376 0.12505 0.37495 0.84963 
243	3	0.16951 0.86399 0.21488 0.04356 0.42182 0.90642 
244	3	0.15028 0.86672 0.24196 0.03808 0.44128 0.91947 
245	3	0.17973 0.88215 0.13155 0.11624 0.63404 0.79747 
246	3	0.16023 0.86596 0.20206 0.06584 0.44207 0.88542 
247	3	0.09868 0.90983 0.16151 0.03861 0.59312 0.89471 
248	3	0.18309 0.85316 0.21422 0.05775 0.50544 0.89170 
249	3	0.14858 0.84718 0.26537 0.05249 0.47076 0.91703 
250	3	0.22723 0.81193 0.23428 0.06761 0.38147 0.89174 
251	3	0.18757 0.82466 0.22846 0.05217 0.25834 0.91111 
252	3	0.11400 0.87024 0.19291 0.05530 0.47308 0.88936 
253	3	0.12763 0.85924 0.17137 0.07209 0.39388 0.87145 
254	3	0.15770 0.88536 0.18972 0.07362 0.52664 0.89366 
255	3	0.15579 0.86107 0.20658 0.07900 0.42742 0.89483 
256	3	0.16816 0.88234 0.19483 0.09014 0.65563 0.87948 
257	3	0.25732 0.86631 0.25702 0.11140 0.59072 0.87514 
258	3	0.28508 0.89546 0.13442 0.15972 0.78121 0.75175 
259	3	0.25816 0.90891 0.15882 0.13205 0.73680 0.79997 
260	3	0.25858 0.90928 0.10359 0.15996 0.82434 0.72309 
261	3	0.53544 0.89249 0.10248 0.33920 0.82085 0.60613 
262	3	0.41259 0.87690 0.10094 0.24051 0.77228 0.65712 
263	3	0.26258 0.89827 0.11889 0.14443 0.70112 0.76364 
264	3	0.23793 0.88926 0.14211 0.14399 0.64719 0.77281 
265	3	0.16379 0.89064 0.17732 0.06800 0.58519 0.86751 
266	3	0.32085 0.87720 0.09866 0.21214 0.78044 0.66561 
267	3	0.46228 0.89599 0.09464 0.28314 0.78858 0.62280 
268	3	0.41140 0.87987 0.08999 0.26544 0.81719 0.60840 
269	3	0.49654 0.87572 0.08336 0.31353 0.81177 0.58030 
270	3	0.60580 0.90082 0.04720 0.41497 0.84161 0.50130 
271	3	0.56246 0.90594 0.04188 0.37461 0.85189 0.51831 
272	3	0.72021 0.88103 0.03815 0.55959 0.86181 0.38742 
273	3	0.68425 0.91542 0.03968 0.51212 0.86268 0.42836 
274	3	0.68397 0.88990 0.03834 0.51368 0.86158 0.41723 
275	3	0.72234 0.84436 0.04818 0.56122 0.86358 0.38960 
276	3	0.70058 0.89077 0.03278 0.53076 0.87114 0.40654 
277	3	0.66699 0.88508 0.04596 0.49060 0.85246 0.44271 
278	3	0.67890 0.86144 0.03819 0.50899 0.86041 0.41669 
279	3	0.65945 0.88064 0.06668 0.48283 0.82722 0.46136 
280	3	0.66741 0.87418 0.05163 0.49477 0.84026 0.43809 
281	3	0.73146 0.91120 0.04008 0.57007 0.86891 0.39194 
282	3	0.63722 0.91892 0.03601 0.45442 0.86127 0.46395 
283	3	0.60390 0.89635 0.03793 0.42500 0.84207 0.47553 
284	3	0.59551 0.88494 0.05149 0.41000 0.85321 0.49128 
285	3	0.58063 0.89647 0.05547 0.38599 0.82397 0.52765 
286	3	0.63894 0.89691 0.05099 0.44981 0.82180 0.48855 
287	3	0.44539 0.89656 0.07112 0.27940 0.82409 0.59856 
288	3	0.39093 0.87049 0.10172 0.23300 0.79311 0.66103 
289	3	0.34322 0.86827 0.07959 0.22084 0.79850 0.63926 
290	3	0.52948 0.89936 0.07034 0.34716 0.78757 0.55566 
291	3	0.67614 0.91242 0.04193 0.49605 0.84356 0.44972 
292	3	0.64559 0.86850 0.06044 0.45472 0.81231 0.49970 
293	3	0.56165 0.84095 0.09276 0.36913 0.78459 0.55196 
294	3	0.29956 0.87349 0.10518 0.20217 0.79290 0.67376 
295	3	0.30492 0.83483 0.12493 0.18541 0.73386 0.69940 
296	3	0.26166 0.86862 0.12914 0.17548 0.74232 0.71364 
297	3	0.14737 0.86843 0.22753 0.07107 0.65346 0.89001 
298	3	0.45990 0.91054 0.08488 0.27020 0.81372 0.64200 
299	3	0.49324 0.91751 0.07288 0.29773 0.82474 0.61862 
300	4	0.85388 0.97280 0.04667 0.74749 0.94570 0.25021 
301	4	0.93721 0.96726 0.02441 0.88669 0.97325 0.12736 
302	4	0.75467 0.97508 0.08178 0.59641 0.91004 0.38623 
303	4	0.80498 0.98083 0.05879 0.67163 0.93431 0.30901 
304	4	0.81185 0.98810 0.03767 0.68234 0.95078 0.29724 
305	4	0.78979 0.98152 0.06409 0.64799 0.92777 0.33765 
306	4	0.82639 0.97927 0.04759 0.70328 0.93693 0.30184 
307	4	0.82419 0.98382 0.05357 0.70077 0.94127 0.28917 
308	4	0.75938 0.98492 0.06494 0.60395 0.92297 0.37255 
309	4	0.84414 0.97917 0.04244 0.73183 0.94951 0.26383 
310	4	0.94933 0.97387 0.01642 0.90797 0.98130 0.10612 
311	4	0.95205 0.97444 0.02049 0.91281 0.98044 0.10119 
312	4	0.93772 0.97634 0.02362 0.88748 0.97536 0.12773 
313	4	0.86589 0.97267 0.04096 0.76723 0.95142 0.23367 
314	4	0.86898 0.96692 0.03981 0.77203 0.95242 0.22627 
315	4	0.82714 0.98122 0.05347 0.70433 0.93455 0.29830 
316	4	0.85176 0.97311 0.04125 0.74402 0.95186 0.25344 
317	4	0.84190 0.97560 0.04912 0.72847 0.94519 0.26539 
318	4	0.85206 0.98079 0.04947 0.74442 0.94485 0.25176 
319	4	0.79693 0.97734 0.06987 0.65809 0.91988 0.33779 
320	4	0.80612 0.97632 0.05982 0.67333 0.92949 0.31635 
321	4	0.79748 0.98066 0.06218 0.65961 0.93077 0.32303 
322	4	0.69790 0.98984 0.08143 0.51963 0.90438 0.44183 
323	4	0.67911 0.97960 0.11073 0.49188 0.87551 0.48726 
324	4	0.82185 0.97924 0.04506 0.69741 0.93889 0.30154 
325	4	0.80522 0.97454 0.06157 0.67090 0.92251 0.33007 
326	4	0.83562 0.97832 0.05258 0.71830 0.94026 0.27418 
327	4	0.76961 0.98132 0.06521 0.61840 0.92495 0.35895 
328	4	0.83703 0.97869 0.05527 0.71996 0.93894 0.28419 
329	4	0.66587 0.97409 0.12225 0.47616 0.86158 0.48783 
330	4	0.74957 0.97569 0.07621 0.59149 0.92054 0.38108 
331	4	0.65523 0.98182 0.09588 0.46821 0.90650 0.46899 
332	4	0.74334 0.97826 0.07109 0.58381 0.92871 0.38020 
333	4	0.69297 0.98123 0.09032 0.51387 0.90391 0.44020 
334	4	0.59897 0.98371 0.11096 0.39528 0.87406 0.56119 
335	4	0.64208 0.97756 0.09659 0.45304 0.89902 0.48925 
336	4	0.38763 0.98810 0.07554 0.26833 0.91542 0.56452 
337	4	0.53559 0.98743 0.07299 0.36472 0.92168 0.50236 
338	4	0.55987 0.98455 0.07206 0.37923 0.92535 0.49554 
339	4	0.45842 0.98251 0.08951 0.30085 0.91412 0.54729 
340	4	0.60126 0.98423 0.08926 0.41342 0.91619 0.48686 
341	4	0.55114 0.98386 0.09033 0.36477 0.90642 0.52748 
342	4	0.47148 0.98537 0.10534 0.28302 0.88314 0.60649 
343	4	0.54529 0.98878 0.05129 0.40163 0.95650 0.42869 
344	4	0.54048 0.98481 0.08536 0.35979 0.91369 0.51482 
345	4	0.51693 0.98532 0.07072 0.36798 0.93157 0.46670 
346	4	0.60406 0.98055 0.07617 0.43540 0.92205 0.45532 
347	4	0.67080 0.98392 0.08288 0.49241 0.91964 0.43661 
348	4	0.61701 0.98444 0.06992 0.43998 0.92970 0.44614 
349	4	0.54857 0.98523 0.07614 0.37688 0.92498 0.48216 
350	4	0.54610 0.98438 0.10209 0.34164 0.88407 0.58093 
351	4	0.57868 0.97942 0.10183 0.38321 0.88860 0.53074 
352	4	0.54973 0.98905 0.05815 0.38857 0.94034 0.45637 
353	4	0.70846 0.98515 0.04913 0.55243 0.95189 0.35341 
354	4	0.53090 0.98428 0.06671 0.38215 0.93463 0.45606 
355	4	0.72133 0.98987 0.03365 0.57978 0.96883 0.30442 
356	4	0.69417 0.98394 0.08934 0.51538 0.90476 0.43848 
357	4	0.62182 0.97725 0.10799 0.42815 0.89266 0.49581 
358	4	0.73759 0.98158 0.07007 0.57552 0.92396 0.38035 
359	4	0.74853 0.98091 0.06830 0.58951 0.92571 0.37667 
360	4	0.72262 0.98659 0.06084 0.55488 0.93466 0.39673 
361	4	0.39100 0.98409 0.08376 0.26501 0.90508 0.57656 
362	4	0.75095 0.98175 0.06638 0.59243 0.92438 0.37816 
363	4	0.76585 0.97715 0.06647 0.61299 0.92374 0.37326 
364	4	0.75773 0.97371 0.08913 0.60246 0.91009 0.36890 
365	4	0.77419 0.98032 0.06876 0.62486 0.92134 0.36477 
366	4	0.76336 0.98039 0.06028 0.60995 0.92708 0.37472 
367	4	0.77659 0.97774 0.07672 0.62860 0.92092 0.35784 
368	4	0.71370 0.98329 0.06955 0.54252 0.92144 0.40828 
369	4	0.74373 0.98114 0.06491 0.58325 0.92434 0.38336 
370	4	0.75188 0.97424 0.07470 0.59391 0.91698 0.37539 
371	4	0.75287 0.98532 0.04739 0.60636 0.95505 0.32145 
372	4	0.75767 0.99024 0.03686 0.61182 0.96233 0.32207 
373	4	0.74467 0.98792 0.04141 0.59558 0.96423 0.32386 
374	4	0.78255 0.98986 0.03264 0.64605 0.96893 0.29231 
375	4	0.75255 0.98627 0.04419 0.60606 0.96085 0.31950 
376	4	0.79031 0.98816 0.04012 0.65713 0.96414 0.28590 
377	4	0.79145 0.99101 0.02976 0.65981 0.97127 0.27843 
378	4	0.72002 0.98602 0.05709 0.55702 0.94764 0.37368 
379	4	0.68916 0.99700 0.03456 0.53011 0.96531 0.35778 
380	4	0.58658 0.98039 0.08536 0.40316 0.91461 0.48536 
381	4	0.68569 0.98086 0.07399 0.50535 0.91680 0.44735 
382	4	0.72088 0.98262 0.06247 0.55412 0.93309 0.39836 
383	4	0.69969 0.98420 0.06093 0.52661 0.93429 0.40709 
384	4	0.76106 0.98182 0.05741 0.61037 0.94351 0.34406 
385	4	0.61460 0.98078 0.09183 0.42545 0.90478 0.49013 
386	4	0.40637 0.95546 0.17426 0.27126 0.83729 0.59481 
387	4	0.35068 0.96583 0.14318 0.22309 0.83771 0.64236 
388	4	0.56962 0.94020 0.17759 0.37324 0.82136 0.56371 
389	4	0.66140 0.95762 0.09017 0.50448 0.91860 0.37849 
390	4	0.25473 0.97269 0.12374 0.20391 0.85904 0.64844 
391	4	0.47754 0.97439 0.08162 0.36278 0.92988 0.44985 
392	4	0.42369 0.98785 0.08156 0.29199 0.91408 0.53475 
393	4	0.45113 0.98718 0.05646 0.35914 0.94543 0.43966 
394	4	0.40679 0.98688 0.08594 0.27076 0.90609 0.56408 
395	4	0.22923 0.98745 0.09343 0.20273 0.89000 0.62493 
396	4	0.21911 0.98796 0.08674 0.19287 0.89834 0.62347 
397	4	0.36318 0.98420 0.11230 0.20731 0.87343 0.64180 
398	4	0.63694 0.97532 0.09845 0.45125 0.89973 0.47758 
399	4	0.90350 0.97510 0.02523 0.82965 0.97534 0.16769 
400	5	0.59977 0.98070 0.12450 0.39870 0.86329 0.56401 
401	5	0.50987 0.96868 0.16503 0.31272 0.81921 0.62420 
402	5	0.38620 0.97310 0.18467 0.20466 0.79715 0.71732 
403	5	0.33032 0.98628 0.15740 0.17441 0.82829 0.73650 
404	5	0.34212 0.97352 0.18899 0.16544 0.76969 0.78299 
405	5	0.40112 0.97470 0.20438 0.20447 0.78667 0.75855 
406	5	0.64208 0.97188 0.11308 0.46224 0.87912 0.48137 
407	5	0.64462 0.97315 0.10689 0.46958 0.89623 0.45959 
408	5	0.62279 0.97765 0.09840 0.44477 0.88657 0.47989 
409	5	0.36321 0.95112 0.19694 0.24503 0.76066 0.63702 
410	5	0.51114 0.94435 0.18171 0.29172 0.77751 0.70094 
411	5	0.57869 0.91159 0.21351 0.37750 0.74787 0.58816 
412	5	0.41598 0.94775 0.23126 0.20661 0.72684 0.76138 
413	5	0.49138 0.94718 0.16439 0.31712 0.80725 0.58691 
414	5	0.47149 0.93777 0.21341 0.26390 0.74145 0.69211 
415	5	0.50006 0.92111 0.22910 0.29644 0.74429 0.64915 
416	5	0.48772 0.93735 0.18348 0.31353 0.78710 0.58425 
417	5	0.47060 0.92924 0.26870 0.24437 0.67774 0.74782 
418	5	0.30686 0.97175 0.19941 0.14018 0.76662 0.79001 
419	5	0.41046 0.95949 0.15052 0.28027 0.82984 0.59386 
420	5	0.37771 0.96874 0.14118 0.25764 0.83481 0.61627 
421	5	0.38808 0.96810 0.16179 0.21804 0.79902 0.70804 
422	5	0.41139 0.95703 0.18109 0.22933 0.78234 0.68782 
423	5	0.34030 0.96476 0.18741 0.16641 0.76568 0.77954 
424	5	0.46738 0.94918 0.15324 0.30009 0.80948 0.59797 
425	5	0.38557 0.96078 0.14606 0.25708 0.82648 0.61949 
426	5	0.40413 0.95477 0.16453 0.25795 0.80363 0.63262 
427	5	0.45484 0.95780 0.14855 0.28833 0.81718 0.60526 
428	5	0.41910 0.94477 0.24642 0.20489 0.70929 0.77746 
429	5	0.45934 0.95093 0.15746 0.29285 0.81100 0.60368 
430	5	0.43973 0.95473 0.15877 0.28807 0.80793 0.59620 
431	5	0.32623 0.96587 0.16662 0.20024 0.79385 0.69733 
432	5	0.27135 0.96334 0.18387 0.16553 0.77409 0.74340 
433	5	0.22305 0.96427 0.21113 0.14483 0.81250 0.75834 
434	5	0.37011 0.95723 0.16280 0.28497 0.86423 0.55346 
435	5	0.35849 0.95814 0.14269 0.28493 0.87791 0.54089 
436	5	0.29171 0.94825 0.16562 0.28977 0.87845 0.52703 
437	5	0.29579 0.96302 0.20852 0.18065 0.81829 0.70596 
438	5	0.45298 0.93620 0.19996 0.31123 0.83097 0.55879 
439	5	0.36310 0.94842 0.17992 0.28042 0.83611 0.57008 
440	5	0.35854 0.95590 0.19708 0.22911 0.84525 0.65064 
441	5	0.32743 0.96099 0.21495 0.19580 0.80368 0.70315 
442	5	0.32019 0.96780 0.18347 0.21491 0.83918 0.66589 
443	5	0.38148 0.95375 0.17318 0.28553 0.85635 0.56370 
444	5	0.13479 0.96873 0.23876 0.07711 0.74718 0.87008 
445	5	0.28687 0.95347 0.15910 0.24763 0.83804 0.61067 
446	5	0.34040 0.95111 0.16616 0.29122 0.87290 0.52250 
447	5	0.42553 0.95813 0.15839 0.30230 0.86466 0.55263 
448	5	0.20675 0.95444 0.23931 0.10788 0.75347 0.83434 
449	5	0.23901 0.96466 0.20964 0.12842 0.78008 0.79379 
450	5	0.33582 0.96098 0.23258 0.18207 0.79979 0.73985 
451	5	0.31984 0.94805 0.23002 0.20934 0.78200 0.68663 
452	5	0.43440 0.93952 0.20577 0.29491 0.82404 0.58555 
453	5	0.31815 0.95302 0.21701 0.22597 0.81779 0.65384 
454	5	0.30164 0.94389 0.19488 0.26874 0.85493 0.57689 
455	5	0.26173 0.96093 0.24435 0.15787 0.77609 0.76015 
456	5	0.23678 0.95681 0.23504 0.15858 0.79060 0.75044 
457	5	0.28699 0.95716 0.19694 0.21955 0.83270 0.65192 
458	5	0.33655 0.95952 0.19745 0.23301 0.83020 0.63880 
459	5	0.37670 0.96288 0.17537 0.25583 0.84764 0.60599 
460	5	0.27449 0.96004 0.18580 0.20730 0.83510 0.67131 
461	5	0.86605 0.98787 0.04388 0.76617 0.94767 0.24762 
462	5	0.72922 0.98468 0.08029 0.55664 0.89270 0.45696 
463	5	0.65528 0.99121 0.09373 0.45759 0.87755 0.54095 
464	5	0.86163 0.99146 0.03932 0.75856 0.95313 0.26282 
465	5	0.67839 0.97999 0.11256 0.48617 0.86138 0.52610 
466	5	0.62718 0.99227 0.10158 0.42075 0.86975 0.58150 
467	5	0.64862 0.99552 0.08776 0.44913 0.89180 0.54520 
468	5	0.86820 0.98627 0.04031 0.76896 0.94818 0.25737 
469	5	0.73619 0.98227 0.08452 0.56582 0.89354 0.45139 
470	5	0.86115 0.98602 0.04209 0.75755 0.94682 0.26605 
471	5	0.86417 0.98549 0.04411 0.76306 0.94680 0.25255 
472	5	0.75346 0.98404 0.08072 0.59292 0.90539 0.40858 
473	5	0.65100 0.99077 0.09702 0.45421 0.87803 0.52470 
474	5	0.66147 0.99268 0.09189 0.46499 0.88470 0.53840 
475	5	0.85847 0.98968 0.03822 0.75335 0.95309 0.26802 
476	5	0.84265 0.98473 0.05362 0.72766 0.93310 0.29682 
477	5	0.82545 0.97893 0.06181 0.70081 0.93229 0.31994 
478	5	0.85648 0.98955 0.04700 0.75087 0.94822 0.26222 
479	5	0.67143 0.98736 0.10150 0.47661 0.87493 0.53696 
480	5	0.76041 0.99609 0.05972 0.60189 0.92354 0.40842 
481	5	0.63669 0.99602 0.08726 0.43351 0.89483 0.55697 
482	5	0.66001 0.98500 0.09289 0.46262 0.87831 0.53773 
483	5	0.86955 0.98614 0.03989 0.77100 0.94832 0.25838 
484	5	0.77415 0.97701 0.06253 0.62435 0.91758 0.37494 
485	5	0.85608 0.98093 0.04089 0.74997 0.95161 0.26368 
486	5	0.80307 0.98338 0.06894 0.66516 0.91171 0.36048 
487	5	0.74816 0.98181 0.06449 0.58663 0.91941 0.40324 
488	5	0.66203 0.98759 0.10311 0.46542 0.87410 0.53466 
489	5	0.76411 0.98921 0.06243 0.60799 0.91871 0.39632 
490	5	0.86741 0.98203 0.04290 0.76777 0.94723 0.25722 
491	5	0.74004 0.99216 0.07145 0.57092 0.90753 0.45446 
492	5	0.68583 0.97977 0.10927 0.49547 0.86636 0.52424 
493	5	0.65110 0.98250 0.10513 0.45122 0.86583 0.55011 
494	5	0.65711 0.98727 0.10311 0.45857 0.86726 0.54784 
495	5	0.72571 0.98351 0.07945 0.55534 0.90326 0.43569 
496	5	0.77184 0.98718 0.07232 0.61857 0.91297 0.39612 
497	5	0.31836 0.98735 0.19427 0.11912 0.77002 0.87204 
498	5	0.35461 0.98203 0.21743 0.14121 0.74905 0.87023 
499	5	0.52690 0.99212 0.11895 0.30616 0.85047 0.67817 
500	6	0.38029 0.83510 0.26826 0.19466 0.53722 0.68360 
501	6	0.23201 0.94303 0.16058 0.16081 0.77906 0.67665 
502	6	0.24726 0.94228 0.16376 0.16365 0.76773 0.68126 
503	6	0.26147 0.94228 0.16488 0.17041 0.77212 0.67330 
504	6	0.29259 0.90046 0.14988 0.17710 0.78014 0.65039 
505	6	0.41865 0.77452 0.14444 0.27847 0.73295 0.56727 
506	6	0.32976 0.84441 0.15998 0.21851 0.74124 0.63906 
507	6	0.39091 0.83883 0.14846 0.24067 0.70373 0.63239 
508	6	0.32419 0.87961 0.17446 0.17684 0.69407 0.71103 
509	6	0.42639 0.81917 0.10626 0.28718 0.73929 0.55432 
510	6	0.63449 0.78003 0.10368 0.44193 0.64032 0.48798 
511	6	0.48010 0.83683 0.12150 0.29504 0.68644 0.57882 
512	6	0.51543 0.77759 0.14853 0.32022 0.61145 0.58936 
513	6	0.41019 0.84479 0.16974 0.23844 0.69838 0.63602 
514	6	0.38588 0.72799 0.07075 0.31239 0.76355 0.48788 
515	6	0.32624 0.74386 0.12152 0.27909 0.77879 0.53697 
516	6	0.58208 0.59339 0.09041 0.39539 0.54995 0.48284 
517	6	0.45131 0.69012 0.20825 0.27058 0.57074 0.62852 
518	6	0.33279 0.84102 0.13010 0.24089 0.76863 0.60166 
519	6	0.66671 0.79518 0.09325 0.48126 0.69273 0.45637 
520	6	0.35246 0.72244 0.23909 0.22947 0.68138 0.63544 
521	6	0.30929 0.73502 0.21488 0.22312 0.69383 0.62666 
522	6	0.39463 0.82299 0.18176 0.23694 0.71903 0.64302 
523	6	0.59636 0.77577 0.19263 0.39169 0.66733 0.56974 
524	6	0.35098 0.82946 0.17019 0.22152 0.71603 0.64763 
525	6	0.51653 0.74432 0.10756 0.34598 0.69141 0.52387 
526	6	0.44728 0.68736 0.08946 0.32890 0.75163 0.49414 
527	6	0.58133 0.67047 0.12087 0.38894 0.56216 0.51639 
528	6	0.14564 0.86411 0.32023 0.08667 0.63099 0.77535 
529	6	0.28509 0.86023 0.20962 0.17014 0.73426 0.64751 
530	6	0.45658 0.85151 0.16655 0.26702 0.72195 0.62474 
531	6	0.23743 0.85077 0.22455 0.15423 0.71265 0.69705 
532	6	0.35938 0.85635 0.13162 0.23621 0.73581 0.61876 
533	6	0.25838 0.84123 0.19509 0.17694 0.69850 0.69081 
534	6	0.32660 0.83221 0.18728 0.19978 0.68637 0.67662 
535	6	0.27372 0.70975 0.39498 0.14644 0.54856 0.73967 
536	6	0.30783 0.81104 0.21014 0.19304 0.68296 0.67809 
537	6	0.27018 0.68405 0.35235 0.17945 0.58927 0.70382 
538	6	0.23735 0.70593 0.49796 0.10923 0.47305 0.77773 
539	6	0.21029 0.80281 0.34210 0.11848 0.61678 0.74130 
540	6	0.30768 0.89662 0.14759 0.18973 0.77627 0.61545 
541	6	0.25198 0.87555 0.22629 0.15674 0.74511 0.66322 
542	6	0.21309 0.71973 0.45920 0.10773 0.50768 0.78782 
543	6	0.50637 0.75658 0.17112 0.31721 0.66475 0.58594 
544	6	0.45884 0.69529 0.06931 0.32163 0.65018 0.49982 
545	6	0.34366 0.66967 0.27464 0.22686 0.65652 0.63694 
546	6	0.28571 0.69969 0.33290 0.17929 0.59738 0.70102 
547	6	0.24865 0.81936 0.23807 0.16013 0.66790 0.71063 
548	6	0.37068 0.76775 0.12136 0.27454 0.72792 0.56414 
549	6	0.26723 0.73569 0.23931 0.20745 0.69592 0.63902 
550	6	0.49494 0.83693 0.16894 0.30077 0.72170 0.59972 
551	6	0.29063 0.82391 0.19287 0.19865 0.71413 0.66763 
552	6	0.32818 0.85181 0.20299 0.18139 0.69673 0.69577 
553	6	0.35535 0.85889 0.21100 0.18299 0.66108 0.71078 
554	6	0.29234 0.60528 0.32329 0.21480 0.62043 0.64317 
555	6	0.32732 0.55240 0.36235 0.21848 0.58023 0.64795 
556	6	0.33045 0.80655 0.18207 0.21958 0.70959 0.64254 
557	6	0.29561 0.77141 0.21435 0.21368 0.73450 0.61393 
558	6	0.28961 0.77401 0.19957 0.21668 0.74309 0.60522 
559	6	0.31977 0.85814 0.17343 0.19651 0.74725 0.62915 
560	6	0.61351 0.76731 0.08886 0.41903 0.55068 0.49788 
561	6	0.33188 0.82369 0.17054 0.21782 0.70567 0.64597 
562	6	0.32259 0.82193 0.19252 0.20729 0.72524 0.65824 
563	6	0.37465 0.69500 0.32728 0.21458 0.61149 0.67904 
564	6	0.41761 0.65167 0.24963 0.26735 0.68007 0.59986 
565	6	0.35042 0.78568 0.21033 0.21904 0.71252 0.62851 
566	6	0.55715 0.81495 0.15408 0.35409 0.67358 0.58443 
567	6	0.39051 0.75420 0.13258 0.28742 0.75684 0.55461 
568	6	0.35786 0.67274 0.19371 0.26500 0.71561 0.58112 
569	6	0.30421 0.84671 0.16977 0.19971 0.74001 0.63794 
570	6	0.29819 0.83396 0.28170 0.16508 0.69106 0.67481 
571	6	0.32801 0.72984 0.22259 0.22685 0.68956 0.62903 
572	6	0.34323 0.79203 0.18635 0.22845 0.71577 0.62757 
573	6	0.35127 0.75072 0.18357 0.25059 0.73662 0.59618 
574	6	0.34250 0.75517 0.18605 0.24299 0.71890 0.61058 
575	6	0.30829 0.72747 0.24046 0.21822 0.68640 0.64165 
576	6	0.28132 0.62855 0.43715 0.16105 0.52877 0.70882 
577	6	0.34493 0.79681 0.21264 0.21390 0.69676 0.64722 
578	6	0.26799 0.60463 0.47898 0.14997 0.50417 0.70721 
579	6	0.27549 0.82317 0.19153 0.19725 0.72462 0.65464 
580	6	0.35209 0.86286 0.17495 0.20858 0.74685 0.61526 
581	6	0.33408 0.84144 0.18260 0.20662 0.75223 0.62585 
582	6	0.31480 0.85037 0.22261 0.18125 0.72324 0.64614 
583	6	0.26008 0.84808 0.26488 0.16405 0.70828 0.65273 
584	6	0.29395 0.71737 0.26483 0.20299 0.68800 0.62500 
585	6	0.36563 0.64424 0.35693 0.19319 0.45928 0.69240 
586	6	0.68356 0.70271 0.10645 0.50008 0.59755 0.45052 
587	6	0.27881 0.75172 0.32006 0.16680 0.65831 0.65903 
588	6	0.30835 0.76529 0.29165 0.18111 0.67384 0.64965 
589	6	0.27732 0.78751 0.27944 0.16648 0.67074 0.68070 
590	6	0.23567 0.83632 0.30343 0.12120 0.64291 0.75134 
591	6	0.26160 0.71622 0.41515 0.13943 0.55743 0.73000 
592	6	0.29061 0.71041 0.27402 0.20359 0.67338 0.64842 
593	6	0.33263 0.85140 0.17956 0.20110 0.73123 0.63576 
594	6	0.26771 0.77622 0.34503 0.15030 0.64116 0.68160 
595	6	0.28187 0.82156 0.16378 0.21344 0.75606 0.60778 
596	6	0.41593 0.72959 0.32761 0.22748 0.61356 0.67469 
597	6	0.32407 0.82052 0.31851 0.15235 0.60971 0.74701 
598	6	0.37669 0.79774 0.22310 0.21747 0.67860 0.65480 
599	6	0.26829 0.76074 0.27902 0.17276 0.64085 0.69338 
600	7	0.37660 0.93575 0.13637 0.30230 0.86397 0.51413 
601	7	0.44282 0.99186 0.03473 0.30489 0.94432 0.50334 
602	7	0.60015 0.98165 0.04614 0.44268 0.94946 0.40340 
603	7	0.71775 0.98143 0.03152 0.55970 0.94810 0.34816 
604	7	0.59163 0.98836 0.03454 0.42206 0.94731 0.43627 
605	7	0.51394 0.97675 0.05191 0.34658 0.93519 0.48411 
606	7	0.68562 0.97818 0.03681 0.51433 0.94011 0.39948 
607	7	0.28082 0.98730 0.12232 0.15344 0.84590 0.71380 
608	7	0.17984 0.95556 0.28009 0.06753 0.67711 0.85938 
609	7	0.16158 0.94428 0.28222 0.05194 0.68363 0.87647 
610	7	0.14551 0.94063 0.28103 0.06042 0.67755 0.85692 
611	7	0.14499 0.93657 0.29040 0.07749 0.66351 0.82997 
612	7	0.38666 0.99501 0.09313 0.21135 0.88671 0.66540 
613	7	0.36849 0.98158 0.15482 0.18888 0.81815 0.71682 
614	7	0.24146 0.97955 0.17698 0.11868 0.79954 0.77611 
615	7	0.24567 0.97198 0.15152 0.13088 0.80933 0.75674 
616	7	0.25804 1.00000 0.06769 0.14838 0.90599 0.68762 
617	7	0.41439 0.99390 0.09348 0.22188 0.89211 0.67207 
618	7	0.43217 0.98956 0.11211 0.24004 0.86221 0.65788 
619	7	0.15084 0.96048 0.19918 0.10360 0.73118 0.79049 
620	7	0.16965 0.97964 0.15213 0.09453 0.81272 0.78962 
621	7	0.19154 0.96703 0.20129 0.08949 0.77548 0.81389 
622	7	0.24894 0.97824 0.16382 0.11777 0.80492 0.77244 
623	7	0.28030 0.97620 0.17120 0.12649 0.80465 0.77687 
624	7	0.40438 0.98069 0.13867 0.21499 0.83785 0.68306 
625	7	0.88839 0.94676 0.01783 0.80427 0.97453 0.18859 
626	7	0.79090 0.96996 0.03737 0.65517 0.94757 0.31240 
627	7	0.76849 0.94823 0.06231 0.61797 0.92089 0.36181 
628	7	0.77584 0.95424 0.05802 0.62727 0.92896 0.35709 
629	7	0.81428 0.92894 0.05283 0.68561 0.93468 0.30598 
630	7	0.78510 0.93228 0.06572 0.64113 0.92489 0.34577 
631	7	0.84275 0.94058 0.04287 0.72971 0.94463 0.26614 
632	7	0.82737 0.95470 0.04044 0.70580 0.94866 0.28334 
633	7	0.81821 0.98700 0.02211 0.69282 0.97086 0.28183 
634	7	0.71746 0.94704 0.07909 0.55161 0.88170 0.41030 
635	7	0.80225 0.94391 0.06111 0.67067 0.93101 0.30841 
636	7	0.84562 0.93605 0.05875 0.73470 0.93227 0.26397 
637	7	0.85398 0.92187 0.05896 0.74664 0.92750 0.26218 
638	7	0.93063 0.91595 0.02943 0.87557 0.96460 0.13861 
639	7	0.83010 0.97072 0.03622 0.71236 0.95671 0.26644 
640	7	0.85314 0.95788 0.03140 0.74686 0.96404 0.24344 
641	7	0.91985 0.91242 0.03014 0.85697 0.95419 0.15323 
642	7	0.69936 0.94664 0.08668 0.53170 0.89692 0.41929 
643	7	0.36863 0.96867 0.12052 0.22084 0.85118 0.66940 
644	7	0.27916 0.96236 0.16205 0.17310 0.80783 0.71642 
645	7	0.25406 0.97869 0.12548 0.17227 0.82747 0.70676 
646	7	0.22048 0.95807 0.16432 0.16988 0.78329 0.73328 
647	7	0.25833 0.96216 0.16252 0.18699 0.78792 0.71236 
648	7	0.27261 0.98890 0.07552 0.19263 0.90768 0.67367 
649	7	0.21382 0.95712 0.17970 0.15656 0.77212 0.74581 
650	7	0.20390 0.95773 0.17235 0.13806 0.79173 0.75163 
651	7	0.17805 0.98449 0.10502 0.13218 0.86628 0.74382 
652	7	0.21705 0.97256 0.13711 0.15997 0.81860 0.72542 
653	7	0.45801 0.99223 0.05998 0.29758 0.92669 0.57429 
654	7	0.43839 0.97523 0.09781 0.28413 0.87056 0.60232 
655	7	0.44076 0.96593 0.12879 0.27944 0.83731 0.62084 
656	7	0.43874 0.99060 0.05848 0.26903 0.92543 0.61267 
657	7	0.42489 0.99357 0.05989 0.26156 0.91951 0.61621 
658	7	0.44041 0.97384 0.10286 0.29260 0.87097 0.58461 
659	7	0.36213 0.98082 0.09601 0.22044 0.87404 0.65983 
660	7	0.45403 0.97471 0.08832 0.30240 0.88702 0.57533 
661	7	0.46393 0.97599 0.10240 0.30192 0.86787 0.58529 
662	7	0.26908 0.91352 0.10214 0.18900 0.77120 0.60118 
663	7	0.22215 0.89037 0.17397 0.18178 0.71442 0.65249 
664	7	0.31127 0.86377 0.19859 0.23409 0.77655 0.58638 
665	7	0.31979 0.80732 0.27924 0.22018 0.73393 0.60793 
666	7	0.34658 0.83372 0.23670 0.24624 0.76609 0.57420 
667	7	0.33232 0.70567 0.44222 0.18765 0.55935 0.67211 
668	7	0.22259 0.80564 0.29545 0.17393 0.67839 0.65400 
669	7	0.65088 0.74778 0.23840 0.45670 0.76989 0.48280 
670	7	0.44749 0.81269 0.27715 0.24686 0.65903 0.64434 
671	7	0.26867 0.77607 0.34555 0.16065 0.65928 0.68834 
672	7	0.22436 0.69157 0.44000 0.18252 0.60605 0.63939 
673	7	0.41643 0.39803 0.70863 0.22451 0.37824 0.64194 
674	7	0.66293 0.92890 0.07610 0.47501 0.84694 0.46966 
675	7	0.56873 0.91463 0.10696 0.36212 0.79195 0.55850 
676	7	0.49608 0.90483 0.10530 0.30359 0.82676 0.57738 
677	7	0.63259 0.91374 0.10695 0.43758 0.79809 0.50485 
678	7	0.67802 0.79868 0.18385 0.49073 0.76445 0.47547 
679	7	0.63421 0.77353 0.22465 0.43653 0.73379 0.53152 
680	7	0.63430 0.85041 0.16999 0.43553 0.75277 0.51884 
681	7	0.76480 0.76004 0.08863 0.61733 0.85995 0.34401 
682	7	0.69032 0.87477 0.12294 0.50901 0.80089 0.45582 
683	7	0.63186 0.87618 0.13331 0.43453 0.82602 0.50045 
684	7	0.53709 0.85081 0.17798 0.33094 0.77011 0.58221 
685	7	0.55940 0.83902 0.17847 0.35353 0.73189 0.57524 
686	7	0.76784 0.95357 0.03515 0.61969 0.93555 0.32875 
687	7	0.70712 0.95037 0.05314 0.53407 0.90755 0.40124 
688	7	0.72371 0.95667 0.03645 0.55950 0.93746 0.36847 
689	7	0.71241 0.92841 0.06067 0.54184 0.91882 0.39024 
690	7	0.68082 0.93896 0.05073 0.50669 0.91647 0.40727 
691	7	0.80149 0.97539 0.02085 0.66903 0.95363 0.28713 
692	7	0.72751 0.93839 0.05686 0.56267 0.89589 0.38043 
693	7	0.80017 0.96932 0.03415 0.66783 0.96079 0.28568 
694	7	0.79285 0.98973 0.01665 0.65605 0.96538 0.29732 
695	7	0.47922 0.92545 0.13693 0.27050 0.80744 0.65086 
696	7	0.69280 0.93706 0.05637 0.51782 0.92530 0.40327 
697	7	0.75953 0.95612 0.03584 0.60675 0.92697 0.34857 
698	7	0.67983 0.90164 0.08351 0.50142 0.87734 0.43492 
699	7	0.71250 0.95952 0.03658 0.54671 0.91750 0.37759 
700	8	0.44136 0.86951 0.13227 0.26110 0.59782 0.61829 
701	8	0.36632 0.85991 0.22701 0.18382 0.58051 0.71640 
702	8	0.31989 0.88692 0.19592 0.16938 0.59747 0.71299 
703	8	0.30053 0.90759 0.22620 0.15379 0.59535 0.75670 
704	8	0.27704 0.90130 0.19224 0.15362 0.63773 0.72496 
705	8	0.30458 0.89556 0.16404 0.18060 0.56765 0.70283 
706	8	0.34630 0.92593 0.16018 0.19519 0.64695 0.69606 
707	8	0.37742 0.86477 0.28190 0.18204 0.47764 0.74527 
708	8	0.29531 0.83550 0.35691 0.12779 0.41153 0.80205 
709	8	0.31835 0.84272 0.30444 0.14420 0.46940 0.76325 
710	8	0.27561 0.90947 0.26642 0.11368 0.52356 0.81979 
711	8	0.17652 0.82549 0.46203 0.06547 0.38577 0.86873 
712	8	0.25668 0.87929 0.29001 0.12970 0.53575 0.79309 
713	8	0.17177 0.91335 0.26313 0.10229 0.58044 0.81839 
714	8	0.24117 0.88548 0.23498 0.18148 0.69091 0.70704 
715	8	0.22390 0.91477 0.26995 0.13471 0.65279 0.78336 
716	8	0.20856 0.92977 0.21225 0.10549 0.50331 0.81788 
717	8	0.19176 0.93273 0.19840 0.11318 0.53165 0.80424 
718	8	0.16277 0.91753 0.25234 0.10069 0.53857 0.82274 
719	8	0.18522 0.91357 0.18661 0.13163 0.58268 0.74892 
720	8	0.19295 0.89180 0.20189 0.12802 0.61335 0.73717 
721	8	0.33106 0.90663 0.17709 0.18403 0.62753 0.70450 
722	8	0.13957 0.91038 0.27475 0.09726 0.59705 0.81389 
723	8	0.23008 0.90891 0.25964 0.14056 0.64945 0.76008 
724	8	0.23498 0.86054 0.25445 0.19872 0.66117 0.68404 
725	8	0.35747 0.88975 0.18743 0.22259 0.76559 0.63773 
726	8	0.33076 0.90244 0.21263 0.20336 0.73626 0.68361 
727	8	0.37179 0.88823 0.17234 0.24133 0.77738 0.62574 
728	8	0.30305 0.90735 0.16532 0.21195 0.79115 0.64695 
729	8	0.41609 0.90849 0.16623 0.26427 0.76650 0.62257 
730	8	0.37692 0.91307 0.18331 0.24193 0.74043 0.65088 
731	8	0.48377 0.90053 0.10003 0.32882 0.78961 0.53837 
732	8	0.40559 0.91640 0.15084 0.25483 0.76714 0.62930 
733	8	0.41574 0.92349 0.15171 0.26631 0.77900 0.61624 
734	8	0.40637 0.92910 0.11118 0.26319 0.79341 0.60295 
735	8	0.76596 0.86939 0.10040 0.61638 0.85549 0.36059 
736	8	0.76120 0.90428 0.11303 0.60703 0.85486 0.38481 
737	8	0.89793 0.85410 0.04287 0.81966 0.92935 0.18877 
738	8	0.80756 0.88838 0.06790 0.67608 0.88343 0.30849 
739	8	0.80641 0.91821 0.08261 0.67270 0.88052 0.32743 
740	8	0.82419 0.92173 0.10433 0.69915 0.85690 0.31994 
741	8	0.87085 0.91808 0.05488 0.77408 0.91234 0.23732 
742	8	0.75663 0.90419 0.09828 0.60238 0.86951 0.37707 
743	8	0.67951 0.92396 0.12410 0.49823 0.81864 0.47026 
744	8	0.74942 0.89936 0.08878 0.59156 0.86272 0.37995 
745	8	0.69196 0.92062 0.10633 0.51608 0.84097 0.44533 
746	8	0.82307 0.90915 0.05058 0.70002 0.91011 0.28502 
747	8	0.89938 0.93698 0.02072 0.82215 0.95093 0.18072 
748	8	0.74543 0.88682 0.08355 0.59121 0.87509 0.36401 
749	8	0.90088 0.85363 0.03941 0.82450 0.92533 0.18436 
750	8	0.87034 0.89178 0.03779 0.77514 0.93377 0.21834 
751	8	0.90494 0.85750 0.04670 0.83094 0.92208 0.18405 
752	8	0.76490 0.89429 0.11100 0.61405 0.85368 0.37464 
753	8	0.80953 0.89300 0.08227 0.67919 0.88336 0.31632 
754	8	0.65608 0.91184 0.12457 0.46629 0.80189 0.49479 
755	8	0.75842 0.91562 0.09392 0.60261 0.86051 0.38237 
756	8	0.76487 0.91471 0.09121 0.61106 0.86199 0.37479 
757	8	0.85174 0.87168 0.08764 0.74293 0.87167 0.27551 
758	8	0.76774 0.91822 0.05477 0.62201 0.89528 0.33452 
759	8	0.86550 0.91156 0.05904 0.76531 0.90901 0.24571 
760	8	0.88472 0.92905 0.05197 0.79696 0.91963 0.22008 
761	8	0.21023 0.82988 0.34107 0.13754 0.47671 0.75799 
762	8	0.32126 0.75827 0.54884 0.14653 0.32782 0.80607 
763	8	0.80240 0.39956 0.40353 0.66276 0.62874 0.37762 
764	8	0.57433 0.97351 0.03210 0.40695 0.92462 0.45242 
765	8	0.59653 0.87736 0.08229 0.42179 0.82040 0.47243 
766	8	0.50513 0.91206 0.11229 0.33067 0.81492 0.55263 
767	8	0.37665 0.89956 0.25877 0.17851 0.62975 0.74705 
768	8	0.51254 0.92872 0.16783 0.30543 0.75386 0.62048 
769	8	0.21399 0.72257 0.55352 0.08136 0.20958 0.84719 
770	8	0.47224 0.21621 0.96705 0.25701 0.09919 0.67298 
771	8	0.71991 0.15033 0.65610 0.54230 0.41285 0.46401 
772	8	0.66855 0.00000 0.79812 0.47888 0.30211 0.47909 
773	8	0.75040 0.43880 0.47492 0.58455 0.58070 0.44767 
774	8	0.49258 0.49320 0.76222 0.26676 0.23406 0.70447 
775	8	0.39441 0.89819 0.20623 0.19604 0.55342 0.71082 
776	8	0.50245 0.88135 0.07922 0.35057 0.79687 0.50380 
777	8	0.58357 0.88356 0.04539 0.42244 0.82061 0.43656 
778	8	0.41905 0.86224 0.09282 0.30228 0.80273 0.53032 
779	8	0.44565 0.89202 0.08367 0.31703 0.82296 0.51930 
780	8	0.56583 0.89365 0.04702 0.40901 0.83358 0.44213 
781	8	0.54568 0.83687 0.06093 0.39274 0.81346 0.45494 
782	8	0.45552 0.80626 0.08322 0.33316 0.79393 0.49204 
783	8	0.37547 0.74219 0.12944 0.27302 0.68553 0.55594 
784	8	0.33777 0.70385 0.26081 0.20609 0.54097 0.65551 
785	8	0.08528 0.84444 0.37230 0.03704 0.25768 0.86773 
786	8	0.10576 0.85650 0.38960 0.03795 0.25659 0.87205 
787	8	0.15307 0.74375 0.39844 0.07346 0.25652 0.79336 
788	8	0.12902 0.71865 0.43882 0.07368 0.22373 0.79768 
789	8	0.13770 0.60638 0.67414 0.07444 0.14579 0.83084 
790	8	0.32747 0.46084 1.00000 0.12765 0.00000 0.81854 
791	8	0.53441 0.43987 0.79219 0.30492 0.21688 0.70161 
792	8	0.62107 0.27440 0.78704 0.41048 0.26337 0.58896 
793	8	0.61765 0.47580 0.70360 0.40597 0.35737 0.60267 
794	8	0.23406 0.92313 0.23860 0.17010 0.72546 0.70031 
795	8	0.25290 0.88921 0.34034 0.12912 0.64758 0.74975 
796	8	0.23157 0.87878 0.36289 0.11094 0.63556 0.78249 
797	8	0.23133 0.87226 0.38884 0.09772 0.59430 0.81151 
798	8	0.21301 0.91810 0.24965 0.17542 0.71671 0.68872 
799	8	0.20568 0.89679 0.33217 0.12082 0.65427 0.76116 
800	9	0.89429 0.90095 0.02939 0.81288 0.93930 0.21045 
801	9	0.81173 0.89439 0.03961 0.68166 0.90335 0.31786 
802	9	0.74258 0.93884 0.08592 0.57584 0.85768 0.45061 
803	9	0.87426 0.85210 0.04271 0.77978 0.91843 0.23815 
804	9	0.73799 0.86413 0.03593 0.58907 0.92084 0.33721 
805	9	0.53589 0.93438 0.13360 0.32858 0.76374 0.64254 
806	9	0.80485 0.88457 0.08867 0.66884 0.86833 0.35779 
807	9	0.87187 0.84477 0.02149 0.77787 0.93624 0.21660 
808	9	0.82541 0.92599 0.05209 0.70196 0.91322 0.29921 
809	9	0.93822 0.85714 0.02220 0.88854 0.96828 0.12596 
810	9	0.89451 0.91836 0.03712 0.81283 0.93319 0.21602 
811	9	0.91029 0.78304 0.03112 0.84039 0.94779 0.17333 
812	9	0.81250 0.91070 0.08173 0.67984 0.88583 0.35030 
813	9	0.66577 0.93380 0.12104 0.47016 0.81927 0.54853 
814	9	0.74793 0.90299 0.09708 0.58356 0.85615 0.44056 
815	9	0.71680 0.89533 0.13063 0.53902 0.81700 0.48881 
816	9	0.82428 0.87708 0.04203 0.70159 0.91448 0.29383 
817	9	0.88574 0.90140 0.03410 0.79893 0.94390 0.21414 
818	9	0.85575 0.88640 0.03490 0.74936 0.92428 0.27064 
819	9	0.90550 0.94163 0.00465 0.83364 0.97986 0.15321 
820	9	0.89699 0.79171 0.01367 0.81887 0.93731 0.17931 
821	9	0.82616 0.91250 0.03231 0.70399 0.91533 0.29357 
822	9	0.94405 0.89398 0.00402 0.89879 0.96703 0.10871 
823	9	0.82417 0.91694 0.02395 0.70132 0.90413 0.29328 
824	9	0.81530 0.93751 0.02708 0.68692 0.91046 0.30997 
825	9	0.93877 0.91096 0.00308 0.88962 0.97211 0.11523 
826	9	0.80276 0.90083 0.06595 0.66582 0.87343 0.35412 
827	9	0.92656 0.88154 0.01493 0.86812 0.96098 0.14757 
828	9	0.94128 0.85235 0.01195 0.89417 0.97145 0.11535 
829	9	0.93069 0.90077 0.01921 0.87523 0.96657 0.14200 
830	9	0.66346 0.85200 0.05082 0.49154 0.87199 0.42661 
831	9	0.78200 0.87162 0.02442 0.65050 0.93635 0.27946 
832	9	0.59594 0.91933 0.06969 0.41809 0.87241 0.49297 
833	9	0.56225 0.97408 0.03553 0.38754 0.90429 0.49505 
834	9	0.71140 0.95209 0.03548 0.54896 0.91341 0.38643 
835	9	0.57398 0.95852 0.07287 0.37909 0.83340 0.55777 
836	9	0.47821 0.95277 0.06540 0.29074 0.82053 0.62720 
837	9	0.72282 0.88055 0.11372 0.55182 0.85413 0.43456 
838	9	0.72510 0.95803 0.04331 0.55573 0.90080 0.42480 
839	9	0.72063 0.91873 0.04466 0.56167 0.91647 0.37872 
840	9	0.88183 0.89393 0.04463 0.79201 0.93189 0.22880 
841	9	0.84960 0.84784 0.09031 0.73840 0.88396 0.29552 
842	9	0.92137 0.92710 0.00816 0.85960 0.98057 0.14459 
843	9	0.92046 0.85352 0.02545 0.85761 0.95862 0.16109 
844	9	0.93857 0.83387 0.00314 0.88988 0.97255 0.10855 
845	9	0.96001 0.96295 0.00066 0.92735 0.99244 0.07476 
846	9	0.93229 0.91506 0.00267 0.87947 0.98739 0.11179 
847	9	0.91541 0.90748 0.00237 0.85109 0.97635 0.13328 
848	9	0.89600 0.92447 0.01348 0.81692 0.95988 0.18575 
849	9	0.83311 0.83986 0.09011 0.71274 0.88142 0.31453 
850	9	0.83636 0.90357 0.05098 0.71794 0.91673 0.29974 
851	9	0.82516 0.82827 0.06618 0.70247 0.91138 0.30310 
852	9	0.88834 0.92157 0.02452 0.80385 0.95971 0.20255 
853	9	0.71291 0.88655 0.09727 0.53931 0.85998 0.45578 
854	9	0.71346 0.91167 0.11178 0.53486 0.84594 0.48034 
855	9	0.66182 0.86290 0.14321 0.47016 0.81776 0.51805 
856	9	0.64306 0.92012 0.12367 0.44475 0.82690 0.53444 
857	9	0.83352 0.88319 0.08237 0.71384 0.88903 0.30154 
858	9	0.89318 0.87276 0.03753 0.81114 0.94132 0.21125 
859	9	0.75803 0.88281 0.07875 0.60274 0.87148 0.38884 
860	9	0.72226 0.85994 0.14329 0.54911 0.82280 0.45605 
861	9	0.69336 0.87390 0.13447 0.51102 0.82095 0.48605 
862	9	0.69975 0.89594 0.12651 0.51837 0.83874 0.47323 
863	9	0.85983 0.89921 0.06194 0.75536 0.91179 0.27456 
864	9	0.49447 0.92626 0.11071 0.30319 0.79459 0.63500 
865	9	0.72337 0.89415 0.08122 0.55535 0.86206 0.41956 
866	9	0.72368 0.89865 0.07015 0.55996 0.89155 0.40522 
867	9	0.76571 0.87105 0.05759 0.61799 0.89164 0.34553 
868	9	0.36199 0.89686 0.11369 0.23394 0.80105 0.64363 
869	9	0.51495 0.71643 0.35382 0.31631 0.66853 0.60699 
870	9	0.45183 0.69214 0.42845 0.29053 0.61772 0.58437 
871	9	0.48935 0.86648 0.15554 0.28684 0.67049 0.63956 
872	9	0.23183 0.92576 0.21217 0.10214 0.63487 0.83079 
873	9	0.33919 0.94721 0.07060 0.25097 0.85278 0.58652 
874	9	0.35830 0.94791 0.07671 0.24451 0.85977 0.61147 
875	9	0.64204 0.50926 0.45191 0.44041 0.59007 0.54730 
876	9	0.80844 0.27523 0.18989 0.67736 0.81949 0.31708 
877	9	0.78552 0.85122 0.08173 0.64080 0.88073 0.37029 
878	9	0.85807 0.80634 0.06444 0.75415 0.91549 0.26434 
879	9	0.79985 0.64854 0.13062 0.66289 0.84929 0.34941 
880	9	0.82423 0.74958 0.12914 0.69854 0.85773 0.33078 
881	9	0.80217 0.86839 0.09500 0.66471 0.88435 0.35606 
882	9	0.59545 0.87507 0.20572 0.38166 0.75654 0.63426 
883	9	0.66577 0.69225 0.30621 0.46820 0.68710 0.56470 
884	9	0.74365 0.94234 0.06099 0.57931 0.87197 0.42101 
885	9	0.85314 0.98130 0.02132 0.74523 0.95258 0.26299 
886	9	0.85442 0.92390 0.03953 0.74738 0.92847 0.26909 
887	9	0.81628 0.92936 0.05215 0.68710 0.90613 0.32174 
888	9	0.83794 0.91328 0.06083 0.72093 0.90791 0.29953 
889	9	0.82481 0.90114 0.05150 0.70086 0.91784 0.31157 
890	9	0.73971 0.88161 0.11796 0.57139 0.83283 0.45038 
891	9	0.78036 0.91796 0.07872 0.63178 0.88853 0.38000 
892	9	0.86969 0.89497 0.04547 0.77161 0.93141 0.25284 
893	9	0.72160 0.95692 0.07294 0.54802 0.86589 0.44697 
894	9	0.61543 0.92546 0.09473 0.42237 0.83172 0.51275 
895	9	0.51667 0.94692 0.09781 0.30398 0.76021 0.64194 
896	9	0.35007 0.93526 0.12532 0.18854 0.74902 0.71629 
897	9	0.54731 0.92694 0.06906 0.36484 0.82498 0.54616 
898	9	0.50940 0.93814 0.06519 0.33379 0.86006 0.56881 
899	9	0.43369 0.86309 0.28284 0.25792 0.69012 0.65918 
900	10	0.22206 0.92993 0.31692 0.07735 0.48527 0.89161 
901	10	0.18343 0.95231 0.30679 0.05105 0.56756 0.92168 
902	10	0.18294 0.95081 0.34321 0.04872 0.54466 0.93861 
903	10	0.18763 0.95881 0.24249 0.05739 0.58136 0.90049 
904	10	0.22866 0.96409 0.13918 0.14597 0.72608 0.73493 
905	10	0.22807 0.95051 0.29786 0.06581 0.58252 0.90921 
906	10	0.24980 0.96778 0.21883 0.07253 0.55799 0.89822 
907	10	0.24126 0.95380 0.32823 0.06986 0.52244 0.93458 
908	10	0.15050 0.94381 0.36611 0.02383 0.49538 0.98301 
909	10	0.10593 0.94570 0.37789 0.01448 0.53282 1.00000 
910	10	0.13984 0.95844 0.28411 0.04497 0.60686 0.91917 
911	10	0.19813 0.94477 0.38643 0.04277 0.52547 0.96674 
912	10	0.18887 0.93980 0.39840 0.03728 0.51758 0.99101 
913	10	0.20711 0.92933 0.31551 0.06062 0.60051 0.89415 
914	10	0.31103 0.92681 0.21102 0.15477 0.76157 0.72192 
915	10	0.10782 0.93332 0.33118 0.01668 0.56197 0.94117 
916	10	0.28435 0.95001 0.30111 0.10327 0.65852 0.86285 
917	10	0.15906 0.92981 0.33048 0.05194 0.57947 0.91505 
918	10	0.18086 0.93639 0.34037 0.05333 0.57544 0.91495 
919	10	0.29518 0.96417 0.25703 0.11157 0.68647 0.85329 
920	10	0.04248 0.94118 0.28389 0.00531 0.66429 0.94682 
921	10	0.14901 0.94358 0.28411 0.05550 0.68324 0.86538 
922	10	0.16818 0.94488 0.14255 0.12548 0.69780 0.73923 
923	10	0.15455 0.95265 0.25705 0.03977 0.70850 0.88868 
924	10	0.30008 0.93746 0.29381 0.11699 0.68914 0.81994 
925	10	0.14249 0.94475 0.25197 0.04813 0.70063 0.86873 
926	10	0.01382 0.92361 0.27343 0.01551 0.68141 0.91256 
927	10	0.00000 0.91012 0.31321 0.01316 0.65259 0.91057 
928	10	0.02024 0.92954 0.28297 0.01774 0.67969 0.89661 
929	10	0.11909 0.94388 0.24849 0.04070 0.70890 0.86357 
930	10	0.07030 0.96035 0.28541 0.00903 0.68236 0.93815 
931	10	0.24375 0.95807 0.31287 0.06917 0.65612 0.90884 
932	10	0.27602 0.91830 0.26948 0.12218 0.71138 0.76821 
933	10	0.11020 0.91919 0.35115 0.03818 0.60909 0.88826 
934	10	0.20984 0.90883 0.22721 0.11268 0.76034 0.73993 
935	10	0.24327 0.89759 0.35672 0.11016 0.65417 0.79443 
936	10	0.19849 0.95779 0.18108 0.13286 0.76806 0.73549 
937	10	0.29231 0.96249 0.13121 0.16923 0.79526 0.70958 
938	10	0.20452 0.95082 0.17580 0.10040 0.75162 0.79834 
939	10	0.35297 0.91982 0.14589 0.18404 0.75820 0.72266 
940	10	0.31677 0.91441 0.13549 0.18617 0.79168 0.68664 
941	10	0.50745 0.93330 0.21856 0.29184 0.73893 0.66903 
942	10	0.32875 0.92201 0.22457 0.14949 0.66427 0.78115 
943	10	0.33621 0.93762 0.23533 0.14633 0.72735 0.80013 
944	10	0.22512 0.93902 0.22366 0.10019 0.73538 0.84227 
945	10	0.25084 0.93732 0.21603 0.10945 0.70267 0.82910 
946	10	0.19559 0.94675 0.18375 0.10664 0.78055 0.78442 
947	10	0.07862 0.95709 0.22091 0.03994 0.74434 0.89525 
948	10	0.13253 0.94040 0.20982 0.08160 0.74808 0.84023 
949	10	0.70335 0.92096 0.06667 0.53277 0.87521 0.40619 
950	10	0.67755 0.93092 0.07447 0.49923 0.87774 0.43294 
951	10	0.49953 0.94890 0.09966 0.32357 0.79316 0.56114 
952	10	0.35233 0.95714 0.15292 0.18252 0.78403 0.71856 
953	10	0.32762 0.90885 0.12703 0.22407 0.77407 0.66045 
954	10	0.23387 0.92588 0.20188 0.12105 0.69481 0.80939 
955	10	0.22945 0.90773 0.25524 0.10106 0.71278 0.81306 
956	10	0.09442 0.90922 0.34304 0.02361 0.61024 0.95164 
957	10	0.17846 0.94280 0.19663 0.09731 0.76260 0.80933 
958	10	0.25365 0.93452 0.21678 0.14529 0.76328 0.74656 
959	10	0.33402 0.94089 0.21374 0.16053 0.76491 0.76836 
960	10	0.14290 0.94309 0.29755 0.03634 0.61167 0.93443 
961	10	0.34142 0.92197 0.19127 0.17828 0.74341 0.73065 
962	10	0.28627 0.93369 0.23367 0.11432 0.69020 0.83323 
963	10	0.23423 0.93251 0.09749 0.17693 0.75077 0.66612 
964	10	0.21102 0.92288 0.15016 0.16967 0.73833 0.70267 
965	10	0.26781 0.89262 0.23174 0.15034 0.67633 0.75822 
966	10	0.25937 0.92212 0.11715 0.20345 0.80239 0.67447 
967	10	0.16369 0.93933 0.31124 0.04789 0.57749 0.92342 
968	10	0.43249 0.94878 0.25846 0.21262 0.70798 0.77483 
969	10	0.64682 0.93948 0.18883 0.44473 0.76221 0.57489 
970	10	0.15420 0.93271 0.21999 0.08393 0.68900 0.81418 
971	10	0.36459 0.92577 0.31613 0.16218 0.65145 0.81572 
972	10	0.36112 0.92522 0.38908 0.16173 0.59651 0.84393 
973	10	0.38325 0.94943 0.25374 0.18029 0.69398 0.77740 
974	10	0.44864 0.95381 0.24858 0.24016 0.70877 0.73822 
975	10	0.18042 0.95418 0.34865 0.03470 0.61861 0.98977 
976	10	0.03862 0.93065 0.37985 0.00197 0.59727 0.97240 
977	10	0.28046 0.94172 0.36256 0.09360 0.59897 0.89587 
978	10	0.40998 0.95799 0.25251 0.20218 0.70745 0.75485 
979	10	0.03188 0.91759 0.36010 0.00000 0.59994 0.95789 
980	10	0.08020 0.92158 0.29434 0.03761 0.64857 0.90229 
981	10	0.25430 0.94800 0.26144 0.08670 0.66860 0.89857 
982	10	0.26088 0.96516 0.20889 0.10340 0.73783 0.82265 
983	10	0.11937 0.94351 0.22323 0.05350 0.70859 0.86603 
984	10	0.18691 0.96487 0.20789 0.05768 0.72358 0.87085 
985	10	0.33429 0.96898 0.19554 0.13847 0.75672 0.80476 
986	10	0.37608 0.94427 0.19916 0.17832 0.76541 0.73813 
987	10	0.30579 0.94427 0.20289 0.12836 0.73902 0.81768 
988	10	0.38572 0.94993 0.17843 0.18228 0.77236 0.74991 
989	10	0.03562 0.91498 0.31992 0.01282 0.59875 0.92244 
990	10	0.31695 0.95451 0.24782 0.12740 0.71853 0.81082 
991	10	0.41704 0.96343 0.17781 0.20546 0.75799 0.73245 
992	10	0.18102 0.95207 0.28443 0.05383 0.68993 0.87473 
993	10	0.34892 0.92014 0.24468 0.15407 0.68676 0.78682 
994	10	0.57992 0.94586 0.10156 0.37753 0.84073 0.54084 
995	10	0.28104 0.94443 0.34413 0.10262 0.62627 0.85807 
996	10	0.15167 0.93909 0.25536 0.05017 0.68926 0.86529 
997	10	0.49809 0.96526 0.11660 0.29589 0.82133 0.60976 
998	10	0.28632 0.93968 0.27091 0.11109 0.70558 0.81033 
999	10	0.60888 0.94419 0.08226 0.41377 0.86477 0.49846 
1000	11	0.56884 0.99233 0.05259 0.39949 0.94898 0.46267 
1001	11	0.45908 0.97211 0.13345 0.28759 0.88914 0.57117 
1002	11	0.76288 0.96929 0.08020 0.60867 0.91406 0.37192 
1003	11	0.88576 0.97593 0.03605 0.79830 0.95641 0.22492 
1004	11	0.88755 0.97644 0.03369 0.80126 0.95584 0.22225 
1005	11	0.85650 0.96120 0.05185 0.75058 0.93903 0.26771 
1006	11	0.78911 0.96986 0.07001 0.64550 0.92124 0.36013 
1007	11	0.91832 0.96180 0.02749 0.85358 0.96531 0.17062 
1008	11	0.83661 0.95906 0.05072 0.71895 0.93300 0.29466 
1009	11	0.86404 0.96540 0.04847 0.76254 0.94035 0.25926 
1010	11	0.86781 0.96690 0.04117 0.76894 0.95095 0.25089 
1011	11	0.89403 0.96100 0.03757 0.81238 0.95150 0.21935 
1012	11	0.84443 0.96675 0.04871 0.73089 0.93675 0.28703 
1013	11	0.85573 0.96203 0.05095 0.74900 0.93838 0.27217 
1014	11	0.92088 0.96480 0.02601 0.85804 0.96686 0.16537 
1015	11	0.86857 0.96038 0.04275 0.77000 0.94174 0.25209 
1016	11	0.85656 0.95024 0.04695 0.75016 0.93666 0.28070 
1017	11	0.65187 0.95167 0.07158 0.45910 0.86561 0.53396 
1018	11	0.83087 0.95215 0.05687 0.70896 0.92382 0.32055 
1019	11	0.81556 0.93938 0.03325 0.68634 0.91900 0.32836 
1020	11	0.46316 0.92987 0.14699 0.26198 0.81876 0.67353 
1021	11	0.52501 0.93163 0.12972 0.32221 0.84609 0.60979 
1022	11	0.84475 0.96247 0.05914 0.73264 0.93118 0.27638 
1023	11	0.90243 0.95382 0.03788 0.82673 0.95472 0.19154 
1024	11	0.90609 0.95520 0.03237 0.83318 0.95840 0.18089 
1025	11	0.80433 0.97972 0.06030 0.67014 0.93667 0.31904 
1026	11	0.81200 0.97773 0.05766 0.68214 0.93940 0.30595 
1027	11	0.86639 0.96718 0.04457 0.76744 0.95075 0.23915 
1028	11	0.84250 0.97325 0.05096 0.72915 0.94581 0.27259 
1029	11	0.81833 0.97726 0.06069 0.69112 0.93856 0.30424 
1030	11	0.85793 0.97695 0.04864 0.75357 0.95113 0.24901 
1031	11	0.82904 0.97167 0.05304 0.70797 0.94154 0.28941 
1032	11	0.81792 0.97303 0.05961 0.69021 0.92920 0.31020 
1033	11	0.86452 0.96781 0.05050 0.76411 0.94808 0.24291 
1034	11	0.84830 0.97741 0.05451 0.73815 0.94500 0.26188 
1035	11	0.84686 0.97483 0.05244 0.73587 0.94449 0.26840 
1036	11	0.92704 0.96422 0.02525 0.86927 0.97612 0.14213 
1037	11	0.92871 0.96541 0.02539 0.87214 0.97514 0.14126 
1038	11	0.63684 0.98648 0.09209 0.44563 0.90808 0.47371 
1039	11	0.72988 0.98485 0.07351 0.56336 0.92511 0.39232 
1040	11	0.78735 0.97342 0.06676 0.64467 0.92158 0.34300 
1041	11	0.79575 0.98397 0.06262 0.65606 0.93214 0.33913 
1042	11	0.86975 0.97141 0.04398 0.77347 0.95529 0.22657 
1043	11	0.89741 0.95278 0.03777 0.81805 0.95485 0.20553 
1044	11	0.76050 0.96482 0.07505 0.60332 0.90398 0.39877 
1045	11	0.86377 0.96716 0.04172 0.76201 0.94532 0.26237 
1046	11	0.87913 0.96545 0.04437 0.78752 0.95062 0.22941 
1047	11	0.90757 0.96870 0.03338 0.83589 0.96617 0.17427 
1048	11	0.61282 0.98308 0.09370 0.41397 0.89798 0.52462 
1049	11	0.54872 0.97345 0.09912 0.35029 0.88144 0.55325 
1050	11	0.76856 0.97637 0.07287 0.61868 0.93245 0.35572 
1051	11	0.64358 0.96728 0.10674 0.46207 0.89882 0.46399 
1052	11	0.79117 0.97852 0.07150 0.64961 0.92827 0.34525 
1053	11	0.83690 0.95433 0.06766 0.71873 0.92477 0.30384 
1054	11	0.95785 0.94735 0.01799 0.92302 0.97876 0.09872 
1055	11	0.95568 0.94593 0.01721 0.91919 0.98044 0.10054 
1056	11	0.83571 0.96095 0.06591 0.71730 0.92545 0.29742 
1057	11	0.85390 0.97897 0.04607 0.74636 0.94674 0.26827 
1058	11	0.94986 0.94774 0.01915 0.90883 0.97866 0.11249 
1059	11	0.78840 0.98158 0.06425 0.64515 0.92758 0.34880 
1060	11	0.85665 0.97332 0.05034 0.75110 0.94919 0.25899 
1061	11	0.82911 0.96333 0.06391 0.70691 0.93098 0.30986 
1062	11	0.80974 0.97670 0.06402 0.67697 0.93310 0.32941 
1063	11	0.83172 0.97448 0.05974 0.71112 0.94045 0.29782 
1064	11	0.85357 0.97338 0.05125 0.74563 0.94204 0.27303 
1065	11	0.79364 0.97571 0.06462 0.65243 0.92573 0.35374 
1066	11	0.85441 0.96626 0.04893 0.74646 0.94227 0.27650 
1067	11	0.74979 0.96741 0.07954 0.58620 0.90284 0.42409 
1068	11	0.89173 0.93941 0.03989 0.80827 0.94555 0.22365 
1069	11	0.51190 0.93899 0.09130 0.32683 0.86033 0.59486 
1070	11	0.88070 0.96275 0.03832 0.79016 0.94885 0.23344 
1071	11	0.67226 0.94671 0.04985 0.50332 0.90415 0.42820 
1072	11	0.80497 0.97409 0.07197 0.67125 0.93320 0.31933 
1073	11	0.72950 0.96020 0.10494 0.56154 0.89450 0.42234 
1074	11	0.74374 0.98026 0.06723 0.58459 0.93216 0.38018 
1075	11	0.74785 0.97274 0.08885 0.58710 0.91145 0.39049 
1076	11	0.78611 0.96786 0.08096 0.64240 0.92002 0.34900 
1077	11	0.78615 0.97818 0.06252 0.64422 0.93795 0.33393 
1078	11	0.81593 0.97355 0.06238 0.68861 0.94126 0.30178 
1079	11	0.66714 0.95694 0.12222 0.48973 0.88809 0.44771 
1080	11	0.53175 0.96656 0.11403 0.35119 0.89197 0.52679 
1081	11	0.53133 0.95266 0.15606 0.34443 0.84868 0.56382 
1082	11	0.54235 0.97667 0.11057 0.35223 0.90308 0.53357 
1083	11	0.68525 0.97864 0.08918 0.50517 0.90763 0.44494 
1084	11	0.68658 0.96916 0.10488 0.50335 0.89411 0.46220 
1085	11	0.69641 0.95755 0.11929 0.51868 0.87679 0.44386 
1086	11	0.72984 0.97033 0.09671 0.56343 0.90268 0.40765 
1087	11	0.88723 0.94752 0.05227 0.80292 0.95472 0.19581 
1088	11	0.75354 0.99144 0.06181 0.59687 0.93033 0.36393 
1089	11	0.71276 0.99340 0.05353 0.54075 0.93192 0.40659 
1090	11	0.70372 0.98702 0.07897 0.52790 0.91237 0.42060 
1091	11	0.71541 0.98654 0.07371 0.54326 0.91695 0.40751 
1092	11	0.84824 0.99049 0.03774 0.73863 0.95952 0.25167 
1093	11	0.83465 0.98895 0.04412 0.71673 0.95070 0.27429 
1094	11	0.81374 0.98970 0.04888 0.68468 0.94547 0.29747 
1095	11	0.77262 0.98579 0.06663 0.62355 0.92848 0.34588 
1096	11	0.92758 0.97738 0.02275 0.87000 0.97457 0.14271 
1097	11	0.94009 0.96725 0.02407 0.89170 0.97666 0.12444 
1098	11	0.90198 0.97989 0.03223 0.82594 0.96204 0.18830 
1099	11	0.86739 0.97494 0.04498 0.76866 0.95403 0.23718 
1100	12	0.54827 0.92160 0.13217 0.34962 0.85514 0.56839 
1101	12	0.65659 0.90350 0.09985 0.45881 0.85276 0.53283 
1102	12	0.67178 0.92295 0.10542 0.48298 0.86504 0.49406 
1103	12	0.51041 0.93380 0.13861 0.28132 0.81571 0.73840 
1104	12	0.50638 0.93908 0.11229 0.30339 0.85916 0.63221 
1105	12	0.44956 0.95024 0.12542 0.26562 0.84088 0.64635 
1106	12	0.38601 0.95049 0.12764 0.25707 0.86748 0.60455 
1107	12	0.29215 0.96341 0.12055 0.20448 0.85118 0.66949 
1108	12	0.73487 0.93616 0.07115 0.56848 0.90797 0.40442 
1109	12	0.50033 0.95709 0.08728 0.29846 0.87128 0.62285 
1110	12	0.37608 0.95853 0.11488 0.22302 0.85915 0.66832 
1111	12	0.27482 0.96289 0.11345 0.21655 0.85952 0.66265 
1112	12	0.28699 0.96071 0.09789 0.19730 0.86486 0.66669 
1113	12	0.54928 0.97323 0.06746 0.36284 0.89940 0.54001 
1114	12	0.78857 0.96428 0.04916 0.65185 0.93999 0.31621 
1115	12	0.82051 0.96661 0.04693 0.69691 0.94245 0.29110 
1116	12	0.76363 0.95564 0.08394 0.61085 0.89932 0.38801 
1117	12	0.62299 0.96622 0.08933 0.43473 0.88061 0.49839 
1118	12	0.78744 0.96367 0.04655 0.64949 0.94665 0.31526 
1119	12	0.40488 0.95677 0.11755 0.26890 0.87953 0.59720 
1120	12	0.74701 0.94417 0.07625 0.58188 0.90367 0.43690 
1121	12	0.71518 0.94635 0.07465 0.54260 0.90760 0.43438 
1122	12	0.76018 0.93906 0.07726 0.60300 0.89740 0.39868 
1123	12	0.67661 0.94967 0.06945 0.48833 0.91404 0.48182 
1124	12	0.50757 0.94735 0.13279 0.28935 0.82189 0.67270 
1125	12	0.63140 0.93819 0.08451 0.44322 0.89088 0.48702 
1126	12	0.46586 0.93802 0.13476 0.31001 0.86294 0.56255 
1127	12	0.38078 0.95808 0.10199 0.19634 0.85910 0.71480 
1128	12	0.77067 0.88273 0.08579 0.61757 0.90122 0.38673 
1129	12	0.53849 0.93937 0.12266 0.32479 0.83777 0.64251 
1130	12	0.77725 0.93635 0.06102 0.62863 0.91305 0.36341 
1131	12	0.87729 0.95895 0.02766 0.78511 0.96213 0.22095 
1132	12	0.87803 0.95650 0.02952 0.78612 0.96617 0.22214 
1133	12	0.87342 0.97602 0.01109 0.78015 0.97950 0.20245 
1134	12	0.80277 0.97976 0.02121 0.67065 0.95465 0.29683 
1135	12	0.67703 0.85981 0.12402 0.48792 0.83781 0.49297 
1136	12	0.73035 0.88915 0.08071 0.56070 0.88875 0.42679 
1137	12	0.75413 0.81720 0.07599 0.59538 0.89033 0.39033 
1138	12	0.68485 0.96481 0.04440 0.50332 0.94578 0.43105 
1139	12	0.46616 0.92634 0.14887 0.28815 0.83639 0.60489 
1140	12	0.60607 0.94382 0.10477 0.42145 0.88217 0.49840 
1141	12	0.66032 0.94280 0.08810 0.48027 0.88686 0.45497 
1142	12	0.94639 0.86954 0.01478 0.90265 0.97380 0.11528 
1143	12	0.69915 0.87637 0.10345 0.51817 0.87629 0.45461 
1144	12	0.76730 0.80780 0.04596 0.61939 0.91582 0.34633 
1145	12	0.80240 0.86939 0.05314 0.66771 0.90277 0.31670 
1146	12	0.81125 0.89043 0.05806 0.67877 0.90751 0.32499 
1147	12	0.30009 0.94279 0.13308 0.17349 0.83686 0.68026 
1148	12	0.34561 0.94839 0.09157 0.21733 0.90145 0.63155 
1149	12	0.78779 0.95292 0.04756 0.64823 0.94209 0.31329 
1150	12	0.72929 0.95067 0.06280 0.55856 0.91578 0.43004 
1151	12	0.78449 0.96635 0.04061 0.64110 0.93430 0.34012 
1152	12	0.76856 0.92523 0.06647 0.61917 0.91015 0.35385 
1153	12	0.77859 0.92005 0.07154 0.62990 0.90415 0.37337 
1154	12	0.31005 0.96408 0.10096 0.23300 0.88974 0.60368 
1155	12	0.65478 0.94146 0.07744 0.46495 0.89308 0.47349 
1156	12	0.68380 0.96661 0.05201 0.50671 0.93411 0.41913 
1157	12	0.90916 0.93273 0.01941 0.83808 0.97029 0.17446 
1158	12	0.74603 0.96214 0.05002 0.58938 0.92541 0.36222 
1159	12	0.80609 0.93086 0.02782 0.67343 0.95084 0.29617 
1160	12	0.82003 0.93007 0.04338 0.69752 0.94220 0.25930 
1161	12	0.76603 0.96192 0.03389 0.61299 0.95065 0.36151 
1162	12	0.71930 0.94992 0.04111 0.55263 0.94814 0.38536 
1163	12	0.93250 0.91622 0.01427 0.87864 0.98090 0.12885 
1164	12	0.96441 0.91055 0.00960 0.93496 0.98711 0.07410 
1165	12	0.89847 0.88046 0.02453 0.82107 0.96336 0.18036 
1166	12	0.90899 0.93013 0.02582 0.83857 0.96191 0.16446 
1167	12	0.81771 0.91300 0.04643 0.69139 0.93622 0.28968 
1168	12	0.82895 0.98844 0.01983 0.71538 0.97094 0.23802 
1169	12	0.79349 0.97521 0.03527 0.65912 0.95098 0.30136 
1170	12	0.59706 0.98887 0.04108 0.44756 0.94950 0.39749 
1171	12	0.62032 0.97405 0.06050 0.44640 0.92102 0.45144 
1172	12	0.61651 0.99296 0.03249 0.47029 0.96793 0.36980 
1173	12	0.74317 0.99087 0.02602 0.60601 0.97161 0.28529 
1174	12	0.86525 0.94301 0.03031 0.76592 0.95924 0.22621 
1175	12	0.60887 0.96972 0.05830 0.45044 0.94045 0.38615 
1176	12	0.59234 0.92277 0.10370 0.42449 0.86405 0.42759 
1177	12	0.98373 0.78933 0.01209 0.97002 0.99010 0.03474 
1178	12	0.83521 0.83112 0.09218 0.72645 0.92159 0.21405 
1179	12	0.86652 0.75858 0.10414 0.77234 0.91355 0.18958 
1180	12	0.96790 0.75843 0.02663 0.94142 0.97829 0.06164 
1181	12	0.98408 0.85911 0.00857 0.97066 0.99272 0.03446 
1182	12	0.99305 0.72158 0.00740 0.98711 0.99354 0.01893 
1183	12	0.99578 0.73512 0.00383 0.99216 0.99686 0.01117 
1184	12	0.98902 0.69884 0.01161 0.97968 0.99069 0.02682 
1185	12	1.00000 0.70117 0.00000 1.00000 1.00000 0.00000 
1186	12	1.00000 0.70117 0.00000 1.00000 1.00000 0.00000 
1187	12	0.98378 0.92138 0.00525 0.97014 0.99570 0.03306 
1188	12	0.98430 0.93523 0.00435 0.97108 0.99644 0.03198 
1189	12	1.00000 0.93615 0.00000 1.00000 1.00000 0.00000 
1190	12	0.97272 0.82412 0.01725 0.95010 0.98591 0.05255 
1191	12	0.48199 0.95069 0.10589 0.36989 0.91550 0.43514 
1192	12	0.22482 0.95573 0.09470 0.20917 0.88648 0.57498 
1193	12	0.30019 0.75461 0.10807 0.29932 0.87472 0.48855 
1194	12	0.25909 0.95344 0.09915 0.21566 0.89319 0.55854 
1195	12	0.64017 0.95098 0.07412 0.45960 0.91968 0.42085 
1196	12	0.69384 0.96474 0.05229 0.52361 0.93494 0.38700 
1197	12	0.81367 0.95400 0.04298 0.69204 0.94799 0.25116 
1198	12	0.87906 0.96272 0.02836 0.79139 0.96615 0.18570 
1199	12	0.86072 0.89045 0.06194 0.75768 0.92302 0.25480 
1200	13	0.44115 0.96136 0.22445 0.22840 0.73794 0.74940 
1201	13	0.55506 0.95225 0.16013 0.34368 0.80054 0.62483 
1202	13	0.57382 0.96522 0.15241 0.36375 0.77824 0.61974 
1203	13	0.52889 0.96665 0.19744 0.30868 0.74908 0.69289 
1204	13	0.40033 0.96452 0.24004 0.18983 0.69686 0.79824 
1205	13	0.34183 0.96371 0.13370 0.23489 0.78970 0.64038 
1206	13	0.43606 0.95229 0.13433 0.26154 0.74806 0.63913 
1207	13	0.28551 0.95896 0.26821 0.11748 0.66199 0.86079 
1208	13	0.31506 0.95478 0.23341 0.14636 0.70257 0.80262 
1209	13	0.20794 0.96116 0.28099 0.07356 0.61597 0.92120 
1210	13	0.32280 0.96064 0.16389 0.18252 0.74189 0.72329 
1211	13	0.41429 0.95398 0.16348 0.23579 0.73007 0.68742 
1212	13	0.37992 0.96976 0.14946 0.20207 0.78137 0.71566 
1213	13	0.36760 0.95020 0.16680 0.20601 0.69760 0.71935 
1214	13	0.82154 0.97493 0.04887 0.69785 0.91939 0.29041 
1215	13	0.35721 0.97158 0.19009 0.16895 0.70960 0.78756 
1216	13	0.45146 0.97263 0.16014 0.24948 0.72404 0.70577 
1217	13	0.77524 0.95349 0.04753 0.63130 0.88812 0.34022 
1218	13	0.40403 0.96531 0.22211 0.19607 0.68452 0.78403 
1219	13	0.43447 0.97086 0.20287 0.22354 0.72100 0.75169 
1220	13	0.47011 0.96471 0.15255 0.26765 0.77188 0.67843 
1221	13	0.61337 0.97143 0.12007 0.41346 0.80614 0.55619 
1222	13	0.57951 0.95225 0.12048 0.37807 0.79497 0.56919 
1223	13	0.59671 0.97309 0.11030 0.39701 0.82209 0.55077 
1224	13	0.65569 0.95459 0.12077 0.46311 0.79265 0.52146 
1225	13	0.73530 0.95996 0.08124 0.56965 0.86302 0.41519 
1226	13	0.59764 0.96779 0.15361 0.38815 0.78682 0.60988 
1227	13	0.66712 0.96506 0.12290 0.47673 0.82280 0.51818 
1228	13	0.58812 0.97815 0.13389 0.37763 0.79435 0.61317 
1229	13	0.69336 0.96101 0.11272 0.51073 0.83106 0.47696 
1230	13	0.64705 0.97825 0.10181 0.45280 0.83733 0.51675 
1231	13	0.61386 0.96131 0.15635 0.41036 0.77483 0.58085 
1232	13	0.69127 0.97250 0.10118 0.50826 0.84319 0.48229 
1233	13	0.59132 0.98056 0.12957 0.38506 0.81071 0.59402 
1234	13	0.62045 0.95845 0.14157 0.41964 0.78748 0.56373 
1235	13	0.60004 0.97167 0.16823 0.39315 0.76749 0.59931 
1236	13	0.81371 0.95989 0.07635 0.68291 0.87169 0.33013 
1237	13	0.68511 0.96568 0.12218 0.49777 0.81733 0.50679 
1238	13	0.91613 0.89538 0.00341 0.85262 0.97239 0.12752 
1239	13	0.57768 0.96898 0.16847 0.36653 0.76099 0.62768 
1240	13	0.71466 0.96076 0.12378 0.53910 0.81777 0.45946 
1241	13	0.62387 0.95922 0.17908 0.42086 0.76932 0.57681 
1242	13	0.70619 0.95490 0.10058 0.52813 0.83566 0.45734 
1243	13	0.69242 0.96136 0.15163 0.50792 0.77915 0.50023 
1244	13	0.56110 0.96020 0.15008 0.35299 0.76936 0.60641 
1245	13	0.68298 0.96595 0.09673 0.49728 0.84256 0.48193 
1246	13	0.60426 0.96023 0.16249 0.39516 0.77018 0.60432 
1247	13	0.64360 0.96805 0.16584 0.44271 0.80137 0.56930 
1248	13	0.64759 0.94808 0.14869 0.45036 0.79427 0.54423 
1249	13	0.75299 0.96289 0.08475 0.59360 0.85568 0.40129 
1250	13	0.66572 0.95347 0.12514 0.47359 0.81003 0.51945 
1251	13	0.66391 0.96050 0.13035 0.47235 0.81139 0.52191 
1252	13	0.59889 0.96561 0.15283 0.39114 0.77367 0.59186 
1253	13	0.86129 0.96533 0.03952 0.75898 0.92305 0.25030 
1254	13	0.58517 0.94996 0.18429 0.37499 0.76135 0.60886 
1255	13	0.69271 0.95750 0.12641 0.50904 0.82269 0.48141 
1256	13	0.60846 0.96514 0.11962 0.40914 0.80122 0.54745 
1257	13	0.84890 0.97175 0.04757 0.73959 0.92426 0.26231 
1258	13	0.63448 0.95891 0.13829 0.43637 0.78985 0.54550 
1259	13	0.84458 0.97699 0.03562 0.73283 0.92862 0.26830 
1260	13	0.66218 0.96268 0.13755 0.46882 0.80736 0.52728 
1261	13	0.86493 0.93525 0.04550 0.76491 0.92057 0.24672 
1262	13	0.71210 0.95787 0.12276 0.53641 0.84882 0.44979 
1263	13	0.68304 0.96058 0.10225 0.49952 0.83795 0.48439 
1264	13	0.81895 0.95889 0.08827 0.69075 0.88514 0.32602 
1265	13	0.58607 0.95952 0.18286 0.37586 0.76429 0.61980 
1266	13	0.86301 0.97176 0.04389 0.76138 0.92401 0.25278 
1267	13	0.79136 0.94850 0.07546 0.64968 0.87768 0.35398 
1268	13	0.67897 0.94528 0.12522 0.49174 0.80365 0.49745 
1269	13	0.67209 0.95447 0.09652 0.48479 0.81636 0.48757 
1270	13	0.57849 0.96809 0.14235 0.36752 0.80903 0.61070 
1271	13	0.61644 0.95531 0.16316 0.41275 0.79085 0.58218 
1272	13	0.48669 0.96371 0.15655 0.27733 0.75502 0.66726 
1273	13	0.50911 0.95642 0.17183 0.29961 0.75976 0.65288 
1274	13	0.58371 0.95160 0.17118 0.37518 0.75014 0.61166 
1275	13	0.63428 0.95799 0.11144 0.43908 0.80804 0.52267 
1276	13	0.64625 0.95144 0.12814 0.44981 0.79053 0.53005 
1277	13	0.62955 0.95702 0.15130 0.43001 0.78034 0.55074 
1278	13	0.47682 0.95331 0.20079 0.27609 0.71845 0.68023 
1279	13	0.67653 0.95592 0.12151 0.48769 0.80165 0.50138 
1280	13	0.58727 0.94123 0.15639 0.37996 0.76799 0.59286 
1281	13	0.57821 0.96468 0.16744 0.36832 0.76757 0.60786 
1282	13	0.64009 0.96205 0.14414 0.44085 0.79935 0.56028 
1283	13	0.56845 0.96851 0.14017 0.36122 0.79489 0.59158 
1284	13	0.57353 0.96641 0.15912 0.36410 0.77738 0.60416 
1285	13	0.63845 0.97677 0.11138 0.44128 0.81744 0.53056 
1286	13	0.69646 0.96904 0.09824 0.51534 0.85317 0.46776 
1287	13	0.66788 0.97103 0.11894 0.47777 0.83293 0.50922 
1288	13	0.61330 0.96200 0.17231 0.40802 0.78463 0.58087 
1289	13	0.66994 0.96828 0.12092 0.47939 0.82381 0.50709 
1290	13	0.65814 0.95228 0.15385 0.46367 0.80442 0.53068 
1291	13	0.62702 0.96412 0.11998 0.43065 0.80891 0.53569 
1292	13	0.57916 0.97027 0.13682 0.37493 0.77252 0.58893 
1293	13	0.59775 0.95189 0.14384 0.39563 0.78429 0.56963 
1294	13	0.54756 0.96716 0.13577 0.34372 0.79042 0.59488 
1295	13	0.45071 0.95861 0.17802 0.24659 0.72690 0.69891 
1296	13	0.61009 0.96762 0.13551 0.40557 0.79832 0.58001 
1297	13	0.67402 0.96511 0.12827 0.48416 0.83301 0.50919 
1298	13	0.63254 0.95997 0.13993 0.43523 0.81022 0.53195 
1299	13	0.70099 0.95827 0.12195 0.51992 0.82109 0.48095 
1300	14	0.07262 0.96329 0.28496 0.05168 0.70303 0.87412 
1301	14	0.21865 0.96219 0.22547 0.06982 0.71238 0.87473 
1302	14	0.40673 0.95100 0.22034 0.21295 0.77325 0.72383 
1303	14	0.49659 0.95908 0.18871 0.29396 0.78753 0.64942 
1304	14	0.23157 0.96866 0.20621 0.08001 0.72694 0.86692 
1305	14	0.40469 0.94073 0.26755 0.22089 0.74503 0.71979 
1306	14	0.17536 0.95855 0.23484 0.04584 0.69987 0.90255 
1307	14	0.33558 0.95079 0.22810 0.15597 0.73553 0.78067 
1308	14	0.34737 0.98818 0.08338 0.16553 0.90085 0.71414 
1309	14	0.46038 0.94771 0.19332 0.25447 0.80585 0.68860 
1310	14	0.24277 0.98876 0.09508 0.09253 0.87709 0.79075 
1311	14	0.26111 0.95045 0.23090 0.09419 0.73881 0.83633 
1312	14	0.30766 0.95279 0.22607 0.11791 0.72698 0.84012 
1313	14	0.63882 0.93844 0.16154 0.46852 0.84444 0.45350 
1314	14	0.22569 0.94740 0.25509 0.07324 0.70997 0.87003 
1315	14	0.38084 0.94015 0.23402 0.17790 0.72622 0.77343 
1316	14	0.47901 0.93589 0.22199 0.27786 0.78756 0.66157 
1317	14	0.12310 0.95850 0.25214 0.04615 0.71241 0.87672 
1318	14	0.66666 0.93961 0.14602 0.49266 0.84310 0.45319 
1319	14	0.59497 0.97137 0.09513 0.39505 0.87273 0.55405 
1320	14	0.61195 0.98052 0.07389 0.42566 0.91281 0.49407 
1321	14	0.26031 0.91234 0.37660 0.11236 0.62153 0.85403 
1322	14	0.44860 0.92544 0.21248 0.24177 0.77608 0.70543 
1323	14	0.10643 0.91764 0.45656 0.02413 0.52543 0.97369 
1324	14	0.64744 0.96438 0.07313 0.46693 0.91005 0.46554 
1325	14	0.15470 0.94500 0.30190 0.06875 0.67875 0.85766 
1326	14	0.09683 0.95668 0.30598 0.02343 0.62104 0.94713 
1327	14	0.08907 0.93620 0.38616 0.03531 0.57575 0.93309 
1328	14	0.35168 0.97498 0.11770 0.15915 0.84762 0.73272 
1329	14	0.17085 0.92621 0.37551 0.07187 0.64044 0.86974 
1330	14	0.11597 0.93570 0.45772 0.02393 0.52066 0.97889 
1331	14	0.20944 0.94685 0.30692 0.08211 0.70785 0.85122 
1332	14	0.15768 0.94555 0.27815 0.05034 0.68131 0.88404 
1333	14	0.17290 0.93134 0.38123 0.03726 0.60857 0.94672 
1334	14	0.25736 0.95004 0.25988 0.09130 0.70814 0.86074 
1335	14	0.34974 0.94065 0.23192 0.15634 0.74428 0.78474 
1336	14	0.21373 0.92246 0.33550 0.08965 0.66823 0.85725 
1337	14	0.11459 0.93292 0.40550 0.03931 0.58191 0.94284 
1338	14	0.29280 0.93006 0.29061 0.11504 0.68138 0.83295 
1339	14	0.21363 0.92612 0.30633 0.08516 0.70291 0.83902 
1340	14	0.28982 0.92144 0.34984 0.11343 0.66850 0.84381 
1341	14	0.19279 0.94956 0.30642 0.06496 0.65783 0.89587 
1342	14	0.48734 0.89993 0.30323 0.27060 0.70637 0.71416 
1343	14	0.40752 0.97755 0.10073 0.20763 0.87113 0.69065 
1344	14	0.31194 0.91819 0.36733 0.12511 0.62573 0.85414 
1345	14	0.16254 0.94353 0.30567 0.05777 0.67895 0.89385 
1346	14	0.20560 0.94285 0.28698 0.07863 0.72621 0.86341 
1347	14	0.52604 0.87955 0.30461 0.30681 0.70904 0.70082 
1348	14	0.49420 0.88024 0.31521 0.27106 0.67429 0.72727 
1349	14	0.13497 0.94516 0.33932 0.03578 0.61757 0.94319 
1350	14	0.31715 0.92288 0.31711 0.12963 0.69819 0.82281 
1351	14	0.08523 0.99690 0.10298 0.04396 0.86314 0.85249 
1352	14	0.34256 0.93139 0.28524 0.16255 0.66989 0.78629 
1353	14	0.15998 0.95101 0.28142 0.05400 0.67354 0.89160 
1354	14	0.30954 0.88610 0.42110 0.11045 0.56087 0.87424 
1355	14	0.35466 0.93659 0.24435 0.16067 0.74306 0.78202 
1356	14	0.23293 0.93114 0.32988 0.07157 0.64340 0.89403 
1357	14	0.13718 0.92141 0.41910 0.06552 0.58471 0.91134 
1358	14	0.06916 0.91439 0.50316 0.02633 0.49854 0.96534 
1359	14	0.27119 0.98009 0.11619 0.11252 0.85811 0.76675 
1360	14	0.45771 0.93721 0.21519 0.24805 0.74520 0.70887 
1361	14	0.15377 0.94996 0.28244 0.03520 0.64766 0.92178 
1362	14	0.07629 0.92234 0.41801 0.03072 0.58864 0.92079 
1363	14	0.34054 0.98236 0.09935 0.17935 0.87507 0.68439 
1364	14	0.22088 0.95336 0.24359 0.06924 0.70352 0.89186 
1365	14	0.29398 0.94701 0.24386 0.13198 0.73724 0.79786 
1366	14	0.57269 0.94721 0.17241 0.38352 0.83183 0.54199 
1367	14	0.86659 0.80756 0.13514 0.76886 0.87585 0.24056 
1368	14	0.88703 0.75705 0.13808 0.80113 0.86957 0.22139 
1369	14	0.56060 0.89929 0.21177 0.34940 0.75853 0.63458 
1370	14	0.51202 0.92044 0.22505 0.29679 0.73865 0.69196 
1371	14	0.63820 0.93447 0.13181 0.43776 0.83446 0.56047 
1372	14	0.58462 0.84427 0.22095 0.37529 0.76719 0.61022 
1373	14	0.54339 0.86791 0.27586 0.33447 0.67756 0.67133 
1374	14	0.58311 0.91043 0.19917 0.37596 0.77844 0.60652 
1375	14	0.52589 0.92797 0.20741 0.30299 0.74599 0.70842 
1376	14	0.46697 0.90663 0.23605 0.24961 0.72562 0.74689 
1377	14	0.49252 0.90910 0.25551 0.27085 0.70535 0.73196 
1378	14	0.49723 0.93584 0.18687 0.28472 0.78384 0.68562 
1379	14	0.61136 0.87177 0.22157 0.40537 0.72448 0.59764 
1380	14	0.60676 0.87713 0.24376 0.40144 0.73652 0.59316 
1381	14	0.61530 0.86909 0.25291 0.41947 0.75495 0.55855 
1382	14	0.53889 0.84299 0.40949 0.31485 0.58433 0.73190 
1383	14	0.59691 0.82096 0.39591 0.38852 0.63038 0.62772 
1384	14	0.54606 0.84936 0.35792 0.32125 0.58884 0.74137 
1385	14	0.63660 0.86879 0.26599 0.43790 0.73151 0.56450 
1386	14	0.67965 0.82830 0.23921 0.48727 0.72656 0.54107 
1387	14	0.53727 0.87397 0.30294 0.31318 0.68354 0.71918 
1388	14	0.37284 0.89754 0.26007 0.15967 0.69702 0.83087 
1389	14	0.51433 0.87701 0.22942 0.29667 0.73156 0.68554 
1390	14	0.60613 0.84998 0.31630 0.39235 0.66773 0.65412 
1391	14	0.87837 0.61949 0.10142 0.78535 0.87482 0.25287 
1392	14	0.53201 0.87660 0.26537 0.30786 0.69888 0.72159 
1393	14	0.67918 0.83034 0.27523 0.49023 0.70285 0.53463 
1394	14	0.61047 0.91303 0.19266 0.40526 0.75908 0.59117 
1395	14	0.59479 0.83067 0.37241 0.38470 0.61389 0.65601 
1396	14	0.65176 0.89303 0.19249 0.45660 0.73737 0.56265 
1397	14	0.60954 0.85697 0.23482 0.40122 0.71120 0.61173 
1398	14	0.57744 0.86140 0.30025 0.36360 0.64487 0.66826 
1399	14	0.66427 0.82580 0.23388 0.46919 0.71612 0.54770 
