1400	14	6
0	1	0.24265 0.93939 0.01819 0.21431 0.96416 0.35844 
1	1	0.12692 0.37702 0.44856 0.11488 0.76029 0.55414 
2	1	0.11271 0.43590 0.43935 0.10937 0.75604 0.56005 
3	1	0.15543 0.37489 0.30932 0.16778 0.81762 0.45570 
4	1	0.12631 0.36425 0.33515 0.13999 0.81900 0.47687 
5	1	0.12407 0.39514 0.47215 0.12888 0.79336 0.52498 
6	1	0.12528 0.58297 0.37147 0.12001 0.82176 0.52881 
7	1	0.14269 0.38280 0.37557 0.15507 0.81495 0.47773 
8	1	0.16186 0.59001 0.27755 0.13279 0.83070 0.50035 
9	1	0.12134 0.43489 0.31895 0.14244 0.82005 0.48294 
10	1	0.16666 0.58987 0.21850 0.16955 0.85927 0.43521 
11	1	0.10472 0.91726 0.10379 0.11133 0.84413 0.55933 
12	1	0.14101 0.93099 0.05834 0.13574 0.87075 0.50299 
13	1	0.11000 0.93051 0.08495 0.13662 0.92194 0.45952 
14	1	0.13257 0.91605 0.07280 0.12437 0.87530 0.51414 
15	1	0.12606 0.92620 0.03410 0.13699 0.88487 0.46234 
16	1	0.13529 0.92700 0.04860 0.12862 0.86285 0.49647 
17	1	0.16647 0.91314 0.04359 0.16842 0.88713 0.44236 
18	1	0.13181 0.45054 0.35963 0.14014 0.83216 0.48826 
19	1	0.17918 0.58168 0.16008 0.20280 0.89929 0.37374 
20	1	0.19694 0.34806 0.26811 0.20927 0.86574 0.39753 
21	1	0.19088 0.42812 0.32175 0.15044 0.85595 0.46206 
22	1	0.17548 0.22621 0.57493 0.12471 0.75033 0.54946 
23	1	0.15370 0.35482 0.45313 0.11424 0.76558 0.55659 
24	1	0.13951 0.39033 0.36391 0.15932 0.84621 0.46001 
25	1	0.12646 0.52559 0.32960 0.15821 0.83449 0.47787 
26	1	0.13864 0.45804 0.29993 0.13330 0.81984 0.49372 
27	1	0.10576 0.25167 0.54667 0.12061 0.76365 0.54692 
28	1	0.16564 0.95892 0.01107 0.17491 0.92764 0.41169 
29	1	0.15030 0.34603 0.35194 0.15269 0.81585 0.47333 
30	1	0.15590 0.58366 0.31623 0.14922 0.83443 0.48504 
31	1	0.14698 0.55756 0.15044 0.19997 0.91935 0.35453 
32	1	0.18421 0.54804 0.13982 0.25853 0.93144 0.30698 
33	1	0.13966 0.53826 0.19366 0.19530 0.90451 0.37741 
34	1	0.13377 0.54936 0.27571 0.15727 0.84678 0.45963 
35	1	0.16231 0.43242 0.28834 0.17764 0.86266 0.42641 
36	1	0.20551 0.37299 0.26232 0.19820 0.87518 0.40041 
37	1	0.05453 0.72164 0.23827 0.02943 0.44447 0.79436 
38	1	0.14829 0.82380 0.16595 0.05868 0.56485 0.72747 
39	1	0.16797 0.74543 0.18627 0.07902 0.52595 0.69916 
40	1	0.26020 0.36024 0.23529 0.15808 0.44375 0.56718 
41	1	0.11997 0.72611 0.19994 0.05393 0.45282 0.74014 
42	1	0.03719 0.84945 0.20645 0.02256 0.45154 0.82707 
43	1	0.14684 0.60025 0.36191 0.05247 0.37333 0.80088 
44	1	0.17534 0.48391 0.23701 0.09867 0.38594 0.64322 
45	1	0.10228 0.74464 0.18840 0.06008 0.58258 0.70131 
46	1	0.05865 0.65286 0.26515 0.02279 0.37990 0.80948 
47	1	0.11721 0.73440 0.18679 0.06457 0.54967 0.71059 
48	1	0.07373 0.68413 0.22728 0.04366 0.45010 0.75227 
49	1	0.10947 0.68224 0.33269 0.03689 0.43529 0.81996 
50	1	0.13118 0.73963 0.20771 0.04684 0.46061 0.75552 
51	1	0.08064 0.63678 0.29197 0.03356 0.37877 0.81181 
52	1	0.05831 0.72079 0.24684 0.03215 0.43775 0.79827 
53	1	0.22174 0.73742 0.20210 0.10306 0.53676 0.69312 
54	1	0.13461 0.52748 0.20004 0.06625 0.36876 0.67705 
55	1	0.18647 0.38545 0.24803 0.10182 0.46086 0.64480 
56	1	0.13394 0.77219 0.13102 0.08823 0.66068 0.61817 
57	1	0.29047 0.29518 0.18732 0.19600 0.51455 0.51245 
58	1	0.12392 0.82167 0.15472 0.08150 0.60273 0.68113 
59	1	0.13391 0.77148 0.21709 0.08327 0.48953 0.71089 
60	1	0.21843 0.29005 0.27841 0.09359 0.43266 0.66631 
61	1	0.16383 0.32253 0.33937 0.05972 0.30555 0.72704 
62	1	0.28284 0.58326 0.20166 0.17909 0.54076 0.56638 
63	1	0.27773 0.78155 0.11509 0.15158 0.58154 0.58369 
64	1	0.13914 0.67312 0.18161 0.07279 0.50016 0.67888 
65	1	0.06527 0.70280 0.21516 0.03780 0.42199 0.76624 
66	1	0.07036 0.44904 0.29735 0.04540 0.41372 0.74869 
67	1	0.08521 0.59716 0.24305 0.05565 0.47887 0.71821 
68	1	0.17218 0.55736 0.13653 0.12458 0.58091 0.56325 
69	1	0.09399 0.71003 0.21510 0.04923 0.44692 0.75526 
70	1	0.20867 0.74755 0.21575 0.08408 0.54358 0.70144 
71	1	0.08908 0.76963 0.18146 0.04389 0.45175 0.74393 
72	1	0.04925 0.72298 0.28832 0.02138 0.38548 0.84799 
73	1	0.04401 0.68926 0.23906 0.02782 0.43034 0.80142 
74	1	0.11536 0.74259 0.24746 0.04128 0.43010 0.79567 
75	1	0.17654 0.46205 0.30124 0.07484 0.36810 0.71827 
76	1	0.05897 0.65587 0.25165 0.03596 0.42416 0.77912 
77	1	0.07106 0.62438 0.26339 0.03435 0.41596 0.77953 
78	1	0.04256 0.73594 0.24775 0.02898 0.43588 0.81095 
79	1	0.08111 0.81032 0.13369 0.05406 0.56065 0.70808 
80	1	0.04937 0.68077 0.23829 0.03605 0.43089 0.76802 
81	1	0.10192 0.78359 0.19293 0.03827 0.48311 0.77576 
82	1	0.07997 0.66183 0.31703 0.03238 0.39596 0.83340 
83	1	0.10154 0.53924 0.23194 0.05711 0.45701 0.69579 
84	1	0.14642 0.65048 0.16063 0.08979 0.49618 0.63884 
85	1	0.10556 0.47392 0.24490 0.05801 0.40988 0.69735 
86	1	0.07110 0.64233 0.20064 0.03963 0.44178 0.73576 
87	1	0.02431 0.77686 0.34387 0.01228 0.32896 0.89347 
88	1	0.02271 0.82132 0.23690 0.01379 0.39374 0.86606 
89	1	0.05343 0.79205 0.17097 0.02532 0.40578 0.78413 
90	1	0.12638 0.27577 0.29139 0.06757 0.37359 0.69138 
91	1	0.07901 0.70213 0.25932 0.02943 0.41560 0.80932 
92	1	0.12183 0.82440 0.13076 0.06325 0.57142 0.69480 
93	1	0.03730 0.75971 0.25646 0.02547 0.45084 0.81327 
94	1	0.05112 0.71068 0.25846 0.03767 0.48409 0.77914 
95	1	0.05555 0.79956 0.24918 0.02152 0.40680 0.84549 
96	1	0.05772 0.79354 0.20953 0.03315 0.45014 0.79975 
97	1	0.08119 0.80344 0.17474 0.03542 0.49918 0.76863 
98	1	0.08393 0.80652 0.20968 0.04074 0.48580 0.78194 
99	1	0.06689 0.81177 0.23564 0.02680 0.46714 0.82921 
100	2	0.04673 0.71378 0.16626 0.03051 0.27527 0.73892 
101	2	0.06918 0.79807 0.17806 0.03674 0.30232 0.75665 
102	2	0.06222 0.77949 0.21087 0.03281 0.28342 0.77884 
103	2	0.06834 0.78134 0.19455 0.03540 0.28297 0.77220 
104	2	0.06560 0.76101 0.13560 0.04157 0.34569 0.70694 
105	2	0.02651 0.75480 0.17749 0.02298 0.27437 0.78266 
106	2	0.05684 0.76332 0.27477 0.01550 0.23823 0.86071 
107	2	0.05191 0.76533 0.22073 0.02022 0.27450 0.82074 
108	2	0.09198 0.70931 0.21271 0.03998 0.30049 0.75229 
109	2	0.07063 0.79912 0.19920 0.04058 0.28507 0.76328 
110	2	0.08441 0.90576 0.13191 0.03455 0.30445 0.77232 
111	2	0.03475 0.77091 0.19382 0.02082 0.28627 0.80108 
112	2	0.02936 0.75210 0.24057 0.01773 0.23954 0.84051 
113	2	0.04422 0.77357 0.18977 0.02389 0.29447 0.78911 
114	2	0.04829 0.73417 0.18860 0.02325 0.26869 0.79392 
115	2	0.04316 0.81465 0.19371 0.02085 0.28861 0.82374 
116	2	0.03671 0.85256 0.15124 0.01945 0.30504 0.81054 
117	2	0.05612 0.73415 0.17807 0.03061 0.27350 0.76479 
118	2	0.04605 0.84328 0.18009 0.01632 0.27983 0.84661 
119	2	0.06419 0.80574 0.20248 0.02978 0.30171 0.79396 
120	2	0.05606 0.78733 0.23630 0.01735 0.25575 0.85461 
121	2	0.05986 0.79761 0.26456 0.02106 0.24791 0.85062 
122	2	0.05363 0.77415 0.24856 0.01995 0.26364 0.83297 
123	2	0.05753 0.78001 0.26233 0.02343 0.26781 0.83141 
124	2	0.05944 0.71994 0.29583 0.02715 0.26677 0.81817 
125	2	0.03159 0.74165 0.29315 0.01483 0.23040 0.86604 
126	2	0.04531 0.77664 0.23098 0.01613 0.24489 0.84705 
127	2	0.02863 0.70510 0.37075 0.00734 0.17134 0.91615 
128	2	0.00701 0.82025 0.29125 0.00149 0.18543 0.95393 
129	2	0.01901 0.78941 0.26000 0.00767 0.21525 0.90467 
130	2	0.00894 0.77393 0.23833 0.00711 0.22141 0.88523 
131	2	0.03941 0.79200 0.24652 0.01176 0.22944 0.88147 
132	2	0.02824 0.68037 0.30961 0.01050 0.18041 0.89109 
133	2	0.02989 0.76080 0.32972 0.00765 0.17443 0.92216 
134	2	0.02846 0.75739 0.28134 0.00828 0.20381 0.88969 
135	2	0.01945 0.73509 0.29971 0.00704 0.18556 0.90186 
136	2	0.00128 0.72692 0.33364 0.00279 0.16148 0.94023 
137	2	0.02092 0.67489 0.33590 0.00833 0.18302 0.89891 
138	2	0.02156 0.71804 0.24546 0.01181 0.21423 0.85030 
139	2	0.18289 0.89304 0.28634 0.03768 0.36689 0.87432 
140	2	0.02568 0.79432 0.22859 0.01047 0.22452 0.86739 
141	2	0.02448 0.69722 0.21635 0.01623 0.24668 0.81045 
142	2	0.01765 0.76728 0.22927 0.00881 0.20410 0.87405 
143	2	0.01403 0.79980 0.21301 0.00869 0.23187 0.87454 
144	2	0.04241 0.82501 0.18631 0.01486 0.23927 0.84983 
145	2	0.03470 0.80287 0.20548 0.01366 0.22008 0.85318 
146	2	0.02870 0.62799 0.29431 0.01267 0.16124 0.86054 
147	2	0.01900 0.71524 0.26159 0.00979 0.19375 0.87599 
148	2	0.02198 0.73862 0.20103 0.01243 0.19514 0.83308 
149	2	0.00985 0.62360 0.25409 0.01302 0.20310 0.83089 
150	2	0.00932 0.68354 0.27859 0.00780 0.15210 0.88568 
151	2	0.00971 0.54726 0.37524 0.00628 0.09927 0.90477 
152	2	0.03623 0.54024 0.26789 0.01963 0.16503 0.81044 
153	2	0.02932 0.60217 0.29631 0.01253 0.14322 0.86139 
154	2	0.03838 0.48396 0.27390 0.01964 0.16857 0.80475 
155	2	0.04859 0.53009 0.38705 0.01063 0.09329 0.90090 
156	2	0.02026 0.57248 0.34077 0.00836 0.11054 0.89002 
157	2	0.01148 0.58298 0.28982 0.01026 0.16280 0.85430 
158	2	0.00791 0.62664 0.30545 0.00821 0.14091 0.88111 
159	2	0.01608 0.53991 0.28413 0.01277 0.15388 0.83598 
160	2	0.04869 0.45449 0.36057 0.01596 0.10656 0.85172 
161	2	0.03317 0.38766 0.42766 0.00848 0.07456 0.90085 
162	2	0.01620 0.58271 0.37267 0.00647 0.09423 0.91717 
163	2	0.00078 0.58506 0.35748 0.00471 0.09678 0.91735 
164	2	0.03534 0.50098 0.41500 0.01001 0.07275 0.89771 
165	2	0.00291 0.55664 0.37216 0.00303 0.08617 0.92886 
166	2	0.01433 0.39632 0.46485 0.00311 0.03964 0.94006 
167	2	0.00000 0.52564 0.46096 0.00000 0.04203 0.97351 
168	2	0.03047 0.23307 0.48135 0.00766 0.02835 0.90440 
169	2	0.00837 0.52991 0.38943 0.00479 0.07319 0.91852 
170	2	0.02334 0.35191 0.41358 0.00948 0.05751 0.89017 
171	2	0.02364 0.31989 0.38978 0.01068 0.06795 0.86986 
172	2	0.01593 0.32832 0.42452 0.00859 0.06237 0.88628 
173	2	0.01603 0.07298 0.46020 0.00885 0.03453 0.87611 
174	2	0.01536 0.25147 0.41942 0.01014 0.06856 0.87038 
175	2	0.01691 0.36353 0.39761 0.00771 0.06448 0.88308 
176	2	0.02323 0.30703 0.49863 0.00696 0.04296 0.90304 
177	2	0.02359 0.32552 0.55223 0.00457 0.01424 0.94107 
178	2	0.00904 0.28042 0.46531 0.00495 0.04807 0.90993 
179	2	0.00826 0.29384 0.59415 0.00005 0.00413 0.97189 
180	2	0.01882 0.43848 0.45047 0.00419 0.03131 0.92864 
181	2	0.01445 0.28158 0.48141 0.00664 0.03356 0.90448 
182	2	0.02253 0.21326 0.45241 0.00987 0.04017 0.87536 
183	2	0.01978 0.36832 0.54775 0.00182 0.00000 0.96196 
184	2	0.01666 0.14489 0.51052 0.00518 0.01442 0.90542 
185	2	0.01325 0.00000 0.44073 0.00912 0.04096 0.86433 
186	2	0.01715 0.07665 0.43608 0.00996 0.04012 0.86274 
187	2	0.01969 0.15606 0.37873 0.01318 0.06517 0.83861 
188	2	0.02818 0.17025 0.41795 0.01135 0.04754 0.86197 
189	2	0.01595 0.34182 0.47294 0.00417 0.03029 0.92389 
190	2	0.01326 0.36555 0.42177 0.00734 0.05257 0.89161 
191	2	0.01362 0.32219 0.43594 0.00647 0.04283 0.89193 
192	2	0.00438 0.13551 0.52136 0.00352 0.01374 0.92218 
193	2	0.01078 0.24114 0.46013 0.00597 0.03498 0.89951 
194	2	0.01903 0.04951 0.56233 0.00464 0.00040 0.91765 
195	2	0.02782 0.32504 0.34867 0.01694 0.08951 0.82659 
196	2	0.03462 0.68731 0.20147 0.02074 0.20848 0.79014 
197	2	0.05586 0.65380 0.18022 0.03475 0.23744 0.73197 
198	2	0.05328 0.70137 0.20920 0.02615 0.21598 0.78696 
199	2	0.04357 0.78104 0.17957 0.02123 0.23282 0.80645 
200	3	0.22644 0.79526 0.15248 0.14779 0.62755 0.54113 
201	3	0.16890 0.47130 0.44336 0.09704 0.42908 0.65338 
202	3	0.07451 0.67146 0.30848 0.06776 0.46470 0.68115 
203	3	0.10629 0.65750 0.29386 0.07138 0.46627 0.67609 
204	3	0.10711 0.71712 0.23415 0.07916 0.48101 0.62870 
205	3	0.15539 0.64533 0.32478 0.09587 0.47082 0.64708 
206	3	0.10370 0.65446 0.33542 0.07033 0.46729 0.69287 
207	3	0.14233 0.62261 0.36264 0.08491 0.43202 0.66965 
208	3	0.15426 0.57383 0.36968 0.09402 0.45191 0.63277 
209	3	0.14003 0.43946 0.53255 0.08447 0.41384 0.67690 
210	3	0.14147 0.58007 0.36760 0.07905 0.46518 0.66696 
211	3	0.14944 0.59241 0.32770 0.08474 0.46469 0.64965 
212	3	0.12796 0.54452 0.39533 0.07419 0.44520 0.69855 
213	3	0.09225 0.56775 0.39128 0.06584 0.44004 0.70551 
214	3	0.15994 0.63429 0.33716 0.08287 0.44126 0.67336 
215	3	0.10539 0.65614 0.30297 0.06901 0.45560 0.67674 
216	3	0.14863 0.59624 0.43429 0.08082 0.45421 0.69585 
217	3	0.11782 0.59091 0.33933 0.08775 0.46345 0.65937 
218	3	0.11358 0.70483 0.25978 0.07844 0.50297 0.65780 
219	3	0.09938 0.73804 0.32089 0.05553 0.41019 0.76245 
220	3	0.15007 0.72291 0.26975 0.08129 0.45150 0.66737 
221	3	0.13299 0.68411 0.32063 0.08569 0.49261 0.66673 
222	3	0.13819 0.65099 0.33197 0.07793 0.49607 0.68169 
223	3	0.17626 0.65193 0.36057 0.10320 0.50468 0.65469 
224	3	0.14131 0.67523 0.33266 0.09522 0.52005 0.65773 
225	3	0.29779 0.70411 0.32604 0.16905 0.57780 0.57697 
226	3	0.30074 0.71038 0.37029 0.16286 0.57357 0.59706 
227	3	0.30043 0.73949 0.28083 0.15254 0.60837 0.59199 
228	3	0.50783 0.60044 0.41538 0.31577 0.64241 0.49531 
229	3	0.23828 0.58512 0.35138 0.12292 0.40469 0.64402 
230	3	0.19068 0.64736 0.39868 0.09193 0.45046 0.69453 
231	3	0.08198 0.64285 0.42540 0.05444 0.39635 0.74286 
232	3	0.09912 0.63131 0.39464 0.05115 0.40690 0.74195 
233	3	0.11513 0.68597 0.37701 0.05864 0.42818 0.74309 
234	3	0.17787 0.61020 0.45099 0.08991 0.39878 0.69725 
235	3	0.12557 0.66662 0.43207 0.06642 0.41628 0.72069 
236	3	0.18940 0.60240 0.44573 0.11394 0.43375 0.66257 
237	3	0.30133 0.38791 0.80051 0.19294 0.53780 0.61225 
238	3	0.23793 0.68777 0.37609 0.13713 0.55203 0.64566 
239	3	0.20320 0.70871 0.32180 0.10976 0.51210 0.66486 
240	3	0.17930 0.73224 0.35045 0.09894 0.49208 0.67504 
241	3	0.18057 0.62237 0.42939 0.10107 0.45678 0.67710 
242	3	0.21039 0.48496 0.46539 0.14185 0.41900 0.62599 
243	3	0.16398 0.61897 0.34779 0.09746 0.46695 0.65726 
244	3	0.19684 0.59186 0.41943 0.08627 0.45004 0.68780 
245	3	0.22591 0.60550 0.42656 0.10378 0.45812 0.67530 
246	3	0.23018 0.63865 0.40006 0.12484 0.43297 0.64825 
247	3	0.10592 0.75923 0.33560 0.05021 0.45645 0.75263 
248	3	0.16955 0.70859 0.33993 0.08279 0.46835 0.68250 
249	3	0.17843 0.61405 0.49092 0.08445 0.42662 0.71200 
250	3	0.19132 0.63828 0.38022 0.08611 0.42918 0.69915 
251	3	0.27697 0.57515 0.43351 0.12630 0.41003 0.66284 
252	3	0.22844 0.65314 0.36957 0.12476 0.46052 0.66433 
253	3	0.24729 0.59527 0.41683 0.14784 0.43781 0.62237 
254	3	0.16376 0.67648 0.37324 0.09928 0.46957 0.67621 
255	3	0.17906 0.49859 0.61388 0.11592 0.43660 0.66366 
256	3	0.17784 0.66123 0.37552 0.09385 0.50292 0.65977 
257	3	0.20560 0.49758 0.58516 0.13360 0.44998 0.65191 
258	3	0.17926 0.71144 0.33079 0.11289 0.52973 0.63754 
259	3	0.27582 0.70415 0.43801 0.12866 0.48929 0.67826 
260	3	0.13044 0.77891 0.26854 0.09911 0.58444 0.63017 
261	3	0.45641 0.68484 0.39025 0.31296 0.62871 0.51629 
262	3	0.32644 0.68564 0.27816 0.21248 0.56863 0.53622 
263	3	0.24890 0.64493 0.42885 0.12777 0.49660 0.66404 
264	3	0.19258 0.64622 0.37475 0.11169 0.50046 0.66689 
265	3	0.16803 0.70137 0.32871 0.09771 0.48707 0.66799 
266	3	0.26159 0.58547 0.43087 0.13652 0.52426 0.64196 
267	3	0.36438 0.59846 0.41846 0.22486 0.52369 0.58086 
268	3	0.33152 0.65393 0.34963 0.20495 0.56112 0.58155 
269	3	0.26980 0.59069 0.48729 0.20673 0.56858 0.58752 
270	3	0.46213 0.64023 0.52674 0.31945 0.63614 0.52136 
271	3	0.35913 0.65131 0.43934 0.23526 0.61806 0.53411 
272	3	0.29598 0.61046 0.46363 0.29429 0.65994 0.48514 
273	3	0.47479 0.66742 0.44950 0.30810 0.66708 0.48791 
274	3	0.50773 0.67786 0.40884 0.35392 0.67292 0.46217 
275	3	0.32572 0.58711 0.51699 0.24731 0.64415 0.51660 
276	3	0.27710 0.65030 0.35591 0.27252 0.67261 0.47264 
277	3	0.41012 0.65547 0.44301 0.29468 0.65296 0.49742 
278	3	0.43328 0.64143 0.47633 0.31214 0.68042 0.49612 
279	3	0.85800 0.50952 0.65768 0.62760 0.66537 0.44984 
280	3	0.66455 0.60058 0.53332 0.54526 0.65203 0.43041 
281	3	0.61444 0.60153 0.46421 0.41329 0.66689 0.45894 
282	3	0.36051 0.71180 0.37071 0.28108 0.64607 0.52297 
283	3	0.36340 0.66970 0.38805 0.23775 0.62174 0.55222 
284	3	0.42864 0.70919 0.32234 0.30143 0.66022 0.50518 
285	3	0.22023 0.66112 0.43094 0.17691 0.60307 0.58857 
286	3	0.45887 0.63240 0.50114 0.27765 0.61212 0.55604 
287	3	0.32484 0.61040 0.34552 0.24317 0.60350 0.54003 
288	3	0.36755 0.66190 0.47022 0.19860 0.54849 0.63892 
289	3	0.25849 0.63983 0.42649 0.14770 0.56259 0.63521 
290	3	0.19438 0.62192 0.43124 0.16544 0.60313 0.60817 
291	3	0.31164 0.71352 0.41203 0.26619 0.67085 0.52452 
292	3	0.20946 0.46947 0.84103 0.18749 0.58636 0.59723 
293	3	0.39549 0.43371 0.70004 0.24407 0.58915 0.58991 
294	3	0.31665 0.66231 0.39986 0.16374 0.55089 0.62377 
295	3	0.34052 0.38373 0.63875 0.17942 0.52532 0.63000 
296	3	0.24770 0.57647 0.48177 0.15470 0.54111 0.62714 
297	3	0.16360 0.66892 0.46760 0.08312 0.50865 0.71317 
298	3	0.39751 0.68414 0.38184 0.23222 0.60680 0.56195 
299	3	0.25504 0.69073 0.41122 0.18258 0.58968 0.57710 
300	4	0.38115 0.90711 0.09636 0.37911 0.84755 0.31740 
301	4	0.34640 0.89954 0.05283 0.42167 0.91185 0.22310 
302	4	0.30211 0.88949 0.21363 0.24586 0.78216 0.45588 
303	4	0.31137 0.94708 0.08101 0.26467 0.78915 0.42718 
304	4	0.49751 0.98401 0.02512 0.37957 0.95194 0.33135 
305	4	0.22018 0.94615 0.12381 0.20727 0.77985 0.47372 
306	4	0.31060 0.94225 0.07489 0.32297 0.82886 0.35550 
307	4	0.18380 0.95986 0.04062 0.24271 0.81249 0.38851 
308	4	0.22433 0.96781 0.07412 0.19855 0.76413 0.48632 
309	4	0.31418 0.92673 0.08792 0.30805 0.85036 0.34374 
310	4	0.49297 0.94520 0.01045 0.54950 0.91510 0.17653 
311	4	0.32647 0.93837 0.02522 0.34733 0.88286 0.26442 
312	4	0.55239 0.94940 0.01129 0.49425 0.91497 0.19425 
313	4	0.28882 0.93469 0.08014 0.31708 0.85642 0.33091 
314	4	0.18519 0.92054 0.10725 0.22881 0.81528 0.40249 
315	4	0.21937 0.93362 0.12300 0.25044 0.79630 0.41380 
316	4	0.27823 0.91510 0.10750 0.29813 0.80129 0.37117 
317	4	0.23408 0.93405 0.08148 0.26894 0.82647 0.37870 
318	4	0.23756 0.94160 0.07760 0.28563 0.82239 0.37589 
319	4	0.23606 0.91781 0.13229 0.24103 0.80067 0.41736 
320	4	0.27624 0.93396 0.10125 0.26912 0.82121 0.39121 
321	4	0.24967 0.94906 0.08461 0.24792 0.79834 0.42039 
322	4	0.14050 0.95059 0.15991 0.16963 0.75771 0.52638 
323	4	0.20300 0.93077 0.17702 0.19313 0.74974 0.51880 
324	4	0.29409 0.95212 0.09071 0.26535 0.80556 0.41259 
325	4	0.42254 0.92355 0.16681 0.36942 0.79938 0.39379 
326	4	0.31866 0.93626 0.07969 0.33326 0.84047 0.34231 
327	4	0.21495 0.95237 0.08739 0.25012 0.80128 0.42757 
328	4	0.32480 0.93122 0.10038 0.32095 0.83812 0.35975 
329	4	0.15323 0.90335 0.26955 0.14881 0.69892 0.58122 
330	4	0.26484 0.94299 0.07431 0.20903 0.75569 0.44106 
331	4	0.21769 0.94254 0.10428 0.16147 0.71796 0.51945 
332	4	0.25542 0.93341 0.09455 0.18218 0.72407 0.48879 
333	4	0.21437 0.93008 0.13183 0.17381 0.70753 0.50624 
334	4	0.24800 0.94706 0.12888 0.15296 0.69314 0.56076 
335	4	0.29805 0.93925 0.12137 0.16597 0.69245 0.54411 
336	4	0.10807 0.95789 0.08998 0.08282 0.71262 0.62988 
337	4	0.24066 0.94610 0.09610 0.16040 0.75480 0.53215 
338	4	0.25403 0.95680 0.10088 0.17877 0.77520 0.53500 
339	4	0.20798 0.93248 0.11843 0.12386 0.74873 0.56299 
340	4	0.25283 0.95075 0.10687 0.16787 0.72809 0.54795 
341	4	0.25944 0.96320 0.06643 0.15428 0.74682 0.53967 
342	4	0.27591 0.95364 0.12575 0.14606 0.69372 0.60007 
343	4	0.21648 0.97017 0.03539 0.14330 0.81201 0.51473 
344	4	0.21670 0.95323 0.09653 0.14333 0.73006 0.55610 
345	4	0.14397 0.95340 0.08131 0.11619 0.73978 0.56707 
346	4	0.21953 0.95161 0.05316 0.16392 0.75038 0.49678 
347	4	0.26496 0.94897 0.09229 0.18080 0.71344 0.52564 
348	4	0.21903 0.97325 0.05867 0.17648 0.80755 0.51514 
349	4	0.13511 0.94577 0.10769 0.11468 0.71567 0.58951 
350	4	0.28744 0.96906 0.07587 0.18709 0.76030 0.54348 
351	4	0.14118 0.96071 0.09955 0.12350 0.70345 0.59051 
352	4	0.22934 0.96074 0.06001 0.17868 0.79791 0.48760 
353	4	0.22047 0.94277 0.06329 0.21386 0.79996 0.44837 
354	4	0.11405 0.94601 0.10712 0.09725 0.68084 0.61296 
355	4	0.20993 0.92372 0.07526 0.17400 0.72484 0.49659 
356	4	0.29206 0.93544 0.13047 0.30660 0.73443 0.43721 
357	4	0.28261 0.92887 0.14275 0.19107 0.68657 0.54051 
358	4	0.35948 0.95503 0.05519 0.31165 0.77020 0.41508 
359	4	0.29239 0.94728 0.06048 0.25400 0.75644 0.42066 
360	4	0.23346 0.95778 0.06217 0.22768 0.75336 0.45022 
361	4	0.21114 0.94915 0.07997 0.15948 0.76344 0.53732 
362	4	0.36910 0.94187 0.08427 0.31240 0.72905 0.41229 
363	4	0.29776 0.93740 0.09706 0.24504 0.73565 0.43522 
364	4	0.39868 0.90590 0.13813 0.34797 0.74274 0.39613 
365	4	0.32854 0.92750 0.08088 0.32623 0.76696 0.37415 
366	4	0.41108 0.94837 0.06184 0.39336 0.78152 0.35125 
367	4	0.48333 0.93870 0.06803 0.40932 0.76654 0.34800 
368	4	0.35946 0.93314 0.11292 0.31306 0.73201 0.43755 
369	4	0.41893 0.94033 0.09699 0.27020 0.71816 0.45314 
370	4	0.34060 0.91691 0.10974 0.30035 0.74998 0.40781 
371	4	0.17600 0.96775 0.02983 0.16267 0.74564 0.46057 
372	4	0.26536 0.96367 0.02242 0.22313 0.77995 0.40606 
373	4	0.20674 0.96620 0.04803 0.15797 0.72861 0.49504 
374	4	0.19573 0.96127 0.04977 0.14951 0.72821 0.49118 
375	4	0.18425 0.96756 0.04376 0.16729 0.73986 0.48556 
376	4	0.25532 0.96047 0.01941 0.24192 0.78884 0.38242 
377	4	0.24770 0.96217 0.03792 0.18366 0.74647 0.46263 
378	4	0.27805 0.95638 0.05311 0.19277 0.72682 0.46798 
379	4	0.20621 0.98191 0.02395 0.13891 0.74563 0.51914 
380	4	0.18265 0.93946 0.10945 0.13222 0.71881 0.55541 
381	4	0.27730 0.95620 0.10090 0.20355 0.68889 0.53165 
382	4	0.32157 0.95136 0.09191 0.26437 0.73819 0.46977 
383	4	0.22844 0.95124 0.11076 0.16865 0.68870 0.54320 
384	4	0.25442 0.93143 0.08541 0.22076 0.73290 0.44718 
385	4	0.20101 0.95403 0.09332 0.14496 0.68951 0.55787 
386	4	0.21026 0.91788 0.13295 0.12191 0.65104 0.61412 
387	4	0.21085 0.90859 0.15945 0.10165 0.66558 0.63959 
388	4	0.27673 0.93619 0.07182 0.20394 0.70094 0.50490 
389	4	0.22040 0.93478 0.03471 0.18583 0.73783 0.46295 
390	4	0.07450 0.91435 0.16144 0.04959 0.61691 0.71252 
391	4	0.21385 0.93548 0.06211 0.11656 0.68311 0.57863 
392	4	0.18634 0.96122 0.07727 0.13373 0.70314 0.58504 
393	4	0.11897 0.95004 0.06441 0.08950 0.66193 0.61592 
394	4	0.15217 0.95652 0.09753 0.09816 0.63963 0.64346 
395	4	0.08000 0.96659 0.07428 0.05168 0.62337 0.71073 
396	4	0.07836 0.96132 0.06912 0.05853 0.69056 0.66077 
397	4	0.10818 0.95169 0.14496 0.06890 0.60910 0.71224 
398	4	0.29923 0.94111 0.08713 0.21614 0.73133 0.49529 
399	4	0.23716 0.94879 0.03154 0.21271 0.76706 0.40775 
400	5	0.39860 0.95660 0.10523 0.21071 0.66615 0.55668 
401	5	0.29966 0.94596 0.11276 0.16658 0.67032 0.55456 
402	5	0.16553 0.93134 0.17455 0.09297 0.62099 0.66067 
403	5	0.20706 0.97251 0.07625 0.11962 0.66482 0.59230 
404	5	0.13737 0.95964 0.09777 0.10545 0.66205 0.61212 
405	5	0.09942 0.96653 0.09180 0.06894 0.64313 0.65755 
406	5	0.27912 0.94431 0.07101 0.18198 0.73464 0.47447 
407	5	0.14032 0.93994 0.05928 0.14330 0.74973 0.48371 
408	5	0.23491 0.94536 0.06122 0.18312 0.74166 0.46802 
409	5	0.21476 0.94282 0.06294 0.14917 0.64300 0.49743 
410	5	0.10833 0.93683 0.13114 0.07666 0.59334 0.66844 
411	5	0.14708 0.94174 0.06430 0.11183 0.66581 0.54872 
412	5	0.11837 0.94574 0.10243 0.09085 0.64532 0.61410 
413	5	0.14642 0.94873 0.04579 0.11922 0.69176 0.52071 
414	5	0.09791 0.93684 0.08439 0.09187 0.66421 0.59837 
415	5	0.21115 0.89983 0.11453 0.11837 0.67812 0.54766 
416	5	0.11522 0.94162 0.03645 0.11391 0.70837 0.49984 
417	5	0.09005 0.97160 0.08585 0.05412 0.59193 0.69940 
418	5	0.09620 0.97243 0.06044 0.07750 0.65242 0.61624 
419	5	0.12689 0.93850 0.06585 0.11130 0.69118 0.52990 
420	5	0.15116 0.96898 0.04058 0.12100 0.70147 0.53274 
421	5	0.09945 0.94907 0.08011 0.11047 0.69007 0.54775 
422	5	0.17214 0.95304 0.06702 0.12151 0.70261 0.53466 
423	5	0.12239 0.95559 0.09154 0.08658 0.64391 0.62529 
424	5	0.16649 0.94249 0.07042 0.11353 0.66346 0.56059 
425	5	0.12796 0.95576 0.02961 0.12301 0.71927 0.49813 
426	5	0.13014 0.95917 0.03515 0.12195 0.71373 0.50860 
427	5	0.12163 0.96024 0.02227 0.13214 0.75794 0.47473 
428	5	0.10203 0.94600 0.10110 0.08676 0.64919 0.61421 
429	5	0.16313 0.94091 0.04290 0.12609 0.71622 0.49652 
430	5	0.09839 0.95138 0.06117 0.09821 0.67286 0.56767 
431	5	0.12651 0.95813 0.05540 0.11036 0.71118 0.55371 
432	5	0.10607 0.95170 0.08353 0.09217 0.67947 0.59848 
433	5	0.11209 0.97039 0.06879 0.08365 0.65096 0.63801 
434	5	0.13365 0.93776 0.06833 0.15033 0.75375 0.48214 
435	5	0.18732 0.96382 0.03675 0.14801 0.75849 0.49630 
436	5	0.19376 0.94732 0.02893 0.17684 0.76542 0.44090 
437	5	0.14933 0.94312 0.10564 0.10816 0.69582 0.58613 
438	5	0.17466 0.95842 0.04137 0.14996 0.73880 0.50440 
439	5	0.16808 0.93394 0.05643 0.19076 0.77320 0.42582 
440	5	0.14303 0.97364 0.04470 0.12431 0.71098 0.55447 
441	5	0.16541 0.93221 0.11551 0.12057 0.69052 0.57598 
442	5	0.14814 0.96344 0.05418 0.13035 0.72009 0.52589 
443	5	0.16815 0.95572 0.02534 0.16021 0.77894 0.43826 
444	5	0.11534 0.94090 0.15323 0.07892 0.62952 0.65756 
445	5	0.16614 0.94585 0.03457 0.15448 0.74133 0.44926 
446	5	0.14033 0.93901 0.03379 0.15738 0.75633 0.44565 
447	5	0.13550 0.93761 0.05951 0.15977 0.75571 0.46556 
448	5	0.15036 0.94196 0.12095 0.10473 0.65003 0.62092 
449	5	0.11705 0.95456 0.09958 0.08891 0.64587 0.63295 
450	5	0.12363 0.95776 0.08665 0.10825 0.66268 0.59002 
451	5	0.10814 0.91429 0.14076 0.10551 0.66044 0.58518 
452	5	0.21062 0.91999 0.07599 0.14079 0.70658 0.50617 
453	5	0.17045 0.94262 0.08233 0.13240 0.68471 0.54230 
454	5	0.18999 0.92667 0.06166 0.15132 0.71595 0.48261 
455	5	0.13318 0.95565 0.09397 0.10008 0.64020 0.61029 
456	5	0.14453 0.95016 0.08256 0.10414 0.66151 0.58781 
457	5	0.14419 0.91924 0.11795 0.15308 0.70364 0.50165 
458	5	0.17468 0.95779 0.05739 0.12648 0.69866 0.53231 
459	5	0.13534 0.95172 0.06096 0.12758 0.70476 0.52514 
460	5	0.12102 0.95005 0.06402 0.11997 0.68312 0.54919 
461	5	0.29906 0.93563 0.06792 0.28652 0.77838 0.36360 
462	5	0.22158 0.94507 0.09035 0.20225 0.72415 0.47466 
463	5	0.23731 0.96211 0.09039 0.18895 0.71835 0.52058 
464	5	0.40789 0.95760 0.04285 0.32330 0.78994 0.33746 
465	5	0.32329 0.94663 0.11723 0.21005 0.69644 0.50706 
466	5	0.26438 0.96763 0.08696 0.18368 0.71629 0.52868 
467	5	0.21256 0.97582 0.06934 0.17878 0.71459 0.52645 
468	5	0.41620 0.94015 0.07028 0.34943 0.78010 0.33468 
469	5	0.23109 0.95563 0.09966 0.24175 0.72592 0.45219 
470	5	0.43960 0.95548 0.05410 0.35029 0.78362 0.33625 
471	5	0.35049 0.93900 0.06177 0.32139 0.77709 0.34138 
472	5	0.37618 0.95328 0.07666 0.28373 0.73730 0.42545 
473	5	0.21571 0.96128 0.10316 0.19600 0.69351 0.51933 
474	5	0.21677 0.96514 0.08386 0.20948 0.76087 0.48620 
475	5	0.42982 0.95225 0.05048 0.32628 0.78408 0.35326 
476	5	0.37816 0.95694 0.04047 0.32772 0.78709 0.34523 
477	5	0.27352 0.95511 0.05425 0.23832 0.74559 0.40884 
478	5	0.33807 0.95459 0.04525 0.27285 0.79037 0.36074 
479	5	0.30063 0.95127 0.11326 0.24846 0.71411 0.48254 
480	5	0.30188 0.97323 0.04406 0.26610 0.76907 0.40840 
481	5	0.21401 0.97446 0.07436 0.20029 0.72766 0.51901 
482	5	0.21483 0.96556 0.08998 0.18256 0.71721 0.53634 
483	5	0.55364 0.95860 0.05590 0.40636 0.83986 0.32512 
484	5	0.25500 0.94085 0.11754 0.22265 0.75478 0.46844 
485	5	0.41366 0.96954 0.02004 0.39458 0.82926 0.30457 
486	5	0.46797 0.94806 0.10746 0.35246 0.78822 0.39036 
487	5	0.30337 0.97418 0.04398 0.25527 0.77497 0.44854 
488	5	0.24939 0.96357 0.10920 0.19808 0.73510 0.52385 
489	5	0.35253 0.96698 0.05450 0.33134 0.81026 0.39639 
490	5	0.40763 0.96595 0.03682 0.35602 0.82650 0.32213 
491	5	0.38806 0.96225 0.09844 0.31538 0.73211 0.46547 
492	5	0.36116 0.94654 0.13371 0.28430 0.72007 0.50618 
493	5	0.40097 0.95342 0.13392 0.29055 0.73969 0.50267 
494	5	0.16050 0.94955 0.13726 0.13813 0.69044 0.58146 
495	5	0.21317 0.92650 0.10252 0.18972 0.79686 0.48095 
496	5	0.24922 0.94468 0.10794 0.22961 0.76578 0.46573 
497	5	0.09054 0.93351 0.28599 0.05652 0.56528 0.78034 
498	5	0.12055 0.91203 0.35004 0.06474 0.55128 0.78001 
499	5	0.17343 0.95882 0.14909 0.12112 0.66097 0.63408 
500	6	0.01306 0.78176 0.35737 0.00091 0.09986 0.96321 
501	6	0.03157 0.87977 0.12291 0.02014 0.33020 0.78200 
502	6	0.02315 0.88476 0.14169 0.01744 0.31028 0.80977 
503	6	0.03126 0.89753 0.14717 0.01768 0.31707 0.81844 
504	6	0.01251 0.87078 0.23363 0.00361 0.17783 0.92377 
505	6	0.05338 0.80139 0.24333 0.00808 0.16959 0.90144 
506	6	0.06033 0.85789 0.17552 0.01738 0.23726 0.83025 
507	6	0.04835 0.80744 0.13019 0.02582 0.31235 0.74873 
508	6	0.02669 0.81764 0.13405 0.02011 0.31889 0.76780 
509	6	0.05246 0.68879 0.11034 0.03893 0.33781 0.66641 
510	6	0.04163 0.67628 0.25925 0.01746 0.18434 0.80942 
511	6	0.03372 0.77511 0.23168 0.01705 0.21077 0.81744 
512	6	0.04156 0.76122 0.27262 0.01087 0.16632 0.87587 
513	6	0.01916 0.78941 0.18079 0.01681 0.25947 0.79963 
514	6	0.05834 0.73925 0.26555 0.01561 0.17583 0.84134 
515	6	0.06881 0.71129 0.12406 0.03951 0.31155 0.67918 
516	6	0.05449 0.63512 0.29521 0.01622 0.14890 0.83277 
517	6	0.05206 0.77695 0.22681 0.01656 0.20962 0.83315 
518	6	0.06612 0.77617 0.19935 0.02612 0.24599 0.78010 
519	6	0.02980 0.65142 0.28679 0.01642 0.17818 0.82157 
520	6	0.05534 0.76217 0.15161 0.02701 0.29803 0.74530 
521	6	0.04979 0.78730 0.13335 0.02969 0.30617 0.72984 
522	6	0.04029 0.75874 0.15457 0.02500 0.30381 0.74987 
523	6	0.01105 0.77218 0.11843 0.01802 0.30459 0.75543 
524	6	0.03643 0.79951 0.17233 0.01808 0.26955 0.79679 
525	6	0.04057 0.68756 0.19353 0.02678 0.24202 0.74917 
526	6	0.06347 0.67497 0.14132 0.03389 0.27239 0.69947 
527	6	0.06131 0.70805 0.17759 0.02604 0.24517 0.75607 
528	6	0.04258 0.89569 0.20857 0.01330 0.21808 0.87545 
529	6	0.02471 0.82298 0.19071 0.01340 0.24141 0.82454 
530	6	0.01685 0.76814 0.21529 0.01100 0.22558 0.85011 
531	6	0.06575 0.81482 0.14817 0.03035 0.30613 0.75000 
532	6	0.05086 0.76930 0.26634 0.01148 0.18437 0.87616 
533	6	0.05338 0.79175 0.26235 0.01383 0.21150 0.86610 
534	6	0.05307 0.79294 0.23022 0.01816 0.22535 0.83716 
535	6	0.02473 0.81648 0.31801 0.00541 0.16650 0.93327 
536	6	0.05156 0.77109 0.24473 0.01743 0.22587 0.83348 
537	6	0.04960 0.81572 0.26107 0.01671 0.19631 0.85410 
538	6	0.04449 0.83054 0.24702 0.01131 0.21075 0.88421 
539	6	0.03133 0.86820 0.21868 0.00955 0.20737 0.88073 
540	6	0.03738 0.78775 0.20161 0.01357 0.22098 0.82567 
541	6	0.03229 0.80670 0.12311 0.03072 0.32704 0.70409 
542	6	0.05589 0.84482 0.22133 0.01425 0.22751 0.85838 
543	6	0.00995 0.68861 0.28856 0.00861 0.18742 0.87063 
544	6	0.06730 0.61927 0.24713 0.02319 0.18921 0.78023 
545	6	0.03296 0.75099 0.20262 0.01651 0.24888 0.80450 
546	6	0.04343 0.80381 0.20688 0.01716 0.24396 0.82450 
547	6	0.03439 0.84205 0.29776 0.00563 0.16250 0.93429 
548	6	0.06505 0.73220 0.18084 0.02914 0.25389 0.76166 
549	6	0.06210 0.76512 0.15145 0.03160 0.29727 0.73111 
550	6	0.01609 0.73440 0.15591 0.02223 0.28676 0.75133 
551	6	0.05546 0.79347 0.18213 0.02269 0.26822 0.79052 
552	6	0.02140 0.77678 0.17708 0.01584 0.27826 0.79494 
553	6	0.01667 0.81507 0.24471 0.00706 0.20421 0.88668 
554	6	0.05620 0.76796 0.19957 0.02441 0.24888 0.78704 
555	6	0.05692 0.78518 0.26032 0.01648 0.19467 0.84729 
556	6	0.06193 0.80558 0.30014 0.01002 0.15991 0.91255 
557	6	0.04325 0.78958 0.17157 0.02146 0.24232 0.77197 
558	6	0.06474 0.73445 0.11046 0.04010 0.32914 0.66161 
559	6	0.02886 0.76964 0.12596 0.02465 0.30489 0.72673 
560	6	0.06089 0.70663 0.12369 0.03920 0.29973 0.66925 
561	6	0.07528 0.83524 0.30522 0.01043 0.14142 0.93639 
562	6	0.05118 0.80131 0.17387 0.01965 0.26093 0.79820 
563	6	0.06358 0.79429 0.19168 0.02181 0.24508 0.80268 
564	6	0.04641 0.73858 0.14517 0.02657 0.29233 0.72900 
565	6	0.02910 0.75329 0.14459 0.02142 0.28748 0.74883 
566	6	0.01048 0.77051 0.33665 0.00093 0.11930 0.95780 
567	6	0.06180 0.73437 0.18310 0.03289 0.26023 0.73555 
568	6	0.05305 0.75062 0.24318 0.01646 0.18546 0.83183 
569	6	0.04016 0.77251 0.13831 0.02645 0.28448 0.73232 
570	6	0.03501 0.84036 0.24395 0.01206 0.18455 0.86165 
571	6	0.05841 0.77705 0.19517 0.02285 0.23493 0.79494 
572	6	0.06439 0.77766 0.22916 0.01742 0.20391 0.83617 
573	6	0.06065 0.77409 0.22952 0.01805 0.19824 0.83231 
574	6	0.06678 0.75310 0.29899 0.01600 0.17009 0.86671 
575	6	0.05984 0.77171 0.27374 0.01601 0.18221 0.85576 
576	6	0.03882 0.79226 0.23321 0.01466 0.20924 0.84397 
577	6	0.04529 0.76581 0.17104 0.02371 0.26762 0.76577 
578	6	0.04268 0.78184 0.19125 0.01902 0.24141 0.80111 
579	6	0.05193 0.80119 0.21020 0.01866 0.22155 0.82684 
580	6	0.02797 0.77986 0.27315 0.00640 0.15486 0.89666 
581	6	0.04120 0.73511 0.12278 0.03009 0.32136 0.70182 
582	6	0.02659 0.77404 0.20024 0.01801 0.23312 0.79754 
583	6	0.03855 0.82243 0.11490 0.03021 0.31270 0.70468 
584	6	0.05851 0.74029 0.19764 0.02086 0.22845 0.78365 
585	6	0.04851 0.76245 0.15126 0.02796 0.26533 0.72846 
586	6	0.05579 0.71714 0.21776 0.02183 0.19534 0.79421 
587	6	0.06190 0.77368 0.10054 0.04176 0.33821 0.65664 
588	6	0.03882 0.76140 0.19427 0.01922 0.22896 0.79092 
589	6	0.05815 0.79319 0.23755 0.01673 0.21085 0.83744 
590	6	0.05980 0.84116 0.17332 0.02274 0.26261 0.79730 
591	6	0.05145 0.79540 0.12288 0.03144 0.32591 0.71678 
592	6	0.05321 0.78580 0.23537 0.01597 0.20297 0.84209 
593	6	0.02171 0.76056 0.25521 0.00959 0.17417 0.86640 
594	6	0.04616 0.80095 0.12347 0.03241 0.30668 0.70286 
595	6	0.05096 0.70382 0.15023 0.03185 0.28098 0.71277 
596	6	0.02376 0.78656 0.30843 0.00495 0.15921 0.91807 
597	6	0.01962 0.82180 0.18184 0.01146 0.24887 0.82981 
598	6	0.02181 0.75083 0.17243 0.01404 0.26513 0.79522 
599	6	0.03842 0.80564 0.17848 0.01792 0.24818 0.80483 
600	7	0.19851 0.69289 0.16377 0.17581 0.82689 0.46701 
601	7	0.28771 0.97896 0.02509 0.18943 0.88321 0.45731 
602	7	0.28129 0.97206 0.02010 0.22523 0.90409 0.44544 
603	7	0.34423 0.96882 0.04972 0.19905 0.85442 0.48638 
604	7	0.27303 0.97804 0.03450 0.15374 0.85197 0.51523 
605	7	0.16008 0.97386 0.04193 0.13658 0.86570 0.50548 
606	7	0.15359 0.97177 0.04225 0.14303 0.85708 0.50982 
607	7	0.44580 0.96362 0.13856 0.23410 0.68793 0.56350 
608	7	0.25309 0.98333 0.09055 0.12399 0.61765 0.62101 
609	7	0.23975 0.98838 0.06528 0.13012 0.67987 0.58220 
610	7	0.23061 0.98250 0.07837 0.12187 0.65779 0.60591 
611	7	0.35007 0.97380 0.10338 0.15759 0.62888 0.62691 
612	7	0.18577 0.99166 0.04978 0.13033 0.70656 0.59442 
613	7	0.26771 0.96143 0.16458 0.15699 0.63627 0.60853 
614	7	0.13530 0.95379 0.16822 0.08673 0.62645 0.64868 
615	7	0.24608 0.97835 0.07801 0.12739 0.66933 0.61262 
616	7	0.25715 1.00000 0.01356 0.19900 0.87016 0.47842 
617	7	0.30992 0.98415 0.08035 0.18871 0.69860 0.55825 
618	7	0.22256 0.98009 0.09457 0.13773 0.66238 0.60594 
619	7	0.14642 0.97353 0.10056 0.08245 0.62168 0.65420 
620	7	0.22635 0.97550 0.10959 0.11096 0.65126 0.65191 
621	7	0.13773 0.97119 0.11649 0.06564 0.59813 0.68343 
622	7	0.18597 0.98218 0.07201 0.11633 0.66327 0.60293 
623	7	0.15815 0.97390 0.10759 0.10888 0.63471 0.62710 
624	7	0.28680 0.97935 0.07702 0.13066 0.63907 0.60559 
625	7	0.12175 0.98320 0.02666 0.10101 0.87923 0.51637 
626	7	0.13172 0.97302 0.00402 0.10564 0.86990 0.50902 
627	7	0.13704 0.95018 0.03655 0.07514 0.78135 0.61073 
628	7	0.10312 0.94082 0.05299 0.06460 0.77090 0.62274 
629	7	0.06127 0.94842 0.08302 0.04948 0.73490 0.66263 
630	7	0.06133 0.92611 0.10949 0.05430 0.72122 0.66332 
631	7	0.15890 0.94418 0.06984 0.08782 0.77907 0.59612 
632	7	0.15509 0.94548 0.06513 0.08727 0.79245 0.57671 
633	7	0.12264 0.98177 0.00151 0.09165 0.88078 0.53476 
634	7	0.09854 0.88057 0.11189 0.08123 0.77299 0.59820 
635	7	0.12241 0.89805 0.06706 0.09745 0.79210 0.55746 
636	7	0.13285 0.93430 0.04338 0.09377 0.76811 0.57228 
637	7	0.08068 0.91486 0.05650 0.08427 0.77322 0.57302 
638	7	0.12959 0.95091 0.03573 0.09275 0.78750 0.56639 
639	7	0.14091 0.97883 0.00360 0.10977 0.86121 0.51630 
640	7	0.12998 0.98168 0.00000 0.09328 0.88133 0.52736 
641	7	0.11906 0.93304 0.04917 0.07319 0.76896 0.59838 
642	7	0.19931 0.77141 0.09052 0.17960 0.86359 0.41878 
643	7	0.12917 0.98414 0.04159 0.06036 0.71113 0.70080 
644	7	0.07498 0.98523 0.04782 0.03852 0.65900 0.73927 
645	7	0.09443 0.99244 0.03302 0.04898 0.68805 0.68392 
646	7	0.06485 0.98058 0.06649 0.03614 0.61994 0.75347 
647	7	0.06010 0.98107 0.05515 0.04392 0.65471 0.70761 
648	7	0.14099 0.99924 0.00806 0.07488 0.83600 0.61569 
649	7	0.13921 0.98036 0.06562 0.06987 0.62952 0.71309 
650	7	0.11200 0.98630 0.04451 0.05317 0.67640 0.70845 
651	7	0.12958 0.99763 0.01617 0.06957 0.79830 0.63668 
652	7	0.14934 0.98944 0.03675 0.05629 0.67423 0.70310 
653	7	0.10641 0.99911 0.00656 0.06480 0.83703 0.62713 
654	7	0.08291 0.98364 0.04492 0.04536 0.68073 0.72217 
655	7	0.14101 0.95875 0.06407 0.07080 0.72054 0.64144 
656	7	0.10472 0.99857 0.00658 0.05697 0.82989 0.64260 
657	7	0.09311 0.99897 0.00807 0.06009 0.83494 0.63890 
658	7	0.08765 0.98023 0.04930 0.04949 0.70240 0.70059 
659	7	0.10257 0.98888 0.03084 0.05750 0.70783 0.68213 
660	7	0.08055 0.98308 0.03415 0.05432 0.73431 0.66853 
661	7	0.11381 0.98836 0.03434 0.06171 0.72234 0.68129 
662	7	0.13327 0.88272 0.10674 0.08660 0.52819 0.63692 
663	7	0.09807 0.89092 0.11236 0.06276 0.54407 0.67357 
664	7	0.11333 0.86397 0.13927 0.05698 0.49282 0.68940 
665	7	0.20511 0.77793 0.14346 0.10128 0.52734 0.59911 
666	7	0.17452 0.88199 0.13340 0.06751 0.45713 0.69268 
667	7	0.18618 0.62512 0.32819 0.08429 0.47941 0.65987 
668	7	0.16620 0.86833 0.10707 0.07108 0.45288 0.67286 
669	7	0.12856 0.85187 0.13050 0.08212 0.50267 0.64824 
670	7	0.09176 0.78173 0.17739 0.05725 0.50308 0.68699 
671	7	0.11983 0.80711 0.17653 0.06428 0.50924 0.64260 
672	7	0.17678 0.86522 0.18110 0.05336 0.40276 0.74187 
673	7	0.20769 0.81589 0.12808 0.09255 0.44274 0.62178 
674	7	0.08637 0.88469 0.09038 0.05389 0.54985 0.66055 
675	7	0.06437 0.90539 0.10422 0.03624 0.43883 0.74427 
676	7	0.08232 0.90279 0.14838 0.03107 0.40660 0.78769 
677	7	0.06769 0.89311 0.11192 0.03872 0.43577 0.73851 
678	7	0.07881 0.87864 0.12305 0.04534 0.41020 0.72154 
679	7	0.06983 0.79564 0.18665 0.04819 0.42661 0.70880 
680	7	0.05576 0.88036 0.11219 0.03564 0.41528 0.74546 
681	7	0.10878 0.75110 0.28979 0.04784 0.35589 0.73599 
682	7	0.08111 0.88473 0.08944 0.04471 0.45472 0.71008 
683	7	0.07664 0.81045 0.14980 0.04666 0.43958 0.71173 
684	7	0.05680 0.90535 0.10342 0.03316 0.43027 0.74747 
685	7	0.06450 0.86570 0.14653 0.03985 0.42983 0.71962 
686	7	0.11574 0.76769 0.16641 0.05962 0.40109 0.68527 
687	7	0.09941 0.80585 0.16809 0.05340 0.38619 0.70889 
688	7	0.11359 0.81276 0.13627 0.06609 0.42023 0.65202 
689	7	0.11531 0.79503 0.19795 0.05029 0.36620 0.72286 
690	7	0.06980 0.82809 0.13987 0.04528 0.43360 0.70367 
691	7	0.12816 0.76227 0.15936 0.07084 0.39180 0.64481 
692	7	0.08658 0.77029 0.18662 0.04995 0.37713 0.71326 
693	7	0.13255 0.73409 0.13946 0.07682 0.42942 0.61557 
694	7	0.13923 0.74610 0.16284 0.06971 0.37436 0.64774 
695	7	0.04517 0.83327 0.23401 0.02858 0.43199 0.76818 
696	7	0.11075 0.76103 0.17025 0.06658 0.42132 0.65010 
697	7	0.13517 0.85768 0.12312 0.06506 0.49538 0.66818 
698	7	0.09617 0.64416 0.29449 0.05974 0.42347 0.69060 
699	7	0.11781 0.81023 0.15748 0.06643 0.42064 0.67660 
700	8	0.21596 0.62949 0.11142 0.23365 0.63718 0.36652 
701	8	0.19173 0.65034 0.16744 0.17201 0.63027 0.44618 
702	8	0.17211 0.65209 0.18431 0.18143 0.62791 0.43683 
703	8	0.21952 0.78911 0.19177 0.16866 0.59658 0.49269 
704	8	0.19905 0.74267 0.17031 0.17357 0.61276 0.46912 
705	8	0.26402 0.79758 0.15347 0.18958 0.57844 0.46906 
706	8	0.19818 0.80262 0.14339 0.18637 0.60668 0.45386 
707	8	0.23005 0.76881 0.16226 0.17928 0.57951 0.46661 
708	8	0.21607 0.53859 0.32870 0.17560 0.57364 0.48027 
709	8	0.18688 0.73850 0.14172 0.14957 0.57778 0.49128 
710	8	0.18124 0.80408 0.19044 0.14917 0.57689 0.53354 
711	8	0.21661 0.70422 0.28607 0.16584 0.57368 0.51690 
712	8	0.21644 0.69688 0.27563 0.18528 0.58228 0.49779 
713	8	0.23699 0.74695 0.29497 0.17504 0.55674 0.53865 
714	8	0.25056 0.66689 0.31882 0.17739 0.59836 0.52070 
715	8	0.17721 0.66773 0.44241 0.14134 0.56158 0.57099 
716	8	0.18882 0.76216 0.24735 0.15844 0.53773 0.53269 
717	8	0.19246 0.77200 0.23408 0.15662 0.54895 0.52883 
718	8	0.14470 0.64557 0.37596 0.12652 0.52635 0.56268 
719	8	0.18760 0.68380 0.28032 0.14602 0.53791 0.53071 
720	8	0.18203 0.57663 0.28867 0.13296 0.53616 0.53910 
721	8	0.39821 0.72371 0.22039 0.23450 0.55511 0.46332 
722	8	0.19816 0.62955 0.42269 0.12967 0.53661 0.57174 
723	8	0.27865 0.70411 0.27107 0.18253 0.58148 0.50207 
724	8	0.21545 0.50538 0.35000 0.19019 0.59796 0.46310 
725	8	0.28750 0.67932 0.19208 0.24240 0.64740 0.39858 
726	8	0.39335 0.67275 0.31858 0.24192 0.62687 0.46903 
727	8	0.38761 0.67626 0.21820 0.25481 0.64408 0.42887 
728	8	0.35389 0.82445 0.17685 0.22346 0.63802 0.46886 
729	8	0.29497 0.68122 0.24949 0.23968 0.63525 0.43723 
730	8	0.20696 0.67060 0.31457 0.20347 0.63292 0.46634 
731	8	0.28471 0.60507 0.22348 0.29604 0.66747 0.35047 
732	8	0.34406 0.71808 0.21375 0.26512 0.65393 0.40567 
733	8	0.32074 0.74689 0.20727 0.27443 0.69458 0.39240 
734	8	0.44179 0.72720 0.22243 0.34924 0.67449 0.37290 
735	8	0.18357 0.40802 0.46801 0.12468 0.51355 0.56752 
736	8	0.19525 0.54208 0.44229 0.13675 0.53660 0.56117 
737	8	0.24289 0.33463 0.23260 0.18662 0.59443 0.44073 
738	8	0.17102 0.57266 0.29288 0.14793 0.59229 0.52291 
739	8	0.16601 0.60205 0.32575 0.15953 0.57172 0.50397 
740	8	0.24947 0.74294 0.30880 0.22567 0.67062 0.47464 
741	8	0.21930 0.68135 0.22650 0.20045 0.65166 0.44861 
742	8	0.16263 0.55527 0.44209 0.13195 0.55550 0.56349 
743	8	0.14369 0.69711 0.33695 0.10608 0.54819 0.61473 
744	8	0.15680 0.55271 0.29384 0.13191 0.56063 0.54561 
745	8	0.11756 0.70234 0.27546 0.11506 0.53317 0.57750 
746	8	0.19611 0.62580 0.20857 0.15191 0.58088 0.51190 
747	8	0.15871 0.71850 0.13864 0.14484 0.58706 0.49930 
748	8	0.14057 0.59944 0.30203 0.12339 0.56986 0.55698 
749	8	0.14857 0.28038 0.28926 0.14637 0.57648 0.49173 
750	8	0.17056 0.48152 0.28273 0.13182 0.53407 0.52061 
751	8	0.16575 0.31711 0.33704 0.14715 0.56175 0.50015 
752	8	0.18926 0.52266 0.42248 0.12521 0.52203 0.58355 
753	8	0.13717 0.50279 0.35878 0.11279 0.51975 0.56835 
754	8	0.30238 0.61347 0.37682 0.21735 0.62861 0.49072 
755	8	0.13062 0.58788 0.38985 0.12355 0.55341 0.58301 
756	8	0.12507 0.67380 0.32293 0.10863 0.51510 0.61087 
757	8	0.22118 0.33865 0.47278 0.16460 0.57526 0.51243 
758	8	0.13346 0.66276 0.25698 0.12152 0.55978 0.55756 
759	8	0.20927 0.68989 0.24106 0.17177 0.61513 0.48019 
760	8	0.19321 0.66604 0.25791 0.19701 0.66171 0.44324 
761	8	0.10787 0.48755 0.32035 0.09798 0.53528 0.58284 
762	8	0.11302 0.67046 0.29014 0.08054 0.48745 0.63394 
763	8	0.13301 0.46140 0.34144 0.08233 0.44270 0.63121 
764	8	0.31570 0.95107 0.04075 0.19050 0.67830 0.47916 
765	8	0.13241 0.43774 0.26306 0.10278 0.48306 0.54819 
766	8	0.11224 0.61945 0.21391 0.09444 0.48785 0.56577 
767	8	0.16263 0.61710 0.50574 0.07103 0.36081 0.72937 
768	8	0.15454 0.73467 0.35883 0.08263 0.36988 0.68176 
769	8	0.12804 0.48156 0.19988 0.09143 0.46393 0.56060 
770	8	0.15279 0.37490 0.22014 0.07275 0.35346 0.60927 
771	8	0.09074 0.28662 0.23269 0.07184 0.39091 0.61031 
772	8	0.18357 0.09925 0.22728 0.12303 0.39189 0.52025 
773	8	0.06291 0.47077 0.26138 0.05247 0.41252 0.66815 
774	8	0.09471 0.66223 0.27628 0.05211 0.33321 0.70532 
775	8	0.10762 0.66232 0.31367 0.05790 0.34012 0.69165 
776	8	0.09732 0.52158 0.30274 0.06777 0.42453 0.63902 
777	8	0.13271 0.51765 0.20227 0.09378 0.45566 0.56909 
778	8	0.10484 0.44877 0.32251 0.06927 0.41140 0.64696 
779	8	0.11032 0.55843 0.37881 0.06225 0.37151 0.68666 
780	8	0.15740 0.42895 0.26565 0.08275 0.39291 0.59727 
781	8	0.11640 0.03662 0.28862 0.07574 0.39843 0.58605 
782	8	0.14782 0.20040 0.25477 0.10069 0.40464 0.56891 
783	8	0.07962 0.25594 0.33575 0.05495 0.34147 0.66808 
784	8	0.10053 0.32427 0.23017 0.08204 0.40987 0.57260 
785	8	0.05686 0.63365 0.30120 0.04738 0.33419 0.70299 
786	8	0.11901 0.66626 0.23167 0.07047 0.38539 0.63730 
787	8	0.07161 0.28321 0.33030 0.05080 0.31998 0.67873 
788	8	0.06904 0.25625 0.39235 0.03869 0.27431 0.72892 
789	8	0.07461 0.35254 0.36429 0.05295 0.29222 0.67994 
790	8	0.12877 0.55061 0.21043 0.08309 0.37651 0.60775 
791	8	0.05871 0.43146 0.44612 0.03216 0.27308 0.78600 
792	8	0.09626 0.28636 0.35891 0.05928 0.35461 0.66729 
793	8	0.06111 0.52895 0.27481 0.05510 0.38603 0.66519 
794	8	0.02246 0.87143 0.30505 0.00718 0.20130 0.92287 
795	8	0.02075 0.87327 0.31569 0.00490 0.18852 0.94015 
796	8	0.02137 0.85135 0.37985 0.00419 0.16013 0.95215 
797	8	0.01240 0.83053 0.50115 0.00081 0.12932 0.99820 
798	8	0.03620 0.86487 0.35432 0.00902 0.16694 0.92529 
799	8	0.04243 0.86370 0.38773 0.00686 0.14760 0.94966 
800	9	0.43655 0.85111 0.13192 0.61191 0.92897 0.18344 
801	9	0.30195 0.88000 0.16278 0.41520 0.83374 0.33228 
802	9	0.60831 0.92390 0.16009 0.58037 0.81660 0.32446 
803	9	0.30069 0.84046 0.13477 0.36374 0.82183 0.33725 
804	9	0.19212 0.83538 0.13679 0.15686 0.67604 0.51280 
805	9	0.19163 0.86273 0.20270 0.14531 0.63004 0.59431 
806	9	0.21799 0.78400 0.15145 0.24260 0.74389 0.42313 
807	9	0.59235 0.82565 0.12807 0.65985 0.87474 0.21143 
808	9	0.23678 0.86163 0.08999 0.32510 0.81025 0.33132 
809	9	0.38794 0.79816 0.02787 0.43761 0.87377 0.17682 
810	9	0.35159 0.79042 0.12761 0.38753 0.84942 0.26138 
811	9	0.73785 0.78432 0.09155 0.75467 0.90802 0.13510 
812	9	0.25719 0.85497 0.18008 0.32679 0.78431 0.36842 
813	9	0.34531 0.83958 0.22128 0.29051 0.68896 0.48862 
814	9	0.45064 0.86581 0.15809 0.37290 0.75937 0.40037 
815	9	0.30602 0.82700 0.25006 0.29627 0.71370 0.46415 
816	9	0.37474 0.84342 0.16602 0.30064 0.76138 0.42056 
817	9	0.28238 0.84437 0.04517 0.31467 0.79848 0.31111 
818	9	0.46411 0.86823 0.14475 0.53683 0.87719 0.23380 
819	9	0.57351 0.95989 0.03694 0.70772 0.94494 0.12903 
820	9	0.65282 0.79803 0.13217 0.79845 0.89225 0.16105 
821	9	0.64158 0.86238 0.16152 0.64823 0.84781 0.25176 
822	9	0.80088 0.80602 0.06953 1.00000 0.98723 0.00000 
823	9	0.74113 0.85865 0.15790 0.82941 0.87007 0.20135 
824	9	0.94844 0.90119 0.12300 0.98116 0.88203 0.18546 
825	9	0.86631 0.78394 0.12960 0.77810 0.85703 0.19043 
826	9	0.35441 0.82380 0.12450 0.34610 0.76771 0.36580 
827	9	0.39426 0.76523 0.12507 0.39043 0.80366 0.27879 
828	9	0.37809 0.74146 0.06660 0.40015 0.81451 0.26045 
829	9	0.50828 0.82990 0.09036 0.37547 0.77528 0.32795 
830	9	0.22474 0.76899 0.17558 0.21144 0.68782 0.46874 
831	9	0.20734 0.84763 0.08173 0.21310 0.73811 0.41879 
832	9	0.27586 0.86715 0.07213 0.22525 0.73843 0.41911 
833	9	0.25215 0.91063 0.07247 0.24702 0.79494 0.38912 
834	9	0.35980 0.90853 0.02732 0.37365 0.86068 0.26695 
835	9	0.28492 0.85284 0.17314 0.30241 0.77293 0.39051 
836	9	0.24031 0.93526 0.06568 0.21950 0.76349 0.45787 
837	9	0.33768 0.88405 0.10429 0.34857 0.79751 0.35691 
838	9	0.27286 0.91732 0.07397 0.29010 0.78678 0.38520 
839	9	0.25200 0.90118 0.04043 0.32039 0.83993 0.29154 
840	9	0.36484 0.84769 0.10007 0.37769 0.84793 0.26796 
841	9	0.43158 0.84433 0.10046 0.47531 0.86126 0.24213 
842	9	0.30252 0.92371 0.03457 0.28235 0.84434 0.31569 
843	9	0.29065 0.92293 0.07236 0.35303 0.87374 0.27151 
844	9	0.40149 0.79931 0.14072 0.50453 0.90157 0.20764 
845	9	0.55310 0.90252 0.04777 0.64054 0.96467 0.12500 
846	9	0.57185 0.92095 0.03044 0.64855 0.93760 0.14387 
847	9	0.31349 0.93189 0.07015 0.30002 0.82697 0.38837 
848	9	0.53023 0.89017 0.10866 0.60080 0.86451 0.26777 
849	9	0.13341 0.80797 0.13913 0.10330 0.54147 0.58576 
850	9	0.15470 0.80072 0.11741 0.12743 0.56948 0.53025 
851	9	0.11933 0.81751 0.09466 0.09787 0.55077 0.55923 
852	9	0.09999 0.83593 0.09601 0.08197 0.53461 0.58054 
853	9	0.13708 0.82893 0.11788 0.09128 0.52512 0.60860 
854	9	0.15551 0.86148 0.11833 0.09997 0.54977 0.59427 
855	9	0.15600 0.80760 0.17749 0.09622 0.49627 0.64229 
856	9	0.08840 0.86511 0.18253 0.06476 0.47044 0.69563 
857	9	0.11509 0.78277 0.16504 0.09550 0.51424 0.58672 
858	9	0.12150 0.78431 0.10614 0.11333 0.53444 0.53149 
859	9	0.19293 0.80969 0.14253 0.11065 0.51167 0.59442 
860	9	0.09056 0.80929 0.15674 0.06874 0.48359 0.65188 
861	9	0.15435 0.82414 0.15485 0.09108 0.49949 0.64125 
862	9	0.10274 0.85097 0.15072 0.07466 0.50565 0.63792 
863	9	0.15845 0.81246 0.14430 0.11072 0.53191 0.55328 
864	9	0.21400 0.87495 0.20810 0.18795 0.70264 0.50902 
865	9	0.24421 0.83441 0.14474 0.26273 0.73908 0.42434 
866	9	0.37596 0.86417 0.11742 0.34115 0.79387 0.35672 
867	9	0.30773 0.82983 0.08031 0.33615 0.82763 0.30885 
868	9	0.17502 0.81978 0.14139 0.16501 0.67066 0.49869 
869	9	0.12905 0.85275 0.16987 0.10368 0.54888 0.60363 
870	9	0.25174 0.81583 0.17562 0.13066 0.54801 0.57551 
871	9	0.23166 0.86107 0.12736 0.16763 0.64052 0.49517 
872	9	0.24336 0.89661 0.12062 0.16677 0.62842 0.52764 
873	9	0.45345 0.90503 0.14673 0.29954 0.72279 0.45179 
874	9	0.39886 0.86488 0.11757 0.27195 0.73025 0.42714 
875	9	0.12098 0.85071 0.10430 0.11486 0.57042 0.54255 
876	9	0.12457 0.80798 0.19784 0.07449 0.49990 0.65061 
877	9	0.11508 0.83488 0.16594 0.07544 0.47880 0.64360 
878	9	0.15640 0.81052 0.12573 0.12041 0.53906 0.54796 
879	9	0.11992 0.81842 0.14504 0.08957 0.52519 0.59494 
880	9	0.12008 0.82242 0.13738 0.09755 0.54331 0.56383 
881	9	0.09825 0.82881 0.14988 0.08286 0.52884 0.60179 
882	9	0.10561 0.86385 0.23134 0.05139 0.42004 0.75373 
883	9	0.09854 0.82399 0.19636 0.06976 0.46577 0.66742 
884	9	0.24009 0.88215 0.13877 0.28086 0.77033 0.38483 
885	9	0.39305 0.95480 0.03798 0.39374 0.90531 0.27266 
886	9	0.47820 0.88609 0.08517 0.46583 0.83753 0.27504 
887	9	0.25043 0.87591 0.12508 0.26845 0.77443 0.39530 
888	9	0.26185 0.88244 0.07800 0.31318 0.82180 0.32773 
889	9	0.40375 0.87524 0.10600 0.32531 0.81538 0.36462 
890	9	0.37353 0.86803 0.19200 0.31882 0.73343 0.43598 
891	9	0.22601 0.85765 0.14238 0.25928 0.76171 0.41241 
892	9	0.24956 0.84437 0.18335 0.27475 0.79012 0.36695 
893	9	0.26262 0.88204 0.15698 0.26188 0.74617 0.43111 
894	9	0.26412 0.86992 0.14735 0.25480 0.73476 0.44068 
895	9	0.14730 0.86403 0.16589 0.15227 0.64294 0.53056 
896	9	0.19246 0.86279 0.16929 0.21622 0.67049 0.50077 
897	9	0.26243 0.81693 0.12092 0.32149 0.77988 0.34394 
898	9	0.23501 0.85107 0.08063 0.26006 0.74736 0.36524 
899	9	0.14829 0.84006 0.19383 0.11686 0.58366 0.59627 
900	10	0.22369 0.81438 0.74834 0.04774 0.28492 0.93692 
901	10	0.22945 0.85685 0.60239 0.04465 0.25799 0.97710 
902	10	0.23256 0.83724 0.62707 0.04661 0.26516 0.97378 
903	10	0.22536 0.85191 0.55070 0.04602 0.29463 0.93996 
904	10	0.22827 0.86410 0.45307 0.05157 0.30966 0.90139 
905	10	0.22765 0.85176 0.57539 0.04486 0.30145 0.95815 
906	10	0.21912 0.84021 0.63304 0.04129 0.27184 0.96762 
907	10	0.21227 0.83120 0.66097 0.03819 0.26505 1.00000 
908	10	0.21026 0.79440 0.80119 0.03733 0.24127 0.99503 
909	10	0.21987 0.83668 0.64486 0.03917 0.24408 0.99420 
910	10	0.22617 0.85520 0.54718 0.05233 0.29855 0.89642 
911	10	0.24175 0.81311 0.79415 0.04806 0.24863 0.99668 
912	10	0.26101 0.83717 0.65078 0.05685 0.26973 0.97015 
913	10	0.29482 0.82883 0.61642 0.07247 0.30059 0.94016 
914	10	0.29597 0.87872 0.32300 0.08032 0.37645 0.84777 
915	10	0.31807 0.82730 0.57256 0.08122 0.29896 0.92605 
916	10	0.37042 0.84887 0.57751 0.11013 0.31899 0.91303 
917	10	0.40704 0.87677 0.47586 0.13191 0.29273 0.89724 
918	10	0.44734 0.84790 0.63884 0.15639 0.29649 0.89754 
919	10	0.46845 0.91327 0.37596 0.17121 0.34062 0.86643 
920	10	0.24824 0.86300 0.44158 0.05293 0.34516 0.90923 
921	10	0.36635 0.85890 0.52271 0.10918 0.38551 0.86472 
922	10	0.37485 0.90002 0.25730 0.13126 0.45971 0.74319 
923	10	0.40783 0.92630 0.29133 0.13561 0.41686 0.81660 
924	10	0.45129 0.89414 0.45133 0.16410 0.41555 0.81448 
925	10	0.42253 0.93972 0.21938 0.14627 0.44422 0.79392 
926	10	0.30841 0.86429 0.41155 0.08427 0.37793 0.82633 
927	10	0.30991 0.85529 0.43048 0.08796 0.38319 0.81888 
928	10	0.32891 0.91481 0.25712 0.09811 0.40563 0.80579 
929	10	0.36392 0.94036 0.23611 0.11201 0.42794 0.81107 
930	10	0.35677 0.93157 0.26673 0.10836 0.41264 0.81788 
931	10	0.38037 0.94787 0.23997 0.11750 0.40470 0.84614 
932	10	0.35845 0.89954 0.38013 0.11076 0.38497 0.84209 
933	10	0.34286 0.89298 0.38557 0.10358 0.37175 0.83030 
934	10	0.31134 0.93495 0.19716 0.09146 0.40094 0.79409 
935	10	0.28037 0.90152 0.31720 0.07720 0.39074 0.82412 
936	10	0.26298 0.92332 0.30660 0.06706 0.35210 0.84375 
937	10	0.25441 0.91414 0.18793 0.06594 0.40970 0.82153 
938	10	0.61585 0.84935 0.62514 0.29994 0.44659 0.75599 
939	10	0.68907 0.85048 0.58750 0.36074 0.45339 0.77336 
940	10	0.84091 0.87278 0.49639 0.53726 0.50668 0.65561 
941	10	0.84365 0.87512 0.55367 0.55228 0.53843 0.65380 
942	10	0.81548 0.86233 0.49023 0.50804 0.49627 0.67131 
943	10	0.66877 0.84020 0.69789 0.34076 0.41285 0.79556 
944	10	0.66430 0.86936 0.53363 0.34214 0.43229 0.75321 
945	10	0.64277 0.87459 0.45682 0.31708 0.42862 0.76772 
946	10	0.68699 0.87432 0.61524 0.36366 0.43555 0.74480 
947	10	0.43026 0.89740 0.40891 0.15933 0.41693 0.79623 
948	10	0.42235 0.83280 0.60534 0.14897 0.40069 0.81542 
949	10	0.81227 0.82034 0.37829 0.54510 0.74033 0.47850 
950	10	0.77246 0.86789 0.34941 0.49170 0.69903 0.52781 
951	10	0.53020 0.90721 0.25053 0.24664 0.54505 0.63913 
952	10	0.74517 0.87187 0.51631 0.43165 0.53211 0.68201 
953	10	0.69697 0.87042 0.39393 0.40068 0.54574 0.61267 
954	10	0.40642 0.81429 0.56613 0.14523 0.41366 0.82062 
955	10	0.54858 0.81791 0.76532 0.23268 0.37681 0.84057 
956	10	0.30325 0.80542 0.58800 0.07934 0.30912 0.88827 
957	10	0.43593 0.86860 0.50858 0.15588 0.38774 0.83418 
958	10	0.54440 0.83296 0.69972 0.23893 0.44358 0.78152 
959	10	0.52335 0.88573 0.45477 0.21948 0.42607 0.80399 
960	10	0.34317 0.84777 0.50577 0.09409 0.28593 0.92619 
961	10	0.37943 0.85821 0.46476 0.11691 0.35858 0.86167 
962	10	0.15059 0.71832 0.64314 0.03559 0.31555 0.89052 
963	10	0.41015 0.87782 0.36657 0.16844 0.46504 0.70851 
964	10	0.30979 0.85028 0.35643 0.12029 0.46802 0.71969 
965	10	0.27101 0.73670 0.74111 0.06506 0.31812 0.91164 
966	10	0.36614 0.83539 0.44081 0.12066 0.41084 0.80296 
967	10	0.10593 0.80326 0.52409 0.02602 0.31127 0.91049 
968	10	0.71445 0.87693 0.57538 0.39513 0.41593 0.74980 
969	10	0.51771 0.88076 0.37132 0.24236 0.54813 0.70074 
970	10	0.40273 0.81408 0.63772 0.13821 0.36049 0.85575 
971	10	0.44700 0.81371 0.71440 0.16408 0.38604 0.85989 
972	10	0.45821 0.80958 0.78295 0.17110 0.36250 0.87900 
973	10	0.42049 0.86526 0.55803 0.14670 0.37226 0.87376 
974	10	0.39479 0.85799 0.52856 0.13163 0.38794 0.87324 
975	10	0.27044 0.82740 0.80651 0.06540 0.32691 0.93958 
976	10	0.17574 0.85606 0.47424 0.03268 0.31020 0.93625 
977	10	0.28603 0.89942 0.43345 0.07541 0.34180 0.91667 
978	10	0.33163 0.91467 0.35233 0.09986 0.37336 0.87958 
979	10	0.30273 0.83500 0.53961 0.07547 0.31946 0.91158 
980	10	0.28304 0.83788 0.51124 0.07014 0.33374 0.90843 
981	10	0.45328 0.91357 0.35727 0.16706 0.39394 0.83824 
982	10	0.49329 0.89964 0.41996 0.19928 0.42611 0.80073 
983	10	0.27874 0.89142 0.31744 0.07615 0.40734 0.84041 
984	10	0.28177 0.91774 0.30461 0.06866 0.40165 0.87866 
985	10	0.44919 0.93992 0.26400 0.16765 0.45997 0.79056 
986	10	0.46482 0.92068 0.33442 0.17683 0.43718 0.79026 
987	10	0.43195 0.91580 0.33851 0.15486 0.45938 0.80238 
988	10	0.49149 0.93483 0.27929 0.19974 0.47334 0.75997 
989	10	0.22642 0.82100 0.46561 0.04680 0.33581 0.89697 
990	10	0.43953 0.93156 0.27986 0.15969 0.43707 0.80888 
991	10	0.50564 0.93164 0.28455 0.21472 0.46768 0.75179 
992	10	0.50847 0.92178 0.34738 0.20875 0.44364 0.75907 
993	10	0.47397 0.87698 0.52422 0.18250 0.41881 0.82430 
994	10	0.49952 0.92668 0.24485 0.20672 0.47344 0.74284 
995	10	0.48553 0.89139 0.50277 0.19162 0.40387 0.81466 
996	10	0.36921 0.89634 0.40852 0.11302 0.38852 0.85671 
997	10	0.47718 0.92604 0.22946 0.19342 0.48828 0.73024 
998	10	0.50909 0.91263 0.35968 0.21059 0.46155 0.77115 
999	10	0.55372 0.93901 0.19635 0.24877 0.49422 0.72471 
1000	11	0.36212 0.99012 0.00577 0.44139 1.00000 0.21930 
1001	11	0.52439 0.93923 0.14015 0.48009 0.87534 0.33599 
1002	11	0.44869 0.90889 0.05322 0.38260 0.89228 0.30711 
1003	11	0.81942 0.93000 0.04822 0.87135 0.92069 0.15107 
1004	11	0.68033 0.94606 0.04411 0.72957 0.95981 0.15878 
1005	11	0.45911 0.91217 0.05234 0.62936 0.91958 0.20218 
1006	11	0.41319 0.92704 0.06858 0.47904 0.88680 0.29027 
1007	11	0.49272 0.91241 0.02828 0.63026 0.93436 0.17450 
1008	11	0.47794 0.91105 0.06634 0.55466 0.88507 0.25433 
1009	11	0.55878 0.92293 0.05314 0.66899 0.89860 0.19979 
1010	11	0.52025 0.92128 0.07178 0.60923 0.89082 0.22802 
1011	11	0.42029 0.89597 0.08117 0.51196 0.87842 0.26883 
1012	11	0.51847 0.91325 0.05671 0.57363 0.90810 0.22918 
1013	11	0.53610 0.90476 0.06261 0.66802 0.91002 0.19955 
1014	11	0.51313 0.90763 0.06008 0.62813 0.91013 0.18532 
1015	11	0.67639 0.90284 0.05907 0.58594 0.88409 0.26059 
1016	11	0.70209 0.91584 0.10003 0.69358 0.88097 0.24009 
1017	11	0.53299 0.91012 0.09539 0.54872 0.87759 0.27005 
1018	11	0.57908 0.91750 0.08371 0.49384 0.87588 0.30575 
1019	11	0.48919 0.93760 0.03501 0.61597 0.92529 0.20349 
1020	11	0.76996 0.92432 0.07354 0.73173 0.90971 0.21691 
1021	11	0.50637 0.90358 0.07143 0.41081 0.89600 0.31237 
1022	11	0.49354 0.91853 0.08504 0.54225 0.91423 0.25771 
1023	11	0.52601 0.92046 0.09922 0.40261 0.92074 0.30638 
1024	11	0.52692 0.91027 0.08750 0.51023 0.91348 0.25775 
1025	11	0.53569 0.93714 0.09840 0.43338 0.86361 0.33489 
1026	11	0.35483 0.92440 0.11555 0.36024 0.86540 0.34854 
1027	11	0.30677 0.90871 0.04826 0.41279 0.91545 0.25158 
1028	11	0.54005 0.91577 0.06002 0.47216 0.91157 0.26206 
1029	11	0.30601 0.91773 0.12014 0.32506 0.86445 0.36291 
1030	11	0.37758 0.93019 0.05377 0.45953 0.90772 0.25226 
1031	11	0.33631 0.91116 0.05824 0.42793 0.90804 0.26162 
1032	11	0.35778 0.91089 0.04368 0.46839 0.91407 0.23718 
1033	11	0.36195 0.90265 0.06504 0.37553 0.89780 0.28095 
1034	11	0.30336 0.92304 0.09020 0.32921 0.88333 0.33074 
1035	11	0.29354 0.91323 0.07292 0.34459 0.89504 0.30855 
1036	11	0.26601 0.88597 0.04511 0.32841 0.91850 0.26644 
1037	11	0.40893 0.87831 0.04525 0.42924 0.92455 0.22988 
1038	11	0.36671 0.93876 0.17766 0.29577 0.81785 0.44510 
1039	11	0.41876 0.95043 0.12434 0.34338 0.84233 0.39838 
1040	11	0.33475 0.92677 0.06983 0.31908 0.86022 0.36318 
1041	11	0.43457 0.93035 0.11819 0.46872 0.85008 0.30700 
1042	11	0.35379 0.91537 0.07725 0.37166 0.89740 0.30507 
1043	11	0.43977 0.88496 0.07794 0.50074 0.84345 0.24952 
1044	11	0.41445 0.92057 0.10637 0.40335 0.80216 0.37634 
1045	11	0.39630 0.92078 0.04522 0.49552 0.87763 0.23837 
1046	11	0.33356 0.90282 0.07023 0.38662 0.87931 0.29541 
1047	11	0.49168 0.89977 0.05158 0.54354 0.92368 0.21742 
1048	11	0.17216 0.94464 0.16353 0.24159 0.86674 0.42606 
1049	11	0.26178 0.94085 0.10258 0.33458 0.90960 0.34019 
1050	11	0.37552 0.93583 0.04010 0.41905 0.93358 0.25408 
1051	11	0.28681 0.91437 0.06306 0.34933 0.90424 0.31536 
1052	11	0.47501 0.93174 0.09294 0.39782 0.86128 0.35194 
1053	11	0.51038 0.87839 0.08501 0.48704 0.84289 0.28538 
1054	11	0.45318 0.84581 0.02812 0.59382 0.90768 0.15026 
1055	11	0.44794 0.84687 0.03035 0.61954 0.90344 0.14416 
1056	11	0.52864 0.88708 0.07177 0.46041 0.85764 0.30404 
1057	11	0.37211 0.91754 0.04760 0.44906 0.90617 0.25856 
1058	11	0.42519 0.86098 0.02221 0.51100 0.90364 0.18652 
1059	11	0.43413 0.93136 0.06880 0.35379 0.88451 0.33962 
1060	11	0.34244 0.91666 0.05399 0.36926 0.88666 0.28956 
1061	11	0.35669 0.90393 0.05879 0.42871 0.86436 0.28337 
1062	11	0.34536 0.90883 0.07421 0.44308 0.86575 0.27995 
1063	11	0.39175 0.92043 0.04679 0.42235 0.86714 0.28687 
1064	11	0.44762 0.92029 0.06876 0.49881 0.88360 0.26165 
1065	11	0.59534 0.91442 0.06677 0.51845 0.86782 0.29081 
1066	11	0.35498 0.92119 0.06010 0.35483 0.89152 0.30572 
1067	11	0.37010 0.92005 0.12402 0.38328 0.82765 0.36334 
1068	11	0.55630 0.89660 0.08042 0.58013 0.89996 0.23117 
1069	11	0.69922 0.93525 0.08800 0.88630 0.90135 0.16585 
1070	11	0.89268 0.94188 0.07149 0.96561 0.92035 0.14927 
1071	11	0.76706 0.91616 0.07913 0.96889 0.92158 0.12424 
1072	11	0.40463 0.91931 0.06215 0.40975 0.88198 0.30373 
1073	11	0.28556 0.91264 0.08412 0.33171 0.88622 0.32775 
1074	11	0.43819 0.94283 0.05949 0.45133 0.89637 0.29516 
1075	11	0.47408 0.93769 0.06729 0.37592 0.88264 0.33461 
1076	11	0.30394 0.91861 0.05545 0.38889 0.89379 0.29461 
1077	11	0.41333 0.93960 0.08280 0.32505 0.86398 0.37156 
1078	11	0.40713 0.91640 0.06012 0.40664 0.91374 0.26956 
1079	11	0.29314 0.91811 0.10155 0.31043 0.90198 0.33076 
1080	11	0.27621 0.93228 0.10332 0.29627 0.89622 0.35365 
1081	11	0.34493 0.90790 0.20247 0.28064 0.84724 0.43141 
1082	11	0.25341 0.95116 0.11841 0.27122 0.86602 0.40078 
1083	11	0.40373 0.92836 0.14083 0.32901 0.84218 0.39973 
1084	11	0.32045 0.93781 0.09853 0.29829 0.86978 0.38122 
1085	11	0.34684 0.93383 0.11165 0.30408 0.87165 0.38324 
1086	11	0.26912 0.91851 0.13689 0.25661 0.83951 0.42905 
1087	11	0.45891 0.88677 0.04934 0.43694 0.94244 0.21965 
1088	11	0.45778 0.96117 0.10170 0.34356 0.86159 0.41682 
1089	11	0.23499 0.97431 0.05086 0.19813 0.90864 0.45107 
1090	11	0.19095 0.95373 0.14088 0.16305 0.80767 0.53911 
1091	11	0.27850 0.95785 0.11159 0.21371 0.82948 0.49695 
1092	11	0.23278 0.95966 0.05133 0.25750 0.91548 0.37484 
1093	11	0.23425 0.95682 0.06209 0.25262 0.90320 0.39180 
1094	11	0.43178 0.94833 0.09367 0.29049 0.88107 0.41983 
1095	11	0.24486 0.94722 0.12614 0.20455 0.84424 0.48397 
1096	11	0.53110 0.94267 0.02870 0.38186 0.93841 0.30982 
1097	11	0.39715 0.92501 0.03853 0.30830 0.92716 0.32598 
1098	11	0.32158 0.94166 0.05193 0.27443 0.90931 0.36725 
1099	11	0.22077 0.95106 0.05809 0.21037 0.89171 0.41919 
1100	12	0.27786 0.93804 0.01750 0.30898 0.91180 0.31672 
1101	12	0.25077 0.85573 0.08282 0.27617 0.87376 0.38208 
1102	12	0.27718 0.89081 0.12960 0.22198 0.78103 0.49992 
1103	12	0.26982 0.94872 0.06841 0.23312 0.80912 0.48356 
1104	12	0.36579 0.92299 0.04838 0.31861 0.88549 0.35671 
1105	12	0.37812 0.93996 0.03499 0.31076 0.86145 0.38474 
1106	12	0.26606 0.94561 0.02744 0.35749 0.91034 0.28972 
1107	12	0.24109 0.90717 0.09827 0.24202 0.83095 0.46090 
1108	12	0.32232 0.93130 0.04783 0.29507 0.86872 0.39395 
1109	12	0.22305 0.93726 0.02829 0.25223 0.88265 0.39796 
1110	12	0.31920 0.90892 0.06491 0.33353 0.88930 0.35601 
1111	12	0.39886 0.89464 0.06854 0.35337 0.88318 0.34526 
1112	12	0.27146 0.91480 0.04116 0.31395 0.88637 0.35166 
1113	12	0.37217 0.89819 0.04311 0.37171 0.90451 0.31627 
1114	12	0.51381 0.87372 0.03734 0.62506 0.98100 0.15746 
1115	12	0.37435 0.90901 0.03432 0.53857 0.96687 0.17721 
1116	12	0.32246 0.85510 0.10593 0.42009 0.89546 0.30155 
1117	12	0.33366 0.90155 0.09854 0.32916 0.83370 0.41489 
1118	12	0.37251 0.91725 0.01166 0.56216 0.96435 0.15940 
1119	12	0.23891 0.93337 0.03787 0.26959 0.88776 0.36241 
1120	12	0.39664 0.94223 0.05337 0.42906 0.86701 0.34403 
1121	12	0.28150 0.92312 0.06535 0.27519 0.83537 0.41729 
1122	12	0.38313 0.90998 0.07636 0.40302 0.85021 0.34570 
1123	12	0.20544 0.90642 0.07366 0.22751 0.86381 0.43068 
1124	12	0.17646 0.91634 0.10282 0.12919 0.72508 0.59784 
1125	12	0.35538 0.90698 0.03021 0.42180 0.91639 0.27259 
1126	12	0.32135 0.91283 0.03720 0.39203 0.91260 0.27337 
1127	12	0.22402 0.96195 0.03240 0.24155 0.85398 0.43703 
1128	12	0.30954 0.92457 0.01586 0.41175 0.94746 0.24309 
1129	12	0.30709 0.91683 0.07638 0.25582 0.80922 0.46040 
1130	12	0.35502 0.91252 0.05549 0.30844 0.85328 0.38607 
1131	12	0.23352 0.90787 0.02992 0.32961 0.92878 0.29044 
1132	12	0.36750 0.92669 0.02304 0.42879 0.93936 0.24033 
1133	12	0.14977 0.98768 0.01176 0.14823 0.89613 0.47748 
1134	12	0.15680 0.98212 0.01477 0.14662 0.88771 0.47508 
1135	12	0.27991 0.90564 0.06812 0.17397 0.78737 0.51250 
1136	12	0.27673 0.93447 0.07510 0.18748 0.74315 0.55850 
1137	12	0.22119 0.91328 0.07797 0.14477 0.77175 0.54460 
1138	12	0.27693 0.99346 0.00613 0.16755 0.90800 0.49448 
1139	12	0.18279 0.94219 0.08268 0.11960 0.76420 0.59156 
1140	12	0.12202 0.94972 0.06785 0.11366 0.75068 0.59737 
1141	12	0.19471 0.93473 0.08292 0.15366 0.79093 0.55256 
1142	12	0.33123 0.90872 0.04842 0.24126 0.84928 0.44192 
1143	12	0.43957 0.94617 0.07692 0.23615 0.78720 0.54023 
1144	12	0.23538 0.92956 0.08516 0.15487 0.76651 0.55590 
1145	12	0.17518 0.90914 0.16516 0.09714 0.67185 0.67143 
1146	12	0.25559 0.91766 0.13448 0.14290 0.71157 0.62824 
1147	12	0.36160 0.91747 0.10381 0.21348 0.78061 0.52236 
1148	12	0.56369 0.93262 0.10836 0.34283 0.83835 0.45912 
1149	12	0.51417 0.94706 0.02307 0.49079 0.89799 0.28380 
1150	12	0.47095 0.91715 0.09002 0.43733 0.83693 0.37023 
1151	12	1.00000 0.94472 0.06189 0.88312 0.86208 0.27608 
1152	12	0.52184 0.88798 0.14335 0.38549 0.82425 0.40956 
1153	12	0.87673 0.91105 0.13868 0.68192 0.81670 0.37793 
1154	12	0.40770 0.92584 0.07392 0.24236 0.81438 0.49145 
1155	12	0.17752 0.93657 0.11318 0.09314 0.69821 0.67170 
1156	12	0.17236 0.96289 0.06790 0.14310 0.80736 0.57832 
1157	12	0.25466 0.96263 0.01497 0.26825 0.91459 0.36705 
1158	12	0.17627 0.93577 0.09155 0.14447 0.76606 0.58327 
1159	12	0.41731 0.98495 0.03062 0.25579 0.85263 0.46551 
1160	12	0.27226 0.94475 0.06925 0.17282 0.75874 0.55700 
1161	12	0.35844 0.98309 0.01770 0.24458 0.89838 0.44243 
1162	12	0.32913 0.98143 0.03363 0.20366 0.84020 0.51370 
1163	12	0.45069 0.94526 0.02561 0.41734 0.92212 0.30372 
1164	12	0.42100 0.96089 0.01816 0.41951 0.94646 0.24893 
1165	12	0.42209 0.94500 0.03801 0.42373 0.87758 0.34077 
1166	12	0.43114 0.94589 0.05056 0.30016 0.82669 0.45926 
1167	12	0.33174 0.93943 0.06894 0.28815 0.82756 0.45749 
1168	12	0.28394 0.95958 0.00370 0.36249 0.97097 0.27139 
1169	12	0.29260 0.94964 0.02745 0.29103 0.90427 0.37079 
1170	12	0.26296 0.95219 0.03372 0.21616 0.89719 0.42416 
1171	12	0.22442 0.90921 0.13553 0.21007 0.83084 0.50209 
1172	12	0.43533 0.95521 0.02513 0.34180 0.93221 0.32831 
1173	12	0.43296 0.90414 0.04482 0.44556 0.94280 0.27991 
1174	12	0.68932 0.91100 0.06914 0.54953 0.89814 0.30043 
1175	12	0.51240 0.93538 0.04901 0.49772 0.92514 0.20033 
1176	12	0.41275 0.89503 0.07438 0.54873 0.92561 0.15310 
1177	12	0.42734 0.95265 0.07942 0.43817 0.88680 0.23899 
1178	12	0.67013 0.91903 0.07340 0.53053 0.87713 0.24465 
1179	12	0.56877 0.84867 0.07888 0.51916 0.88671 0.18854 
1180	12	0.42474 0.82339 0.15731 0.34861 0.79115 0.32400 
1181	12	0.82827 0.86035 0.06279 0.80604 0.91176 0.12064 
1182	12	0.59804 0.81698 0.08028 0.59633 0.90863 0.14456 
1183	12	0.29684 0.91860 0.11826 0.27385 0.84357 0.30624 
1184	12	0.34612 0.84420 0.07239 0.38685 0.88947 0.22399 
1185	12	0.72291 0.87863 0.12455 0.70782 0.92107 0.09413 
1186	12	0.52643 0.88141 0.06565 0.77801 0.95556 0.03703 
1187	12	0.65626 0.91730 0.10125 0.50486 0.86340 0.22754 
1188	12	0.39686 0.88413 0.11611 0.44724 0.89346 0.16959 
1189	12	0.38567 0.95160 0.08637 0.35916 0.86827 0.27197 
1190	12	0.21626 0.83975 0.20801 0.22994 0.76717 0.38599 
1191	12	0.44632 0.88542 0.04884 0.52632 0.92381 0.17099 
1192	12	0.50085 0.88508 0.05878 0.39913 0.87048 0.28416 
1193	12	0.35780 0.85976 0.14220 0.31076 0.81226 0.33815 
1194	12	0.29149 0.95445 0.07155 0.31928 0.87336 0.29820 
1195	12	0.32517 0.92330 0.02313 0.39424 0.93544 0.24804 
1196	12	0.31752 0.94508 0.04947 0.35055 0.93157 0.25284 
1197	12	0.36817 0.81803 0.07348 0.45370 0.84055 0.28094 
1198	12	0.57943 0.93471 0.04863 0.56682 0.91671 0.17411 
1199	12	0.26123 0.82619 0.16228 0.22928 0.73899 0.49821 
1200	13	0.42777 0.88072 0.40897 0.15713 0.47386 0.79934 
1201	13	0.43127 0.91187 0.26566 0.16689 0.54175 0.73827 
1202	13	0.41989 0.88527 0.34092 0.16041 0.51925 0.73981 
1203	13	0.41657 0.88581 0.39881 0.15203 0.48854 0.78303 
1204	13	0.40367 0.87477 0.46338 0.14068 0.45499 0.81541 
1205	13	0.40128 0.85542 0.35769 0.16551 0.53780 0.67369 
1206	13	0.32659 0.84104 0.36935 0.12270 0.52461 0.71001 
1207	13	0.39645 0.85425 0.54939 0.13860 0.46553 0.81231 
1208	13	0.38965 0.84955 0.50500 0.13965 0.47936 0.78927 
1209	13	0.39548 0.88989 0.39595 0.14659 0.46522 0.78135 
1210	13	0.39531 0.86166 0.41438 0.15119 0.48971 0.73965 
1211	13	0.39361 0.85712 0.36518 0.15385 0.52588 0.71156 
1212	13	0.39665 0.92285 0.23012 0.14508 0.52121 0.74596 
1213	13	0.38823 0.88014 0.29274 0.16050 0.52269 0.70786 
1214	13	0.39144 0.85857 0.21121 0.17362 0.59894 0.56703 
1215	13	0.38451 0.88157 0.39262 0.14612 0.49160 0.76107 
1216	13	0.41133 0.90423 0.29852 0.16848 0.52453 0.71068 
1217	13	0.40657 0.89779 0.15127 0.16892 0.57048 0.61838 
1218	13	0.40499 0.85101 0.50164 0.15998 0.48914 0.76030 
1219	13	0.35251 0.89795 0.36199 0.13515 0.53992 0.75311 
1220	13	0.40795 0.88593 0.31432 0.17391 0.58815 0.68663 
1221	13	0.41227 0.88142 0.28150 0.19033 0.61279 0.62081 
1222	13	0.41030 0.90240 0.24446 0.18132 0.59562 0.66506 
1223	13	0.39308 0.85613 0.32913 0.17604 0.60589 0.63371 
1224	13	0.41034 0.86518 0.31327 0.18727 0.60824 0.64498 
1225	13	0.40814 0.88682 0.24350 0.17704 0.59207 0.66284 
1226	13	0.40579 0.89625 0.32609 0.17373 0.58711 0.69794 
1227	13	0.40588 0.87073 0.27621 0.18333 0.63500 0.63717 
1228	13	0.40413 0.93798 0.18692 0.17408 0.60271 0.68172 
1229	13	0.40202 0.88423 0.29321 0.17749 0.60084 0.66158 
1230	13	0.39695 0.90920 0.24982 0.17147 0.60014 0.66120 
1231	13	0.39236 0.87042 0.34918 0.16507 0.58992 0.68562 
1232	13	0.39255 0.89384 0.23233 0.16839 0.61879 0.64894 
1233	13	0.38500 0.92058 0.23713 0.15454 0.58335 0.69858 
1234	13	0.46429 0.85986 0.37262 0.18722 0.53177 0.72786 
1235	13	0.46442 0.85732 0.47672 0.18883 0.51870 0.73297 
1236	13	0.46678 0.81981 0.31935 0.20257 0.58379 0.63156 
1237	13	0.46568 0.85409 0.33640 0.19600 0.56936 0.68211 
1238	13	0.45887 0.84112 0.18397 0.17661 0.48797 0.69745 
1239	13	0.45464 0.87080 0.39434 0.18072 0.51453 0.73719 
1240	13	0.45480 0.84929 0.36817 0.19136 0.56426 0.67758 
1241	13	0.44942 0.82788 0.52892 0.17974 0.52645 0.73757 
1242	13	0.45299 0.89146 0.26306 0.18470 0.53825 0.70189 
1243	13	0.44521 0.83689 0.45342 0.17869 0.52736 0.70939 
1244	13	0.43839 0.85407 0.45756 0.16926 0.49046 0.76091 
1245	13	0.44485 0.89100 0.27334 0.17759 0.54869 0.70999 
1246	13	0.44316 0.85768 0.41120 0.17181 0.50971 0.74574 
1247	13	0.43521 0.87686 0.35229 0.16805 0.52323 0.73632 
1248	13	0.43997 0.87304 0.30800 0.17233 0.54326 0.71941 
1249	13	0.44065 0.86827 0.27575 0.17988 0.56346 0.66999 
1250	13	0.42856 0.85448 0.31814 0.16602 0.54370 0.70393 
1251	13	0.43889 0.84159 0.36197 0.17654 0.54449 0.70246 
1252	13	0.40768 0.85485 0.38025 0.16157 0.53330 0.71294 
1253	13	0.43485 0.86492 0.18069 0.18236 0.56866 0.62064 
1254	13	0.43049 0.81411 0.55455 0.16135 0.49054 0.76907 
1255	13	0.44578 0.86096 0.37721 0.17831 0.52948 0.71437 
1256	13	0.39145 0.84104 0.40650 0.14816 0.52719 0.71942 
1257	13	0.43062 0.84395 0.24077 0.17898 0.55254 0.62526 
1258	13	0.43343 0.85455 0.35820 0.17154 0.53629 0.70800 
1259	13	0.43567 0.90016 0.14846 0.17804 0.55623 0.63550 
1260	13	0.43222 0.84475 0.38056 0.17130 0.54206 0.70281 
1261	13	0.44299 0.85367 0.16740 0.19134 0.58148 0.59842 
1262	13	0.46502 0.86440 0.32785 0.19810 0.58053 0.67129 
1263	13	0.45520 0.87332 0.26786 0.18902 0.57654 0.67440 
1264	13	0.43595 0.79909 0.41616 0.18484 0.55039 0.64636 
1265	13	0.43872 0.84032 0.43577 0.17415 0.54522 0.72297 
1266	13	0.43480 0.86350 0.17734 0.18708 0.57909 0.59323 
1267	13	0.44237 0.84542 0.31241 0.18503 0.54210 0.67058 
1268	13	0.43278 0.82320 0.40046 0.17631 0.54980 0.68494 
1269	13	0.42625 0.88231 0.22761 0.17762 0.54999 0.66035 
1270	13	0.43333 0.89596 0.32008 0.16600 0.53566 0.74118 
1271	13	0.40842 0.85710 0.36843 0.14912 0.51052 0.75090 
1272	13	0.40032 0.86088 0.36649 0.14660 0.50743 0.74387 
1273	13	0.39270 0.84538 0.44791 0.14126 0.49609 0.75723 
1274	13	0.39562 0.83486 0.45327 0.14087 0.48264 0.76734 
1275	13	0.39567 0.84693 0.36457 0.14568 0.51515 0.73124 
1276	13	0.38977 0.86459 0.34067 0.13893 0.49384 0.75905 
1277	13	0.36436 0.81162 0.44069 0.13268 0.49970 0.73105 
1278	13	0.37939 0.82191 0.49472 0.13367 0.47772 0.76473 
1279	13	0.37880 0.82499 0.45093 0.13553 0.48542 0.75231 
1280	13	0.37854 0.83719 0.39841 0.13172 0.48759 0.76833 
1281	13	0.36863 0.85194 0.50094 0.12088 0.44100 0.81361 
1282	13	0.30564 0.85013 0.37844 0.10872 0.54542 0.73620 
1283	13	0.31821 0.85242 0.45706 0.09494 0.41853 0.82531 
1284	13	0.31712 0.85326 0.44085 0.10179 0.45188 0.79217 
1285	13	0.32333 0.88242 0.33499 0.10819 0.47538 0.75903 
1286	13	0.31951 0.88200 0.29461 0.10172 0.45371 0.77205 
1287	13	0.31863 0.87362 0.30346 0.10913 0.49287 0.74833 
1288	13	0.32524 0.84474 0.45205 0.10500 0.46472 0.79147 
1289	13	0.31329 0.87416 0.32783 0.10687 0.49098 0.75340 
1290	13	0.29387 0.84552 0.37286 0.09500 0.48770 0.77781 
1291	13	0.25882 0.83750 0.34121 0.09021 0.48830 0.74071 
1292	13	0.25816 0.84160 0.37158 0.09299 0.49680 0.73662 
1293	13	0.26411 0.82341 0.36935 0.09239 0.50657 0.73628 
1294	13	0.26877 0.85440 0.37562 0.09302 0.50032 0.74647 
1295	13	0.26800 0.83727 0.42027 0.08452 0.48550 0.78544 
1296	13	0.26858 0.89055 0.27038 0.08259 0.50952 0.76610 
1297	13	0.27948 0.86908 0.29472 0.09595 0.53912 0.72871 
1298	13	0.28049 0.83314 0.45898 0.09046 0.50321 0.76738 
1299	13	0.28872 0.84845 0.31458 0.10704 0.53927 0.71179 
1300	14	0.12739 0.80630 0.68480 0.09666 0.63018 0.68034 
1301	14	0.13010 0.79270 0.39198 0.11104 0.70414 0.61353 
1302	14	0.15949 0.79393 0.55385 0.13703 0.71393 0.61241 
1303	14	0.12267 0.83432 0.56946 0.10156 0.68503 0.66329 
1304	14	0.08989 0.85848 0.45596 0.08657 0.64381 0.68308 
1305	14	0.13251 0.74360 0.52624 0.12174 0.68093 0.60982 
1306	14	0.14662 0.77529 0.47250 0.14847 0.72638 0.56405 
1307	14	0.17146 0.75306 0.60329 0.13752 0.68162 0.61062 
1308	14	0.13300 0.97343 0.10447 0.10136 0.83378 0.60538 
1309	14	0.09021 0.82593 0.31624 0.10235 0.72843 0.60539 
1310	14	0.11411 0.96699 0.13216 0.08117 0.80340 0.64134 
1311	14	0.09085 0.75696 0.46701 0.09711 0.71272 0.62472 
1312	14	0.12010 0.81997 0.47691 0.10010 0.70079 0.66003 
1313	14	0.11484 0.80534 0.50958 0.09223 0.69942 0.64826 
1314	14	0.11733 0.76267 0.47993 0.10291 0.71437 0.61798 
1315	14	0.10716 0.77850 0.52678 0.08425 0.66141 0.69461 
1316	14	0.14884 0.77316 0.42637 0.13541 0.72616 0.58146 
1317	14	0.12339 0.82421 0.50246 0.08727 0.65022 0.69073 
1318	14	0.13236 0.79039 0.39158 0.13891 0.76481 0.55385 
1319	14	0.08701 0.95288 0.08740 0.11959 0.84107 0.54401 
1320	14	0.11479 0.97564 0.06748 0.10941 0.85531 0.55524 
1321	14	0.10296 0.60077 0.85285 0.07744 0.61880 0.72841 
1322	14	0.08847 0.63202 0.38376 0.09155 0.70888 0.61822 
1323	14	0.11257 0.62285 0.72847 0.09405 0.61439 0.68681 
1324	14	0.10918 0.95889 0.07173 0.09412 0.84067 0.56870 
1325	14	0.12755 0.75745 0.52655 0.11258 0.68661 0.63221 
1326	14	0.10491 0.75156 0.61690 0.09002 0.61245 0.68376 
1327	14	0.09031 0.67360 0.81517 0.07378 0.60117 0.72431 
1328	14	0.08659 0.94578 0.15417 0.07026 0.77952 0.66076 
1329	14	0.09469 0.66158 0.78125 0.07395 0.63743 0.69599 
1330	14	0.10815 0.70008 0.99058 0.07441 0.55653 0.77137 
1331	14	0.18286 0.72534 0.57524 0.13239 0.71169 0.60450 
1332	14	0.12979 0.75240 0.53444 0.10232 0.65825 0.65199 
1333	14	0.11212 0.62897 0.86880 0.08401 0.60430 0.72250 
1334	14	0.15503 0.73954 0.59806 0.12234 0.70681 0.62820 
1335	14	0.09895 0.80401 0.47553 0.09071 0.70184 0.66287 
1336	14	0.15386 0.64140 0.60681 0.12450 0.69164 0.62036 
1337	14	0.10056 0.66972 0.92676 0.09123 0.63057 0.70594 
1338	14	0.08416 0.72412 0.54750 0.07380 0.65028 0.68644 
1339	14	0.10918 0.62225 0.65964 0.10000 0.69724 0.63038 
1340	14	0.11779 0.63256 0.59289 0.10615 0.68936 0.63587 
1341	14	0.08929 0.76110 0.69978 0.07494 0.60624 0.73653 
1342	14	0.09261 0.63061 0.76647 0.07234 0.66260 0.71925 
1343	14	0.09512 0.94444 0.11104 0.07244 0.77434 0.64447 
1344	14	0.07264 0.60736 0.73165 0.07150 0.62056 0.72571 
1345	14	0.12606 0.73221 0.63276 0.09714 0.66373 0.66956 
1346	14	0.08129 0.67169 0.65505 0.08909 0.67074 0.67291 
1347	14	0.07722 0.42287 0.70569 0.07855 0.64287 0.69277 
1348	14	0.13034 0.55589 0.86605 0.05825 0.54459 0.79880 
1349	14	0.16032 0.68088 0.68175 0.12170 0.64132 0.64971 
1350	14	0.07004 0.64140 0.61423 0.06134 0.58618 0.73743 
1351	14	0.10341 0.98064 0.08249 0.08105 0.78693 0.62796 
1352	14	0.12412 0.70286 0.52288 0.08929 0.64844 0.64782 
1353	14	0.07882 0.81270 0.41647 0.07689 0.61687 0.69750 
1354	14	0.08930 0.56743 0.78900 0.05321 0.50755 0.78877 
1355	14	0.08417 0.71390 0.39586 0.07311 0.66054 0.66595 
1356	14	0.10479 0.67440 0.72525 0.07392 0.58971 0.74475 
1357	14	0.09418 0.64162 1.00000 0.06861 0.55033 0.78963 
1358	14	0.09320 0.55454 0.95039 0.09362 0.58251 0.71402 
1359	14	0.10174 0.97737 0.07294 0.06508 0.75199 0.67442 
1360	14	0.12491 0.68850 0.38528 0.09002 0.61860 0.68168 
1361	14	0.14478 0.76044 0.60434 0.08988 0.61476 0.69867 
1362	14	0.10875 0.62738 0.86298 0.08713 0.59009 0.70790 
1363	14	0.14919 0.96456 0.08026 0.13834 0.83578 0.53661 
1364	14	0.11237 0.77425 0.56443 0.09312 0.62471 0.70456 
1365	14	0.11307 0.77346 0.52522 0.08598 0.65484 0.67211 
1366	14	0.16385 0.83542 0.40890 0.13578 0.69626 0.59506 
1367	14	0.46954 0.76458 0.34359 0.38994 0.72390 0.46580 
1368	14	0.52318 0.74100 0.36595 0.40269 0.73457 0.45775 
1369	14	0.18715 0.74790 0.29940 0.09823 0.51454 0.70935 
1370	14	0.20395 0.80374 0.29621 0.08817 0.49628 0.74860 
1371	14	0.33148 0.81051 0.23262 0.16212 0.51334 0.64928 
1372	14	0.20715 0.37892 0.54129 0.11253 0.51309 0.68393 
1373	14	0.18860 0.50145 0.52045 0.11805 0.47842 0.67960 
1374	14	0.26391 0.74242 0.32743 0.13370 0.52280 0.67666 
1375	14	0.15838 0.81723 0.27821 0.06598 0.48957 0.76300 
1376	14	0.13304 0.69997 0.43088 0.07330 0.55595 0.74380 
1377	14	0.18785 0.74589 0.44295 0.08433 0.52298 0.76951 
1378	14	0.20954 0.83472 0.24865 0.10858 0.57307 0.70540 
1379	14	0.16195 0.62562 0.45930 0.08737 0.50484 0.75610 
1380	14	0.18052 0.68726 0.30605 0.08354 0.55091 0.72436 
1381	14	0.15826 0.47723 0.51097 0.08631 0.58513 0.72698 
1382	14	0.15397 0.34391 0.76369 0.09193 0.50442 0.77208 
1383	14	0.16065 0.27923 0.60818 0.10733 0.52620 0.72331 
1384	14	0.17183 0.35333 0.86435 0.09647 0.49123 0.78673 
1385	14	0.19049 0.44248 0.50739 0.11861 0.61733 0.67543 
1386	14	0.14811 0.46012 0.53856 0.09339 0.58185 0.71470 
1387	14	0.07605 0.52537 0.62604 0.05134 0.55005 0.79336 
1388	14	0.06100 0.66715 0.38782 0.05397 0.56455 0.77634 
1389	14	0.12851 0.63465 0.43659 0.07023 0.54724 0.76711 
1390	14	0.18523 0.38366 0.66534 0.09516 0.54148 0.74116 
1391	14	0.19857 0.04749 0.37282 0.10239 0.35827 0.63589 
1392	14	0.15367 0.60302 0.42024 0.10304 0.59842 0.68548 
1393	14	0.18794 0.27323 0.61996 0.13101 0.60595 0.65798 
1394	14	0.14165 0.77911 0.28277 0.09180 0.56285 0.73100 
1395	14	0.11852 0.31981 0.79866 0.08873 0.50403 0.76272 
1396	14	0.23945 0.71212 0.40449 0.11483 0.54908 0.70841 
1397	14	0.15361 0.60637 0.32132 0.08762 0.57838 0.68951 
1398	14	0.16941 0.65735 0.54264 0.07257 0.48424 0.81407 
1399	14	0.19701 0.50516 0.38675 0.13121 0.57460 0.66361 
