1400	14	6
0	1	0.35432 0.97956 0.05305 0.31253 0.94607 0.41150 
1	1	0.31117 0.89107 0.14265 0.24733 0.83553 0.53465 
2	1	0.27772 0.89830 0.14610 0.25869 0.83713 0.52501 
3	1	0.40417 0.88457 0.15969 0.30286 0.83988 0.48010 
4	1	0.48723 0.88604 0.18282 0.35074 0.86242 0.44397 
5	1	0.33319 0.89700 0.17722 0.26475 0.83696 0.51367 
6	1	0.38973 0.92861 0.11923 0.28835 0.87949 0.49139 
7	1	0.29270 0.90006 0.12294 0.27848 0.85213 0.49442 
8	1	0.36718 0.92559 0.07593 0.28282 0.86542 0.50200 
9	1	0.35763 0.90507 0.11941 0.29140 0.84621 0.49391 
10	1	0.37487 0.92888 0.06681 0.29288 0.87437 0.48192 
11	1	0.32418 0.97444 0.14249 0.28056 0.91373 0.46899 
12	1	0.30765 0.97569 0.08229 0.28873 0.92280 0.45482 
13	1	0.34402 0.98496 0.12821 0.33069 0.95292 0.39555 
14	1	0.40051 0.97140 0.09185 0.30496 0.91510 0.45585 
15	1	0.43399 0.97017 0.05664 0.31347 0.92041 0.45318 
16	1	0.44942 0.96592 0.09520 0.31709 0.91316 0.45863 
17	1	0.36885 0.96873 0.06297 0.29465 0.91057 0.45998 
18	1	0.33207 0.91027 0.16681 0.28212 0.86875 0.47699 
19	1	0.50760 0.93167 0.07861 0.36821 0.90257 0.42454 
20	1	0.29334 0.89654 0.11299 0.29759 0.85635 0.46761 
21	1	0.41225 0.91728 0.12102 0.31509 0.88681 0.46034 
22	1	0.33885 0.87498 0.21443 0.25282 0.80911 0.54062 
23	1	0.32735 0.87269 0.16758 0.22149 0.79673 0.57482 
24	1	0.32571 0.90535 0.11077 0.30381 0.86941 0.46577 
25	1	0.45251 0.90791 0.13717 0.30156 0.85354 0.50557 
26	1	0.40994 0.89686 0.08918 0.28619 0.84040 0.51046 
27	1	0.30246 0.86955 0.22354 0.24021 0.80295 0.55098 
28	1	0.33669 0.97785 0.04852 0.28796 0.92907 0.45624 
29	1	0.47036 0.89124 0.11940 0.31428 0.84352 0.50247 
30	1	0.31520 0.92220 0.11346 0.26439 0.85267 0.51832 
31	1	0.43503 0.94011 0.07306 0.36092 0.91492 0.39561 
32	1	0.59515 0.93461 0.05592 0.44850 0.92615 0.35615 
33	1	0.31701 0.93453 0.09259 0.32969 0.90517 0.42203 
34	1	0.30005 0.92062 0.09672 0.27542 0.86486 0.49427 
35	1	0.40894 0.92132 0.10885 0.32768 0.89006 0.44119 
36	1	0.44237 0.90443 0.09620 0.32964 0.87550 0.45456 
37	1	0.27544 0.81862 0.20846 0.16710 0.59053 0.66081 
38	1	0.15451 0.87613 0.15959 0.12598 0.67525 0.68394 
39	1	0.28048 0.84299 0.13724 0.18408 0.64208 0.64144 
40	1	0.48875 0.62438 0.35907 0.33613 0.57717 0.49154 
41	1	0.33936 0.80668 0.20329 0.21294 0.67034 0.59555 
42	1	0.15893 0.91706 0.21164 0.13318 0.75030 0.66622 
43	1	0.23893 0.76686 0.41332 0.17813 0.54657 0.65088 
44	1	0.25205 0.50151 0.40741 0.20366 0.37280 0.58842 
45	1	0.28544 0.88666 0.11695 0.20217 0.77464 0.61019 
46	1	0.21243 0.80773 0.25981 0.16852 0.61530 0.65858 
47	1	0.19199 0.84892 0.16952 0.15680 0.65506 0.65487 
48	1	0.23891 0.78221 0.34250 0.18892 0.59626 0.62131 
49	1	0.10175 0.85653 0.28550 0.10621 0.58608 0.72875 
50	1	0.13407 0.84293 0.21234 0.11597 0.58108 0.70139 
51	1	0.34893 0.79710 0.39221 0.19845 0.54337 0.64584 
52	1	0.32388 0.84676 0.18528 0.18164 0.63301 0.66401 
53	1	0.32663 0.89927 0.11946 0.19867 0.69573 0.63113 
54	1	0.27605 0.58783 0.42483 0.22967 0.49877 0.56638 
55	1	0.40730 0.71170 0.34341 0.32280 0.69202 0.46316 
56	1	0.25788 0.86876 0.17230 0.18413 0.72446 0.60133 
57	1	0.63166 0.71692 0.23837 0.46619 0.70631 0.38703 
58	1	0.30422 0.92674 0.11015 0.19589 0.77165 0.60817 
59	1	0.40484 0.91007 0.25397 0.24341 0.69134 0.58839 
60	1	0.22690 0.71340 0.29854 0.17190 0.54662 0.61297 
61	1	0.17457 0.60770 0.77324 0.13920 0.32938 0.63635 
62	1	0.57478 0.86508 0.18816 0.40698 0.77302 0.43130 
63	1	0.45616 0.91304 0.09681 0.29891 0.78483 0.51920 
64	1	0.21060 0.85007 0.25478 0.18270 0.70339 0.59622 
65	1	0.25467 0.83764 0.25545 0.16828 0.60798 0.64677 
66	1	0.28648 0.69633 0.34042 0.19045 0.49463 0.62170 
67	1	0.20159 0.85600 0.17788 0.17013 0.65093 0.62267 
68	1	0.44589 0.78567 0.16019 0.28983 0.65933 0.51411 
69	1	0.17918 0.84064 0.23921 0.15139 0.63549 0.65611 
70	1	0.35737 0.90698 0.14851 0.24197 0.76578 0.55739 
71	1	0.14619 0.87364 0.20674 0.14136 0.66971 0.65229 
72	1	0.21418 0.86242 0.22711 0.12260 0.56398 0.72467 
73	1	0.21344 0.83604 0.26501 0.15051 0.59521 0.66446 
74	1	0.15969 0.86611 0.19586 0.13002 0.60066 0.68528 
75	1	0.35593 0.80351 0.40978 0.23520 0.63757 0.54918 
76	1	0.15850 0.83951 0.19496 0.14897 0.60451 0.65460 
77	1	0.17222 0.84154 0.19045 0.14718 0.61160 0.64996 
78	1	0.33061 0.86276 0.17126 0.18925 0.66503 0.64657 
79	1	0.38117 0.88668 0.10897 0.23701 0.77595 0.58565 
80	1	0.12271 0.82678 0.27205 0.13467 0.57968 0.66400 
81	1	0.28335 0.90019 0.14757 0.17593 0.70702 0.64638 
82	1	0.13790 0.81199 0.37273 0.13623 0.57146 0.67891 
83	1	0.17843 0.79220 0.25137 0.17134 0.60079 0.59386 
84	1	0.39660 0.82784 0.24093 0.26764 0.70722 0.53109 
85	1	0.24599 0.75647 0.24861 0.16392 0.51420 0.63574 
86	1	0.15065 0.81869 0.14132 0.15076 0.63852 0.64794 
87	1	0.18549 0.91666 0.18836 0.10716 0.63947 0.73707 
88	1	0.17558 0.92407 0.17985 0.14043 0.72286 0.68003 
89	1	0.24407 0.90853 0.13352 0.17632 0.71632 0.63200 
90	1	0.26198 0.69664 0.40319 0.19318 0.51726 0.58438 
91	1	0.24920 0.87061 0.22003 0.15876 0.66858 0.66050 
92	1	0.36501 0.90078 0.13995 0.21626 0.77214 0.60045 
93	1	0.18969 0.90985 0.16717 0.14012 0.70568 0.69040 
94	1	0.24695 0.89448 0.15666 0.17521 0.70827 0.64253 
95	1	0.12787 0.91389 0.19242 0.13047 0.70857 0.68150 
96	1	0.13612 0.88407 0.18721 0.12201 0.64734 0.69124 
97	1	0.15098 0.92481 0.11905 0.14894 0.77012 0.64797 
98	1	0.17036 0.90456 0.23907 0.14710 0.72461 0.65294 
99	1	0.10445 0.91485 0.17725 0.10377 0.67442 0.72596 
100	2	0.31955 0.56228 0.48458 0.19717 0.40082 0.61639 
101	2	0.15050 0.79065 0.29762 0.09419 0.40616 0.74389 
102	2	0.08602 0.82461 0.28119 0.08730 0.44484 0.74860 
103	2	0.16659 0.77739 0.28147 0.10901 0.43529 0.71679 
104	2	0.17720 0.80960 0.26042 0.14120 0.57019 0.66236 
105	2	0.30991 0.78405 0.25280 0.17713 0.56974 0.64000 
106	2	0.14443 0.84882 0.29626 0.10413 0.53744 0.71992 
107	2	0.13399 0.85532 0.23481 0.10575 0.55003 0.72471 
108	2	0.32675 0.84318 0.20523 0.18936 0.59994 0.63844 
109	2	0.39554 0.87272 0.19422 0.23012 0.61167 0.62265 
110	2	0.32345 0.91710 0.19346 0.18605 0.68065 0.63434 
111	2	0.14270 0.82765 0.30223 0.11273 0.51387 0.71637 
112	2	0.21009 0.80117 0.38621 0.17312 0.54779 0.63755 
113	2	0.25655 0.85003 0.27891 0.16132 0.56092 0.67242 
114	2	0.28916 0.80321 0.25188 0.17605 0.59593 0.63734 
115	2	0.28780 0.87603 0.23718 0.18297 0.63368 0.64717 
116	2	0.22493 0.88767 0.20979 0.12940 0.57613 0.71225 
117	2	0.39425 0.75827 0.26389 0.23912 0.56327 0.59691 
118	2	0.21987 0.88743 0.19745 0.14372 0.61753 0.69330 
119	2	0.38981 0.87723 0.19326 0.22690 0.62282 0.62577 
120	2	0.28416 0.86779 0.26771 0.16359 0.57969 0.68764 
121	2	0.36922 0.90017 0.19628 0.20203 0.61199 0.66556 
122	2	0.31439 0.88608 0.21665 0.17093 0.58668 0.67669 
123	2	0.42681 0.88555 0.22509 0.24204 0.58620 0.65252 
124	2	0.45530 0.86507 0.17097 0.26776 0.59716 0.62494 
125	2	0.26432 0.86085 0.25324 0.14425 0.51860 0.70793 
126	2	0.22907 0.84947 0.37641 0.14272 0.56792 0.68260 
127	2	0.13722 0.82645 0.45339 0.09819 0.47802 0.73033 
128	2	0.03873 0.88156 0.43382 0.06301 0.49585 0.80341 
129	2	0.09630 0.84648 0.33572 0.08480 0.48304 0.77271 
130	2	0.06089 0.81305 0.38079 0.07270 0.42897 0.78227 
131	2	0.12457 0.83444 0.38131 0.08542 0.42347 0.77701 
132	2	0.23378 0.76707 0.46530 0.12202 0.43854 0.72330 
133	2	0.16701 0.82460 0.36751 0.10287 0.44574 0.74512 
134	2	0.13548 0.82667 0.37460 0.08277 0.42159 0.77382 
135	2	0.13305 0.80966 0.49879 0.09184 0.42076 0.75924 
136	2	0.10605 0.78872 0.48829 0.08288 0.42380 0.75698 
137	2	0.22787 0.80873 0.35899 0.12151 0.46194 0.72603 
138	2	0.13763 0.76591 0.36607 0.09312 0.42573 0.73059 
139	2	0.17488 0.95367 0.17776 0.16318 0.78732 0.62823 
140	2	0.17370 0.82704 0.27456 0.13463 0.57141 0.70192 
141	2	0.30616 0.80107 0.14896 0.19246 0.62165 0.63759 
142	2	0.24311 0.81658 0.28344 0.14300 0.55055 0.70525 
143	2	0.14573 0.82911 0.26146 0.10216 0.48330 0.76025 
144	2	0.16986 0.84089 0.22874 0.13129 0.54859 0.72525 
145	2	0.22245 0.80727 0.25770 0.13659 0.49656 0.72082 
146	2	0.46498 0.76075 0.34494 0.31931 0.69805 0.50399 
147	2	0.35370 0.79459 0.20653 0.20631 0.59831 0.64872 
148	2	0.32042 0.74901 0.38177 0.18673 0.53904 0.64607 
149	2	0.31406 0.69111 0.29037 0.17447 0.44491 0.68502 
150	2	0.37890 0.75777 0.25691 0.22492 0.52033 0.65014 
151	2	0.30484 0.70115 0.31834 0.20244 0.49290 0.62601 
152	2	0.57745 0.67078 0.13616 0.40540 0.66066 0.47640 
153	2	0.52728 0.65461 0.35865 0.34518 0.57957 0.53191 
154	2	0.46862 0.59479 0.34544 0.30691 0.59680 0.50918 
155	2	0.57005 0.71192 0.25004 0.39849 0.70946 0.46220 
156	2	0.43573 0.71721 0.31635 0.30153 0.63881 0.53034 
157	2	0.25622 0.62343 0.37287 0.14695 0.30669 0.72036 
158	2	0.40372 0.69014 0.27228 0.23546 0.47648 0.63566 
159	2	0.42409 0.61173 0.24417 0.27536 0.51924 0.56957 
160	2	0.46339 0.56969 0.38847 0.29617 0.53038 0.53406 
161	2	0.49818 0.60912 0.32349 0.33367 0.61642 0.49671 
162	2	0.25925 0.73578 0.29878 0.19393 0.51567 0.63985 
163	2	0.22703 0.72974 0.33937 0.14528 0.45853 0.69755 
164	2	0.38423 0.73279 0.29768 0.23167 0.52953 0.61364 
165	2	0.26672 0.68178 0.32509 0.17984 0.46505 0.65495 
166	2	0.24445 0.58783 0.42566 0.14512 0.30976 0.69494 
167	2	0.17366 0.69451 0.33707 0.11543 0.35146 0.73647 
168	2	0.30881 0.57341 0.35052 0.21152 0.41990 0.60853 
169	2	0.17579 0.72985 0.31942 0.11618 0.39121 0.73082 
170	2	0.26185 0.62158 0.36084 0.18422 0.38930 0.63997 
171	2	0.24648 0.55942 0.45262 0.14468 0.26344 0.69935 
172	2	0.37385 0.63505 0.36736 0.21204 0.41128 0.64358 
173	2	0.33525 0.45709 0.38747 0.17793 0.26190 0.66549 
174	2	0.36904 0.55119 0.42856 0.20266 0.31561 0.65662 
175	2	0.17491 0.62075 0.29309 0.12181 0.29540 0.71498 
176	2	0.16647 0.66430 0.40527 0.12261 0.27529 0.73174 
177	2	0.12623 0.59567 0.58159 0.07759 0.13735 0.78228 
178	2	0.22817 0.58555 0.42781 0.11063 0.22732 0.74538 
179	2	0.18283 0.59639 0.53230 0.08972 0.19398 0.76158 
180	2	0.20867 0.60487 0.43698 0.09747 0.18211 0.76786 
181	2	0.27834 0.55402 0.47218 0.12868 0.14171 0.75668 
182	2	0.16319 0.49853 0.59575 0.06824 0.00000 0.81817 
183	2	0.15413 0.58903 0.56553 0.07761 0.14343 0.78209 
184	2	0.24061 0.54396 0.43720 0.15728 0.34114 0.66187 
185	2	0.32221 0.52032 0.36652 0.17357 0.30923 0.65634 
186	2	0.26927 0.48845 0.48936 0.14375 0.22789 0.68559 
187	2	0.28983 0.50475 0.27309 0.14108 0.20409 0.72051 
188	2	0.32125 0.51880 0.46998 0.16594 0.23265 0.67942 
189	2	0.15092 0.65323 0.60189 0.12435 0.30968 0.69827 
190	2	0.23979 0.63048 0.38796 0.12260 0.26850 0.72389 
191	2	0.16756 0.57686 0.47092 0.08464 0.14434 0.76603 
192	2	0.22514 0.50261 0.55363 0.11059 0.15793 0.74046 
193	2	0.27165 0.52709 0.50050 0.14019 0.22112 0.70626 
194	2	0.26518 0.48699 0.52091 0.13335 0.19170 0.70732 
195	2	0.21718 0.64080 0.33701 0.15142 0.35030 0.68034 
196	2	0.41121 0.74400 0.32183 0.22778 0.48076 0.65443 
197	2	0.37466 0.73141 0.29899 0.21575 0.52642 0.63167 
198	2	0.30054 0.77769 0.32823 0.16388 0.48912 0.69635 
199	2	0.21836 0.80880 0.17019 0.11494 0.48558 0.74786 
200	3	0.67363 0.93017 0.11174 0.50858 0.82940 0.39378 
201	3	0.72920 0.89305 0.19601 0.57659 0.82058 0.35498 
202	3	0.60256 0.89531 0.24003 0.42365 0.76690 0.46527 
203	3	0.62786 0.91005 0.20481 0.45651 0.80724 0.42781 
204	3	0.63954 0.89581 0.16292 0.46349 0.77928 0.43788 
205	3	0.72587 0.89417 0.22262 0.56969 0.79203 0.37007 
206	3	0.56337 0.89343 0.24943 0.37975 0.76043 0.50558 
207	3	0.58419 0.88930 0.20719 0.39873 0.72485 0.50041 
208	3	0.59080 0.89352 0.18928 0.40693 0.76508 0.49599 
209	3	0.63300 0.87693 0.27886 0.45345 0.74414 0.46532 
210	3	0.55953 0.86615 0.30316 0.37528 0.71607 0.50842 
211	3	0.55473 0.88630 0.18457 0.37422 0.74545 0.49951 
212	3	0.57114 0.85229 0.31052 0.38810 0.70025 0.50533 
213	3	0.53439 0.86770 0.26263 0.34491 0.66555 0.55691 
214	3	0.61438 0.88634 0.25481 0.43452 0.74959 0.46752 
215	3	0.57384 0.89604 0.18430 0.39337 0.75422 0.49002 
216	3	0.62019 0.87739 0.28935 0.43657 0.73181 0.48213 
217	3	0.60272 0.88209 0.19018 0.41991 0.74573 0.48644 
218	3	0.55678 0.89560 0.24516 0.37389 0.75292 0.50461 
219	3	0.50314 0.89993 0.22724 0.31326 0.68773 0.58421 
220	3	0.58176 0.89666 0.21924 0.39294 0.69906 0.51842 
221	3	0.71694 0.89569 0.21140 0.55816 0.79576 0.37700 
222	3	0.71260 0.87959 0.24611 0.55220 0.77551 0.38812 
223	3	0.73139 0.88287 0.18888 0.57417 0.76381 0.39361 
224	3	0.74285 0.89400 0.19294 0.59207 0.81971 0.35544 
225	3	0.75686 0.89982 0.17006 0.61300 0.82866 0.33079 
226	3	0.77216 0.90541 0.17398 0.63283 0.82851 0.32645 
227	3	0.75860 0.88633 0.16980 0.61412 0.82484 0.33579 
228	3	0.80919 0.84823 0.13640 0.68599 0.81874 0.28864 
229	3	0.70533 0.88113 0.15546 0.54429 0.79861 0.38604 
230	3	0.66811 0.88817 0.24226 0.49737 0.78383 0.42107 
231	3	0.66524 0.89865 0.16578 0.49446 0.77926 0.42416 
232	3	0.63454 0.88258 0.25122 0.45753 0.76228 0.45248 
233	3	0.65071 0.89143 0.26120 0.47409 0.76701 0.45266 
234	3	0.72036 0.88493 0.24346 0.55998 0.78234 0.39384 
235	3	0.68511 0.90242 0.20686 0.51731 0.80255 0.40582 
236	3	0.72452 0.88201 0.20988 0.56821 0.80345 0.37105 
237	3	0.49931 0.75139 0.39617 0.31393 0.58193 0.55812 
238	3	0.66418 0.84522 0.21838 0.49124 0.76458 0.42463 
239	3	0.67795 0.88534 0.15243 0.50732 0.77818 0.41739 
240	3	0.69663 0.89559 0.21047 0.53070 0.78800 0.40412 
241	3	0.71566 0.87932 0.19117 0.55827 0.81147 0.37018 
242	3	0.75826 0.86199 0.15125 0.61315 0.80547 0.34548 
243	3	0.71698 0.88645 0.14927 0.55859 0.80053 0.37874 
244	3	0.74396 0.86782 0.22138 0.59376 0.78905 0.35381 
245	3	0.70550 0.88296 0.19084 0.54533 0.81066 0.38016 
246	3	0.71982 0.89704 0.19199 0.56303 0.81894 0.37412 
247	3	0.65080 0.90495 0.19741 0.47425 0.81412 0.43685 
248	3	0.72610 0.90042 0.17922 0.57259 0.83316 0.35450 
249	3	0.70751 0.87208 0.24454 0.54744 0.77516 0.37748 
250	3	0.70193 0.87371 0.20566 0.53955 0.78881 0.38715 
251	3	0.71308 0.86302 0.21280 0.55245 0.78409 0.38606 
252	3	0.70818 0.88743 0.14006 0.54672 0.79929 0.38710 
253	3	0.75470 0.88154 0.17480 0.60981 0.82385 0.33521 
254	3	0.70363 0.88485 0.19949 0.54192 0.79951 0.38567 
255	3	0.71816 0.84729 0.26208 0.55880 0.77804 0.38779 
256	3	0.74274 0.89600 0.18760 0.59347 0.82153 0.34643 
257	3	0.70615 0.83103 0.29201 0.54433 0.74265 0.39358 
258	3	0.73975 0.88941 0.16068 0.59210 0.83438 0.33756 
259	3	0.65001 0.88085 0.22673 0.47806 0.77082 0.42620 
260	3	0.69931 0.89450 0.19128 0.53934 0.80493 0.38086 
261	3	0.36366 0.79792 0.38565 0.23802 0.57162 0.58838 
262	3	0.77064 0.87118 0.10745 0.63304 0.84006 0.31058 
263	3	0.72096 0.88298 0.18785 0.56374 0.80650 0.37037 
264	3	0.71993 0.86607 0.19469 0.56208 0.79613 0.37492 
265	3	0.70504 0.89346 0.15093 0.54239 0.79018 0.39482 
266	3	0.70957 0.84836 0.20038 0.54864 0.78961 0.38284 
267	3	0.72676 0.87161 0.17828 0.57091 0.81037 0.36575 
268	3	0.72895 0.85768 0.17100 0.57497 0.81846 0.35649 
269	3	0.68596 0.83164 0.21403 0.51782 0.76575 0.40386 
270	3	0.27982 0.85389 0.36849 0.23749 0.69769 0.55197 
271	3	0.47448 0.83533 0.34817 0.30769 0.71523 0.52199 
272	3	0.55342 0.89191 0.32465 0.39575 0.83198 0.42513 
273	3	0.44233 0.91514 0.21526 0.31455 0.83375 0.47469 
274	3	0.50583 0.89995 0.16336 0.35221 0.82006 0.45815 
275	3	0.50678 0.89188 0.22646 0.36075 0.82777 0.44650 
276	3	0.45239 0.91396 0.13846 0.32462 0.84707 0.46400 
277	3	0.38760 0.90617 0.22438 0.28857 0.82753 0.49073 
278	3	0.46224 0.91001 0.20967 0.32720 0.84386 0.46724 
279	3	0.44685 0.87410 0.23534 0.30608 0.77299 0.50704 
280	3	0.50288 0.89703 0.26006 0.34510 0.80419 0.47123 
281	3	0.44140 0.90749 0.16093 0.32263 0.82770 0.47407 
282	3	0.37511 0.91172 0.22478 0.27829 0.82080 0.50595 
283	3	0.31783 0.88287 0.26275 0.26067 0.78810 0.51376 
284	3	0.33893 0.85624 0.24101 0.25776 0.73106 0.53945 
285	3	0.29518 0.87692 0.23747 0.23372 0.73166 0.55868 
286	3	0.31308 0.87273 0.32936 0.24859 0.74158 0.54368 
287	3	0.71793 0.82356 0.19911 0.56017 0.79843 0.37003 
288	3	0.69882 0.87989 0.26172 0.53310 0.80244 0.39533 
289	3	0.68740 0.85279 0.26934 0.52129 0.78697 0.39326 
290	3	0.39727 0.85199 0.32166 0.26359 0.74663 0.54261 
291	3	0.41716 0.90931 0.23153 0.29953 0.81102 0.49169 
292	3	0.31798 0.87337 0.33767 0.24770 0.74461 0.54165 
293	3	0.64099 0.77662 0.37442 0.46268 0.71436 0.44255 
294	3	0.71179 0.85628 0.25439 0.55377 0.81024 0.36678 
295	3	0.69657 0.83125 0.22559 0.53229 0.77601 0.39414 
296	3	0.68722 0.86621 0.20872 0.51970 0.78780 0.40307 
297	3	0.67064 0.87190 0.27410 0.49787 0.74377 0.42810 
298	3	0.67571 0.85142 0.24287 0.50246 0.74737 0.42974 
299	3	0.68656 0.85970 0.30269 0.51767 0.76844 0.41000 
300	4	0.80437 0.97017 0.04439 0.68287 0.92185 0.25709 
301	4	0.91875 0.97071 0.01646 0.86098 0.97178 0.11505 
302	4	0.72491 0.97445 0.06480 0.56839 0.88080 0.36239 
303	4	0.75611 0.98045 0.04682 0.61362 0.91168 0.31160 
304	4	0.73958 0.99321 0.05022 0.59548 0.94993 0.30467 
305	4	0.76240 0.98203 0.10690 0.62044 0.90898 0.31287 
306	4	0.81914 0.98398 0.03070 0.70272 0.93702 0.24830 
307	4	0.66311 0.97951 0.06500 0.50769 0.91078 0.36236 
308	4	0.54664 0.98230 0.11583 0.38865 0.89573 0.43917 
309	4	0.83927 0.98288 0.01810 0.73287 0.94604 0.22608 
310	4	0.95099 0.97992 0.00000 0.91450 0.98406 0.07461 
311	4	0.95033 0.97814 0.01136 0.91344 0.98435 0.07425 
312	4	0.93681 0.98174 0.00418 0.89049 0.98117 0.09357 
313	4	0.85930 0.98263 0.04130 0.76360 0.94750 0.20319 
314	4	0.86578 0.97776 0.06842 0.77371 0.94248 0.19656 
315	4	0.81713 0.98376 0.06081 0.69899 0.92729 0.25737 
316	4	0.80366 0.97557 0.05498 0.68158 0.93166 0.25790 
317	4	0.83337 0.98290 0.02701 0.72480 0.94057 0.22705 
318	4	0.84388 0.98315 0.04018 0.74049 0.94227 0.21607 
319	4	0.69880 0.97671 0.06607 0.54092 0.89621 0.36119 
320	4	0.80056 0.98377 0.02952 0.67471 0.92524 0.27424 
321	4	0.78212 0.98556 0.06051 0.64866 0.92146 0.28943 
322	4	0.68076 0.98771 0.10693 0.51218 0.88614 0.40103 
323	4	0.61960 0.98049 0.08428 0.43830 0.84735 0.46630 
324	4	0.78380 0.98301 0.08925 0.65161 0.91967 0.28506 
325	4	0.75735 0.97918 0.07862 0.61553 0.91626 0.30853 
326	4	0.82952 0.98259 0.02059 0.71864 0.93779 0.23444 
327	4	0.75025 0.98333 0.07709 0.60316 0.90414 0.32902 
328	4	0.83636 0.98290 0.03790 0.72793 0.93369 0.23663 
329	4	0.60999 0.97702 0.15368 0.42838 0.85136 0.46147 
330	4	0.57745 0.96143 0.05496 0.41547 0.87205 0.43680 
331	4	0.52356 0.96475 0.12062 0.34672 0.85961 0.50351 
332	4	0.50531 0.95124 0.11866 0.35419 0.85967 0.47075 
333	4	0.47530 0.95634 0.08526 0.31724 0.83491 0.51932 
334	4	0.42267 0.97225 0.08223 0.25947 0.83652 0.58331 
335	4	0.46479 0.96727 0.08501 0.29764 0.86164 0.53540 
336	4	0.26164 0.96716 0.07687 0.16692 0.86769 0.62241 
337	4	0.37141 0.96080 0.11476 0.22586 0.85872 0.57642 
338	4	0.35678 0.97215 0.08631 0.22551 0.88934 0.56326 
339	4	0.32344 0.96623 0.11350 0.19359 0.86713 0.60425 
340	4	0.43908 0.97284 0.09952 0.27423 0.88120 0.54931 
341	4	0.44409 0.97397 0.04952 0.27030 0.87904 0.56141 
342	4	0.34217 0.97097 0.10119 0.18949 0.83936 0.63827 
343	4	0.39620 0.95741 0.10130 0.26504 0.90190 0.50119 
344	4	0.35196 0.96504 0.09026 0.21190 0.85792 0.59816 
345	4	0.34949 0.96065 0.08985 0.22629 0.88174 0.55119 
346	4	0.44738 0.95823 0.04204 0.29174 0.89024 0.50878 
347	4	0.42547 0.96047 0.11767 0.28097 0.85441 0.53103 
348	4	0.37704 0.97559 0.10105 0.25229 0.90508 0.52928 
349	4	0.39799 0.95227 0.12338 0.24524 0.84560 0.55943 
350	4	0.37572 0.97986 0.05492 0.22571 0.87185 0.59170 
351	4	0.36186 0.96866 0.09678 0.21901 0.83900 0.60079 
352	4	0.28192 0.96617 0.06735 0.19731 0.87701 0.57590 
353	4	0.35422 0.94688 0.09194 0.28410 0.88065 0.48115 
354	4	0.34584 0.95572 0.10423 0.22449 0.86646 0.55797 
355	4	0.44652 0.89964 0.23022 0.32661 0.85599 0.44063 
356	4	0.39489 0.96836 0.14922 0.26896 0.82518 0.53586 
357	4	0.50591 0.95654 0.14060 0.32375 0.83370 0.52660 
358	4	0.49555 0.95847 0.10879 0.34274 0.85717 0.47593 
359	4	0.43425 0.95183 0.12117 0.31009 0.84127 0.48547 
360	4	0.42279 0.95808 0.11908 0.29308 0.84364 0.50927 
361	4	0.45514 0.95191 0.12763 0.28353 0.83990 0.54834 
362	4	0.29440 0.94249 0.16508 0.26212 0.79159 0.51948 
363	4	0.34418 0.95466 0.13746 0.28452 0.82807 0.50265 
364	4	0.29798 0.94124 0.17251 0.26839 0.79700 0.51149 
365	4	0.31574 0.94758 0.10769 0.28513 0.82312 0.50034 
366	4	0.30386 0.94851 0.15890 0.27149 0.80098 0.51571 
367	4	0.28983 0.94145 0.11875 0.27964 0.80152 0.50493 
368	4	0.30264 0.94566 0.17795 0.24243 0.78336 0.55048 
369	4	0.27594 0.95754 0.13158 0.26466 0.83260 0.51361 
370	4	0.33196 0.94980 0.13687 0.27986 0.83804 0.49766 
371	4	0.37558 0.94588 0.12153 0.29383 0.88123 0.46658 
372	4	0.34844 0.95052 0.08127 0.29047 0.88440 0.46975 
373	4	0.35521 0.95199 0.17494 0.28662 0.88710 0.47107 
374	4	0.29305 0.94706 0.18033 0.29855 0.88341 0.45379 
375	4	0.32273 0.95606 0.16359 0.28642 0.89497 0.46674 
376	4	0.37254 0.93851 0.05990 0.31088 0.88224 0.44758 
377	4	0.32959 0.93677 0.19220 0.30284 0.87553 0.44688 
378	4	0.45737 0.95160 0.10348 0.31267 0.86175 0.49067 
379	4	0.38622 0.95917 0.10876 0.28004 0.89299 0.48566 
380	4	0.31160 0.96330 0.10899 0.20760 0.86408 0.57326 
381	4	0.42608 0.95299 0.18266 0.28141 0.83253 0.52608 
382	4	0.40708 0.95193 0.12066 0.28472 0.84664 0.51075 
383	4	0.35386 0.95021 0.18191 0.25562 0.83516 0.53054 
384	4	0.39331 0.93661 0.12725 0.29342 0.84088 0.48969 
385	4	0.39605 0.96030 0.09244 0.24501 0.84286 0.56987 
386	4	0.22447 0.94701 0.14303 0.18576 0.77711 0.61999 
387	4	0.38477 0.95774 0.09551 0.22528 0.80929 0.60852 
388	4	0.29424 0.95237 0.08335 0.25061 0.80846 0.54473 
389	4	0.40087 0.93877 0.08337 0.33614 0.88336 0.42681 
390	4	0.29642 0.94394 0.22025 0.16397 0.74631 0.66992 
391	4	0.30431 0.92559 0.12444 0.23876 0.83430 0.52429 
392	4	0.17593 0.96731 0.12014 0.14554 0.84726 0.63462 
393	4	0.29797 0.93331 0.14658 0.22760 0.85976 0.51984 
394	4	0.23587 0.96254 0.15159 0.14915 0.81484 0.65443 
395	4	0.17072 0.96700 0.09965 0.13044 0.83620 0.67808 
396	4	0.15203 0.96362 0.04900 0.11630 0.84350 0.67254 
397	4	0.20814 0.96880 0.12361 0.11667 0.80835 0.70183 
398	4	0.39510 0.96863 0.08991 0.26471 0.84973 0.53999 
399	4	0.72858 0.95779 0.06315 0.60019 0.93500 0.26049 
400	5	0.36751 0.98475 0.07693 0.27129 0.87695 0.54483 
401	5	0.33358 0.98580 0.06550 0.27114 0.89187 0.52782 
402	5	0.25631 0.97931 0.08790 0.18848 0.83545 0.63930 
403	5	0.39339 0.97894 0.10327 0.21939 0.73368 0.67741 
404	5	0.49116 0.96999 0.14432 0.29567 0.77161 0.60448 
405	5	0.42857 0.99130 0.06743 0.26542 0.84937 0.60111 
406	5	0.34048 0.98682 0.02631 0.33945 0.92547 0.43702 
407	5	0.40553 0.97338 0.04108 0.34531 0.89767 0.44383 
408	5	0.52508 0.95000 0.10486 0.37846 0.82528 0.45777 
409	5	0.81983 0.98115 0.03345 0.70424 0.92962 0.25166 
410	5	0.23701 0.97066 0.12583 0.15761 0.75749 0.69317 
411	5	0.40537 0.96808 0.05795 0.34889 0.89121 0.42812 
412	5	0.34918 0.98012 0.06462 0.23734 0.82618 0.59969 
413	5	0.42606 0.97129 0.03680 0.35746 0.89833 0.42504 
414	5	0.40299 0.97049 0.09137 0.28742 0.85271 0.53073 
415	5	0.33662 0.96140 0.07181 0.29244 0.85785 0.50640 
416	5	0.49261 0.96791 0.02330 0.38981 0.90029 0.40360 
417	5	0.26360 0.98386 0.07780 0.17601 0.82327 0.64497 
418	5	0.41784 0.98715 0.06307 0.25509 0.81960 0.60824 
419	5	0.55012 0.97388 0.05169 0.42327 0.90745 0.38716 
420	5	0.58386 0.97919 0.04774 0.43714 0.90608 0.39508 
421	5	0.44588 0.97677 0.04859 0.31648 0.85276 0.51383 
422	5	0.42404 0.98184 0.05267 0.30315 0.87702 0.51469 
423	5	0.41871 0.98170 0.05212 0.27123 0.84246 0.57458 
424	5	0.46241 0.96332 0.04393 0.37467 0.91441 0.39935 
425	5	0.56572 0.97886 0.01457 0.42542 0.91554 0.39783 
426	5	0.55068 0.98018 0.04328 0.41603 0.91198 0.40109 
427	5	0.50654 0.97821 0.01805 0.38944 0.90951 0.41359 
428	5	0.35546 0.98232 0.04542 0.24203 0.83419 0.59799 
429	5	0.45650 0.96650 0.03728 0.36355 0.89834 0.42460 
430	5	0.48961 0.97646 0.04389 0.38193 0.91809 0.40889 
431	5	0.52725 0.98281 0.04422 0.36639 0.89358 0.47532 
432	5	0.53436 0.98067 0.05783 0.36627 0.87856 0.49214 
433	5	0.55536 0.98478 0.05794 0.36895 0.86727 0.51362 
434	5	0.79975 0.96380 0.07088 0.67374 0.91204 0.28360 
435	5	0.76324 0.97075 0.06327 0.62740 0.93575 0.28473 
436	5	0.81293 0.97627 0.00881 0.69560 0.94805 0.24097 
437	5	0.60382 0.97888 0.05956 0.42030 0.87465 0.48004 
438	5	0.78762 0.96782 0.07256 0.65699 0.92967 0.28150 
439	5	0.87199 0.98154 0.02288 0.78267 0.94864 0.20357 
440	5	0.70206 0.98847 0.05332 0.53954 0.92370 0.37453 
441	5	0.61954 0.97200 0.07101 0.43792 0.86285 0.47114 
442	5	0.68016 0.98567 0.03192 0.51224 0.88964 0.40830 
443	5	0.79697 0.96686 0.03070 0.67141 0.90859 0.28194 
444	5	0.48712 0.97922 0.08583 0.29488 0.80267 0.60845 
445	5	0.81520 0.96041 0.04261 0.69824 0.91243 0.24346 
446	5	0.80423 0.95798 0.05255 0.68365 0.92237 0.25083 
447	5	0.82542 0.96737 0.06491 0.71107 0.91519 0.25978 
448	5	0.55162 0.97520 0.09646 0.35805 0.80770 0.55093 
449	5	0.54420 0.97813 0.06699 0.35870 0.85416 0.51557 
450	5	0.64348 0.98237 0.05041 0.46290 0.85417 0.46458 
451	5	0.70672 0.96010 0.09301 0.54396 0.85412 0.39043 
452	5	0.78840 0.96362 0.06941 0.65968 0.90867 0.28468 
453	5	0.66769 0.97426 0.07814 0.50098 0.86729 0.40601 
454	5	0.79401 0.96048 0.05799 0.66715 0.89366 0.27868 
455	5	0.60277 0.98215 0.07794 0.41596 0.83401 0.49838 
456	5	0.59530 0.97653 0.05239 0.41222 0.84422 0.48773 
457	5	0.78993 0.97758 0.05048 0.65740 0.89286 0.31015 
458	5	0.73364 0.97902 0.04724 0.57995 0.87985 0.36206 
459	5	0.75299 0.97770 0.05046 0.60784 0.90705 0.32579 
460	5	0.71288 0.97102 0.07640 0.55217 0.86701 0.38008 
461	5	0.49108 0.96681 0.07673 0.39621 0.89483 0.38596 
462	5	0.32729 0.96825 0.09638 0.27006 0.83895 0.52834 
463	5	0.32956 0.97604 0.10036 0.22607 0.78954 0.61464 
464	5	0.46691 0.97619 0.07767 0.38418 0.89387 0.40427 
465	5	0.25424 0.96807 0.10402 0.22389 0.78197 0.59163 
466	5	0.22165 0.97839 0.10326 0.18959 0.77863 0.64610 
467	5	0.33819 0.98759 0.06293 0.22472 0.82230 0.61378 
468	5	0.58870 0.96872 0.11537 0.45409 0.89460 0.36469 
469	5	0.42215 0.97330 0.14557 0.29351 0.82198 0.52662 
470	5	0.59569 0.97489 0.09925 0.45830 0.90841 0.36308 
471	5	0.56073 0.96281 0.06114 0.43249 0.88808 0.38229 
472	5	0.38150 0.96991 0.07804 0.28475 0.82816 0.52809 
473	5	0.30584 0.97070 0.14005 0.21288 0.78105 0.61940 
474	5	0.34032 0.98477 0.07061 0.23955 0.85025 0.58941 
475	5	0.42596 0.97226 0.08052 0.36779 0.89234 0.40851 
476	5	0.36626 0.97780 0.06146 0.35709 0.91461 0.40620 
477	5	0.42410 0.95885 0.07406 0.35275 0.86496 0.43097 
478	5	0.43271 0.97367 0.06433 0.36797 0.88405 0.41596 
479	5	0.29469 0.97209 0.11461 0.21967 0.77339 0.61817 
480	5	0.36692 0.97836 0.07261 0.28608 0.83092 0.52387 
481	5	0.32226 0.98543 0.09487 0.21024 0.80398 0.63642 
482	5	0.54623 0.98302 0.09445 0.36060 0.83992 0.51755 
483	5	0.79049 0.98608 0.04102 0.66672 0.93892 0.25827 
484	5	0.64806 0.97949 0.08644 0.48259 0.89123 0.39306 
485	5	0.69216 0.97156 0.06370 0.54591 0.90762 0.32603 
486	5	0.72195 0.98152 0.09419 0.56915 0.89292 0.35133 
487	5	0.65940 0.98671 0.06737 0.49141 0.90559 0.39481 
488	5	0.45444 0.98696 0.09417 0.29185 0.84830 0.55170 
489	5	0.62317 0.98303 0.04731 0.45188 0.87922 0.43128 
490	5	0.81084 0.98914 0.03577 0.69393 0.94269 0.24378 
491	5	0.56080 0.98774 0.07690 0.39076 0.87267 0.47825 
492	5	0.42832 0.98448 0.06511 0.28886 0.86547 0.54498 
493	5	0.53538 0.98558 0.12503 0.35352 0.85861 0.51668 
494	5	0.30619 0.97588 0.13461 0.21986 0.79556 0.61718 
495	5	0.39338 0.97712 0.04684 0.30918 0.89847 0.48647 
496	5	0.45787 0.98140 0.10283 0.33626 0.88145 0.48179 
497	5	0.19904 0.98136 0.15694 0.08450 0.73128 0.81054 
498	5	0.19594 0.97609 0.14064 0.08816 0.71040 0.81441 
499	5	0.20113 0.98459 0.14267 0.14688 0.78795 0.70086 
500	6	0.18863 0.85201 0.19529 0.16547 0.51023 0.66826 
501	6	0.34977 0.88396 0.12702 0.25638 0.68570 0.56880 
502	6	0.35452 0.88537 0.15809 0.26507 0.68655 0.56588 
503	6	0.36793 0.89146 0.13078 0.24631 0.67082 0.58843 
504	6	0.23321 0.77162 0.64581 0.14190 0.42492 0.69049 
505	6	0.50550 0.76850 0.34690 0.31675 0.60265 0.54476 
506	6	0.38083 0.84480 0.37144 0.20958 0.56495 0.65011 
507	6	0.41265 0.84786 0.15958 0.23549 0.54835 0.65577 
508	6	0.30042 0.84282 0.18685 0.14930 0.48019 0.73642 
509	6	0.60608 0.67844 0.16915 0.41834 0.59187 0.48520 
510	6	0.44014 0.67827 0.41807 0.25829 0.39669 0.59523 
511	6	0.41670 0.81253 0.26924 0.24010 0.48562 0.62272 
512	6	0.43722 0.78276 0.40892 0.26075 0.52303 0.60249 
513	6	0.37852 0.75670 0.27773 0.21032 0.50354 0.64529 
514	6	0.60020 0.78010 0.24544 0.42743 0.63254 0.45447 
515	6	0.50794 0.56729 0.24743 0.31388 0.40678 0.56925 
516	6	0.61943 0.71382 0.37638 0.43784 0.58248 0.45317 
517	6	0.35823 0.83982 0.22424 0.22508 0.58014 0.61567 
518	6	0.36526 0.65974 0.50467 0.18362 0.27382 0.70648 
519	6	0.52196 0.71720 0.38909 0.32917 0.45736 0.55110 
520	6	0.35782 0.73071 0.24212 0.18447 0.41235 0.68486 
521	6	0.24967 0.76231 0.23075 0.13657 0.43269 0.70788 
522	6	0.28527 0.78235 0.22203 0.13234 0.38233 0.75841 
523	6	0.38327 0.82059 0.11550 0.22952 0.58308 0.61679 
524	6	0.21885 0.79605 0.20952 0.09968 0.39534 0.77287 
525	6	0.60119 0.69987 0.24225 0.41712 0.54416 0.47574 
526	6	0.65142 0.64647 0.18642 0.47250 0.59399 0.44236 
527	6	0.48061 0.76799 0.18280 0.30124 0.56050 0.55530 
528	6	0.22597 0.89261 0.17177 0.16115 0.56700 0.67349 
529	6	0.20485 0.75908 0.25117 0.16876 0.50000 0.64479 
530	6	0.42928 0.78545 0.34183 0.24378 0.52057 0.62915 
531	6	0.25304 0.78786 0.23286 0.15542 0.43673 0.68805 
532	6	0.46193 0.77529 0.18114 0.27189 0.54403 0.60994 
533	6	0.29334 0.81271 0.30825 0.15195 0.41913 0.71979 
534	6	0.44146 0.86212 0.17529 0.25122 0.57863 0.64480 
535	6	0.18200 0.85413 0.25991 0.11944 0.49756 0.72105 
536	6	0.48107 0.82335 0.19707 0.28797 0.54270 0.60636 
537	6	0.36009 0.81104 0.24536 0.18149 0.39494 0.70550 
538	6	0.17578 0.89171 0.20375 0.14832 0.60552 0.69021 
539	6	0.20380 0.89755 0.13253 0.17274 0.66638 0.62755 
540	6	0.36330 0.73359 0.16396 0.25396 0.58397 0.55896 
541	6	0.20584 0.76015 0.13800 0.17639 0.51168 0.64525 
542	6	0.16451 0.86509 0.17464 0.10526 0.45520 0.74445 
543	6	0.36659 0.78732 0.22181 0.20169 0.47201 0.66374 
544	6	0.75923 0.69155 0.12350 0.61422 0.70350 0.32978 
545	6	0.32409 0.80238 0.14091 0.17536 0.51342 0.67298 
546	6	0.24799 0.82864 0.24040 0.11748 0.42141 0.75128 
547	6	0.35369 0.84695 0.35746 0.17991 0.44898 0.70541 
548	6	0.54687 0.77870 0.13130 0.35497 0.59633 0.53726 
549	6	0.24617 0.72006 0.22179 0.14615 0.37192 0.70091 
550	6	0.39546 0.78698 0.18428 0.22804 0.55517 0.62087 
551	6	0.30957 0.76650 0.23918 0.14541 0.33464 0.74791 
552	6	0.26568 0.79740 0.33019 0.12871 0.43192 0.73641 
553	6	0.28890 0.86687 0.28669 0.15797 0.57666 0.68963 
554	6	0.30406 0.72516 0.26278 0.15425 0.35011 0.70737 
555	6	0.31376 0.75951 0.23672 0.16741 0.41773 0.68847 
556	6	0.44089 0.83521 0.21861 0.25889 0.56707 0.61518 
557	6	0.26142 0.67113 0.34158 0.14118 0.33781 0.69881 
558	6	0.40445 0.58547 0.30060 0.23523 0.41048 0.60426 
559	6	0.40725 0.65724 0.21028 0.24978 0.49109 0.58578 
560	6	0.42390 0.83128 0.13640 0.26653 0.62613 0.54953 
561	6	0.46070 0.87327 0.27122 0.28037 0.67316 0.57404 
562	6	0.21097 0.79537 0.34803 0.09302 0.33741 0.77789 
563	6	0.24882 0.76855 0.27258 0.11663 0.33622 0.75835 
564	6	0.25501 0.80248 0.19637 0.13423 0.49562 0.69965 
565	6	0.26736 0.73321 0.23129 0.14855 0.44064 0.68467 
566	6	0.28414 0.79611 0.36352 0.17787 0.47669 0.66721 
567	6	0.44332 0.78927 0.23753 0.26797 0.55687 0.58372 
568	6	0.36346 0.71278 0.51458 0.20031 0.38562 0.66688 
569	6	0.41874 0.69052 0.26387 0.24635 0.47931 0.60178 
570	6	0.15212 0.82290 0.58446 0.12720 0.49067 0.69083 
571	6	0.45636 0.79247 0.22899 0.26520 0.53723 0.61477 
572	6	0.44040 0.76607 0.34312 0.25103 0.49093 0.62820 
573	6	0.41750 0.75239 0.49119 0.24173 0.47230 0.62329 
574	6	0.44307 0.75808 0.28635 0.25485 0.46945 0.62731 
575	6	0.41636 0.72752 0.39699 0.22757 0.39272 0.66108 
576	6	0.33619 0.78071 0.35480 0.18041 0.45181 0.67324 
577	6	0.38696 0.70035 0.19503 0.20932 0.43146 0.65896 
578	6	0.21996 0.77980 0.24641 0.15953 0.50556 0.65756 
579	6	0.36179 0.77193 0.30759 0.19130 0.40774 0.68192 
580	6	0.37151 0.71698 0.37905 0.22372 0.54022 0.59371 
581	6	0.39737 0.66142 0.30803 0.23412 0.43381 0.61492 
582	6	0.28713 0.68225 0.47449 0.18615 0.43676 0.63139 
583	6	0.30684 0.76341 0.25069 0.19988 0.53311 0.61429 
584	6	0.38641 0.59324 0.51867 0.23582 0.39254 0.59875 
585	6	0.32553 0.75155 0.31355 0.17557 0.50073 0.65508 
586	6	0.42413 0.79400 0.36079 0.27658 0.57240 0.54468 
587	6	0.20391 0.64798 0.25224 0.15277 0.38372 0.65616 
588	6	0.27555 0.65938 0.37683 0.17462 0.41254 0.63906 
589	6	0.21191 0.74414 0.43252 0.11267 0.34335 0.73837 
590	6	0.18068 0.82817 0.20949 0.09485 0.39428 0.77478 
591	6	0.16873 0.77931 0.19883 0.11578 0.41100 0.72582 
592	6	0.27479 0.75578 0.42832 0.13302 0.34862 0.72817 
593	6	0.40324 0.69410 0.45015 0.23559 0.47538 0.61216 
594	6	0.19411 0.73081 0.23899 0.13986 0.41182 0.67899 
595	6	0.46538 0.60166 0.34132 0.28200 0.45026 0.57396 
596	6	0.34563 0.86110 0.27131 0.18484 0.58117 0.67239 
597	6	0.15264 0.88643 0.16969 0.09544 0.56762 0.74664 
598	6	0.26018 0.77632 0.32775 0.12959 0.40448 0.72333 
599	6	0.27131 0.77607 0.32495 0.13603 0.37957 0.72517 
600	7	0.54455 0.91924 0.08803 0.38287 0.89607 0.42291 
601	7	0.54566 0.97856 0.11368 0.38267 0.95780 0.40517 
602	7	0.64055 0.97284 0.08840 0.47552 0.94452 0.36423 
603	7	0.51980 0.96370 0.10631 0.37157 0.93138 0.40287 
604	7	0.54817 0.96682 0.11263 0.38903 0.92890 0.40485 
605	7	0.55030 0.96570 0.10391 0.39604 0.93394 0.40013 
606	7	0.48576 0.95737 0.14551 0.33625 0.90967 0.44007 
607	7	0.54019 0.98290 0.10049 0.35975 0.84569 0.49622 
608	7	0.51885 0.99327 0.10225 0.33254 0.86976 0.51605 
609	7	0.54080 0.99969 0.09181 0.35792 0.91456 0.48297 
610	7	0.53324 0.99245 0.08255 0.34900 0.89617 0.49543 
611	7	0.50639 0.99006 0.08010 0.32854 0.90179 0.49759 
612	7	0.54818 0.99937 0.04239 0.36784 0.93435 0.46647 
613	7	0.57171 0.98930 0.08877 0.38948 0.88917 0.46949 
614	7	0.46215 0.98103 0.09073 0.27720 0.82726 0.57327 
615	7	0.61148 0.99308 0.05390 0.43496 0.92156 0.42175 
616	7	0.56286 1.00000 0.08014 0.37756 0.91971 0.47244 
617	7	0.54456 0.99410 0.07549 0.36112 0.90164 0.48504 
618	7	0.57062 0.99479 0.05760 0.39184 0.92006 0.45158 
619	7	0.56885 0.99174 0.06965 0.38768 0.90628 0.46232 
620	7	0.48447 0.99130 0.08993 0.30417 0.88520 0.52861 
621	7	0.51657 0.98704 0.10391 0.33388 0.87519 0.50953 
622	7	0.52816 0.99475 0.06398 0.34920 0.91063 0.48326 
623	7	0.52468 0.99181 0.07643 0.34314 0.90383 0.49421 
624	7	0.59407 0.99582 0.04472 0.41605 0.93219 0.43146 
625	7	0.43184 0.97328 0.12308 0.27877 0.92280 0.49144 
626	7	0.18776 0.93831 0.09378 0.20576 0.87526 0.53112 
627	7	0.34182 0.94175 0.10889 0.24548 0.89755 0.49229 
628	7	0.27937 0.92406 0.17738 0.19596 0.84741 0.54662 
629	7	0.26581 0.95009 0.23203 0.18588 0.85665 0.55820 
630	7	0.29438 0.91864 0.25695 0.21150 0.84268 0.52763 
631	7	0.35890 0.94460 0.19226 0.23690 0.88073 0.51499 
632	7	0.39235 0.93412 0.19160 0.26734 0.88227 0.48525 
633	7	0.37954 0.94743 0.08484 0.27095 0.91833 0.46802 
634	7	0.27223 0.91956 0.13184 0.17577 0.79186 0.61747 
635	7	0.29721 0.91429 0.05133 0.20740 0.84196 0.55286 
636	7	0.29231 0.91686 0.13461 0.17348 0.77179 0.62921 
637	7	0.31818 0.90943 0.12559 0.19711 0.79139 0.59099 
638	7	0.29178 0.91758 0.11777 0.18469 0.79521 0.58985 
639	7	0.31494 0.95291 0.04880 0.19614 0.87330 0.58041 
640	7	0.33273 0.95200 0.07210 0.23102 0.90156 0.51169 
641	7	0.29275 0.89879 0.12516 0.19739 0.78349 0.57866 
642	7	0.24272 0.90743 0.04295 0.17582 0.79751 0.60749 
643	7	0.23753 0.98210 0.10943 0.13251 0.85410 0.66492 
644	7	0.16882 0.98211 0.08055 0.11635 0.85611 0.68096 
645	7	0.12392 0.98928 0.08075 0.12192 0.85476 0.66172 
646	7	0.14303 0.97938 0.15182 0.09054 0.80542 0.72040 
647	7	0.18408 0.97977 0.06768 0.10115 0.80187 0.73001 
648	7	0.15252 0.99611 0.06836 0.10450 0.90108 0.68295 
649	7	0.14515 0.98364 0.09271 0.11069 0.83462 0.68766 
650	7	0.16599 0.98744 0.09623 0.12619 0.87108 0.65928 
651	7	0.13721 0.99809 0.09065 0.13026 0.91214 0.64270 
652	7	0.14972 0.98706 0.08127 0.11518 0.85247 0.67720 
653	7	0.06245 0.99579 0.06250 0.08108 0.90726 0.69630 
654	7	0.19631 0.97998 0.11664 0.10392 0.84864 0.70719 
655	7	0.06843 0.97048 0.13182 0.06819 0.78259 0.75836 
656	7	0.10077 0.99214 0.10430 0.08582 0.89984 0.69470 
657	7	0.06768 0.99286 0.11358 0.08069 0.89198 0.70372 
658	7	0.14775 0.97419 0.09895 0.09101 0.82410 0.70789 
659	7	0.04592 0.97986 0.11598 0.07438 0.84650 0.71334 
660	7	0.12251 0.97594 0.08747 0.09465 0.83844 0.69779 
661	7	0.11185 0.98109 0.08880 0.07762 0.84058 0.73449 
662	7	0.83384 0.91046 0.07876 0.73055 0.93243 0.19767 
663	7	0.68159 0.93961 0.17305 0.51757 0.85968 0.38110 
664	7	0.66487 0.90715 0.30915 0.50520 0.84493 0.37246 
665	7	0.71338 0.90965 0.14065 0.55818 0.84870 0.35203 
666	7	0.69062 0.92933 0.19697 0.53017 0.84618 0.36601 
667	7	0.59830 0.86212 0.27882 0.42277 0.78331 0.44638 
668	7	0.61217 0.92399 0.20866 0.43752 0.82364 0.43471 
669	7	0.45052 0.91498 0.22420 0.28157 0.73879 0.54875 
670	7	0.29426 0.88735 0.34312 0.20871 0.74052 0.59215 
671	7	0.41292 0.92782 0.17078 0.24330 0.74704 0.58648 
672	7	0.60490 0.95082 0.14949 0.43981 0.87043 0.40814 
673	7	0.64556 0.95064 0.10503 0.48352 0.87523 0.37217 
674	7	0.15256 0.95085 0.15027 0.14839 0.81259 0.61987 
675	7	0.14474 0.92262 0.23744 0.14257 0.70881 0.64784 
676	7	0.27412 0.95363 0.21029 0.17645 0.81161 0.59500 
677	7	0.17177 0.93090 0.20814 0.14744 0.73851 0.63706 
678	7	0.28567 0.90558 0.27453 0.17859 0.66548 0.61918 
679	7	0.28977 0.90044 0.27639 0.18157 0.67816 0.62298 
680	7	0.20088 0.89159 0.37412 0.15647 0.66511 0.64205 
681	7	0.39963 0.91197 0.37775 0.23829 0.67476 0.58769 
682	7	0.17368 0.87683 0.22052 0.13424 0.63908 0.66850 
683	7	0.21198 0.88635 0.26999 0.16340 0.68087 0.62851 
684	7	0.20964 0.95041 0.15779 0.16494 0.79678 0.61163 
685	7	0.24494 0.93821 0.18220 0.18809 0.77592 0.58937 
686	7	0.53787 0.70889 0.34050 0.36629 0.69218 0.46077 
687	7	0.36725 0.76524 0.50381 0.23266 0.55542 0.57056 
688	7	0.49157 0.80589 0.27303 0.31714 0.65326 0.50508 
689	7	0.45749 0.76306 0.49000 0.28164 0.56172 0.55791 
690	7	0.39190 0.84503 0.37710 0.24089 0.65965 0.56278 
691	7	0.59011 0.78384 0.39640 0.40852 0.63999 0.45100 
692	7	0.44397 0.78333 0.45681 0.27661 0.58370 0.55051 
693	7	0.51633 0.62227 0.48252 0.35380 0.55811 0.45846 
694	7	0.51936 0.64902 0.56299 0.34628 0.49224 0.48562 
695	7	0.16918 0.93072 0.18416 0.10414 0.64446 0.75290 
696	7	0.35847 0.79882 0.38576 0.22403 0.53549 0.57041 
697	7	0.51858 0.84665 0.33667 0.33422 0.69454 0.51689 
698	7	0.43745 0.81893 0.33453 0.26601 0.62588 0.56991 
699	7	0.51770 0.85106 0.25069 0.33499 0.68454 0.51232 
700	8	0.98890 0.91834 0.01381 0.97966 0.96597 0.03550 
701	8	0.93478 0.92470 0.02151 0.88548 0.93058 0.12006 
702	8	0.94938 0.92317 0.03317 0.91048 0.93277 0.09714 
703	8	0.88975 0.94703 0.05250 0.81123 0.90294 0.18239 
704	8	0.92431 0.93719 0.05136 0.86792 0.91466 0.13326 
705	8	0.92865 0.94885 0.06008 0.87529 0.92998 0.12536 
706	8	0.91731 0.95624 0.03914 0.85662 0.93420 0.13889 
707	8	0.91876 0.94465 0.03670 0.85850 0.91894 0.14605 
708	8	0.91786 0.90114 0.08411 0.85679 0.88553 0.15770 
709	8	0.93054 0.93007 0.02405 0.87816 0.91808 0.13142 
710	8	0.86060 0.94873 0.06564 0.76447 0.88282 0.22689 
711	8	0.87472 0.93150 0.07815 0.78641 0.86955 0.21367 
712	8	0.88557 0.93199 0.05321 0.80400 0.88006 0.19793 
713	8	0.82214 0.93184 0.09650 0.70525 0.84338 0.27437 
714	8	0.86822 0.90781 0.11402 0.77592 0.85511 0.22339 
715	8	0.84060 0.92262 0.14412 0.73275 0.84560 0.26456 
716	8	0.86511 0.94293 0.06971 0.77154 0.87912 0.22158 
717	8	0.86822 0.94456 0.06509 0.77655 0.88393 0.21568 
718	8	0.87194 0.91497 0.10881 0.78183 0.85591 0.22436 
719	8	0.92693 0.92119 0.07158 0.87235 0.90684 0.13317 
720	8	0.91086 0.87603 0.08653 0.84509 0.87843 0.16069 
721	8	0.93603 0.93383 0.04519 0.88776 0.93066 0.11515 
722	8	0.85363 0.91270 0.13691 0.75365 0.85098 0.23677 
723	8	0.88093 0.92634 0.06150 0.79631 0.86797 0.20931 
724	8	0.94026 0.88962 0.04949 0.89473 0.90345 0.12052 
725	8	0.94007 0.90581 0.06269 0.89447 0.91653 0.11257 
726	8	0.88307 0.90628 0.08104 0.79986 0.87549 0.19834 
727	8	0.90793 0.90045 0.07810 0.84068 0.89015 0.16370 
728	8	0.90229 0.94288 0.07813 0.83168 0.91835 0.16296 
729	8	0.90422 0.90350 0.06545 0.83423 0.88331 0.17415 
730	8	0.89549 0.90730 0.08446 0.81976 0.86562 0.19096 
731	8	0.96592 0.89985 0.04517 0.93908 0.93910 0.07357 
732	8	0.91266 0.91676 0.04478 0.84854 0.90116 0.16015 
733	8	0.90481 0.92707 0.05548 0.83561 0.90454 0.16455 
734	8	0.90656 0.91884 0.03685 0.83908 0.90106 0.15788 
735	8	0.46012 0.88034 0.16984 0.39585 0.83892 0.38237 
736	8	0.42410 0.89113 0.12273 0.36804 0.82032 0.42214 
737	8	0.48125 0.83461 0.08494 0.43378 0.87171 0.31229 
738	8	0.40087 0.88774 0.10009 0.38550 0.85939 0.37466 
739	8	0.53179 0.90318 0.12151 0.42524 0.85681 0.37461 
740	8	0.59164 0.91526 0.13478 0.44661 0.81831 0.40369 
741	8	0.58932 0.91398 0.07684 0.47220 0.89215 0.32745 
742	8	0.49215 0.90014 0.17533 0.40064 0.84376 0.39462 
743	8	0.35678 0.91742 0.13570 0.34454 0.81613 0.43976 
744	8	0.37650 0.85951 0.14069 0.36054 0.79927 0.40976 
745	8	0.38249 0.91465 0.12417 0.35418 0.82058 0.42980 
746	8	0.46398 0.87794 0.12700 0.40939 0.85895 0.35082 
747	8	0.44398 0.92795 0.11303 0.43367 0.93217 0.29632 
748	8	0.38520 0.88537 0.14783 0.38494 0.84615 0.37272 
749	8	0.42528 0.83783 0.16253 0.42043 0.87309 0.31636 
750	8	0.51805 0.87216 0.15624 0.44716 0.87984 0.31104 
751	8	0.49951 0.84706 0.17429 0.43739 0.87421 0.31594 
752	8	0.48287 0.88176 0.15508 0.39213 0.80529 0.40716 
753	8	0.47984 0.87234 0.12665 0.40470 0.83268 0.37301 
754	8	0.40436 0.86892 0.18039 0.32947 0.76652 0.46969 
755	8	0.40463 0.89821 0.13472 0.35980 0.83005 0.41985 
756	8	0.39856 0.91149 0.15613 0.35382 0.83498 0.42788 
757	8	0.50273 0.87127 0.16340 0.42080 0.85093 0.36074 
758	8	0.41810 0.90603 0.12070 0.39779 0.87121 0.35766 
759	8	0.58571 0.91676 0.09918 0.46948 0.89249 0.33225 
760	8	0.61175 0.91887 0.07741 0.49108 0.89570 0.31985 
761	8	0.88021 0.87781 0.13749 0.79556 0.86917 0.19448 
762	8	0.69330 0.91773 0.13247 0.53026 0.81740 0.38648 
763	8	0.54190 0.83036 0.18431 0.39174 0.72481 0.44094 
764	8	0.62318 0.87992 0.11084 0.46822 0.80840 0.38557 
765	8	0.38496 0.70275 0.24741 0.31495 0.64516 0.47364 
766	8	0.41564 0.75385 0.22521 0.27109 0.49810 0.57029 
767	8	0.50487 0.82476 0.18954 0.30620 0.53759 0.61755 
768	8	0.45092 0.83173 0.18107 0.26719 0.46801 0.62296 
769	8	0.59918 0.88015 0.07461 0.46013 0.82590 0.37875 
770	8	0.69304 0.84461 0.09586 0.56940 0.87813 0.26126 
771	8	0.62930 0.81629 0.06904 0.50866 0.84840 0.29593 
772	8	0.70254 0.79628 0.06262 0.57847 0.86467 0.25907 
773	8	0.32724 0.87964 0.08426 0.34481 0.81833 0.43059 
774	8	0.54816 0.91011 0.07251 0.41216 0.81783 0.41038 
775	8	0.67595 0.85908 0.09987 0.51654 0.75902 0.39572 
776	8	0.44693 0.69386 0.37102 0.32265 0.58129 0.48408 
777	8	0.52771 0.56690 0.32223 0.39049 0.60877 0.40956 
778	8	0.60115 0.60819 0.26740 0.42989 0.58605 0.43647 
779	8	0.58935 0.67949 0.39036 0.41646 0.54530 0.45176 
780	8	0.69613 0.54801 0.23357 0.54114 0.63072 0.34199 
781	8	0.74689 0.36511 0.17041 0.60320 0.66298 0.30784 
782	8	0.77214 0.47077 0.18620 0.63675 0.69926 0.28782 
783	8	0.82497 0.60311 0.19792 0.71067 0.76323 0.24992 
784	8	0.85772 0.71111 0.08598 0.76141 0.81928 0.21336 
785	8	0.62465 0.90397 0.10038 0.47603 0.81279 0.37971 
786	8	0.62670 0.90931 0.05907 0.47297 0.80644 0.39297 
787	8	0.78951 0.74501 0.13371 0.67165 0.83333 0.23944 
788	8	0.73055 0.79623 0.11153 0.60775 0.86552 0.24731 
789	8	0.71730 0.85479 0.07532 0.58436 0.85209 0.28879 
790	8	0.63521 0.89954 0.07242 0.49002 0.83377 0.36620 
791	8	0.42894 0.87017 0.12265 0.35314 0.78057 0.43677 
792	8	0.50916 0.87417 0.07288 0.42139 0.86738 0.35885 
793	8	0.43729 0.90983 0.09799 0.34070 0.80009 0.46748 
794	8	0.27166 0.90787 0.16642 0.15029 0.60327 0.70398 
795	8	0.22809 0.91098 0.24191 0.11877 0.54971 0.75305 
796	8	0.24076 0.90649 0.24664 0.13313 0.56596 0.72449 
797	8	0.19664 0.88180 0.43513 0.09138 0.43700 0.79867 
798	8	0.32663 0.89182 0.31699 0.17761 0.56943 0.68654 
799	8	0.29886 0.91971 0.22810 0.15538 0.59961 0.70988 
800	9	0.88393 0.95031 0.02978 0.80292 0.94440 0.17212 
801	9	0.77953 0.94625 0.04084 0.64665 0.90511 0.28508 
802	9	0.74291 0.96834 0.04403 0.59172 0.87743 0.35785 
803	9	0.80268 0.92037 0.07138 0.68418 0.91602 0.24078 
804	9	0.38023 0.92051 0.14982 0.36552 0.91180 0.37566 
805	9	0.27834 0.94857 0.12532 0.25426 0.82555 0.55322 
806	9	0.48898 0.92436 0.07938 0.38544 0.88075 0.40541 
807	9	0.85738 0.92454 0.03394 0.76293 0.93417 0.18785 
808	9	0.37267 0.91834 0.10282 0.35905 0.87876 0.40607 
809	9	0.41366 0.92300 0.01641 0.44100 0.95192 0.27417 
810	9	0.55960 0.92552 0.05851 0.45218 0.90868 0.33990 
811	9	0.83956 0.91875 0.03652 0.73985 0.95016 0.18497 
812	9	0.58018 0.94556 0.11448 0.43306 0.87414 0.40506 
813	9	0.29986 0.93534 0.13780 0.26113 0.80754 0.54545 
814	9	0.43708 0.93735 0.07514 0.32379 0.84874 0.48043 
815	9	0.57584 0.93270 0.10438 0.40095 0.80984 0.47536 
816	9	0.64415 0.92786 0.11903 0.50104 0.90034 0.33592 
817	9	0.41623 0.89982 0.05755 0.40551 0.91748 0.33071 
818	9	0.86719 0.95370 0.05472 0.77621 0.93394 0.19249 
819	9	0.93081 0.98257 0.01818 0.88052 0.98625 0.09079 
820	9	0.85933 0.89549 0.04797 0.76726 0.93175 0.17516 
821	9	0.82069 0.94359 0.06196 0.70513 0.90437 0.25058 
822	9	0.98231 0.93236 0.01493 0.96826 0.97999 0.03226 
823	9	0.81938 0.94086 0.04898 0.70460 0.91163 0.24085 
824	9	0.82090 0.95840 0.04552 0.70546 0.91408 0.24985 
825	9	0.90598 0.90620 0.11926 0.84103 0.95673 0.11699 
826	9	0.46790 0.92160 0.06415 0.36651 0.85195 0.42647 
827	9	0.48364 0.90811 0.12449 0.43407 0.92426 0.30817 
828	9	0.61059 0.88676 0.10591 0.50996 0.93174 0.26033 
829	9	0.54776 0.89978 0.11362 0.46365 0.92652 0.28972 
830	9	0.35698 0.91896 0.13989 0.34827 0.88172 0.40894 
831	9	0.35477 0.89950 0.13360 0.39015 0.91554 0.33852 
832	9	0.48574 0.92319 0.04163 0.37975 0.87059 0.41577 
833	9	0.63687 0.92414 0.15234 0.49025 0.86774 0.35806 
834	9	0.64263 0.91915 0.04940 0.50960 0.90087 0.31809 
835	9	0.67488 0.91444 0.11995 0.51304 0.80697 0.40077 
836	9	0.61492 0.95734 0.08209 0.45294 0.89332 0.40581 
837	9	0.50124 0.93354 0.07076 0.37578 0.87775 0.42749 
838	9	0.39968 0.95232 0.08804 0.34061 0.88537 0.43567 
839	9	0.47010 0.94088 0.02466 0.39815 0.92340 0.36240 
840	9	0.48294 0.91107 0.11631 0.42534 0.90242 0.33111 
841	9	0.35576 0.92390 0.07131 0.36605 0.87820 0.39253 
842	9	0.49341 0.95822 0.04892 0.44891 0.96688 0.28029 
843	9	0.74259 0.95571 0.08034 0.62050 0.94897 0.23571 
844	9	0.95918 0.91530 0.07245 0.92849 0.97596 0.05708 
845	9	1.00000 0.96017 0.03983 1.00000 1.00000 0.00000 
846	9	0.96674 0.95796 0.00971 0.94171 0.99214 0.04353 
847	9	0.88530 0.94385 0.14286 0.80936 0.97517 0.12773 
848	9	0.86639 0.94456 0.05216 0.77746 0.95335 0.17244 
849	9	0.39322 0.87147 0.13445 0.26845 0.71322 0.53436 
850	9	0.59634 0.83788 0.17432 0.42166 0.71675 0.45632 
851	9	0.48664 0.80576 0.21163 0.30548 0.65364 0.54546 
852	9	0.38465 0.82390 0.24223 0.25607 0.68926 0.53007 
853	9	0.42226 0.84444 0.18256 0.24910 0.62986 0.60985 
854	9	0.41456 0.86837 0.19994 0.23791 0.59750 0.63537 
855	9	0.40569 0.85217 0.23494 0.24480 0.63765 0.60829 
856	9	0.43309 0.89032 0.11059 0.25951 0.65015 0.61520 
857	9	0.54155 0.79814 0.18872 0.35795 0.61345 0.51883 
858	9	0.63144 0.72627 0.29522 0.45252 0.62889 0.43688 
859	9	0.42541 0.80098 0.17100 0.28211 0.64327 0.54847 
860	9	0.48444 0.89060 0.14612 0.32888 0.77128 0.51079 
861	9	0.39073 0.87604 0.17000 0.24901 0.65725 0.60381 
862	9	0.39361 0.87535 0.15369 0.23106 0.59849 0.63341 
863	9	0.45605 0.85731 0.18673 0.31709 0.70229 0.50236 
864	9	0.59352 0.92792 0.10539 0.42146 0.81312 0.46552 
865	9	0.43354 0.89933 0.10725 0.32649 0.83579 0.46734 
866	9	0.78000 0.88115 0.08062 0.65035 0.87662 0.28280 
867	9	0.74416 0.85007 0.07853 0.60961 0.90330 0.27464 
868	9	0.84738 0.90289 0.07384 0.74544 0.90118 0.21897 
869	9	0.59231 0.92253 0.18612 0.42438 0.78294 0.43793 
870	9	0.69727 0.90388 0.14476 0.54346 0.83102 0.34960 
871	9	0.92265 0.95437 0.04676 0.86537 0.94568 0.12813 
872	9	0.80867 0.96366 0.05572 0.68540 0.89392 0.28093 
873	9	0.88601 0.94396 0.10517 0.80559 0.92039 0.17598 
874	9	0.88611 0.93267 0.06425 0.80533 0.91474 0.18411 
875	9	0.51399 0.92894 0.07730 0.35326 0.77585 0.48645 
876	9	0.37623 0.89562 0.23182 0.30848 0.79815 0.46813 
877	9	0.29230 0.90850 0.16671 0.23695 0.73699 0.56911 
878	9	0.39647 0.87039 0.13224 0.28938 0.71633 0.51473 
879	9	0.31103 0.89713 0.15519 0.26400 0.75001 0.52742 
880	9	0.36018 0.90333 0.07644 0.28157 0.73055 0.52188 
881	9	0.23424 0.89724 0.11650 0.19680 0.68937 0.60952 
882	9	0.20047 0.93325 0.19803 0.14472 0.63364 0.71576 
883	9	0.36106 0.92887 0.07414 0.24090 0.75518 0.58802 
884	9	0.52172 0.92747 0.12588 0.39520 0.85214 0.41686 
885	9	0.58076 0.95760 0.08406 0.46125 0.92362 0.34044 
886	9	0.39921 0.94145 0.03364 0.37861 0.91029 0.38077 
887	9	0.47171 0.93983 0.08282 0.39053 0.90171 0.38740 
888	9	0.41589 0.94446 0.04831 0.37406 0.91112 0.38965 
889	9	0.38895 0.94643 0.04939 0.36872 0.93753 0.37699 
890	9	0.39611 0.94224 0.09457 0.30887 0.85665 0.48276 
891	9	0.50856 0.92086 0.06036 0.38420 0.87916 0.42130 
892	9	0.53563 0.94352 0.09226 0.43872 0.92410 0.33888 
893	9	0.56243 0.92554 0.10837 0.40567 0.84234 0.44439 
894	9	0.84641 0.90287 0.07640 0.74320 0.89172 0.22807 
895	9	0.84050 0.95267 0.10715 0.73400 0.89884 0.23603 
896	9	0.75795 0.92338 0.11075 0.61326 0.84287 0.32809 
897	9	0.90989 0.91210 0.05099 0.84442 0.92743 0.14716 
898	9	0.90392 0.94884 0.02518 0.83516 0.94093 0.15069 
899	9	0.78417 0.94831 0.09129 0.65088 0.87352 0.30080 
900	10	0.09853 0.93066 0.39096 0.07858 0.50729 0.81710 
901	10	0.08345 0.93429 0.28774 0.02988 0.39934 0.92129 
902	10	0.09313 0.93382 0.24762 0.03791 0.39841 0.92898 
903	10	0.09220 0.92764 0.27573 0.05625 0.42913 0.88281 
904	10	0.10638 0.91835 0.29437 0.09108 0.54924 0.76757 
905	10	0.11373 0.93374 0.28915 0.04006 0.41656 0.90968 
906	10	0.09532 0.92462 0.31438 0.03732 0.39040 0.90817 
907	10	0.09245 0.93458 0.28181 0.04415 0.42967 0.90377 
908	10	0.06849 0.91990 0.25024 0.01869 0.32435 0.96368 
909	10	0.04284 0.92485 0.36709 0.00000 0.30561 1.00000 
910	10	0.07612 0.92708 0.21344 0.02308 0.36105 0.94726 
911	10	0.10488 0.91901 0.38931 0.01934 0.30795 0.97061 
912	10	0.11780 0.92593 0.35818 0.02501 0.33225 0.96268 
913	10	0.14963 0.91772 0.30169 0.05060 0.40788 0.89920 
914	10	0.17727 0.92145 0.22897 0.13010 0.65336 0.70005 
915	10	0.07607 0.92105 0.30668 0.03285 0.39235 0.92605 
916	10	0.22477 0.93971 0.25162 0.08725 0.48539 0.85436 
917	10	0.14099 0.92949 0.27941 0.04937 0.40786 0.88816 
918	10	0.17490 0.93055 0.30245 0.06047 0.41103 0.88922 
919	10	0.25880 0.95285 0.22626 0.11591 0.54975 0.81229 
920	10	0.04437 0.93222 0.25421 0.02849 0.48855 0.90114 
921	10	0.12532 0.93601 0.27627 0.07857 0.56672 0.82043 
922	10	0.24570 0.94648 0.18997 0.16471 0.77728 0.63667 
923	10	0.14026 0.95569 0.23821 0.08103 0.58434 0.81666 
924	10	0.29626 0.95435 0.22641 0.14891 0.64073 0.73997 
925	10	0.13753 0.95791 0.15433 0.10502 0.64317 0.77380 
926	10	0.08406 0.92722 0.29813 0.04317 0.50147 0.86392 
927	10	0.18047 0.93070 0.26840 0.08414 0.56059 0.81035 
928	10	0.19725 0.94430 0.17877 0.09786 0.59467 0.79056 
929	10	0.13032 0.95723 0.27098 0.09320 0.60795 0.78375 
930	10	0.09908 0.95332 0.16961 0.06981 0.56746 0.84484 
931	10	0.23119 0.97218 0.15808 0.10225 0.63942 0.80555 
932	10	0.23700 0.95033 0.21268 0.14741 0.70119 0.69931 
933	10	0.09908 0.93269 0.26991 0.06479 0.54394 0.83039 
934	10	0.22267 0.95917 0.18006 0.19229 0.78423 0.61984 
935	10	0.18884 0.95011 0.22813 0.12528 0.67616 0.73037 
936	10	0.16192 0.93857 0.26781 0.09907 0.58912 0.75810 
937	10	0.19923 0.93710 0.16409 0.15393 0.66972 0.69100 
938	10	0.14555 0.93637 0.33709 0.08672 0.56310 0.79058 
939	10	0.27776 0.93231 0.32734 0.12783 0.55082 0.76707 
940	10	0.21517 0.93843 0.36260 0.12464 0.63296 0.73593 
941	10	0.30737 0.95587 0.20272 0.19220 0.72428 0.63959 
942	10	0.21394 0.93482 0.27273 0.11225 0.57908 0.77627 
943	10	0.21977 0.93937 0.32473 0.11690 0.60264 0.75226 
944	10	0.17103 0.93477 0.37455 0.08493 0.52279 0.82561 
945	10	0.13588 0.93937 0.28233 0.06429 0.53135 0.84187 
946	10	0.17709 0.95014 0.27603 0.12253 0.63167 0.73334 
947	10	0.06197 0.93962 0.37482 0.05208 0.50665 0.85777 
948	10	0.09613 0.93833 0.38251 0.06277 0.52312 0.84455 
949	10	0.31683 0.93900 0.13724 0.27467 0.82321 0.51922 
950	10	0.30244 0.94527 0.18204 0.27455 0.81401 0.52291 
951	10	0.32871 0.96355 0.12496 0.27827 0.85677 0.49721 
952	10	0.25206 0.95352 0.22351 0.15596 0.69497 0.67551 
953	10	0.22204 0.94234 0.23012 0.18590 0.74868 0.63069 
954	10	0.15701 0.93059 0.30869 0.09587 0.59718 0.77272 
955	10	0.14104 0.92483 0.42216 0.06427 0.48632 0.83961 
956	10	0.00000 0.92154 0.28371 0.02971 0.44487 0.89637 
957	10	0.11536 0.93589 0.37389 0.06758 0.50465 0.83521 
958	10	0.22370 0.94112 0.31090 0.13553 0.63555 0.73702 
959	10	0.28946 0.95464 0.24212 0.15774 0.68179 0.69569 
960	10	0.08181 0.92763 0.29671 0.04105 0.43489 0.89785 
961	10	0.17782 0.94861 0.26647 0.11464 0.65700 0.73649 
962	10	0.12545 0.89973 0.28419 0.06781 0.45942 0.85080 
963	10	0.42144 0.94247 0.25500 0.25589 0.73822 0.60017 
964	10	0.40730 0.94488 0.18303 0.24386 0.74611 0.59997 
965	10	0.19128 0.91601 0.33074 0.10992 0.58434 0.76245 
966	10	0.13941 0.93286 0.21346 0.12822 0.70450 0.69759 
967	10	0.16497 0.92545 0.32840 0.07705 0.47933 0.84002 
968	10	0.31355 0.94618 0.24508 0.15243 0.52005 0.77159 
969	10	0.46926 0.95113 0.19535 0.29630 0.68255 0.59782 
970	10	0.07763 0.92766 0.37904 0.06720 0.50336 0.82012 
971	10	0.32598 0.93406 0.28237 0.14491 0.47288 0.81385 
972	10	0.32412 0.93595 0.26534 0.14738 0.51749 0.79911 
973	10	0.32319 0.94024 0.25152 0.14832 0.51065 0.78901 
974	10	0.33700 0.94255 0.25247 0.15456 0.50699 0.79766 
975	10	0.13630 0.92818 0.46786 0.03669 0.31207 0.94301 
976	10	0.13788 0.93179 0.33387 0.05897 0.45618 0.87333 
977	10	0.23652 0.94684 0.27893 0.08677 0.43087 0.87396 
978	10	0.30877 0.95003 0.23978 0.13596 0.51258 0.80683 
979	10	0.02036 0.92223 0.30820 0.02471 0.38650 0.92105 
980	10	0.12191 0.91635 0.37481 0.05436 0.40341 0.88822 
981	10	0.22258 0.94802 0.23090 0.09219 0.50208 0.84193 
982	10	0.24826 0.95188 0.24361 0.12118 0.58930 0.77263 
983	10	0.04987 0.93558 0.28545 0.04204 0.50062 0.87194 
984	10	0.10376 0.94867 0.27401 0.05316 0.53910 0.85958 
985	10	0.28568 0.96456 0.17481 0.12973 0.61722 0.78794 
986	10	0.31674 0.96032 0.21428 0.15525 0.64243 0.73603 
987	10	0.24364 0.95493 0.20132 0.09978 0.56341 0.82129 
988	10	0.32788 0.96322 0.26799 0.15906 0.62605 0.74623 
989	10	0.08045 0.92430 0.29383 0.04383 0.48643 0.86464 
990	10	0.24142 0.95811 0.18517 0.10885 0.59930 0.79423 
991	10	0.37394 0.96342 0.18092 0.19494 0.67466 0.70261 
992	10	0.18447 0.96106 0.21576 0.10121 0.62031 0.77527 
993	10	0.25684 0.94462 0.33620 0.11700 0.58160 0.78589 
994	10	0.21814 0.95548 0.23689 0.20514 0.79880 0.58555 
995	10	0.25332 0.95727 0.20621 0.11777 0.57990 0.79677 
996	10	0.10180 0.95155 0.25697 0.08690 0.64486 0.77229 
997	10	0.21037 0.96003 0.16677 0.19507 0.80003 0.59876 
998	10	0.22449 0.96258 0.21983 0.12507 0.69925 0.72585 
999	10	0.24216 0.94904 0.23580 0.20148 0.78936 0.59165 
1000	11	0.92657 0.99347 0.00900 0.87219 0.97660 0.12027 
1001	11	0.82497 0.97689 0.03130 0.71035 0.90851 0.26474 
1002	11	0.48009 0.97227 0.03059 0.35744 0.89692 0.44482 
1003	11	0.87050 0.97708 0.01333 0.78215 0.94583 0.19188 
1004	11	0.88227 0.97820 0.01932 0.80018 0.94941 0.18085 
1005	11	0.77154 0.96399 0.02257 0.63998 0.92333 0.28932 
1006	11	0.62608 0.97513 0.03226 0.46659 0.90233 0.40673 
1007	11	0.84553 0.95540 0.02608 0.74810 0.94157 0.19815 
1008	11	0.73776 0.96197 0.03468 0.59466 0.91185 0.31999 
1009	11	0.83935 0.97240 0.02495 0.73336 0.92767 0.23558 
1010	11	0.80782 0.96559 0.02671 0.68922 0.92813 0.25825 
1011	11	0.83734 0.95383 0.02814 0.73454 0.93737 0.21140 
1012	11	0.73966 0.96603 0.02966 0.60089 0.92361 0.30543 
1013	11	0.80806 0.96313 0.03276 0.68834 0.91979 0.26440 
1014	11	0.89339 0.95034 0.02967 0.81717 0.93658 0.17330 
1015	11	0.75110 0.94757 0.05532 0.61067 0.90220 0.31301 
1016	11	0.44324 0.94449 0.10223 0.33639 0.83105 0.46287 
1017	11	0.58392 0.96564 0.05388 0.42016 0.85089 0.44846 
1018	11	0.32497 0.95628 0.09861 0.30158 0.84371 0.49143 
1019	11	0.62550 0.97422 0.04519 0.49179 0.93315 0.33398 
1020	11	0.63575 0.96998 0.03642 0.49312 0.91038 0.35630 
1021	11	0.58157 0.96142 0.04936 0.45539 0.91358 0.35980 
1022	11	0.59426 0.96802 0.03721 0.43146 0.87939 0.43287 
1023	11	0.35684 0.96878 0.06908 0.36542 0.91463 0.40028 
1024	11	0.38169 0.96225 0.05069 0.36302 0.90697 0.40605 
1025	11	0.57484 0.97134 0.05947 0.42747 0.89031 0.40139 
1026	11	0.61554 0.96459 0.09666 0.46238 0.88167 0.38515 
1027	11	0.57283 0.95125 0.07249 0.45173 0.90671 0.34898 
1028	11	0.53906 0.95972 0.04955 0.42195 0.90418 0.37301 
1029	11	0.45443 0.96918 0.04228 0.36623 0.89446 0.42321 
1030	11	0.67340 0.96789 0.03169 0.53004 0.91056 0.32870 
1031	11	0.64781 0.96551 0.03517 0.49942 0.90989 0.35379 
1032	11	0.61495 0.96835 0.03830 0.46733 0.90184 0.37416 
1033	11	0.53679 0.95235 0.04176 0.42424 0.89357 0.36972 
1034	11	0.45791 0.96894 0.03723 0.38468 0.90578 0.39267 
1035	11	0.45102 0.96535 0.02083 0.38231 0.90814 0.39348 
1036	11	0.57344 0.94458 0.03822 0.48276 0.93943 0.28319 
1037	11	0.56379 0.94331 0.05780 0.47933 0.94142 0.28049 
1038	11	0.55615 0.97578 0.10115 0.37935 0.85243 0.50035 
1039	11	0.34412 0.97475 0.06176 0.29480 0.86880 0.50241 
1040	11	0.61747 0.97220 0.04159 0.45934 0.89418 0.39996 
1041	11	0.76334 0.97924 0.05723 0.62136 0.88591 0.33364 
1042	11	0.39957 0.94088 0.08601 0.37785 0.88500 0.37891 
1043	11	0.83051 0.92476 0.05522 0.71923 0.90132 0.24661 
1044	11	0.59838 0.95737 0.06511 0.41218 0.82115 0.49560 
1045	11	0.78325 0.95458 0.04274 0.64886 0.89454 0.30707 
1046	11	0.83512 0.97110 0.01657 0.73033 0.94264 0.21478 
1047	11	0.71509 0.94860 0.04880 0.58837 0.92922 0.26220 
1048	11	0.60849 0.97512 0.08605 0.43711 0.87053 0.45133 
1049	11	0.69819 0.97114 0.05065 0.54805 0.91528 0.34822 
1050	11	0.42464 0.97223 0.03502 0.35618 0.88901 0.43608 
1051	11	0.30460 0.96388 0.04556 0.31089 0.86926 0.47889 
1052	11	0.66422 0.97880 0.04764 0.50752 0.89379 0.38235 
1053	11	0.82649 0.96402 0.02739 0.71335 0.91158 0.25795 
1054	11	0.94502 0.94744 0.00291 0.90492 0.97567 0.08079 
1055	11	0.94285 0.95140 0.00212 0.90125 0.97647 0.08398 
1056	11	0.76824 0.96588 0.03517 0.63498 0.91343 0.29012 
1057	11	0.80994 0.97784 0.01589 0.69146 0.93155 0.26012 
1058	11	0.91958 0.95360 0.00194 0.86359 0.97361 0.10631 
1059	11	0.64861 0.97822 0.03159 0.48852 0.89921 0.39104 
1060	11	0.79217 0.97551 0.02206 0.66903 0.93738 0.25925 
1061	11	0.81162 0.97027 0.03878 0.69357 0.92829 0.25482 
1062	11	0.81351 0.97642 0.02804 0.69330 0.91457 0.27438 
1063	11	0.76620 0.97620 0.01884 0.63165 0.92525 0.29049 
1064	11	0.80428 0.97337 0.02616 0.68488 0.92863 0.25668 
1065	11	0.59943 0.97363 0.04040 0.44795 0.90336 0.39407 
1066	11	0.79717 0.97115 0.02797 0.67874 0.93774 0.24219 
1067	11	0.76968 0.97482 0.04905 0.63110 0.89754 0.31002 
1068	11	0.52167 0.95102 0.05419 0.40338 0.87455 0.40612 
1069	11	0.74538 0.97774 0.05126 0.60466 0.91545 0.31370 
1070	11	0.72801 0.98175 0.04398 0.58590 0.91992 0.31626 
1071	11	0.81984 0.97646 0.02360 0.70858 0.93475 0.23656 
1072	11	0.68164 0.97462 0.03598 0.52941 0.91117 0.34979 
1073	11	0.31969 0.96574 0.03645 0.33395 0.89048 0.44765 
1074	11	0.38179 0.96909 0.04309 0.33836 0.89084 0.44159 
1075	11	0.41470 0.97433 0.03383 0.33326 0.88375 0.46017 
1076	11	0.52223 0.96667 0.04945 0.39251 0.88301 0.41902 
1077	11	0.36536 0.96431 0.04245 0.34553 0.88948 0.42625 
1078	11	0.34994 0.96133 0.02510 0.36646 0.90088 0.39780 
1079	11	0.69570 0.96663 0.04305 0.55076 0.92314 0.32730 
1080	11	0.85772 0.96657 0.03602 0.76051 0.93617 0.21818 
1081	11	0.67881 0.96540 0.06249 0.51956 0.90089 0.37678 
1082	11	0.77414 0.97619 0.05667 0.63591 0.90617 0.32000 
1083	11	0.33465 0.96801 0.05933 0.30628 0.86908 0.48070 
1084	11	0.41670 0.97320 0.05023 0.33421 0.88960 0.46131 
1085	11	0.62869 0.97095 0.06905 0.47486 0.91325 0.37819 
1086	11	0.40562 0.97032 0.04574 0.32289 0.89047 0.46562 
1087	11	0.78637 0.95302 0.01711 0.67616 0.96517 0.20175 
1088	11	0.55321 0.98615 0.03819 0.39374 0.88605 0.45884 
1089	11	0.37820 0.98993 0.02810 0.31434 0.92667 0.47359 
1090	11	0.49911 0.98537 0.05633 0.34222 0.88340 0.49314 
1091	11	0.49459 0.98451 0.06643 0.34780 0.89172 0.47339 
1092	11	0.35891 0.98676 0.04184 0.37070 0.94339 0.38609 
1093	11	0.38952 0.98435 0.01219 0.36413 0.93668 0.40108 
1094	11	0.34041 0.98340 0.04314 0.34528 0.92419 0.42403 
1095	11	0.31675 0.98300 0.08248 0.32115 0.91025 0.45147 
1096	11	0.38575 0.97823 0.02445 0.43355 0.97246 0.28810 
1097	11	0.50511 0.94535 0.04047 0.45053 0.93801 0.29322 
1098	11	0.57936 0.96099 0.03784 0.46634 0.92006 0.32870 
1099	11	0.74830 0.97098 0.04239 0.60293 0.91451 0.33008 
1100	12	0.64337 0.96285 0.02924 0.49735 0.93429 0.34381 
1101	12	0.49536 0.94351 0.05328 0.35897 0.89157 0.45261 
1102	12	0.36150 0.95950 0.08943 0.23881 0.83414 0.58297 
1103	12	0.45812 0.97863 0.04928 0.28723 0.85499 0.56466 
1104	12	0.55444 0.96839 0.02935 0.40760 0.92153 0.40721 
1105	12	0.60063 0.96623 0.02532 0.43557 0.90415 0.42206 
1106	12	0.76377 0.97552 0.02864 0.62864 0.93716 0.28440 
1107	12	0.58671 0.96311 0.05907 0.40905 0.88084 0.47126 
1108	12	0.39871 0.97145 0.04779 0.28686 0.91182 0.49302 
1109	12	0.51318 0.96310 0.02849 0.37126 0.91732 0.43431 
1110	12	0.71501 0.96330 0.03214 0.56254 0.92394 0.33983 
1111	12	0.71816 0.95844 0.03271 0.56952 0.91909 0.32853 
1112	12	0.69275 0.96053 0.03240 0.54210 0.93101 0.33103 
1113	12	0.80595 0.95060 0.01890 0.68488 0.93906 0.25656 
1114	12	0.92593 0.93179 0.00484 0.87281 0.97482 0.10426 
1115	12	0.87122 0.91817 0.03779 0.78181 0.92423 0.19746 
1116	12	0.56006 0.94392 0.05218 0.41192 0.89930 0.42117 
1117	12	0.67627 0.94702 0.06503 0.50583 0.86565 0.41321 
1118	12	0.93136 0.94470 0.01209 0.88152 0.97127 0.10142 
1119	12	0.60479 0.97107 0.02736 0.45206 0.92608 0.38988 
1120	12	0.30551 0.96333 0.03409 0.25394 0.85678 0.53769 
1121	12	0.28504 0.96336 0.05671 0.23500 0.87296 0.55279 
1122	12	0.52373 0.95080 0.04136 0.35960 0.86725 0.47999 
1123	12	0.32595 0.95967 0.04698 0.26866 0.89089 0.50821 
1124	12	0.21606 0.96151 0.06594 0.17077 0.82032 0.63946 
1125	12	0.77058 0.95770 0.03272 0.64214 0.94807 0.26130 
1126	12	0.79332 0.95948 0.04640 0.67088 0.94157 0.25231 
1127	12	0.60371 0.98256 0.03991 0.43194 0.91991 0.43052 
1128	12	0.70924 0.96371 0.01052 0.56875 0.94984 0.29450 
1129	12	0.54411 0.96328 0.06330 0.36973 0.86637 0.49204 
1130	12	0.31372 0.95547 0.05024 0.28084 0.88224 0.50083 
1131	12	0.46341 0.95351 0.03024 0.37867 0.93337 0.38830 
1132	12	0.34790 0.96086 0.03594 0.36217 0.92603 0.39068 
1133	12	0.39990 0.98484 0.05572 0.34142 0.94154 0.42221 
1134	12	0.50000 0.97553 0.04494 0.40586 0.97044 0.33767 
1135	12	0.49158 0.94371 0.04288 0.35812 0.89422 0.43278 
1136	12	0.50896 0.96337 0.03826 0.33473 0.87424 0.50353 
1137	12	0.36484 0.95631 0.04838 0.31006 0.90921 0.44720 
1138	12	0.63972 0.98604 0.07346 0.48168 0.95246 0.35193 
1139	12	0.61055 0.95786 0.06298 0.43740 0.89095 0.43071 
1140	12	0.58830 0.96064 0.02993 0.41550 0.89270 0.44363 
1141	12	0.66848 0.96043 0.04357 0.50766 0.91980 0.36421 
1142	12	0.33989 0.93066 0.05488 0.36549 0.92121 0.37168 
1143	12	0.56536 0.96651 0.05568 0.39406 0.90112 0.44706 
1144	12	0.50825 0.94578 0.07762 0.35239 0.87060 0.46101 
1145	12	0.42205 0.95267 0.13215 0.27141 0.85125 0.52827 
1146	12	0.43722 0.95322 0.10296 0.29426 0.87866 0.48999 
1147	12	0.67264 0.94008 0.04960 0.50545 0.88951 0.38959 
1148	12	0.64926 0.96536 0.08034 0.48453 0.90602 0.39121 
1149	12	0.47961 0.92717 0.04307 0.39850 0.90849 0.35603 
1150	12	0.52055 0.94477 0.10838 0.37488 0.87013 0.43628 
1151	12	0.74765 0.96826 0.03926 0.60312 0.92079 0.30874 
1152	12	0.70718 0.95914 0.05446 0.55136 0.91031 0.33948 
1153	12	0.70161 0.95261 0.07080 0.53891 0.88465 0.37906 
1154	12	0.50347 0.94686 0.06421 0.32291 0.85747 0.52247 
1155	12	0.22072 0.95026 0.09566 0.19468 0.84092 0.57792 
1156	12	0.32378 0.95733 0.13211 0.24935 0.88256 0.50775 
1157	12	0.49970 0.93575 0.07541 0.40091 0.92550 0.36199 
1158	12	0.33977 0.93574 0.11778 0.28055 0.86646 0.48624 
1159	12	0.47700 0.97346 0.17150 0.33101 0.93462 0.44505 
1160	12	0.59556 0.94737 0.10132 0.41804 0.87795 0.44797 
1161	12	0.45840 0.97379 0.08673 0.35003 0.94587 0.41415 
1162	12	0.52294 0.97687 0.10650 0.34957 0.93340 0.45251 
1163	12	0.60418 0.93998 0.04915 0.47008 0.92958 0.33734 
1164	12	0.89335 0.95434 0.05813 0.81926 0.98108 0.14006 
1165	12	0.40484 0.94758 0.08388 0.34461 0.89529 0.41930 
1166	12	0.55849 0.93918 0.08358 0.39566 0.89585 0.42925 
1167	12	0.34754 0.95151 0.06069 0.26795 0.86849 0.51243 
1168	12	0.37975 0.95373 0.02781 0.39468 0.95022 0.33821 
1169	12	0.63574 0.95642 0.04006 0.48605 0.91823 0.35172 
1170	12	0.58302 0.95997 0.05803 0.41710 0.92219 0.41838 
1171	12	0.64987 0.95178 0.06654 0.48584 0.89425 0.38572 
1172	12	0.87835 0.94765 0.02350 0.79589 0.95730 0.16518 
1173	12	0.85217 0.93543 0.02815 0.75696 0.95717 0.18556 
1174	12	0.66346 0.94734 0.05420 0.51149 0.89929 0.34578 
1175	12	0.75677 0.93659 0.10431 0.63543 0.96187 0.21357 
1176	12	0.49985 0.89978 0.12642 0.40919 0.91958 0.33725 
1177	12	0.82406 0.91347 0.13478 0.71957 0.95253 0.19164 
1178	12	0.69280 0.89112 0.16127 0.53765 0.89744 0.32915 
1179	12	0.76653 0.80975 0.13504 0.63738 0.91229 0.24050 
1180	12	0.71813 0.88651 0.04354 0.60113 0.93882 0.23000 
1181	12	0.88787 0.92822 0.01074 0.82124 0.99109 0.08954 
1182	12	0.82469 0.90562 0.06182 0.72757 0.96255 0.16452 
1183	12	0.66534 0.92525 0.27892 0.54802 0.94835 0.25357 
1184	12	0.70328 0.89162 0.10068 0.58572 0.93906 0.23557 
1185	12	0.58072 0.90826 0.32629 0.48310 0.93431 0.28032 
1186	12	0.82898 0.92199 0.07637 0.73676 0.97417 0.14568 
1187	12	0.71790 0.93242 0.10511 0.60384 0.96194 0.21706 
1188	12	0.83324 0.91758 0.11557 0.74581 0.98239 0.12688 
1189	12	0.62467 0.93405 0.20089 0.48678 0.92588 0.31757 
1190	12	0.67761 0.88641 0.05743 0.55553 0.92822 0.26437 
1191	12	0.46182 0.93043 0.14324 0.39244 0.94583 0.33064 
1192	12	0.50742 0.88562 0.15364 0.39221 0.90620 0.35971 
1193	12	0.78269 0.81890 0.15428 0.65842 0.91047 0.24284 
1194	12	0.39729 0.92659 0.18629 0.34667 0.93045 0.36940 
1195	12	0.57039 0.93383 0.04521 0.46192 0.95012 0.29055 
1196	12	0.73231 0.94130 0.09089 0.61005 0.96632 0.21780 
1197	12	0.85546 0.89996 0.04585 0.76302 0.95188 0.16502 
1198	12	0.89347 0.92801 0.05156 0.82385 0.98163 0.11033 
1199	12	0.49309 0.86996 0.18297 0.34869 0.80057 0.45953 
1200	13	0.33210 0.95272 0.18380 0.19153 0.64013 0.71003 
1201	13	0.35189 0.96070 0.18830 0.22986 0.74352 0.61770 
1202	13	0.38953 0.95572 0.15160 0.26494 0.75127 0.58452 
1203	13	0.36827 0.95574 0.17115 0.21852 0.66185 0.67036 
1204	13	0.30964 0.95223 0.20281 0.17375 0.62482 0.72894 
1205	13	0.29088 0.94975 0.13239 0.26065 0.78593 0.56099 
1206	13	0.43721 0.94057 0.15558 0.30156 0.79634 0.53246 
1207	13	0.17947 0.94814 0.20706 0.11236 0.62449 0.78656 
1208	13	0.18704 0.94560 0.22288 0.14746 0.67251 0.72658 
1209	13	0.17332 0.95803 0.18233 0.10805 0.63253 0.79029 
1210	13	0.24411 0.94660 0.17608 0.20388 0.72541 0.64056 
1211	13	0.35050 0.94962 0.17124 0.24622 0.78329 0.59037 
1212	13	0.23431 0.96763 0.12022 0.17679 0.77752 0.65676 
1213	13	0.25332 0.95310 0.13818 0.21783 0.77295 0.62067 
1214	13	0.43216 0.90379 0.19021 0.36947 0.78425 0.40956 
1215	13	0.21743 0.95780 0.18538 0.16053 0.71102 0.70531 
1216	13	0.26593 0.96684 0.10800 0.21889 0.76931 0.62353 
1217	13	0.45501 0.96777 0.04371 0.41075 0.93621 0.34239 
1218	13	0.20685 0.94970 0.17660 0.16328 0.67312 0.71474 
1219	13	0.27972 0.96099 0.19280 0.18772 0.69431 0.68832 
1220	13	0.25938 0.96163 0.12587 0.22474 0.79765 0.59914 
1221	13	0.39728 0.95859 0.10458 0.29737 0.81657 0.53065 
1222	13	0.30333 0.96054 0.12245 0.26135 0.82153 0.54493 
1223	13	0.39949 0.95300 0.11715 0.29592 0.80485 0.53544 
1224	13	0.31398 0.95096 0.11453 0.30285 0.81660 0.50621 
1225	13	0.41795 0.95122 0.10083 0.34536 0.84779 0.44884 
1226	13	0.38637 0.96233 0.14937 0.26174 0.76636 0.59344 
1227	13	0.35182 0.95724 0.08421 0.29003 0.81943 0.52656 
1228	13	0.30972 0.97538 0.10010 0.23592 0.80524 0.59877 
1229	13	0.29371 0.95453 0.13004 0.28767 0.81971 0.51389 
1230	13	0.29616 0.96383 0.13460 0.27565 0.81437 0.53765 
1231	13	0.34017 0.95902 0.12655 0.27082 0.79801 0.55873 
1232	13	0.36772 0.95974 0.09931 0.30218 0.81689 0.51062 
1233	13	0.38825 0.97034 0.09581 0.27165 0.77618 0.58225 
1234	13	0.33790 0.94552 0.19806 0.26761 0.74934 0.56826 
1235	13	0.31908 0.95495 0.17609 0.23723 0.73853 0.61076 
1236	13	0.42152 0.93535 0.10665 0.36756 0.85848 0.41441 
1237	13	0.36146 0.94600 0.11204 0.27793 0.77450 0.54844 
1238	13	0.61810 0.68315 0.37650 0.51260 0.85407 0.25148 
1239	13	0.34153 0.95576 0.17405 0.24487 0.73643 0.61115 
1240	13	0.31495 0.94587 0.15997 0.29806 0.80205 0.51340 
1241	13	0.29094 0.94463 0.22849 0.24091 0.74234 0.60046 
1242	13	0.29949 0.95393 0.11837 0.29000 0.82658 0.50463 
1243	13	0.35795 0.94430 0.20028 0.29715 0.77755 0.53018 
1244	13	0.27167 0.94706 0.20098 0.23544 0.74812 0.59771 
1245	13	0.33847 0.95337 0.14771 0.27001 0.79134 0.54513 
1246	13	0.34116 0.95122 0.16190 0.24365 0.75392 0.59961 
1247	13	0.42595 0.95518 0.13462 0.27470 0.73219 0.59909 
1248	13	0.39375 0.95024 0.12711 0.27768 0.77304 0.55975 
1249	13	0.40386 0.94972 0.11419 0.34118 0.84147 0.45392 
1250	13	0.38621 0.95328 0.11407 0.28823 0.80992 0.52656 
1251	13	0.29471 0.94674 0.13236 0.26592 0.78344 0.56318 
1252	13	0.32479 0.95065 0.14970 0.23971 0.76328 0.60130 
1253	13	0.44934 0.93834 0.06744 0.40082 0.88513 0.36535 
1254	13	0.30739 0.94240 0.22156 0.22841 0.74109 0.60894 
1255	13	0.33412 0.95102 0.14086 0.28047 0.80899 0.52175 
1256	13	0.32888 0.94782 0.15633 0.27434 0.79176 0.54194 
1257	13	0.40124 0.91854 0.10988 0.37736 0.83566 0.39297 
1258	13	0.28607 0.94750 0.17431 0.27486 0.77863 0.54483 
1259	13	0.44507 0.94252 0.09330 0.39383 0.87798 0.36792 
1260	13	0.29356 0.94850 0.10836 0.26824 0.78976 0.55406 
1261	13	0.40174 0.92989 0.07276 0.38368 0.87683 0.37350 
1262	13	0.36381 0.95043 0.14356 0.29417 0.81097 0.51065 
1263	13	0.33571 0.94845 0.10934 0.28967 0.80971 0.52612 
1264	13	0.34884 0.93315 0.12572 0.34671 0.84596 0.42948 
1265	13	0.29534 0.94791 0.13547 0.22697 0.73676 0.62140 
1266	13	0.43992 0.91922 0.09945 0.38112 0.83694 0.38622 
1267	13	0.32195 0.93946 0.14249 0.33201 0.85028 0.45048 
1268	13	0.28896 0.94488 0.15015 0.28445 0.81833 0.51348 
1269	13	0.36164 0.94375 0.13378 0.28717 0.80974 0.52471 
1270	13	0.33204 0.95982 0.14812 0.22408 0.73990 0.62018 
1271	13	0.36119 0.95173 0.11364 0.26007 0.76047 0.58312 
1272	13	0.27748 0.94596 0.16193 0.20487 0.73381 0.63079 
1273	13	0.27540 0.94759 0.20308 0.21503 0.74527 0.61411 
1274	13	0.28138 0.94387 0.22107 0.24387 0.74115 0.59138 
1275	13	0.31406 0.94554 0.15215 0.27849 0.79890 0.52590 
1276	13	0.35459 0.95193 0.14244 0.26978 0.79840 0.54829 
1277	13	0.31973 0.93720 0.15382 0.26102 0.75635 0.56970 
1278	13	0.29781 0.94342 0.17416 0.23092 0.73975 0.61163 
1279	13	0.29698 0.94447 0.16708 0.28135 0.78560 0.52734 
1280	13	0.29349 0.94117 0.15760 0.23438 0.75019 0.59567 
1281	13	0.28308 0.94741 0.24086 0.21439 0.70267 0.63828 
1282	13	0.29454 0.95014 0.14051 0.25720 0.76888 0.57333 
1283	13	0.24377 0.94687 0.20505 0.21524 0.73194 0.62175 
1284	13	0.28462 0.94409 0.19245 0.22170 0.70866 0.63320 
1285	13	0.28263 0.95740 0.15110 0.25384 0.78761 0.55992 
1286	13	0.42483 0.95080 0.15551 0.30243 0.76834 0.53107 
1287	13	0.27037 0.95286 0.15784 0.25683 0.78015 0.56564 
1288	13	0.26987 0.94787 0.17620 0.22153 0.73024 0.62381 
1289	13	0.26890 0.95535 0.15087 0.25993 0.79001 0.55345 
1290	13	0.28034 0.94206 0.15688 0.23353 0.74375 0.60453 
1291	13	0.40488 0.94521 0.14629 0.30097 0.80521 0.52113 
1292	13	0.41857 0.94835 0.13877 0.29364 0.77112 0.55377 
1293	13	0.38963 0.94349 0.09668 0.29117 0.79385 0.53746 
1294	13	0.38491 0.95096 0.16387 0.26676 0.78201 0.56953 
1295	13	0.31175 0.94435 0.16018 0.20973 0.73844 0.63262 
1296	13	0.30836 0.96088 0.12095 0.24450 0.78484 0.58352 
1297	13	0.30596 0.95491 0.11771 0.26184 0.79993 0.55385 
1298	13	0.28185 0.94615 0.17514 0.26124 0.78521 0.55307 
1299	13	0.33509 0.95090 0.13944 0.28891 0.81317 0.52432 
1300	14	0.43392 0.93064 0.24564 0.24082 0.63060 0.66955 
1301	14	0.39045 0.92414 0.18312 0.22690 0.72525 0.63868 
1302	14	0.37956 0.93970 0.15859 0.21108 0.73928 0.65758 
1303	14	0.17134 0.94032 0.28994 0.10578 0.67890 0.74940 
1304	14	0.33686 0.93894 0.30969 0.17410 0.67232 0.69889 
1305	14	0.28606 0.92844 0.25080 0.13629 0.61352 0.76620 
1306	14	0.51332 0.92889 0.15966 0.33416 0.77532 0.54190 
1307	14	0.37159 0.91924 0.28823 0.20345 0.67054 0.67003 
1308	14	0.40400 0.98845 0.14075 0.23907 0.90195 0.56980 
1309	14	0.25577 0.94290 0.14652 0.13982 0.73271 0.70694 
1310	14	0.32657 0.98417 0.16446 0.19597 0.87886 0.59802 
1311	14	0.41848 0.93408 0.20808 0.24732 0.76419 0.60598 
1312	14	0.36884 0.94512 0.19292 0.20434 0.76144 0.65551 
1313	14	0.32592 0.91070 0.23913 0.17785 0.69626 0.69381 
1314	14	0.39870 0.92791 0.22400 0.23658 0.74535 0.61731 
1315	14	0.31463 0.92800 0.19478 0.18916 0.75912 0.64560 
1316	14	0.34172 0.93952 0.16706 0.18663 0.72095 0.68228 
1317	14	0.41448 0.93603 0.20820 0.25150 0.72972 0.60661 
1318	14	0.22157 0.93335 0.11758 0.13967 0.74992 0.70177 
1319	14	0.32533 0.97450 0.11666 0.21158 0.86741 0.59320 
1320	14	0.24481 0.98661 0.06163 0.17729 0.89795 0.61363 
1321	14	0.49082 0.88243 0.39149 0.31298 0.63831 0.57672 
1322	14	0.27088 0.91787 0.10827 0.18769 0.80943 0.58850 
1323	14	0.43176 0.88687 0.19223 0.24936 0.60115 0.65487 
1324	14	0.18184 0.98092 0.10221 0.15165 0.88596 0.62423 
1325	14	0.51167 0.91431 0.25284 0.33504 0.72391 0.55056 
1326	14	0.32655 0.90819 0.36197 0.16320 0.57627 0.73122 
1327	14	0.44205 0.90508 0.41304 0.26508 0.60824 0.64639 
1328	14	0.27727 0.97744 0.15309 0.20508 0.88102 0.55459 
1329	14	0.45249 0.90172 0.36365 0.28932 0.69450 0.58134 
1330	14	0.37465 0.90777 0.29868 0.19591 0.56360 0.71710 
1331	14	0.59573 0.92438 0.16756 0.42885 0.76214 0.46550 
1332	14	0.46534 0.92578 0.29617 0.28871 0.70828 0.58132 
1333	14	0.48522 0.90315 0.35756 0.29125 0.58687 0.63858 
1334	14	0.43177 0.92765 0.30328 0.25395 0.71556 0.62243 
1335	14	0.36279 0.93836 0.22200 0.22442 0.78243 0.60022 
1336	14	0.47684 0.90778 0.31149 0.30738 0.73828 0.55963 
1337	14	0.44367 0.90285 0.32862 0.25995 0.64995 0.63728 
1338	14	0.35252 0.91722 0.27152 0.21754 0.72505 0.61435 
1339	14	0.47477 0.91411 0.26792 0.31701 0.75068 0.53898 
1340	14	0.41071 0.91516 0.18850 0.25257 0.74976 0.61188 
1341	14	0.42860 0.91353 0.30925 0.24261 0.62744 0.66222 
1342	14	0.23884 0.89515 0.26066 0.16336 0.72438 0.66529 
1343	14	0.16272 0.96827 0.16129 0.16417 0.89061 0.59156 
1344	14	0.25100 0.89332 0.39465 0.16167 0.64219 0.69714 
1345	14	0.45319 0.91697 0.25017 0.28140 0.71837 0.59001 
1346	14	0.46071 0.91837 0.18625 0.27895 0.72108 0.60705 
1347	14	0.15075 0.86551 0.27050 0.14139 0.69924 0.68507 
1348	14	0.17585 0.88474 0.41258 0.15318 0.66452 0.66098 
1349	14	0.42522 0.91732 0.31883 0.24049 0.63518 0.66817 
1350	14	0.25556 0.89994 0.25508 0.16870 0.69679 0.66522 
1351	14	0.34404 0.98858 0.13997 0.19295 0.85627 0.62918 
1352	14	0.22481 0.90938 0.27374 0.14503 0.70119 0.70139 
1353	14	0.41721 0.93168 0.30149 0.24847 0.67074 0.62757 
1354	14	0.21742 0.87410 0.40211 0.14967 0.60001 0.70219 
1355	14	0.22601 0.92129 0.19328 0.16575 0.77209 0.63765 
1356	14	0.30310 0.89422 0.32121 0.15595 0.61186 0.72592 
1357	14	0.44515 0.89062 0.46663 0.27487 0.59395 0.62913 
1358	14	0.48862 0.88168 0.39227 0.30463 0.58985 0.61875 
1359	14	0.41168 0.98666 0.09419 0.27592 0.88428 0.52882 
1360	14	0.13963 0.89605 0.21261 0.10372 0.71433 0.72700 
1361	14	0.38109 0.91969 0.33578 0.21821 0.68226 0.64445 
1362	14	0.48224 0.90645 0.37471 0.32566 0.65581 0.55374 
1363	14	0.34329 0.98029 0.09880 0.20335 0.85339 0.61015 
1364	14	0.41282 0.92450 0.21339 0.25578 0.73948 0.59671 
1365	14	0.32545 0.93520 0.20771 0.18756 0.75001 0.65318 
1366	14	0.26945 0.93842 0.16862 0.17502 0.69414 0.68148 
1367	14	0.72603 0.87702 0.12474 0.57673 0.83227 0.33442 
1368	14	0.74572 0.85726 0.16206 0.60537 0.85343 0.30417 
1369	14	0.60616 0.87756 0.11698 0.41939 0.76053 0.50462 
1370	14	0.56460 0.90232 0.16288 0.37183 0.74609 0.54478 
1371	14	0.64561 0.90453 0.16179 0.46578 0.82898 0.45342 
1372	14	0.68562 0.77477 0.16758 0.51719 0.76779 0.41824 
1373	14	0.65036 0.80740 0.23356 0.46926 0.66938 0.48742 
1374	14	0.66131 0.88799 0.09943 0.48373 0.78893 0.45367 
1375	14	0.50947 0.89078 0.19311 0.31200 0.68311 0.60343 
1376	14	0.53687 0.87471 0.20300 0.33989 0.69513 0.58456 
1377	14	0.57550 0.89208 0.18400 0.38060 0.70914 0.55329 
1378	14	0.43521 0.89810 0.17532 0.24406 0.68550 0.64993 
1379	14	0.63002 0.79931 0.22578 0.44757 0.70847 0.48486 
1380	14	0.36387 0.83678 0.23166 0.20801 0.68309 0.63536 
1381	14	0.35715 0.83147 0.23351 0.21868 0.71650 0.60332 
1382	14	0.40914 0.80765 0.28916 0.23178 0.62776 0.66472 
1383	14	0.50007 0.73962 0.28335 0.30731 0.59875 0.61022 
1384	14	0.43160 0.78061 0.32259 0.24232 0.57481 0.67254 
1385	14	0.50523 0.82847 0.25591 0.31440 0.71895 0.58605 
1386	14	0.52626 0.78924 0.31664 0.33975 0.70473 0.54578 
1387	14	0.30854 0.84434 0.23296 0.17195 0.67885 0.67717 
1388	14	0.34689 0.87395 0.15119 0.19756 0.67525 0.65825 
1389	14	0.28777 0.87217 0.23019 0.18069 0.69585 0.63735 
1390	14	0.29395 0.81117 0.30366 0.16357 0.57109 0.70426 
1391	14	0.64087 0.00000 1.00000 0.45779 0.42459 0.45736 
1392	14	0.27455 0.88169 0.22890 0.15037 0.64823 0.71780 
1393	14	0.45053 0.75038 0.33062 0.26780 0.64116 0.62501 
1394	14	0.36587 0.86660 0.30415 0.20642 0.68686 0.64779 
1395	14	0.45360 0.78976 0.36777 0.26093 0.59083 0.65724 
1396	14	0.39887 0.83989 0.34861 0.22784 0.64006 0.64524 
1397	14	0.42258 0.81721 0.24322 0.24731 0.68008 0.61969 
1398	14	0.44594 0.83539 0.37183 0.25920 0.64332 0.63478 
1399	14	0.36948 0.78187 0.35498 0.21683 0.65029 0.62676 
