1400	14	6
0	1	0.23576 0.94400 0.02090 0.23247 0.96566 0.32675 
1	1	0.12361 0.46452 0.46781 0.12393 0.76236 0.53764 
2	1	0.11742 0.50991 0.44633 0.11377 0.75819 0.54708 
3	1	0.14562 0.45693 0.32999 0.16063 0.81343 0.45309 
4	1	0.13388 0.44524 0.35197 0.14215 0.81771 0.47188 
5	1	0.13749 0.48468 0.48041 0.14097 0.79622 0.50520 
6	1	0.11942 0.64052 0.36379 0.11707 0.82443 0.51487 
7	1	0.13976 0.47816 0.38510 0.15050 0.81304 0.47461 
8	1	0.15244 0.65103 0.29960 0.13778 0.82930 0.48703 
9	1	0.13793 0.51077 0.34568 0.14007 0.81948 0.47874 
10	1	0.14252 0.64713 0.22742 0.17345 0.85952 0.42194 
11	1	0.15171 0.92753 0.10989 0.11682 0.84165 0.54240 
12	1	0.16498 0.93829 0.06271 0.13670 0.87345 0.48675 
13	1	0.09192 0.93803 0.07727 0.11436 0.91957 0.46874 
14	1	0.17020 0.92469 0.07872 0.13039 0.87374 0.49816 
15	1	0.17369 0.93583 0.03994 0.14410 0.88305 0.45057 
16	1	0.14827 0.93485 0.05778 0.12391 0.85586 0.50253 
17	1	0.19793 0.92378 0.04997 0.16831 0.88371 0.43148 
18	1	0.14485 0.51838 0.37780 0.13890 0.82710 0.48617 
19	1	0.15865 0.63811 0.16140 0.19447 0.90531 0.36057 
20	1	0.15970 0.44150 0.26627 0.19776 0.86961 0.38284 
21	1	0.21206 0.50207 0.32927 0.15233 0.85872 0.44635 
22	1	0.18525 0.35170 0.56964 0.14081 0.76193 0.52356 
23	1	0.11059 0.45677 0.46788 0.11245 0.76567 0.54772 
24	1	0.14490 0.48366 0.37926 0.15646 0.84831 0.45243 
25	1	0.12483 0.59759 0.32038 0.15087 0.83654 0.46691 
26	1	0.19865 0.53494 0.30779 0.14380 0.82115 0.47770 
27	1	0.13795 0.36145 0.55653 0.13248 0.76920 0.52680 
28	1	0.16481 0.96475 0.01557 0.17031 0.92721 0.40075 
29	1	0.18556 0.45020 0.35335 0.16360 0.82281 0.45577 
30	1	0.11769 0.64922 0.34138 0.14186 0.82962 0.48326 
31	1	0.16299 0.60512 0.15536 0.20774 0.92379 0.33086 
32	1	0.19240 0.59901 0.14765 0.22545 0.92203 0.31796 
33	1	0.16530 0.59514 0.19318 0.19477 0.90731 0.36331 
34	1	0.13434 0.61272 0.28120 0.15858 0.84893 0.44702 
35	1	0.17466 0.51250 0.29843 0.18097 0.86394 0.41321 
36	1	0.14241 0.47614 0.26439 0.18517 0.87660 0.38864 
37	1	0.04899 0.74926 0.22226 0.03595 0.46306 0.76298 
38	1	0.13561 0.84099 0.16090 0.06199 0.57605 0.70489 
39	1	0.18012 0.77517 0.18810 0.08552 0.52883 0.68471 
40	1	0.35688 0.47029 0.21302 0.18615 0.45845 0.53454 
41	1	0.07971 0.75739 0.18967 0.05282 0.46236 0.72244 
42	1	0.11468 0.86578 0.18789 0.03879 0.48052 0.78071 
43	1	0.15537 0.65477 0.33304 0.05719 0.38655 0.77083 
44	1	0.22444 0.55554 0.22905 0.11821 0.38867 0.61316 
45	1	0.11817 0.76583 0.19605 0.07035 0.59070 0.67879 
46	1	0.03760 0.69252 0.27210 0.02513 0.38277 0.80170 
47	1	0.12411 0.76992 0.17836 0.06403 0.56091 0.69348 
48	1	0.11025 0.72369 0.20561 0.05798 0.47163 0.71131 
49	1	0.12506 0.72046 0.31406 0.04845 0.45383 0.78941 
50	1	0.14190 0.76658 0.20563 0.05331 0.46685 0.73682 
51	1	0.07337 0.67790 0.27496 0.03361 0.39051 0.79528 
52	1	0.05134 0.75276 0.23029 0.03508 0.45283 0.77510 
53	1	0.21871 0.77186 0.21260 0.12265 0.54173 0.67094 
54	1	0.10642 0.58722 0.18722 0.06914 0.38116 0.65475 
55	1	0.12632 0.46632 0.21857 0.10523 0.47795 0.60250 
56	1	0.23526 0.79437 0.12557 0.10624 0.67293 0.58822 
57	1	0.34366 0.40001 0.15738 0.21405 0.53185 0.46690 
58	1	0.15982 0.84509 0.15069 0.10041 0.61576 0.64717 
59	1	0.22405 0.80129 0.21571 0.10881 0.50023 0.67774 
60	1	0.15247 0.38491 0.27578 0.08264 0.43445 0.65776 
61	1	0.11467 0.42249 0.28664 0.06050 0.32371 0.68857 
62	1	0.27113 0.63878 0.18521 0.17515 0.54779 0.54434 
63	1	0.23429 0.81031 0.11664 0.14310 0.58695 0.57020 
64	1	0.15840 0.71651 0.18343 0.07506 0.50941 0.66450 
65	1	0.11438 0.74144 0.20913 0.04841 0.43631 0.74319 
66	1	0.08496 0.51506 0.28887 0.04836 0.42179 0.73051 
67	1	0.11778 0.64889 0.23813 0.06044 0.48730 0.69838 
68	1	0.22164 0.60762 0.14023 0.13788 0.58555 0.53825 
69	1	0.10932 0.74873 0.19701 0.05487 0.46757 0.72435 
70	1	0.21926 0.77199 0.20409 0.09016 0.55512 0.66881 
71	1	0.10154 0.80152 0.17534 0.04714 0.46010 0.72795 
72	1	0.04375 0.75710 0.28361 0.02485 0.39237 0.83231 
73	1	0.04046 0.72188 0.23930 0.03173 0.43507 0.78696 
74	1	0.09307 0.77432 0.23129 0.04083 0.44408 0.77666 
75	1	0.18403 0.53390 0.26201 0.07839 0.38728 0.68074 
76	1	0.07759 0.69731 0.23308 0.04546 0.44417 0.74768 
77	1	0.06729 0.67707 0.25242 0.03751 0.42570 0.76207 
78	1	0.03983 0.76121 0.23373 0.03370 0.45496 0.78633 
79	1	0.08307 0.82977 0.13658 0.05691 0.56645 0.69558 
80	1	0.09569 0.72918 0.22252 0.04436 0.44302 0.74387 
81	1	0.07036 0.81059 0.18405 0.03999 0.49460 0.75366 
82	1	0.08928 0.69460 0.30744 0.03589 0.40866 0.81600 
83	1	0.13546 0.60447 0.21834 0.06800 0.47123 0.66673 
84	1	0.13674 0.69965 0.15870 0.08948 0.50358 0.62368 
85	1	0.09980 0.53922 0.23493 0.06793 0.42571 0.66470 
86	1	0.05765 0.68596 0.20066 0.04265 0.44643 0.72412 
87	1	0.02404 0.80096 0.33031 0.01539 0.34125 0.87881 
88	1	0.01474 0.83504 0.23316 0.01769 0.40438 0.84727 
89	1	0.06148 0.82070 0.16608 0.02916 0.41327 0.76715 
90	1	0.22666 0.38435 0.26016 0.09951 0.40197 0.63958 
91	1	0.06385 0.73483 0.25266 0.03155 0.42386 0.79086 
92	1	0.11572 0.84204 0.13035 0.06776 0.58127 0.67706 
93	1	0.07453 0.78776 0.26418 0.03333 0.45526 0.80051 
94	1	0.06593 0.73945 0.25451 0.04036 0.49260 0.76527 
95	1	0.06239 0.82169 0.24136 0.02511 0.41865 0.83022 
96	1	0.07379 0.82148 0.20336 0.04134 0.46418 0.77548 
97	1	0.09377 0.82389 0.18014 0.04181 0.50268 0.75337 
98	1	0.13621 0.83166 0.19352 0.05599 0.50482 0.74515 
99	1	0.06860 0.83184 0.22876 0.03247 0.47935 0.80633 
100	2	0.06357 0.76635 0.16889 0.03516 0.29781 0.72472 
101	2	0.08253 0.84226 0.18624 0.04060 0.31628 0.75083 
102	2	0.07988 0.83046 0.21143 0.03637 0.30320 0.76789 
103	2	0.07325 0.82674 0.20899 0.03702 0.29340 0.77399 
104	2	0.07447 0.80167 0.12821 0.04747 0.37517 0.68409 
105	2	0.02545 0.80321 0.16114 0.02961 0.31164 0.74980 
106	2	0.06147 0.81807 0.27148 0.01805 0.25644 0.85663 
107	2	0.05203 0.81757 0.21987 0.02344 0.29782 0.80882 
108	2	0.08344 0.78100 0.21907 0.04164 0.31115 0.75254 
109	2	0.08152 0.84554 0.19666 0.04319 0.30645 0.75302 
110	2	0.10603 0.93351 0.13055 0.04031 0.32465 0.76735 
111	2	0.03493 0.82146 0.18550 0.02582 0.31785 0.77864 
112	2	0.03765 0.80798 0.21805 0.02433 0.28014 0.80580 
113	2	0.06364 0.82125 0.19141 0.02954 0.32110 0.76962 
114	2	0.05108 0.79437 0.17806 0.02932 0.30130 0.76732 
115	2	0.04972 0.85559 0.19317 0.02372 0.30932 0.81071 
116	2	0.05270 0.88691 0.14685 0.02362 0.32554 0.79504 
117	2	0.05006 0.78629 0.17585 0.03285 0.29432 0.75197 
118	2	0.05042 0.87563 0.17324 0.02023 0.30692 0.82632 
119	2	0.07606 0.85014 0.20163 0.03243 0.31969 0.78536 
120	2	0.04082 0.83040 0.23633 0.01992 0.27670 0.84398 
121	2	0.08284 0.84779 0.25355 0.02939 0.27649 0.83112 
122	2	0.08022 0.82789 0.25180 0.02495 0.28613 0.82542 
123	2	0.06921 0.82917 0.26585 0.02905 0.28870 0.81841 
124	2	0.06696 0.78934 0.28638 0.03467 0.29453 0.80230 
125	2	0.02867 0.80097 0.29482 0.01730 0.25154 0.85681 
126	2	0.03814 0.82927 0.23246 0.01757 0.26306 0.84616 
127	2	0.02247 0.77554 0.38026 0.00926 0.18919 0.92029 
128	2	0.01377 0.86083 0.28540 0.00399 0.20951 0.94659 
129	2	0.01673 0.83422 0.27120 0.00934 0.23059 0.90768 
130	2	0.01166 0.82290 0.26365 0.00847 0.22727 0.89810 
131	2	0.03195 0.83439 0.25846 0.01261 0.24241 0.88342 
132	2	0.03475 0.75903 0.31358 0.01120 0.19701 0.89950 
133	2	0.03800 0.81652 0.34374 0.00938 0.18767 0.92904 
134	2	0.02468 0.81676 0.30329 0.00954 0.21392 0.89990 
135	2	0.01057 0.80236 0.31827 0.00656 0.19183 0.91854 
136	2	0.00475 0.78949 0.33692 0.00472 0.18326 0.93984 
137	2	0.02753 0.75692 0.32649 0.01302 0.21415 0.88379 
138	2	0.03267 0.79055 0.24103 0.01328 0.23450 0.85173 
139	2	0.19240 0.91137 0.27357 0.04113 0.38959 0.86259 
140	2	0.01998 0.83923 0.21089 0.01422 0.25872 0.84618 
141	2	0.01558 0.75999 0.21939 0.01927 0.26705 0.80443 
142	2	0.01139 0.82022 0.22459 0.01080 0.22444 0.86707 
143	2	0.01455 0.84446 0.21792 0.01017 0.24512 0.87593 
144	2	0.04583 0.86128 0.18589 0.01894 0.25858 0.83948 
145	2	0.04650 0.84147 0.20021 0.01621 0.24115 0.84100 
146	2	0.04041 0.68216 0.27990 0.01910 0.19295 0.83462 
147	2	0.02199 0.77254 0.26518 0.01197 0.21185 0.87510 
148	2	0.03041 0.80231 0.19665 0.01521 0.21327 0.83067 
149	2	0.01561 0.70255 0.27030 0.01314 0.21089 0.84313 
150	2	0.01254 0.74769 0.28529 0.00960 0.16484 0.88584 
151	2	0.01879 0.64675 0.34576 0.00888 0.12885 0.88890 
152	2	0.04398 0.63695 0.27307 0.02283 0.17867 0.81211 
153	2	0.04446 0.67674 0.27603 0.01815 0.17485 0.83968 
154	2	0.04190 0.58422 0.29117 0.02106 0.17661 0.81452 
155	2	0.04940 0.62081 0.34554 0.01648 0.13091 0.87167 
156	2	0.03577 0.67909 0.33786 0.00974 0.12731 0.89874 
157	2	0.01439 0.66830 0.29928 0.01218 0.17324 0.85489 
158	2	0.01582 0.70656 0.32634 0.00937 0.14386 0.89170 
159	2	0.01901 0.64770 0.30496 0.01298 0.16090 0.85204 
160	2	0.04830 0.58505 0.40782 0.01383 0.09838 0.88913 
161	2	0.03770 0.52417 0.46470 0.00832 0.07585 0.93089 
162	2	0.01604 0.64857 0.39480 0.00689 0.09839 0.92941 
163	2	0.00295 0.67513 0.36651 0.00521 0.10696 0.92742 
164	2	0.04083 0.60798 0.43052 0.01214 0.08206 0.90320 
165	2	0.00439 0.64513 0.40276 0.00321 0.08547 0.95396 
166	2	0.02043 0.52236 0.47887 0.00449 0.04775 0.95286 
167	2	0.00000 0.62044 0.49231 0.00000 0.04188 1.00000 
168	2	0.02236 0.36662 0.49456 0.00779 0.03455 0.91672 
169	2	0.01116 0.61718 0.40279 0.00543 0.08109 0.92952 
170	2	0.03530 0.44113 0.42108 0.01184 0.06734 0.89155 
171	2	0.02446 0.43126 0.41299 0.01137 0.07089 0.88150 
172	2	0.02781 0.43950 0.43473 0.00974 0.07268 0.89257 
173	2	0.02595 0.29048 0.48929 0.00761 0.03488 0.90629 
174	2	0.01865 0.38766 0.42108 0.01051 0.08051 0.87300 
175	2	0.02261 0.48898 0.40217 0.00903 0.07338 0.88739 
176	2	0.01812 0.43499 0.52664 0.00623 0.04347 0.92200 
177	2	0.02436 0.44388 0.57618 0.00604 0.01859 0.95065 
178	2	0.00867 0.39877 0.47160 0.00588 0.05836 0.91275 
179	2	0.00735 0.40923 0.59591 0.00160 0.01376 0.97205 
180	2	0.01904 0.54433 0.45355 0.00469 0.04029 0.93788 
181	2	0.01412 0.39645 0.49197 0.00743 0.04214 0.91073 
182	2	0.03659 0.36871 0.44695 0.01180 0.05392 0.87180 
183	2	0.01313 0.45357 0.55907 0.00181 0.00811 0.97716 
184	2	0.02284 0.27815 0.54795 0.00493 0.01421 0.93114 
185	2	0.01430 0.19489 0.46132 0.00858 0.04629 0.88342 
186	2	0.01895 0.23651 0.43588 0.01075 0.05267 0.86607 
187	2	0.02047 0.25960 0.38465 0.01479 0.07469 0.83737 
188	2	0.03254 0.28153 0.41492 0.01298 0.06056 0.85840 
189	2	0.01963 0.45913 0.46677 0.00605 0.04433 0.92135 
190	2	0.01804 0.47079 0.45578 0.00641 0.04979 0.91599 
191	2	0.01343 0.43154 0.45469 0.00687 0.04716 0.90479 
192	2	0.00299 0.30428 0.52984 0.00348 0.02064 0.93719 
193	2	0.01230 0.37544 0.46951 0.00589 0.04301 0.91412 
194	2	0.01578 0.26253 0.59812 0.00341 0.00000 0.94837 
195	2	0.02778 0.45685 0.36187 0.01663 0.09559 0.83838 
196	2	0.02945 0.75584 0.19443 0.02438 0.22752 0.76992 
197	2	0.05488 0.72162 0.18592 0.03821 0.24418 0.72075 
198	2	0.05603 0.76490 0.21239 0.02999 0.22680 0.77530 
199	2	0.04868 0.82018 0.18567 0.02346 0.23805 0.79556 
200	3	0.21923 0.83109 0.18173 0.14944 0.63964 0.53490 
201	3	0.21319 0.56266 0.50195 0.10687 0.45386 0.63879 
202	3	0.11790 0.72760 0.33101 0.07654 0.49153 0.66140 
203	3	0.13801 0.71868 0.35438 0.07050 0.47077 0.68035 
204	3	0.15113 0.77415 0.26227 0.08888 0.49669 0.61357 
205	3	0.10864 0.70044 0.36116 0.08617 0.47935 0.64553 
206	3	0.07553 0.71500 0.39380 0.06191 0.47253 0.70027 
207	3	0.10821 0.67463 0.41846 0.07169 0.43624 0.67403 
208	3	0.16410 0.64896 0.43273 0.09632 0.45959 0.63487 
209	3	0.12031 0.53973 0.56118 0.08040 0.43090 0.66689 
210	3	0.10220 0.66347 0.41819 0.06520 0.47050 0.67966 
211	3	0.15413 0.65424 0.35899 0.08831 0.48376 0.63908 
212	3	0.13131 0.63087 0.43930 0.07502 0.45869 0.69394 
213	3	0.10243 0.63314 0.44295 0.06643 0.44778 0.70486 
214	3	0.14416 0.70346 0.35555 0.08507 0.46479 0.65723 
215	3	0.12810 0.71606 0.33696 0.07804 0.46928 0.66941 
216	3	0.09870 0.66010 0.48487 0.07349 0.46170 0.69687 
217	3	0.13893 0.67550 0.38719 0.08424 0.46788 0.66873 
218	3	0.09176 0.75429 0.30567 0.07500 0.50900 0.65897 
219	3	0.10111 0.76301 0.38283 0.04904 0.40585 0.77862 
220	3	0.13341 0.76024 0.32274 0.08339 0.45976 0.66464 
221	3	0.13003 0.74355 0.36333 0.07642 0.49184 0.67682 
222	3	0.11659 0.71688 0.37468 0.07734 0.50981 0.67746 
223	3	0.21846 0.71472 0.37692 0.11077 0.51776 0.63993 
224	3	0.12671 0.72978 0.37813 0.08088 0.51417 0.66992 
225	3	0.23320 0.76046 0.38474 0.13874 0.57345 0.59117 
226	3	0.26434 0.76219 0.39143 0.13762 0.58365 0.59403 
227	3	0.24411 0.77785 0.31925 0.14811 0.61834 0.57988 
228	3	0.40677 0.66641 0.47473 0.25624 0.64235 0.50271 
229	3	0.17764 0.66457 0.40113 0.09170 0.39861 0.66795 
230	3	0.19169 0.69236 0.47418 0.08144 0.45775 0.70187 
231	3	0.11943 0.70141 0.48959 0.05742 0.41087 0.74067 
232	3	0.10493 0.69113 0.46297 0.05448 0.42065 0.74263 
233	3	0.10589 0.72431 0.42959 0.05686 0.44393 0.74027 
234	3	0.18698 0.65862 0.52976 0.08544 0.40290 0.70408 
235	3	0.15579 0.71648 0.49889 0.07368 0.43592 0.71039 
236	3	0.13820 0.65243 0.53870 0.08853 0.42148 0.68249 
237	3	0.26794 0.49698 0.90397 0.19395 0.54904 0.60647 
238	3	0.24418 0.74361 0.44590 0.12455 0.54664 0.66321 
239	3	0.17784 0.75567 0.40050 0.10051 0.50646 0.67962 
240	3	0.15615 0.78421 0.41310 0.09038 0.48558 0.68377 
241	3	0.18039 0.67974 0.48351 0.09771 0.46519 0.67584 
242	3	0.18107 0.56737 0.52573 0.11854 0.41219 0.63868 
243	3	0.13990 0.68090 0.41784 0.07893 0.45841 0.68034 
244	3	0.10826 0.65332 0.46781 0.07279 0.45808 0.69198 
245	3	0.16898 0.67288 0.48307 0.09662 0.47441 0.67451 
246	3	0.18740 0.68693 0.47964 0.11276 0.44151 0.65506 
247	3	0.08994 0.78781 0.36319 0.05117 0.47448 0.74311 
248	3	0.13546 0.75631 0.37497 0.07760 0.48607 0.67682 
249	3	0.16845 0.65601 0.58475 0.07978 0.43879 0.70744 
250	3	0.15159 0.70523 0.42051 0.07856 0.43471 0.70142 
251	3	0.17998 0.64972 0.51552 0.10053 0.40369 0.67808 
252	3	0.18838 0.72084 0.40258 0.11213 0.46528 0.65927 
253	3	0.26483 0.68747 0.45785 0.15162 0.44456 0.61581 
254	3	0.24891 0.73640 0.40664 0.11809 0.48900 0.66038 
255	3	0.20185 0.59333 0.66242 0.12882 0.45355 0.64575 
256	3	0.27291 0.73774 0.41717 0.12488 0.52001 0.64100 
257	3	0.28570 0.57173 0.68832 0.13965 0.44745 0.66025 
258	3	0.24079 0.75814 0.35570 0.13368 0.54391 0.61293 
259	3	0.25860 0.73022 0.49516 0.12090 0.50582 0.66965 
260	3	0.23816 0.81784 0.31076 0.13950 0.60728 0.60058 
261	3	0.43909 0.72587 0.47132 0.28995 0.61389 0.52940 
262	3	0.30377 0.75003 0.30644 0.18986 0.57718 0.54058 
263	3	0.23818 0.71036 0.47207 0.12616 0.51501 0.65587 
264	3	0.22169 0.70633 0.39947 0.11906 0.51637 0.65747 
265	3	0.14527 0.75643 0.37778 0.09353 0.49552 0.67053 
266	3	0.17771 0.65921 0.48127 0.11639 0.53101 0.64433 
267	3	0.25117 0.66449 0.50030 0.16657 0.51116 0.60153 
268	3	0.28617 0.72083 0.40354 0.18143 0.56718 0.58805 
269	3	0.32337 0.65709 0.53286 0.21992 0.57630 0.57371 
270	3	0.37800 0.67737 0.60032 0.25578 0.62027 0.53260 
271	3	0.37653 0.70954 0.49358 0.27203 0.64811 0.49851 
272	3	0.40207 0.63075 0.60016 0.25820 0.63961 0.51771 
273	3	0.32070 0.68020 0.56229 0.25216 0.66046 0.49882 
274	3	0.61449 0.71294 0.46963 0.39954 0.68337 0.44667 
275	3	0.54143 0.63276 0.57799 0.34668 0.65816 0.49122 
276	3	0.29088 0.69920 0.46182 0.23536 0.65271 0.50149 
277	3	0.58766 0.69066 0.55162 0.37082 0.66531 0.48426 
278	3	0.52567 0.67807 0.53928 0.34114 0.69157 0.48268 
279	3	0.47554 0.54917 0.75817 0.38660 0.65277 0.48390 
280	3	0.43880 0.62830 0.67083 0.29346 0.61046 0.49779 
281	3	0.39581 0.63559 0.56358 0.35812 0.67626 0.45511 
282	3	0.30211 0.75591 0.42535 0.24084 0.66008 0.51917 
283	3	0.33172 0.72898 0.44388 0.20572 0.62815 0.55994 
284	3	0.32554 0.75438 0.37739 0.25116 0.64935 0.51660 
285	3	0.25903 0.72261 0.50325 0.18558 0.60585 0.58611 
286	3	0.29675 0.70048 0.54689 0.22165 0.61834 0.55768 
287	3	0.35355 0.68774 0.43299 0.26633 0.61589 0.53510 
288	3	0.30339 0.73094 0.50020 0.18026 0.56474 0.63384 
289	3	0.30499 0.71073 0.48643 0.17501 0.58276 0.61497 
290	3	0.22230 0.67837 0.45108 0.18304 0.62782 0.57879 
291	3	0.25928 0.75345 0.47228 0.21568 0.66395 0.53760 
292	3	0.27990 0.53865 0.99925 0.22221 0.61232 0.57860 
293	3	0.41978 0.53193 0.77673 0.25062 0.60428 0.57960 
294	3	0.20642 0.73355 0.42744 0.14143 0.55188 0.62339 
295	3	0.22815 0.50124 0.74954 0.13108 0.51551 0.64901 
296	3	0.22474 0.65111 0.55518 0.13741 0.53539 0.64101 
297	3	0.14924 0.74000 0.53055 0.08080 0.52062 0.71846 
298	3	0.50494 0.74182 0.45172 0.28249 0.62437 0.53968 
299	3	0.25856 0.74491 0.47081 0.19702 0.60452 0.56105 
300	4	0.36700 0.91597 0.10029 0.36925 0.85132 0.29319 
301	4	0.33884 0.90541 0.05201 0.43177 0.91644 0.18574 
302	4	0.30674 0.89935 0.22609 0.26600 0.78308 0.42631 
303	4	0.30061 0.95140 0.08217 0.28215 0.79087 0.40360 
304	4	0.67045 0.98505 0.02508 0.51449 0.95867 0.27144 
305	4	0.19332 0.95008 0.11502 0.22084 0.78850 0.43528 
306	4	0.40701 0.94917 0.08067 0.34712 0.83374 0.33355 
307	4	0.30422 0.96430 0.04154 0.30056 0.82632 0.34304 
308	4	0.23771 0.97030 0.07415 0.19542 0.76137 0.47441 
309	4	0.47502 0.93290 0.09085 0.39052 0.86003 0.29226 
310	4	0.38528 0.95290 0.01212 0.44283 0.91554 0.17739 
311	4	0.52147 0.94194 0.02679 0.45250 0.89199 0.20768 
312	4	0.74478 0.95482 0.01364 0.62200 0.92096 0.14918 
313	4	0.52235 0.94215 0.08838 0.39566 0.86003 0.29765 
314	4	0.30716 0.92784 0.10562 0.28514 0.82746 0.34950 
315	4	0.24686 0.94124 0.12610 0.25711 0.79327 0.39437 
316	4	0.24380 0.92669 0.11001 0.27842 0.79894 0.35969 
317	4	0.20049 0.93735 0.08499 0.23846 0.82122 0.37276 
318	4	0.30424 0.94533 0.08054 0.26795 0.82085 0.36196 
319	4	0.27447 0.92565 0.14083 0.29295 0.81286 0.36300 
320	4	0.39423 0.94091 0.11092 0.32443 0.82812 0.35146 
321	4	0.30859 0.95339 0.08874 0.24914 0.79564 0.40888 
322	4	0.24653 0.95396 0.16683 0.19582 0.75506 0.50105 
323	4	0.18612 0.93843 0.18546 0.20024 0.74882 0.50063 
324	4	0.48695 0.95866 0.08989 0.35286 0.81890 0.36044 
325	4	0.86711 0.93133 0.16208 0.65569 0.82277 0.30891 
326	4	0.45315 0.94099 0.08539 0.37729 0.84531 0.30627 
327	4	0.31226 0.95661 0.09283 0.25864 0.80073 0.40980 
328	4	0.49293 0.93762 0.10999 0.36582 0.83874 0.33491 
329	4	0.15576 0.91210 0.27975 0.15426 0.69566 0.56951 
330	4	0.22601 0.95041 0.07663 0.22884 0.76217 0.40664 
331	4	0.21189 0.94682 0.10430 0.17413 0.72901 0.48883 
332	4	0.25062 0.94061 0.09971 0.21006 0.73603 0.44510 
333	4	0.25335 0.93443 0.14250 0.19940 0.70885 0.47573 
334	4	0.24748 0.95466 0.13328 0.17218 0.70074 0.53401 
335	4	0.19271 0.94845 0.12706 0.15704 0.69259 0.52998 
336	4	0.18927 0.96159 0.09272 0.10234 0.72034 0.60189 
337	4	0.20122 0.95314 0.09229 0.15411 0.75773 0.51553 
338	4	0.25665 0.96148 0.09957 0.17253 0.77673 0.52663 
339	4	0.23190 0.94083 0.12511 0.13438 0.75217 0.54868 
340	4	0.28711 0.95563 0.10987 0.16142 0.72423 0.53967 
341	4	0.26030 0.96827 0.06957 0.15604 0.74673 0.52668 
342	4	0.21434 0.95779 0.13061 0.12305 0.68717 0.60562 
343	4	0.24602 0.97488 0.03228 0.15045 0.81865 0.48874 
344	4	0.24155 0.95827 0.09649 0.15934 0.73306 0.52816 
345	4	0.22899 0.95833 0.07830 0.16399 0.75897 0.51437 
346	4	0.26388 0.95904 0.05631 0.20661 0.75896 0.45365 
347	4	0.23409 0.95353 0.09475 0.17752 0.71031 0.50283 
348	4	0.26066 0.97587 0.05820 0.19448 0.81218 0.48370 
349	4	0.23288 0.95044 0.10422 0.15502 0.73403 0.53470 
350	4	0.21031 0.97234 0.08216 0.17386 0.75939 0.52933 
351	4	0.22833 0.96442 0.10198 0.17018 0.71621 0.54377 
352	4	0.22880 0.96453 0.06527 0.17745 0.78713 0.48917 
353	4	0.27753 0.94789 0.06594 0.19315 0.78849 0.44101 
354	4	0.23116 0.95046 0.11186 0.12848 0.68738 0.58231 
355	4	0.32856 0.93145 0.06914 0.23484 0.73891 0.44201 
356	4	0.39869 0.94128 0.12508 0.33438 0.73508 0.40906 
357	4	0.36116 0.93680 0.14274 0.23991 0.70088 0.50044 
358	4	0.38852 0.95978 0.05596 0.30975 0.76752 0.39885 
359	4	0.32237 0.95269 0.06324 0.27886 0.76165 0.39034 
360	4	0.34251 0.96253 0.06566 0.27409 0.76007 0.41297 
361	4	0.31738 0.95537 0.08197 0.21815 0.77637 0.50007 
362	4	0.48890 0.94861 0.08017 0.35903 0.73762 0.37751 
363	4	0.30981 0.94528 0.10430 0.24847 0.73310 0.41472 
364	4	0.35525 0.91364 0.14178 0.31860 0.74010 0.38476 
365	4	0.34998 0.93504 0.08793 0.34955 0.76116 0.35338 
366	4	0.35224 0.95832 0.06671 0.35276 0.77143 0.34797 
367	4	0.31555 0.94733 0.07508 0.33458 0.75591 0.34980 
368	4	0.34802 0.94051 0.11113 0.33626 0.73477 0.40489 
369	4	0.30970 0.94772 0.09815 0.27298 0.72093 0.42567 
370	4	0.43902 0.92628 0.11510 0.32550 0.75004 0.38827 
371	4	0.18585 0.97106 0.03087 0.17312 0.74609 0.43945 
372	4	0.25922 0.96853 0.02486 0.22635 0.77852 0.39334 
373	4	0.28219 0.96929 0.04931 0.19436 0.73323 0.46132 
374	4	0.20856 0.96494 0.05414 0.16041 0.72278 0.47307 
375	4	0.24590 0.97061 0.04222 0.18334 0.73898 0.45965 
376	4	0.24702 0.96333 0.02190 0.24081 0.79058 0.35163 
377	4	0.26123 0.96654 0.04190 0.19534 0.73825 0.45194 
378	4	0.19429 0.96265 0.05337 0.17224 0.72260 0.46611 
379	4	0.27487 0.98313 0.02484 0.15991 0.74090 0.49455 
380	4	0.21102 0.94480 0.11393 0.15277 0.72523 0.53552 
381	4	0.27419 0.96160 0.09940 0.20470 0.68652 0.51682 
382	4	0.26815 0.95861 0.08434 0.23335 0.74246 0.45178 
383	4	0.24744 0.95643 0.10815 0.19625 0.70007 0.50186 
384	4	0.30617 0.93491 0.08979 0.23180 0.74070 0.42047 
385	4	0.26073 0.95834 0.09518 0.17884 0.69782 0.53176 
386	4	0.28191 0.92566 0.13418 0.14160 0.65615 0.59111 
387	4	0.23251 0.91798 0.16322 0.11707 0.67349 0.61368 
388	4	0.29639 0.94367 0.07661 0.21634 0.69786 0.49098 
389	4	0.24195 0.94258 0.03767 0.18679 0.73945 0.44676 
390	4	0.12055 0.92308 0.16938 0.05789 0.61916 0.69985 
391	4	0.22321 0.94323 0.05904 0.12887 0.69635 0.54841 
392	4	0.22215 0.96446 0.07850 0.13832 0.70054 0.57307 
393	4	0.19483 0.95540 0.06551 0.10516 0.66014 0.59462 
394	4	0.18776 0.96135 0.10207 0.10383 0.63566 0.63698 
395	4	0.10801 0.96995 0.07688 0.06254 0.63109 0.68918 
396	4	0.09642 0.96506 0.07089 0.07072 0.69956 0.63436 
397	4	0.19664 0.95643 0.14064 0.09513 0.62293 0.67432 
398	4	0.28367 0.94820 0.08767 0.20889 0.72777 0.48516 
399	4	0.16387 0.95570 0.02817 0.18271 0.76517 0.39749 
400	5	0.24759 0.96156 0.09909 0.17231 0.67153 0.53285 
401	5	0.26086 0.95113 0.11804 0.16293 0.67117 0.53473 
402	5	0.28517 0.93709 0.17360 0.12826 0.63397 0.62696 
403	5	0.19568 0.97585 0.08301 0.11816 0.65778 0.57983 
404	5	0.16370 0.96315 0.10729 0.10050 0.65895 0.60518 
405	5	0.11304 0.97162 0.09907 0.07793 0.64816 0.63236 
406	5	0.29684 0.94996 0.07778 0.20586 0.74354 0.43397 
407	5	0.29950 0.94794 0.06251 0.19552 0.75974 0.44023 
408	5	0.21129 0.95193 0.06076 0.18792 0.75053 0.43464 
409	5	0.18576 0.94871 0.06655 0.13145 0.63827 0.48781 
410	5	0.10462 0.94471 0.14120 0.07796 0.59597 0.65631 
411	5	0.16647 0.94880 0.06540 0.13562 0.67833 0.50447 
412	5	0.09099 0.95375 0.10545 0.09164 0.64960 0.59294 
413	5	0.22365 0.95512 0.04883 0.13775 0.69363 0.49307 
414	5	0.11214 0.94513 0.08906 0.09308 0.66490 0.58290 
415	5	0.20591 0.91346 0.11987 0.12615 0.68589 0.51889 
416	5	0.12006 0.94934 0.03847 0.10980 0.70607 0.48913 
417	5	0.06177 0.97598 0.08520 0.04998 0.58995 0.69412 
418	5	0.08783 0.97562 0.06558 0.08285 0.65454 0.59425 
419	5	0.19937 0.94672 0.06669 0.12450 0.70031 0.49865 
420	5	0.20000 0.97292 0.04235 0.12738 0.69870 0.51773 
421	5	0.13017 0.95596 0.08830 0.11451 0.69002 0.53644 
422	5	0.13625 0.95844 0.07594 0.11006 0.69603 0.53392 
423	5	0.12967 0.96237 0.09846 0.08285 0.63837 0.62221 
424	5	0.13274 0.94871 0.07531 0.10721 0.66787 0.54336 
425	5	0.17872 0.96178 0.03339 0.12892 0.71584 0.48245 
426	5	0.12670 0.96578 0.03494 0.12812 0.72168 0.47713 
427	5	0.11918 0.96539 0.02567 0.13699 0.76025 0.45378 
428	5	0.09627 0.95396 0.10464 0.09341 0.65822 0.58558 
429	5	0.12917 0.94886 0.04810 0.13219 0.72182 0.46939 
430	5	0.21634 0.95627 0.06334 0.12480 0.68031 0.53449 
431	5	0.19764 0.96230 0.06133 0.12595 0.71433 0.53229 
432	5	0.15211 0.95780 0.09010 0.10280 0.68138 0.57462 
433	5	0.12098 0.97421 0.07811 0.09367 0.65258 0.62106 
434	5	0.19814 0.94544 0.06669 0.16147 0.75641 0.45880 
435	5	0.17950 0.96924 0.03399 0.12542 0.74191 0.50681 
436	5	0.19071 0.95599 0.03204 0.17144 0.75963 0.43703 
437	5	0.19615 0.95274 0.10526 0.12551 0.69950 0.56475 
438	5	0.22244 0.96539 0.03601 0.16081 0.74777 0.47133 
439	5	0.20427 0.94370 0.05534 0.22314 0.78432 0.37129 
440	5	0.20601 0.97792 0.04390 0.14773 0.72836 0.51136 
441	5	0.22565 0.94091 0.12005 0.13516 0.69542 0.55884 
442	5	0.16341 0.96823 0.06011 0.13224 0.71738 0.50613 
443	5	0.22771 0.96255 0.02955 0.17371 0.77774 0.41835 
444	5	0.12656 0.94968 0.15849 0.08243 0.63355 0.63860 
445	5	0.19251 0.95306 0.04098 0.17790 0.74903 0.41405 
446	5	0.14090 0.94298 0.03715 0.15454 0.75277 0.43252 
447	5	0.24844 0.94579 0.06014 0.19872 0.77305 0.41104 
448	5	0.09792 0.94950 0.12741 0.10650 0.65122 0.60660 
449	5	0.12569 0.95942 0.10855 0.09489 0.64815 0.61282 
450	5	0.13089 0.96683 0.08743 0.11863 0.66815 0.56526 
451	5	0.12723 0.92660 0.13665 0.11635 0.66865 0.55488 
452	5	0.14441 0.93377 0.07730 0.13446 0.71099 0.48797 
453	5	0.12881 0.95149 0.08650 0.11573 0.67701 0.53934 
454	5	0.22457 0.93939 0.06535 0.16589 0.72039 0.45293 
455	5	0.15332 0.96244 0.09990 0.11578 0.64893 0.58379 
456	5	0.12904 0.95700 0.09053 0.10913 0.66058 0.57202 
457	5	0.18513 0.93041 0.13270 0.16877 0.70864 0.47635 
458	5	0.10916 0.96434 0.06033 0.12772 0.70091 0.51155 
459	5	0.13912 0.95830 0.06387 0.13464 0.70758 0.50471 
460	5	0.14528 0.95730 0.07014 0.13414 0.69068 0.52133 
461	5	0.27890 0.94327 0.06711 0.24954 0.77002 0.36155 
462	5	0.25877 0.95262 0.09338 0.20373 0.72909 0.45683 
463	5	0.18931 0.96647 0.10305 0.19562 0.71558 0.50345 
464	5	0.24580 0.96355 0.04312 0.25645 0.77865 0.34492 
465	5	0.22321 0.95428 0.12162 0.19242 0.69875 0.49378 
466	5	0.29730 0.97094 0.09689 0.20611 0.71815 0.50709 
467	5	0.21667 0.97944 0.07697 0.18601 0.72010 0.50243 
468	5	0.26679 0.94932 0.06689 0.29501 0.77822 0.32270 
469	5	0.22208 0.96208 0.10609 0.22319 0.72276 0.44808 
470	5	0.39169 0.96135 0.05230 0.33505 0.79189 0.30706 
471	5	0.46770 0.94633 0.06412 0.36441 0.77636 0.30660 
472	5	0.37669 0.95966 0.07378 0.28978 0.74739 0.39727 
473	5	0.22273 0.96681 0.10670 0.18405 0.68650 0.51701 
474	5	0.42740 0.97157 0.08635 0.28821 0.77295 0.44168 
475	5	0.41975 0.95916 0.05187 0.31149 0.78967 0.32481 
476	5	0.46026 0.96275 0.04700 0.31644 0.77705 0.34077 
477	5	0.50679 0.96374 0.05508 0.32419 0.76950 0.35044 
478	5	0.36291 0.96016 0.04791 0.31336 0.79801 0.31943 
479	5	0.24237 0.96110 0.11517 0.24371 0.71160 0.47128 
480	5	0.29967 0.97657 0.05277 0.27665 0.77485 0.38338 
481	5	0.28128 0.97876 0.08057 0.19827 0.72534 0.50895 
482	5	0.27405 0.96904 0.10630 0.19434 0.70810 0.53118 
483	5	0.56773 0.96479 0.05878 0.41823 0.84375 0.29239 
484	5	0.22517 0.94784 0.12669 0.20331 0.74691 0.46182 
485	5	0.69370 0.97269 0.02475 0.56064 0.83947 0.25280 
486	5	0.40244 0.95619 0.11097 0.33168 0.78353 0.37168 
487	5	0.21171 0.97596 0.05333 0.22435 0.76965 0.44365 
488	5	0.45973 0.96800 0.11643 0.27462 0.74406 0.48495 
489	5	0.50345 0.97126 0.06237 0.37856 0.81157 0.37296 
490	5	0.33656 0.97043 0.04428 0.31496 0.82350 0.30833 
491	5	0.34110 0.96711 0.10356 0.27930 0.73961 0.44920 
492	5	0.45163 0.95303 0.14509 0.31603 0.71995 0.48872 
493	5	0.42074 0.95794 0.15176 0.32694 0.74264 0.48502 
494	5	0.30354 0.95697 0.14289 0.17942 0.69896 0.54562 
495	5	0.31493 0.93401 0.11352 0.22636 0.80382 0.45152 
496	5	0.30429 0.95371 0.10585 0.26112 0.77807 0.42278 
497	5	0.12433 0.94130 0.30770 0.06438 0.56807 0.76683 
498	5	0.11662 0.92499 0.37164 0.06890 0.55362 0.76688 
499	5	0.22668 0.96406 0.15970 0.14683 0.66613 0.60831 
500	6	0.01092 0.81615 0.30629 0.00544 0.14118 0.92165 
501	6	0.03619 0.89684 0.10869 0.02641 0.36504 0.75077 
502	6	0.02936 0.89977 0.12718 0.02093 0.33880 0.78523 
503	6	0.03997 0.91026 0.12815 0.02289 0.35208 0.78641 
504	6	0.06672 0.89005 0.20025 0.01437 0.22897 0.87479 
505	6	0.02267 0.82602 0.22238 0.00905 0.19504 0.87775 
506	6	0.04257 0.87559 0.14825 0.02171 0.27712 0.78900 
507	6	0.05325 0.82563 0.11232 0.03281 0.35022 0.70717 
508	6	0.02787 0.83409 0.12691 0.02374 0.34001 0.74699 
509	6	0.04947 0.71788 0.09541 0.04432 0.37346 0.62668 
510	6	0.04023 0.70313 0.21745 0.02513 0.23024 0.76058 
511	6	0.03219 0.79087 0.18580 0.02329 0.26069 0.76797 
512	6	0.04958 0.78096 0.21911 0.01959 0.22186 0.81501 
513	6	0.02771 0.81259 0.15527 0.02459 0.30118 0.75328 
514	6	0.07732 0.77170 0.21751 0.02484 0.22499 0.78724 
515	6	0.07128 0.74100 0.10911 0.04604 0.34560 0.64285 
516	6	0.07314 0.67004 0.23475 0.02868 0.20685 0.76336 
517	6	0.05324 0.80515 0.19208 0.02294 0.24930 0.78874 
518	6	0.06713 0.79698 0.17010 0.03599 0.29063 0.72999 
519	6	0.03476 0.67308 0.23764 0.02400 0.22468 0.76896 
520	6	0.05240 0.78691 0.13292 0.03433 0.33782 0.70612 
521	6	0.06353 0.80907 0.11513 0.03712 0.34365 0.68714 
522	6	0.04845 0.78163 0.13551 0.03300 0.34123 0.70686 
523	6	0.01292 0.80234 0.10307 0.02350 0.34035 0.71855 
524	6	0.03858 0.82159 0.15211 0.02412 0.30818 0.76017 
525	6	0.03107 0.71279 0.15777 0.03328 0.29188 0.69817 
526	6	0.07414 0.71118 0.11839 0.04558 0.31913 0.64758 
527	6	0.07605 0.74398 0.14382 0.03568 0.29619 0.70196 
528	6	0.04687 0.90596 0.17027 0.02042 0.26659 0.82052 
529	6	0.02839 0.85055 0.15765 0.01981 0.28467 0.77852 
530	6	0.01868 0.79404 0.18614 0.01739 0.26821 0.80674 
531	6	0.07416 0.83994 0.13052 0.03415 0.33874 0.71784 
532	6	0.04887 0.79493 0.23682 0.01677 0.22066 0.83844 
533	6	0.04959 0.80934 0.23060 0.01826 0.24862 0.82766 
534	6	0.07128 0.80985 0.19747 0.02664 0.27065 0.78889 
535	6	0.04808 0.83510 0.28056 0.01059 0.20050 0.89604 
536	6	0.05700 0.78383 0.21006 0.02424 0.26946 0.78595 
537	6	0.05503 0.83296 0.22016 0.02304 0.23900 0.80923 
538	6	0.05111 0.84527 0.22099 0.01763 0.24674 0.84556 
539	6	0.03011 0.88725 0.19339 0.01502 0.24303 0.84432 
540	6	0.03593 0.81939 0.18169 0.01733 0.25314 0.79864 
541	6	0.04023 0.83076 0.10981 0.03580 0.35706 0.67426 
542	6	0.05702 0.86244 0.19033 0.01976 0.26737 0.81718 
543	6	0.00840 0.71613 0.24350 0.01465 0.23296 0.82338 
544	6	0.07745 0.65483 0.21606 0.03185 0.22937 0.73797 
545	6	0.04978 0.77570 0.17471 0.02221 0.28857 0.76415 
546	6	0.04944 0.82275 0.17630 0.02402 0.28717 0.77931 
547	6	0.05630 0.85681 0.23791 0.01534 0.22049 0.86810 
548	6	0.06610 0.75575 0.15635 0.03462 0.29281 0.71883 
549	6	0.06536 0.78194 0.13760 0.03729 0.32779 0.69824 
550	6	0.02035 0.76191 0.13592 0.02909 0.32580 0.71160 
551	6	0.05860 0.81074 0.16315 0.02730 0.30174 0.75763 
552	6	0.02602 0.79617 0.15494 0.02101 0.31420 0.75701 
553	6	0.01563 0.83447 0.21189 0.01165 0.24462 0.84589 
554	6	0.06355 0.79398 0.16675 0.03119 0.29389 0.74051 
555	6	0.05689 0.80739 0.20889 0.02279 0.24503 0.79395 
556	6	0.03966 0.82627 0.26767 0.01299 0.19224 0.87927 
557	6	0.05418 0.82388 0.14731 0.02764 0.27715 0.73829 
558	6	0.05822 0.76869 0.09663 0.04579 0.36215 0.62835 
559	6	0.02940 0.79883 0.11035 0.03079 0.34110 0.68915 
560	6	0.08347 0.74399 0.11076 0.04772 0.33314 0.63498 
561	6	0.02043 0.85514 0.27525 0.00968 0.16857 0.91048 
562	6	0.06783 0.82447 0.15122 0.02594 0.29916 0.76059 
563	6	0.05493 0.81559 0.16336 0.02874 0.28536 0.75830 
564	6	0.05980 0.76365 0.12869 0.03340 0.32343 0.68888 
565	6	0.03906 0.78350 0.12434 0.02864 0.32753 0.70745 
566	6	0.00946 0.79814 0.27255 0.00645 0.17022 0.90347 
567	6	0.08894 0.76538 0.16138 0.03958 0.29387 0.70098 
568	6	0.05222 0.77469 0.19802 0.02396 0.23322 0.77875 
569	6	0.03827 0.79605 0.11710 0.03307 0.32551 0.69067 
570	6	0.04294 0.86223 0.21007 0.01753 0.22338 0.81982 
571	6	0.05313 0.80154 0.15884 0.03008 0.28572 0.74323 
572	6	0.05831 0.79966 0.19143 0.02134 0.24244 0.79321 
573	6	0.06128 0.80080 0.18791 0.02527 0.24650 0.78003 
574	6	0.07698 0.77559 0.25061 0.02462 0.21476 0.81362 
575	6	0.06091 0.79268 0.23011 0.02210 0.22616 0.80968 
576	6	0.04734 0.81235 0.19718 0.02075 0.25001 0.80035 
577	6	0.05158 0.79052 0.15180 0.02970 0.30150 0.72984 
578	6	0.03812 0.80671 0.15995 0.02593 0.28735 0.75251 
579	6	0.05776 0.82081 0.17141 0.02583 0.26807 0.77407 
580	6	0.02760 0.80598 0.24368 0.01107 0.18492 0.86179 
581	6	0.03765 0.76143 0.11140 0.03478 0.34804 0.67017 
582	6	0.02855 0.80141 0.16518 0.02509 0.27949 0.74719 
583	6	0.03813 0.84897 0.10063 0.03557 0.34604 0.67148 
584	6	0.06233 0.77129 0.16263 0.03031 0.27431 0.73007 
585	6	0.04804 0.79712 0.12708 0.03629 0.31071 0.68186 
586	6	0.05730 0.75361 0.18509 0.02946 0.23717 0.74795 
587	6	0.07038 0.79683 0.09627 0.04575 0.35596 0.63416 
588	6	0.05842 0.79108 0.15758 0.02983 0.28012 0.72930 
589	6	0.06289 0.81134 0.19329 0.02496 0.26216 0.77494 
590	6	0.05539 0.85387 0.15168 0.02772 0.29905 0.75885 
591	6	0.04869 0.82024 0.10834 0.03701 0.35872 0.68281 
592	6	0.04561 0.80639 0.18570 0.02121 0.25182 0.78825 
593	6	0.03267 0.78780 0.22457 0.01527 0.20901 0.82758 
594	6	0.05454 0.82648 0.10813 0.04014 0.34160 0.66351 
595	6	0.05833 0.73499 0.13261 0.03886 0.31452 0.67439 
596	6	0.02352 0.81362 0.26489 0.01003 0.20060 0.87663 
597	6	0.01968 0.84454 0.15693 0.01598 0.28617 0.79375 
598	6	0.02329 0.77755 0.15143 0.01951 0.30015 0.75692 
599	6	0.04445 0.82604 0.15025 0.02551 0.29245 0.75591 
600	7	0.48848 0.71864 0.16034 0.27469 0.83649 0.41713 
601	7	0.21345 0.98204 0.02408 0.18043 0.88183 0.43809 
602	7	0.20384 0.97447 0.02219 0.20401 0.90002 0.43304 
603	7	0.34682 0.97029 0.04600 0.20459 0.85289 0.46278 
604	7	0.30454 0.98157 0.03238 0.16589 0.85207 0.49250 
605	7	0.16916 0.97656 0.04095 0.15607 0.86477 0.47278 
606	7	0.19481 0.97481 0.04233 0.15960 0.85729 0.48359 
607	7	0.31634 0.96790 0.13822 0.15150 0.66892 0.58877 
608	7	0.26268 0.98548 0.09176 0.12409 0.62524 0.59869 
609	7	0.20096 0.99030 0.06541 0.10935 0.66901 0.58898 
610	7	0.26669 0.98550 0.07424 0.12123 0.65876 0.60071 
611	7	0.22971 0.97719 0.10111 0.09864 0.61676 0.64555 
612	7	0.20792 0.99218 0.05291 0.12673 0.70339 0.58056 
613	7	0.21459 0.96496 0.16681 0.11515 0.62948 0.61928 
614	7	0.17072 0.95827 0.17496 0.10473 0.63518 0.62012 
615	7	0.15408 0.98091 0.07392 0.09164 0.66236 0.61624 
616	7	0.23146 1.00000 0.01500 0.17061 0.86038 0.49153 
617	7	0.29550 0.98610 0.07915 0.15810 0.69820 0.56263 
618	7	0.26086 0.98178 0.09186 0.13915 0.66454 0.58875 
619	7	0.13302 0.97520 0.10651 0.07984 0.61549 0.64829 
620	7	0.13461 0.97769 0.11226 0.07755 0.64020 0.66580 
621	7	0.16743 0.97350 0.12362 0.08731 0.59950 0.66111 
622	7	0.20112 0.98390 0.07540 0.10464 0.65646 0.60857 
623	7	0.14966 0.97655 0.10916 0.09037 0.63056 0.63225 
624	7	0.16878 0.98266 0.07328 0.09332 0.62972 0.61475 
625	7	0.10353 0.98737 0.02663 0.09448 0.86493 0.51493 
626	7	0.17125 0.97795 0.00438 0.10693 0.86545 0.49806 
627	7	0.15967 0.95593 0.03604 0.08272 0.77749 0.59063 
628	7	0.08195 0.94704 0.05412 0.06519 0.76641 0.61310 
629	7	0.03415 0.95508 0.08633 0.04567 0.72125 0.66328 
630	7	0.06474 0.93623 0.10456 0.05525 0.71933 0.65198 
631	7	0.08489 0.94966 0.07498 0.07346 0.76527 0.59715 
632	7	0.12689 0.95410 0.06833 0.08494 0.78226 0.56625 
633	7	0.09533 0.98508 0.00307 0.08912 0.87294 0.52600 
634	7	0.10900 0.89157 0.11532 0.08621 0.77148 0.58155 
635	7	0.15759 0.90807 0.06526 0.11257 0.79439 0.52962 
636	7	0.11636 0.93990 0.04245 0.09521 0.76934 0.54998 
637	7	0.13060 0.92393 0.05527 0.09483 0.77470 0.54795 
638	7	0.11587 0.95555 0.03381 0.08902 0.78459 0.55093 
639	7	0.13454 0.98159 0.00361 0.10476 0.86008 0.49961 
640	7	0.13161 0.98562 0.00000 0.08844 0.87518 0.51454 
641	7	0.11220 0.94003 0.04944 0.07435 0.76772 0.58045 
642	7	0.18635 0.78956 0.09592 0.17917 0.86312 0.40336 
643	7	0.18935 0.98591 0.04200 0.07468 0.71760 0.67327 
644	7	0.08942 0.98620 0.04715 0.05101 0.66719 0.71025 
645	7	0.13039 0.99357 0.03291 0.04621 0.67317 0.69899 
646	7	0.17817 0.98228 0.06668 0.06043 0.63127 0.72031 
647	7	0.11937 0.98229 0.05662 0.05556 0.65154 0.70078 
648	7	0.10784 0.99948 0.00811 0.07716 0.83508 0.59840 
649	7	0.10615 0.98220 0.06592 0.05038 0.62631 0.72409 
650	7	0.10385 0.98749 0.04396 0.05262 0.68397 0.68856 
651	7	0.22368 0.99797 0.01667 0.09351 0.80328 0.60745 
652	7	0.10906 0.99058 0.03675 0.05019 0.67739 0.69142 
653	7	0.08942 0.99936 0.00688 0.06548 0.83388 0.61382 
654	7	0.09613 0.98488 0.04701 0.05350 0.68411 0.70078 
655	7	0.15023 0.96235 0.06587 0.07265 0.72476 0.62653 
656	7	0.12433 0.99898 0.00679 0.06018 0.82877 0.62804 
657	7	0.11766 0.99909 0.00870 0.06911 0.83896 0.61385 
658	7	0.14980 0.98194 0.04702 0.06353 0.71126 0.67042 
659	7	0.09415 0.99013 0.03213 0.05570 0.71061 0.66982 
660	7	0.12665 0.98509 0.03595 0.06533 0.73153 0.66006 
661	7	0.11337 0.98943 0.03435 0.05954 0.72203 0.67338 
662	7	0.27434 0.89966 0.09810 0.11548 0.54300 0.61023 
663	7	0.15532 0.90694 0.10099 0.07372 0.57401 0.63796 
664	7	0.12780 0.88306 0.13802 0.06261 0.50547 0.67187 
665	7	0.18397 0.81596 0.13871 0.09647 0.53827 0.58850 
666	7	0.11274 0.90192 0.12078 0.06204 0.46971 0.67301 
667	7	0.22590 0.68415 0.33254 0.08331 0.48754 0.66764 
668	7	0.13324 0.88653 0.10343 0.06640 0.46045 0.66843 
669	7	0.12507 0.86876 0.12444 0.08061 0.52343 0.63492 
670	7	0.09641 0.81808 0.17406 0.06201 0.51911 0.67209 
671	7	0.13355 0.83281 0.17959 0.06621 0.51758 0.63573 
672	7	0.11082 0.88907 0.15675 0.04722 0.41935 0.71277 
673	7	0.18855 0.84483 0.12253 0.08748 0.45569 0.60805 
674	7	0.07613 0.89806 0.09132 0.05660 0.57112 0.64684 
675	7	0.05363 0.92059 0.09863 0.03812 0.45857 0.72370 
676	7	0.08522 0.91623 0.15122 0.03245 0.42254 0.78179 
677	7	0.04989 0.90552 0.10288 0.03742 0.45515 0.72579 
678	7	0.11874 0.89742 0.11657 0.04700 0.42364 0.71324 
679	7	0.10522 0.82216 0.17881 0.05160 0.44511 0.69413 
680	7	0.09078 0.90118 0.10960 0.04000 0.43545 0.73692 
681	7	0.10145 0.77841 0.27681 0.04805 0.37289 0.72457 
682	7	0.07294 0.90295 0.08693 0.05054 0.48268 0.68802 
683	7	0.08439 0.84357 0.14254 0.04766 0.45566 0.70123 
684	7	0.04891 0.92127 0.09384 0.03737 0.46289 0.72437 
685	7	0.10312 0.88677 0.14415 0.04679 0.45585 0.70402 
686	7	0.16195 0.82015 0.15345 0.06349 0.41615 0.67050 
687	7	0.11167 0.84201 0.16358 0.05470 0.39347 0.70102 
688	7	0.16429 0.85269 0.12274 0.07853 0.44484 0.62317 
689	7	0.15732 0.83642 0.17397 0.06311 0.39188 0.69293 
690	7	0.09515 0.86572 0.12957 0.05156 0.46008 0.68060 
691	7	0.13828 0.80709 0.15296 0.06906 0.40117 0.64303 
692	7	0.13558 0.81596 0.17367 0.05860 0.39489 0.69460 
693	7	0.15584 0.78564 0.13050 0.08781 0.45105 0.59379 
694	7	0.20651 0.80432 0.15769 0.08752 0.39386 0.63076 
695	7	0.04537 0.86487 0.21061 0.03533 0.46404 0.73900 
696	7	0.12027 0.80440 0.15977 0.06631 0.43937 0.63825 
697	7	0.15166 0.88077 0.11839 0.06829 0.51032 0.65130 
698	7	0.12090 0.70578 0.27995 0.06283 0.44205 0.67737 
699	7	0.14386 0.84172 0.14500 0.06971 0.44219 0.66014 
700	8	0.17327 0.68462 0.11403 0.18499 0.62637 0.38989 
701	8	0.16194 0.69486 0.17706 0.15705 0.62967 0.44867 
702	8	0.15275 0.69014 0.17939 0.16970 0.63221 0.42906 
703	8	0.15035 0.81138 0.19863 0.15045 0.59764 0.49780 
704	8	0.17512 0.77606 0.17674 0.14629 0.60519 0.48473 
705	8	0.17758 0.82591 0.15849 0.15950 0.57795 0.48005 
706	8	0.17619 0.82350 0.14912 0.16796 0.60358 0.45904 
707	8	0.20186 0.79332 0.16926 0.16754 0.58218 0.46931 
708	8	0.19093 0.58668 0.34130 0.17724 0.59666 0.45793 
709	8	0.21885 0.77556 0.14844 0.15885 0.58965 0.47466 
710	8	0.13818 0.82490 0.19273 0.13596 0.57757 0.52952 
711	8	0.15211 0.73370 0.30618 0.14472 0.57603 0.52122 
712	8	0.19838 0.72798 0.28008 0.16153 0.58149 0.50384 
713	8	0.24940 0.76811 0.31447 0.15827 0.55135 0.54714 
714	8	0.20413 0.70133 0.33120 0.16475 0.60497 0.51872 
715	8	0.14646 0.69112 0.45349 0.12487 0.56824 0.57433 
716	8	0.12234 0.79201 0.24954 0.12746 0.53541 0.54268 
717	8	0.14047 0.79915 0.23466 0.13485 0.55420 0.53338 
718	8	0.18405 0.68574 0.38244 0.12061 0.53166 0.56128 
719	8	0.11240 0.72425 0.27576 0.10635 0.52904 0.55054 
720	8	0.16295 0.63115 0.28107 0.11006 0.53395 0.54746 
721	8	0.21379 0.75775 0.22362 0.15964 0.54351 0.48681 
722	8	0.18417 0.67016 0.42233 0.12188 0.53713 0.57144 
723	8	0.22057 0.73781 0.28008 0.15236 0.57904 0.50846 
724	8	0.18134 0.56181 0.34935 0.18188 0.60715 0.45689 
725	8	0.28365 0.71947 0.19132 0.23691 0.65913 0.38737 
726	8	0.22402 0.70955 0.32954 0.18550 0.62897 0.47388 
727	8	0.30854 0.71675 0.22892 0.20905 0.64147 0.43639 
728	8	0.22433 0.84782 0.17477 0.17545 0.63969 0.47849 
729	8	0.26375 0.71173 0.25922 0.21928 0.64315 0.44165 
730	8	0.23693 0.70341 0.31877 0.19138 0.63379 0.46887 
731	8	0.31116 0.67315 0.22690 0.26471 0.67811 0.35048 
732	8	0.24754 0.75265 0.21895 0.23388 0.65868 0.40393 
733	8	0.24387 0.77153 0.21638 0.23748 0.70341 0.38861 
734	8	0.32924 0.76160 0.22327 0.25713 0.67652 0.39585 
735	8	0.12527 0.50692 0.46597 0.11325 0.51440 0.56627 
736	8	0.12315 0.59985 0.47066 0.11622 0.53074 0.56891 
737	8	0.13646 0.46774 0.21650 0.15146 0.60536 0.44207 
738	8	0.13009 0.63328 0.28622 0.13675 0.59532 0.52013 
739	8	0.20500 0.66994 0.31706 0.16257 0.59010 0.49021 
740	8	0.33134 0.77904 0.30135 0.20334 0.67416 0.48473 
741	8	0.15843 0.72673 0.23018 0.16135 0.64831 0.46557 
742	8	0.14119 0.61405 0.44715 0.12794 0.57005 0.55677 
743	8	0.15754 0.73668 0.34291 0.10437 0.55651 0.61035 
744	8	0.17413 0.62137 0.29312 0.13310 0.57406 0.53460 
745	8	0.15290 0.74946 0.27467 0.11087 0.53861 0.57676 
746	8	0.15814 0.68241 0.21004 0.13905 0.58065 0.51563 
747	8	0.10248 0.76384 0.12802 0.11832 0.59137 0.49842 
748	8	0.21068 0.66157 0.28199 0.12765 0.57562 0.54499 
749	8	0.16023 0.40717 0.27088 0.15301 0.59668 0.47137 
750	8	0.18344 0.57219 0.26844 0.12758 0.54533 0.51219 
751	8	0.13375 0.43237 0.31116 0.13501 0.57651 0.49031 
752	8	0.15642 0.59409 0.43116 0.11641 0.52749 0.58569 
753	8	0.16542 0.56683 0.36453 0.12691 0.54190 0.55014 
754	8	0.28289 0.66509 0.36966 0.19549 0.63644 0.48649 
755	8	0.15311 0.64896 0.38480 0.12595 0.56580 0.56967 
756	8	0.14657 0.72093 0.32774 0.11060 0.52580 0.60066 
757	8	0.17811 0.42248 0.47866 0.15338 0.58555 0.50852 
758	8	0.15273 0.71597 0.25801 0.11410 0.56728 0.56010 
759	8	0.17280 0.73196 0.23821 0.16246 0.61677 0.47459 
760	8	0.19271 0.70966 0.26472 0.17817 0.66431 0.45256 
761	8	0.12861 0.55812 0.30956 0.10179 0.54707 0.56797 
762	8	0.09297 0.70787 0.30084 0.07488 0.48787 0.63530 
763	8	0.10037 0.54215 0.32057 0.08411 0.46201 0.61305 
764	8	0.22897 0.95798 0.04099 0.16885 0.67921 0.47453 
765	8	0.14488 0.49272 0.25194 0.11423 0.50353 0.51931 
766	8	0.18878 0.65524 0.21255 0.11675 0.50922 0.53147 
767	8	0.11763 0.65266 0.52494 0.05933 0.36082 0.73445 
768	8	0.15552 0.75863 0.36365 0.08630 0.37271 0.66892 
769	8	0.12650 0.53412 0.21298 0.08688 0.46482 0.55664 
770	8	0.14371 0.47829 0.21311 0.08645 0.36913 0.58335 
771	8	0.11849 0.40008 0.24506 0.07278 0.39270 0.61343 
772	8	0.12551 0.18874 0.23037 0.09823 0.39549 0.52403 
773	8	0.06149 0.54323 0.25955 0.05288 0.42156 0.65808 
774	8	0.07156 0.70388 0.28432 0.04816 0.33600 0.71279 
775	8	0.14797 0.69473 0.33183 0.07395 0.35502 0.66988 
776	8	0.09587 0.58985 0.30378 0.07415 0.43864 0.62072 
777	8	0.21981 0.57958 0.20039 0.10171 0.46421 0.55697 
778	8	0.10558 0.52106 0.32556 0.07196 0.41890 0.64351 
779	8	0.10436 0.61620 0.37837 0.06694 0.37726 0.67809 
780	8	0.16016 0.48589 0.28543 0.07715 0.38157 0.60531 
781	8	0.11245 0.12417 0.29852 0.09475 0.41606 0.54673 
782	8	0.14714 0.30281 0.26191 0.08782 0.39790 0.58198 
783	8	0.20032 0.36565 0.31222 0.08711 0.37354 0.62040 
784	8	0.21168 0.40426 0.23125 0.10457 0.43043 0.54441 
785	8	0.12399 0.67374 0.31273 0.05929 0.34716 0.68734 
786	8	0.09900 0.69696 0.25042 0.06356 0.37864 0.64460 
787	8	0.10165 0.38014 0.33460 0.05523 0.32015 0.67285 
788	8	0.09990 0.36849 0.40065 0.04178 0.27913 0.72569 
789	8	0.08207 0.42601 0.39610 0.05342 0.28807 0.68393 
790	8	0.10785 0.58435 0.22217 0.08297 0.37627 0.60122 
791	8	0.04374 0.51078 0.44139 0.03192 0.28056 0.78090 
792	8	0.06745 0.36864 0.37219 0.05479 0.35838 0.67042 
793	8	0.06052 0.55929 0.28822 0.05499 0.39087 0.65769 
794	8	0.02417 0.89386 0.28983 0.01049 0.22712 0.90577 
795	8	0.01695 0.89488 0.29089 0.00825 0.21801 0.91929 
796	8	0.01869 0.87641 0.35767 0.00751 0.18735 0.93374 
797	8	0.01328 0.86124 0.46453 0.00469 0.16072 0.97673 
798	8	0.03478 0.88938 0.32131 0.01256 0.19673 0.90255 
799	8	0.05501 0.88799 0.35470 0.01313 0.18111 0.92365 
800	9	0.45965 0.87435 0.14425 0.51171 0.91940 0.21073 
801	9	0.31845 0.88900 0.19431 0.42446 0.83503 0.32334 
802	9	0.41754 0.93338 0.18057 0.46952 0.81445 0.33906 
803	9	0.38131 0.86048 0.14088 0.36416 0.83885 0.31943 
804	9	0.16193 0.85025 0.14289 0.16332 0.69146 0.48262 
805	9	0.17236 0.87699 0.21474 0.13402 0.63839 0.59347 
806	9	0.23629 0.79346 0.17597 0.22841 0.74492 0.42402 
807	9	0.50408 0.84647 0.14755 0.60443 0.87890 0.21047 
808	9	0.30004 0.87200 0.10386 0.30457 0.80302 0.33710 
809	9	0.29559 0.82698 0.03887 0.37618 0.86018 0.19612 
810	9	0.57778 0.82161 0.14468 0.47215 0.86713 0.22961 
811	9	0.33714 0.81439 0.11336 0.41489 0.87227 0.21771 
812	9	0.25917 0.88004 0.21044 0.30594 0.78615 0.37175 
813	9	0.33644 0.85325 0.25110 0.24676 0.69067 0.50552 
814	9	0.22999 0.87700 0.18838 0.26046 0.75110 0.43244 
815	9	0.40620 0.84742 0.28116 0.32272 0.71691 0.46431 
816	9	0.25994 0.86260 0.16159 0.26254 0.77518 0.41168 
817	9	0.39374 0.85491 0.05252 0.30960 0.79116 0.31311 
818	9	0.61895 0.88843 0.17872 0.61483 0.89087 0.20619 
819	9	0.42123 0.96635 0.04917 0.54750 0.93710 0.15918 
820	9	0.68821 0.81228 0.17906 0.81110 0.88691 0.16069 
821	9	0.43424 0.88879 0.18319 0.45421 0.83834 0.29757 
822	9	0.71426 0.84241 0.09249 0.88363 0.98367 0.01427 
823	9	0.78139 0.87541 0.19658 0.75384 0.86950 0.21392 
824	9	1.00000 0.91902 0.15397 1.00000 0.88132 0.18467 
825	9	0.33381 0.82455 0.11719 0.34534 0.82904 0.26222 
826	9	0.41420 0.84256 0.13969 0.34216 0.77570 0.36019 
827	9	0.29460 0.81407 0.11855 0.30599 0.79184 0.28487 
828	9	0.32766 0.77498 0.06453 0.34476 0.82137 0.25198 
829	9	0.36710 0.84671 0.08441 0.27759 0.77517 0.33551 
830	9	0.22603 0.81340 0.18939 0.20461 0.71588 0.45364 
831	9	0.20763 0.86257 0.08882 0.18404 0.73938 0.43426 
832	9	0.20567 0.88871 0.08641 0.20004 0.74696 0.41963 
833	9	0.17298 0.91641 0.08141 0.21591 0.80423 0.38135 
834	9	0.34565 0.91761 0.03853 0.35849 0.86125 0.26329 
835	9	0.28604 0.87404 0.19200 0.27570 0.77668 0.38767 
836	9	0.26342 0.94317 0.08182 0.20774 0.76129 0.45736 
837	9	0.29896 0.89737 0.10532 0.33366 0.81054 0.34301 
838	9	0.23010 0.92434 0.09256 0.26248 0.79147 0.38777 
839	9	0.42006 0.91261 0.04652 0.35642 0.85493 0.26506 
840	9	0.29939 0.87635 0.09276 0.38117 0.87514 0.22351 
841	9	0.39951 0.87162 0.12264 0.40857 0.85179 0.26118 
842	9	0.50514 0.94890 0.02245 0.37123 0.87367 0.25955 
843	9	0.50521 0.93687 0.06856 0.47320 0.89612 0.21064 
844	9	0.63551 0.81514 0.14562 0.60547 0.92200 0.16447 
845	9	0.47832 0.90967 0.04634 0.62533 0.98383 0.08420 
846	9	0.38698 0.93764 0.03373 0.54842 0.95457 0.13074 
847	9	0.33184 0.93956 0.07088 0.36242 0.85056 0.33272 
848	9	0.41831 0.90261 0.10858 0.44766 0.87566 0.27483 
849	9	0.11966 0.83619 0.16796 0.08122 0.52605 0.61713 
850	9	0.15266 0.83649 0.11589 0.12450 0.58279 0.51275 
851	9	0.11630 0.84670 0.10622 0.09445 0.55086 0.56087 
852	9	0.12154 0.85748 0.10102 0.09255 0.54564 0.55822 
853	9	0.10815 0.85014 0.13144 0.08911 0.52993 0.61039 
854	9	0.10686 0.87569 0.13399 0.09256 0.55002 0.59528 
855	9	0.14725 0.83049 0.20486 0.09578 0.49716 0.64921 
856	9	0.09711 0.87849 0.19750 0.07095 0.48160 0.68823 
857	9	0.15342 0.80838 0.18101 0.11060 0.52747 0.57229 
858	9	0.11728 0.82876 0.12340 0.09977 0.52607 0.55119 
859	9	0.12656 0.82839 0.17238 0.08648 0.49503 0.62180 
860	9	0.12254 0.82784 0.16589 0.07836 0.50345 0.63457 
861	9	0.08816 0.84876 0.16368 0.08112 0.50854 0.63695 
862	9	0.12871 0.87656 0.15933 0.08285 0.51785 0.62500 
863	9	0.12064 0.84162 0.14325 0.11842 0.55325 0.52704 
864	9	0.15501 0.89271 0.23271 0.17251 0.70445 0.51069 
865	9	0.28272 0.84095 0.17654 0.25143 0.74176 0.42750 
866	9	0.42392 0.87849 0.13286 0.32281 0.79700 0.35179 
867	9	0.28755 0.83442 0.09378 0.32170 0.83331 0.30293 
868	9	0.22835 0.84351 0.16016 0.19485 0.68602 0.47616 
869	9	0.12791 0.87437 0.18533 0.09879 0.54029 0.60395 
870	9	0.18909 0.83613 0.16082 0.11586 0.55857 0.54980 
871	9	0.25005 0.87875 0.13205 0.18553 0.64781 0.47458 
872	9	0.21341 0.90614 0.13404 0.15170 0.62641 0.52315 
873	9	0.42154 0.91138 0.15462 0.26733 0.72534 0.44648 
874	9	0.34845 0.87107 0.13203 0.23973 0.72424 0.42739 
875	9	0.16922 0.87464 0.11283 0.12423 0.57735 0.53073 
876	9	0.12172 0.83446 0.20138 0.07219 0.50425 0.63807 
877	9	0.18714 0.85819 0.17088 0.09255 0.50023 0.61892 
878	9	0.10879 0.83218 0.13717 0.09011 0.52604 0.57392 
879	9	0.12267 0.84015 0.16047 0.09233 0.52890 0.58305 
880	9	0.10675 0.85246 0.15996 0.09178 0.53414 0.57132 
881	9	0.09355 0.85772 0.18320 0.07384 0.51195 0.62506 
882	9	0.09391 0.88366 0.27713 0.05098 0.41484 0.76680 
883	9	0.10499 0.84594 0.21032 0.06789 0.47001 0.66547 
884	9	0.34892 0.89535 0.16520 0.28160 0.77222 0.38083 
885	9	0.55851 0.95618 0.03691 0.51935 0.93567 0.19501 
886	9	0.41209 0.90335 0.09384 0.36981 0.83877 0.28060 
887	9	0.29557 0.88334 0.15185 0.25842 0.77287 0.39310 
888	9	0.26896 0.89249 0.09575 0.28998 0.81383 0.33601 
889	9	0.25828 0.89100 0.13198 0.25996 0.80812 0.38262 
890	9	0.25940 0.87941 0.23071 0.21276 0.71279 0.47575 
891	9	0.23557 0.86870 0.15459 0.23870 0.76556 0.40540 
892	9	0.29947 0.87545 0.17712 0.31073 0.82709 0.30882 
893	9	0.33728 0.88963 0.16697 0.26697 0.75586 0.41727 
894	9	0.22669 0.87653 0.14897 0.23053 0.74475 0.42789 
895	9	0.27785 0.87358 0.17107 0.16884 0.65120 0.50333 
896	9	0.25536 0.87080 0.19412 0.21875 0.66887 0.49479 
897	9	0.25420 0.83645 0.14202 0.30800 0.78470 0.33316 
898	9	0.21321 0.86517 0.10352 0.24772 0.74256 0.35869 
899	9	0.15666 0.84365 0.21837 0.11669 0.58515 0.58645 
900	10	0.23588 0.83929 0.71730 0.05301 0.30097 0.91878 
901	10	0.24188 0.87149 0.57106 0.04916 0.27616 0.95600 
902	10	0.24506 0.85148 0.61852 0.05085 0.27672 0.95962 
903	10	0.23765 0.86938 0.52758 0.05024 0.31117 0.92453 
904	10	0.24045 0.88229 0.42181 0.05707 0.33285 0.87971 
905	10	0.24006 0.86887 0.55789 0.04882 0.31590 0.94550 
906	10	0.23102 0.85651 0.60505 0.04534 0.28943 0.95425 
907	10	0.22392 0.84544 0.65812 0.04167 0.27222 0.99176 
908	10	0.22147 0.81312 0.78856 0.04874 0.27505 0.91843 
909	10	0.23130 0.85267 0.62729 0.04329 0.25732 0.98060 
910	10	0.23790 0.86892 0.53323 0.05765 0.31111 0.87897 
911	10	0.25471 0.83008 0.76756 0.05191 0.25905 0.98804 
912	10	0.27518 0.85242 0.64544 0.06116 0.27860 0.95991 
913	10	0.31052 0.84903 0.60474 0.07715 0.30834 0.93142 
914	10	0.31207 0.89299 0.29208 0.08581 0.39583 0.82657 
915	10	0.33518 0.84228 0.57573 0.08706 0.31002 0.91229 
916	10	0.39025 0.86774 0.55018 0.11653 0.33043 0.90151 
917	10	0.42856 0.89218 0.47322 0.13834 0.29888 0.89374 
918	10	0.47001 0.86592 0.62976 0.16405 0.30189 0.88709 
919	10	0.49340 0.92195 0.37247 0.18010 0.34765 0.85554 
920	10	0.26020 0.87845 0.43059 0.05760 0.36023 0.89301 
921	10	0.38507 0.87233 0.50691 0.11575 0.40108 0.84640 
922	10	0.39471 0.90881 0.25079 0.14097 0.48034 0.72038 
923	10	0.42812 0.93297 0.29547 0.14236 0.42777 0.80191 
924	10	0.47540 0.90684 0.46242 0.17241 0.42195 0.80469 
925	10	0.44475 0.94532 0.21866 0.15429 0.45583 0.77709 
926	10	0.32318 0.88281 0.40357 0.09038 0.39513 0.80685 
927	10	0.32476 0.87486 0.42282 0.09552 0.40119 0.79693 
928	10	0.34529 0.92189 0.26273 0.10637 0.41928 0.78498 
929	10	0.38265 0.94327 0.24821 0.11866 0.43892 0.79566 
930	10	0.37458 0.93829 0.26105 0.11603 0.42872 0.79493 
931	10	0.40101 0.95362 0.23519 0.12483 0.41884 0.82908 
932	10	0.37777 0.90913 0.37103 0.11859 0.39992 0.82520 
933	10	0.36039 0.90299 0.36936 0.11187 0.39405 0.80262 
934	10	0.32809 0.94454 0.18124 0.09922 0.42402 0.77105 
935	10	0.29554 0.91285 0.30722 0.08262 0.40422 0.81038 
936	10	0.27710 0.93249 0.30854 0.07207 0.36179 0.83493 
937	10	0.26847 0.92201 0.18020 0.07206 0.42442 0.80607 
938	10	0.64527 0.87039 0.55121 0.31369 0.46782 0.72214 
939	10	0.72333 0.86960 0.56567 0.37551 0.47103 0.74605 
940	10	0.88337 0.89746 0.45087 0.55927 0.52449 0.63032 
941	10	0.88763 0.88969 0.50376 0.57334 0.54865 0.63092 
942	10	0.85568 0.87893 0.45948 0.52836 0.51147 0.64569 
943	10	0.70176 0.86182 0.65324 0.35449 0.42360 0.77622 
944	10	0.69546 0.88790 0.51183 0.35499 0.44365 0.73200 
945	10	0.67473 0.89104 0.43800 0.33155 0.44167 0.74326 
946	10	0.72152 0.89428 0.56979 0.38073 0.45340 0.71446 
947	10	0.44997 0.90787 0.38149 0.16643 0.43243 0.76615 
948	10	0.44090 0.85685 0.57673 0.15606 0.41922 0.79652 
949	10	0.85527 0.84570 0.35429 0.57130 0.75997 0.44656 
950	10	0.81359 0.89017 0.31388 0.51422 0.71608 0.50093 
951	10	0.55811 0.91836 0.24235 0.25608 0.55401 0.62518 
952	10	0.78363 0.88675 0.46977 0.45216 0.54926 0.65076 
953	10	0.73155 0.88907 0.35106 0.41902 0.57064 0.57661 
954	10	0.42571 0.83818 0.56608 0.15173 0.42276 0.80869 
955	10	0.57489 0.84471 0.70956 0.24246 0.39680 0.81946 
956	10	0.31585 0.82864 0.57288 0.08384 0.32345 0.87713 
957	10	0.45549 0.88686 0.49918 0.16273 0.39869 0.81821 
958	10	0.57184 0.85560 0.67028 0.25012 0.45542 0.76192 
959	10	0.54897 0.90186 0.44731 0.22861 0.43296 0.79158 
960	10	0.35972 0.86221 0.49821 0.09913 0.29431 0.91815 
961	10	0.39849 0.87937 0.43049 0.12268 0.37181 0.85316 
962	10	0.15500 0.74371 0.64691 0.03831 0.32863 0.87973 
963	10	0.42985 0.89485 0.31865 0.17894 0.49664 0.67434 
964	10	0.32403 0.87129 0.32655 0.12484 0.48623 0.70037 
965	10	0.28220 0.76979 0.66937 0.06919 0.34162 0.88889 
966	10	0.38275 0.86613 0.40787 0.12704 0.43045 0.78553 
967	10	0.10928 0.81130 0.52763 0.02993 0.32607 0.89618 
968	10	0.74763 0.89422 0.53843 0.40918 0.42785 0.73030 
969	10	0.54482 0.89464 0.36071 0.24921 0.54473 0.69729 
970	10	0.42169 0.83368 0.59374 0.14383 0.37926 0.83778 
971	10	0.47084 0.83747 0.70297 0.17173 0.38983 0.85256 
972	10	0.48200 0.82754 0.75802 0.17924 0.36934 0.87027 
973	10	0.44248 0.87937 0.53844 0.15392 0.38100 0.86410 
974	10	0.41522 0.87270 0.50555 0.13811 0.39534 0.86274 
975	10	0.28307 0.84818 0.78660 0.07069 0.33867 0.92004 
976	10	0.18427 0.87247 0.44821 0.03748 0.32764 0.91684 
977	10	0.30062 0.90896 0.42410 0.08054 0.35014 0.90485 
978	10	0.34941 0.92340 0.32870 0.10609 0.38631 0.86152 
979	10	0.31739 0.85361 0.52266 0.08044 0.33044 0.89860 
980	10	0.29694 0.85789 0.49007 0.07559 0.34772 0.89106 
981	10	0.47669 0.92584 0.35152 0.17599 0.39983 0.82695 
982	10	0.51808 0.91128 0.40109 0.20994 0.43536 0.78381 
983	10	0.29294 0.90074 0.32166 0.07968 0.41377 0.83423 
984	10	0.29478 0.92540 0.30094 0.07282 0.40977 0.86663 
985	10	0.47165 0.94454 0.26971 0.17430 0.46366 0.78138 
986	10	0.48871 0.92970 0.33474 0.18432 0.43970 0.78466 
987	10	0.45380 0.92496 0.34959 0.16087 0.45807 0.79485 
988	10	0.51563 0.94448 0.27515 0.20738 0.47759 0.75085 
989	10	0.23602 0.83550 0.45957 0.05104 0.34998 0.87790 
990	10	0.46147 0.93846 0.27514 0.16620 0.44066 0.79671 
991	10	0.53076 0.94016 0.27017 0.22303 0.47395 0.73659 
992	10	0.53351 0.93025 0.33067 0.21634 0.44844 0.74567 
993	10	0.49765 0.89124 0.50735 0.18995 0.42739 0.81102 
994	10	0.52606 0.93442 0.23381 0.22021 0.49282 0.71422 
995	10	0.50870 0.90108 0.49504 0.19854 0.41007 0.80171 
996	10	0.38671 0.90565 0.37320 0.11993 0.40942 0.82615 
997	10	0.50207 0.93365 0.22311 0.20157 0.49820 0.71522 
998	10	0.53517 0.92283 0.35500 0.21962 0.46713 0.75822 
999	10	0.58314 0.94556 0.20038 0.26144 0.50621 0.70472 
1000	11	0.30867 0.99106 0.00874 0.46576 1.00000 0.17827 
1001	11	0.43241 0.94485 0.16420 0.40292 0.86397 0.34061 
1002	11	0.55739 0.91751 0.06284 0.45123 0.89609 0.26976 
1003	11	0.90221 0.93629 0.06690 0.84328 0.91456 0.15078 
1004	11	0.69429 0.94984 0.06433 0.81813 0.95669 0.11759 
1005	11	0.54169 0.92342 0.05729 0.58000 0.91820 0.19865 
1006	11	0.41033 0.93471 0.07848 0.48153 0.89265 0.26224 
1007	11	0.57113 0.92220 0.03420 0.65018 0.93639 0.14430 
1008	11	0.65446 0.91844 0.08726 0.65712 0.88127 0.22613 
1009	11	0.64612 0.93134 0.06350 0.68151 0.89303 0.18004 
1010	11	0.48490 0.93443 0.08623 0.52688 0.87929 0.23668 
1011	11	0.41348 0.90301 0.08094 0.50485 0.88348 0.23843 
1012	11	0.39513 0.92144 0.07072 0.50470 0.90462 0.22829 
1013	11	0.48654 0.91623 0.07688 0.61314 0.90671 0.18945 
1014	11	0.85492 0.91757 0.07070 0.76009 0.90639 0.15534 
1015	11	0.62808 0.91147 0.07215 0.55570 0.88746 0.23507 
1016	11	0.58571 0.92538 0.11290 0.54730 0.87611 0.25778 
1017	11	0.64077 0.92166 0.11825 0.58529 0.87640 0.24967 
1018	11	0.62770 0.92558 0.10410 0.53050 0.88133 0.27488 
1019	11	0.38824 0.94273 0.05019 0.49692 0.91949 0.21300 
1020	11	0.80206 0.93206 0.10218 0.67254 0.89673 0.23388 
1021	11	0.53981 0.91423 0.08407 0.41554 0.89864 0.29181 
1022	11	0.52736 0.92650 0.10543 0.52498 0.91216 0.23642 
1023	11	0.32391 0.92905 0.10727 0.35043 0.92351 0.28254 
1024	11	0.56638 0.92153 0.10543 0.45208 0.90138 0.27511 
1025	11	0.41520 0.94364 0.10897 0.35380 0.86270 0.33166 
1026	11	0.36126 0.93276 0.12587 0.36005 0.86023 0.33610 
1027	11	0.27202 0.92241 0.05784 0.39765 0.91282 0.23351 
1028	11	0.29351 0.92310 0.07450 0.41726 0.90938 0.24003 
1029	11	0.36349 0.92623 0.13738 0.31095 0.86191 0.35093 
1030	11	0.40385 0.93976 0.06668 0.42957 0.90193 0.24535 
1031	11	0.41408 0.92207 0.07015 0.45496 0.90825 0.23702 
1032	11	0.35771 0.92125 0.05300 0.43966 0.91503 0.22306 
1033	11	0.35729 0.91398 0.08748 0.42624 0.89284 0.24959 
1034	11	0.19711 0.93062 0.11024 0.25697 0.86954 0.34270 
1035	11	0.27262 0.92229 0.09981 0.31247 0.87937 0.31475 
1036	11	0.28367 0.90219 0.05156 0.33655 0.91157 0.24517 
1037	11	0.34581 0.89502 0.04618 0.32754 0.91765 0.24633 
1038	11	0.25584 0.94465 0.21570 0.25709 0.80647 0.45213 
1039	11	0.33406 0.95735 0.13202 0.28016 0.83454 0.39943 
1040	11	0.40066 0.93302 0.08700 0.34547 0.85491 0.34480 
1041	11	0.24423 0.94071 0.15984 0.30032 0.82644 0.36500 
1042	11	0.41013 0.92549 0.08404 0.35665 0.89429 0.28856 
1043	11	0.48510 0.89896 0.08428 0.53100 0.84210 0.22329 
1044	11	0.51309 0.92989 0.12370 0.45145 0.80385 0.35259 
1045	11	0.41303 0.93152 0.05318 0.49662 0.87661 0.22052 
1046	11	0.38030 0.91461 0.08680 0.41303 0.87580 0.27614 
1047	11	0.39722 0.91329 0.06119 0.44770 0.91509 0.21262 
1048	11	0.24808 0.95049 0.17309 0.26011 0.86504 0.40129 
1049	11	0.24505 0.94660 0.11274 0.29400 0.90593 0.33605 
1050	11	0.34391 0.94121 0.05368 0.39137 0.92340 0.24827 
1051	11	0.29017 0.92430 0.07462 0.36247 0.90417 0.29315 
1052	11	0.27621 0.93639 0.13113 0.31316 0.84610 0.36142 
1053	11	0.40885 0.89086 0.10478 0.50093 0.83985 0.25230 
1054	11	0.43201 0.86385 0.03489 0.56464 0.90712 0.13113 
1055	11	0.41497 0.86933 0.03477 0.53741 0.90312 0.14577 
1056	11	0.51703 0.89622 0.08106 0.47240 0.86158 0.27172 
1057	11	0.47838 0.92367 0.05620 0.52167 0.91295 0.20986 
1058	11	0.57224 0.87758 0.02595 0.62671 0.91957 0.11863 
1059	11	0.29912 0.93867 0.08473 0.34816 0.88425 0.31378 
1060	11	0.35507 0.92655 0.06237 0.42859 0.88993 0.24828 
1061	11	0.42334 0.91327 0.06725 0.49024 0.86683 0.24228 
1062	11	0.35545 0.91855 0.08930 0.47004 0.86144 0.25543 
1063	11	0.39022 0.92744 0.05469 0.45381 0.87265 0.25061 
1064	11	0.46699 0.92994 0.08529 0.50781 0.88311 0.23061 
1065	11	0.46453 0.92236 0.08156 0.40715 0.86355 0.29893 
1066	11	0.39756 0.92969 0.08423 0.41915 0.89374 0.26477 
1067	11	0.50381 0.93036 0.15956 0.46998 0.82331 0.33237 
1068	11	0.72572 0.91010 0.11427 0.71764 0.89517 0.19873 
1069	11	0.49821 0.94458 0.10645 0.57744 0.88170 0.22934 
1070	11	0.54929 0.94992 0.08694 0.59691 0.90892 0.19416 
1071	11	0.46102 0.92692 0.10178 0.59343 0.90336 0.17365 
1072	11	0.38389 0.92661 0.07472 0.36049 0.87369 0.31024 
1073	11	0.33833 0.92314 0.09878 0.31034 0.87969 0.33076 
1074	11	0.34006 0.95085 0.06533 0.32999 0.88616 0.32069 
1075	11	0.25978 0.94464 0.08276 0.33797 0.88438 0.31239 
1076	11	0.42693 0.92773 0.07062 0.38730 0.88530 0.28439 
1077	11	0.24191 0.94741 0.08951 0.24410 0.85520 0.38514 
1078	11	0.33064 0.92738 0.07751 0.33334 0.89985 0.29089 
1079	11	0.22790 0.92727 0.13131 0.25161 0.88152 0.35898 
1080	11	0.33353 0.93935 0.10638 0.28993 0.89500 0.34162 
1081	11	0.26249 0.91698 0.20861 0.22617 0.84175 0.43291 
1082	11	0.25305 0.95543 0.12128 0.25375 0.86269 0.39034 
1083	11	0.34418 0.93575 0.16541 0.32602 0.83396 0.39323 
1084	11	0.38234 0.94650 0.12042 0.33860 0.86729 0.35001 
1085	11	0.17368 0.94238 0.12556 0.21644 0.85268 0.41098 
1086	11	0.32325 0.92549 0.14661 0.25655 0.83612 0.41605 
1087	11	0.51231 0.90172 0.05435 0.43260 0.93822 0.21165 
1088	11	0.33841 0.96557 0.10864 0.22924 0.85360 0.45319 
1089	11	0.24172 0.97674 0.05664 0.19813 0.90396 0.44251 
1090	11	0.20629 0.95729 0.15378 0.16434 0.81255 0.51765 
1091	11	0.36093 0.96093 0.12310 0.21527 0.82580 0.49160 
1092	11	0.29816 0.96317 0.05760 0.25231 0.91008 0.37400 
1093	11	0.27952 0.96083 0.06837 0.23348 0.90186 0.38547 
1094	11	0.32162 0.95329 0.10164 0.21899 0.87778 0.42844 
1095	11	0.28801 0.95168 0.13415 0.20343 0.84599 0.46560 
1096	11	0.45050 0.94855 0.03010 0.31663 0.93810 0.30824 
1097	11	0.37311 0.93313 0.03742 0.31206 0.92595 0.30454 
1098	11	0.30041 0.94690 0.05705 0.27435 0.91031 0.34129 
1099	11	0.24676 0.95562 0.06310 0.22906 0.89391 0.39594 
1100	12	0.35212 0.94600 0.01903 0.36387 0.92128 0.27187 
1101	12	0.41048 0.86985 0.09243 0.31991 0.88013 0.34875 
1102	12	0.22135 0.90144 0.13567 0.20848 0.78250 0.49021 
1103	12	0.37354 0.95801 0.07573 0.25304 0.81343 0.46651 
1104	12	0.28275 0.93698 0.05220 0.31041 0.88502 0.34614 
1105	12	0.36091 0.94591 0.03802 0.30493 0.86318 0.36418 
1106	12	0.35409 0.95254 0.03192 0.39484 0.91152 0.25895 
1107	12	0.36208 0.91780 0.10243 0.27576 0.83887 0.42649 
1108	12	0.46346 0.93792 0.05126 0.34278 0.87326 0.36077 
1109	12	0.31768 0.94400 0.03278 0.30650 0.88729 0.35860 
1110	12	0.29930 0.91864 0.07197 0.35982 0.88663 0.32768 
1111	12	0.51270 0.91032 0.07474 0.44554 0.88971 0.29873 
1112	12	0.37299 0.92591 0.04370 0.35183 0.88993 0.31250 
1113	12	0.34692 0.90870 0.05074 0.35157 0.90342 0.30294 
1114	12	0.56996 0.88217 0.04110 0.67855 0.98358 0.11405 
1115	12	0.70009 0.91787 0.03804 0.76605 0.97538 0.09756 
1116	12	0.32168 0.86975 0.11737 0.43106 0.89603 0.28100 
1117	12	0.32611 0.91268 0.10668 0.30613 0.83568 0.40305 
1118	12	0.52208 0.92842 0.01448 0.65447 0.96426 0.12024 
1119	12	0.35446 0.94342 0.04053 0.32186 0.89198 0.32316 
1120	12	0.42892 0.94940 0.06553 0.41537 0.86450 0.33201 
1121	12	0.29346 0.93018 0.07274 0.29843 0.83855 0.38907 
1122	12	0.32099 0.92045 0.09011 0.36586 0.84380 0.34983 
1123	12	0.23316 0.91585 0.07980 0.26324 0.87115 0.39345 
1124	12	0.14732 0.92357 0.11420 0.13776 0.72350 0.57814 
1125	12	0.45112 0.91514 0.03231 0.50250 0.92262 0.22318 
1126	12	0.39307 0.92012 0.03793 0.41875 0.91660 0.23547 
1127	12	0.31476 0.96661 0.03378 0.26616 0.86031 0.40672 
1128	12	0.45277 0.92859 0.02173 0.52069 0.95301 0.19258 
1129	12	0.28009 0.92512 0.08415 0.27404 0.81106 0.43648 
1130	12	0.26742 0.92191 0.06314 0.27708 0.84877 0.38206 
1131	12	0.39393 0.91580 0.03610 0.38300 0.92887 0.25723 
1132	12	0.52283 0.93394 0.02633 0.46062 0.93987 0.21136 
1133	12	0.15051 0.99167 0.01032 0.15476 0.88760 0.46526 
1134	12	0.15729 0.98665 0.01369 0.14022 0.87628 0.47451 
1135	12	0.19674 0.92641 0.07183 0.14388 0.77787 0.52379 
1136	12	0.37418 0.94478 0.08479 0.18690 0.73016 0.56436 
1137	12	0.19683 0.93109 0.08061 0.14373 0.76929 0.53584 
1138	12	0.21683 0.99623 0.00450 0.15675 0.89808 0.48831 
1139	12	0.14218 0.95577 0.07998 0.10798 0.76093 0.59029 
1140	12	0.27887 0.95871 0.06615 0.14237 0.74579 0.57936 
1141	12	0.28640 0.94405 0.08291 0.17305 0.78440 0.53597 
1142	12	0.41464 0.92360 0.04758 0.26859 0.84576 0.41311 
1143	12	0.22238 0.95626 0.08006 0.15852 0.77373 0.55877 
1144	12	0.19050 0.94766 0.09055 0.14867 0.75800 0.55410 
1145	12	0.14265 0.92189 0.16839 0.08574 0.66564 0.66890 
1146	12	0.34628 0.92713 0.14742 0.17050 0.70154 0.61704 
1147	12	0.26720 0.92842 0.11330 0.20116 0.77899 0.50756 
1148	12	0.25779 0.94727 0.12084 0.24012 0.83717 0.45490 
1149	12	0.78833 0.95232 0.02536 0.62637 0.90686 0.23068 
1150	12	0.45811 0.93406 0.09908 0.40539 0.83513 0.34777 
1151	12	0.87063 0.95411 0.06316 0.65185 0.84919 0.31585 
1152	12	0.45295 0.90287 0.15369 0.32873 0.81970 0.40993 
1153	12	0.40978 0.92402 0.14969 0.37508 0.81132 0.39881 
1154	12	0.29379 0.94122 0.07183 0.21881 0.81666 0.47586 
1155	12	0.23826 0.94779 0.11520 0.11231 0.69446 0.65768 
1156	12	0.18657 0.96797 0.06994 0.15217 0.79728 0.57013 
1157	12	0.32812 0.96721 0.01777 0.29478 0.90254 0.34486 
1158	12	0.28349 0.94122 0.09558 0.18007 0.76284 0.55585 
1159	12	0.28598 0.98743 0.03146 0.21771 0.84429 0.46180 
1160	12	0.29662 0.95359 0.07163 0.17601 0.74152 0.55351 
1161	12	0.22916 0.98764 0.01342 0.19859 0.89371 0.44444 
1162	12	0.23557 0.98662 0.02960 0.17032 0.83382 0.51445 
1163	12	0.56045 0.95480 0.02788 0.45494 0.91632 0.28862 
1164	12	0.35345 0.96641 0.01975 0.39326 0.93634 0.23960 
1165	12	0.38578 0.95394 0.04066 0.43508 0.86849 0.32961 
1166	12	0.43230 0.95213 0.05503 0.30667 0.81999 0.44448 
1167	12	0.54740 0.94806 0.07537 0.41565 0.82581 0.41607 
1168	12	0.41898 0.96443 0.00551 0.36490 0.96854 0.26229 
1169	12	0.29627 0.95371 0.03009 0.31401 0.90689 0.33030 
1170	12	0.24543 0.95569 0.03838 0.23177 0.89291 0.39726 
1171	12	0.49594 0.91759 0.13499 0.32767 0.84089 0.43675 
1172	12	0.31508 0.96035 0.02744 0.33316 0.92918 0.30570 
1173	12	0.36462 0.91434 0.04707 0.38630 0.93380 0.27614 
1174	12	0.32907 0.92184 0.07444 0.37257 0.88738 0.32311 
1175	12	0.44039 0.94643 0.04858 0.47183 0.91638 0.17180 
1176	12	0.77871 0.90896 0.06914 0.74039 0.92289 0.10051 
1177	12	0.30978 0.96283 0.07881 0.36486 0.87482 0.23553 
1178	12	0.45595 0.93545 0.07446 0.41632 0.86779 0.23780 
1179	12	0.48440 0.86628 0.08007 0.49906 0.87911 0.16571 
1180	12	0.35206 0.84425 0.15315 0.33355 0.78199 0.30338 
1181	12	0.46516 0.88489 0.05937 0.56812 0.90260 0.12723 
1182	12	0.66001 0.83817 0.08490 0.66423 0.90939 0.10205 
1183	12	0.35667 0.93143 0.10865 0.29302 0.83202 0.27400 
1184	12	0.42596 0.86470 0.07799 0.44145 0.89023 0.17652 
1185	12	0.43742 0.90312 0.10572 0.53081 0.90429 0.10186 
1186	12	0.53957 0.87221 0.07905 0.80581 0.94905 0.00000 
1187	12	0.54581 0.93262 0.09045 0.44837 0.85577 0.20352 
1188	12	0.53876 0.89882 0.11258 0.53439 0.89773 0.11882 
1189	12	0.76582 0.96100 0.08699 0.56883 0.86722 0.20550 
1190	12	0.20455 0.86084 0.19882 0.22364 0.75312 0.37148 
1191	12	0.37546 0.90697 0.04109 0.44502 0.91802 0.17481 
1192	12	0.29321 0.90329 0.05021 0.31315 0.87035 0.28511 
1193	12	0.25999 0.88915 0.11928 0.26880 0.81934 0.34013 
1194	12	0.29212 0.96692 0.05692 0.27414 0.86935 0.29994 
1195	12	0.28392 0.94222 0.01543 0.31788 0.93286 0.25293 
1196	12	0.25911 0.95731 0.04327 0.29865 0.91758 0.26023 
1197	12	0.47007 0.83408 0.07208 0.51681 0.83785 0.24418 
1198	12	0.45383 0.94235 0.04266 0.53324 0.90517 0.15812 
1199	12	0.23312 0.85053 0.16227 0.22312 0.74460 0.49205 
1200	13	0.44994 0.88897 0.38639 0.16434 0.48048 0.78653 
1201	13	0.45391 0.92023 0.24132 0.17461 0.55187 0.72154 
1202	13	0.44246 0.89593 0.31915 0.16794 0.52500 0.73036 
1203	13	0.43833 0.89458 0.37110 0.15788 0.49285 0.77334 
1204	13	0.42491 0.88398 0.43671 0.14771 0.46296 0.80544 
1205	13	0.42266 0.87228 0.33780 0.17382 0.54788 0.66201 
1206	13	0.34247 0.85855 0.34020 0.12799 0.54095 0.69844 
1207	13	0.41610 0.86609 0.51491 0.14693 0.48058 0.78996 
1208	13	0.40990 0.86121 0.48708 0.14456 0.48462 0.78231 
1209	13	0.41626 0.89910 0.37496 0.15256 0.47514 0.76843 
1210	13	0.41590 0.87497 0.40055 0.16059 0.49829 0.72724 
1211	13	0.41434 0.87133 0.34077 0.15933 0.54036 0.70050 
1212	13	0.41681 0.93084 0.22254 0.15103 0.52728 0.73671 
1213	13	0.40868 0.89384 0.27697 0.16717 0.53079 0.69512 
1214	13	0.41238 0.87445 0.21160 0.18264 0.60687 0.56039 
1215	13	0.40412 0.89212 0.36906 0.15295 0.50039 0.74722 
1216	13	0.43280 0.91466 0.27785 0.17839 0.53664 0.69405 
1217	13	0.42832 0.91120 0.14398 0.17687 0.58255 0.60459 
1218	13	0.42648 0.86031 0.47262 0.16720 0.49632 0.74599 
1219	13	0.37048 0.90572 0.33806 0.14415 0.54673 0.73853 
1220	13	0.42866 0.89858 0.29708 0.18605 0.59699 0.67074 
1221	13	0.43368 0.89407 0.27056 0.20205 0.62012 0.60725 
1222	13	0.43116 0.91502 0.23191 0.19450 0.60207 0.64753 
1223	13	0.41368 0.86877 0.31692 0.18812 0.61672 0.61647 
1224	13	0.43200 0.88031 0.31695 0.19855 0.60673 0.64117 
1225	13	0.42961 0.90111 0.24493 0.18881 0.59204 0.65780 
1226	13	0.42785 0.90701 0.30539 0.18703 0.59475 0.68244 
1227	13	0.42732 0.88504 0.26004 0.19500 0.64284 0.62368 
1228	13	0.42530 0.94364 0.17434 0.18595 0.60937 0.66713 
1229	13	0.42285 0.89551 0.28782 0.18812 0.60662 0.65156 
1230	13	0.41803 0.91735 0.24980 0.18083 0.59895 0.65918 
1231	13	0.41321 0.88415 0.32899 0.17651 0.60060 0.66988 
1232	13	0.41317 0.90543 0.21954 0.17799 0.62153 0.64215 
1233	13	0.40536 0.92786 0.22326 0.16305 0.58738 0.68939 
1234	13	0.48894 0.87335 0.34935 0.19555 0.53875 0.71606 
1235	13	0.48914 0.86913 0.46104 0.19608 0.52283 0.72807 
1236	13	0.49144 0.84295 0.29605 0.20747 0.58968 0.62995 
1237	13	0.49048 0.86887 0.31561 0.20345 0.57708 0.67417 
1238	13	0.48387 0.87421 0.17614 0.18949 0.51055 0.67091 
1239	13	0.47901 0.88325 0.36989 0.18699 0.51711 0.73333 
1240	13	0.47921 0.86308 0.34947 0.19939 0.57269 0.66682 
1241	13	0.47316 0.84297 0.50773 0.18711 0.53169 0.73029 
1242	13	0.47660 0.90294 0.26579 0.19139 0.53794 0.70104 
1243	13	0.46920 0.85107 0.44402 0.18541 0.52758 0.71093 
1244	13	0.46189 0.86752 0.39145 0.17805 0.51108 0.73569 
1245	13	0.46840 0.90368 0.25217 0.18452 0.55872 0.69989 
1246	13	0.46674 0.87199 0.39331 0.17706 0.50751 0.74635 
1247	13	0.45841 0.88732 0.33254 0.17548 0.53088 0.72693 
1248	13	0.46361 0.88846 0.28549 0.17899 0.55266 0.71104 
1249	13	0.46414 0.88531 0.26148 0.18639 0.57004 0.66487 
1250	13	0.45156 0.87287 0.29207 0.17283 0.55107 0.69500 
1251	13	0.46223 0.85831 0.35409 0.18320 0.54841 0.69921 
1252	13	0.42863 0.86755 0.35751 0.16822 0.54573 0.69977 
1253	13	0.45801 0.88456 0.17452 0.18736 0.57422 0.62163 
1254	13	0.45332 0.83067 0.54882 0.16782 0.49398 0.76720 
1255	13	0.46912 0.87703 0.34489 0.18620 0.54283 0.70091 
1256	13	0.41176 0.85773 0.38132 0.15364 0.53712 0.71051 
1257	13	0.45370 0.86008 0.23607 0.18813 0.56332 0.61776 
1258	13	0.45627 0.86867 0.34506 0.17902 0.54349 0.69929 
1259	13	0.45904 0.91140 0.15303 0.18116 0.55546 0.64667 
1260	13	0.45543 0.86102 0.35977 0.17755 0.54954 0.69616 
1261	13	0.46686 0.87499 0.16805 0.19483 0.58107 0.60464 
1262	13	0.48965 0.87952 0.31835 0.20391 0.57930 0.67259 
1263	13	0.47896 0.88914 0.25252 0.19556 0.58272 0.66793 
1264	13	0.45947 0.81886 0.42247 0.19093 0.55121 0.65060 
1265	13	0.46219 0.85617 0.40613 0.18104 0.55439 0.71308 
1266	13	0.45828 0.87787 0.17364 0.19264 0.58456 0.59186 
1267	13	0.46599 0.86928 0.29688 0.19316 0.55081 0.66290 
1268	13	0.45593 0.84392 0.38224 0.18124 0.55436 0.68274 
1269	13	0.44848 0.89994 0.21354 0.18296 0.55924 0.65231 
1270	13	0.45502 0.90597 0.29720 0.17260 0.54427 0.72978 
1271	13	0.42945 0.87048 0.34953 0.15538 0.51754 0.74221 
1272	13	0.42110 0.87441 0.34350 0.15330 0.51890 0.73148 
1273	13	0.41309 0.85921 0.40585 0.14707 0.51088 0.74228 
1274	13	0.41658 0.84923 0.43179 0.14705 0.49028 0.76078 
1275	13	0.41653 0.86260 0.36593 0.15061 0.51822 0.73020 
1276	13	0.41063 0.87729 0.33050 0.14339 0.49764 0.75588 
1277	13	0.38314 0.82575 0.44102 0.13670 0.50667 0.72848 
1278	13	0.39957 0.83427 0.49052 0.13854 0.48358 0.76216 
1279	13	0.39895 0.83773 0.46200 0.13938 0.48348 0.75934 
1280	13	0.39878 0.85250 0.38441 0.13565 0.49074 0.76681 
1281	13	0.38850 0.86317 0.45417 0.12708 0.45543 0.79956 
1282	13	0.32125 0.86167 0.36738 0.11386 0.55098 0.72835 
1283	13	0.33406 0.86623 0.43919 0.09950 0.42645 0.82118 
1284	13	0.33304 0.86540 0.42303 0.10707 0.45993 0.78523 
1285	13	0.33948 0.89391 0.31806 0.11315 0.48403 0.75362 
1286	13	0.33566 0.89206 0.29059 0.10563 0.45823 0.77274 
1287	13	0.33432 0.88774 0.28410 0.11273 0.50128 0.74374 
1288	13	0.34080 0.85885 0.43736 0.10983 0.47237 0.78681 
1289	13	0.32922 0.88591 0.31370 0.10977 0.49690 0.75330 
1290	13	0.30843 0.85850 0.36449 0.09675 0.49029 0.77663 
1291	13	0.27110 0.85067 0.33316 0.09280 0.49848 0.73570 
1292	13	0.27091 0.85223 0.36603 0.09420 0.50098 0.73570 
1293	13	0.27691 0.83880 0.35698 0.09673 0.51535 0.72785 
1294	13	0.28167 0.86666 0.34189 0.09818 0.51537 0.73082 
1295	13	0.28109 0.84973 0.39008 0.08965 0.49981 0.77023 
1296	13	0.28279 0.89962 0.25861 0.08583 0.51574 0.76113 
1297	13	0.29336 0.87846 0.28514 0.09712 0.54478 0.72833 
1298	13	0.29525 0.84773 0.45646 0.09308 0.50963 0.76654 
1299	13	0.30332 0.85957 0.31844 0.10663 0.54184 0.71434 
1300	14	0.11831 0.79697 0.66676 0.09781 0.63335 0.66688 
1301	14	0.11513 0.77920 0.38720 0.10531 0.70618 0.60389 
1302	14	0.15771 0.78340 0.54328 0.12755 0.71472 0.60130 
1303	14	0.11118 0.82505 0.57561 0.09720 0.68232 0.65714 
1304	14	0.12995 0.84684 0.45571 0.09307 0.64788 0.66583 
1305	14	0.16275 0.72591 0.52905 0.13104 0.68722 0.59024 
1306	14	0.16595 0.75993 0.46285 0.14736 0.72873 0.55129 
1307	14	0.21797 0.73016 0.59146 0.14121 0.68499 0.59622 
1308	14	0.14337 0.97061 0.10936 0.09759 0.82966 0.60061 
1309	14	0.11135 0.81351 0.31180 0.11355 0.73798 0.57742 
1310	14	0.14969 0.96324 0.13474 0.08732 0.80241 0.62547 
1311	14	0.14260 0.73798 0.45235 0.11395 0.72261 0.59464 
1312	14	0.10792 0.80690 0.45125 0.09624 0.70690 0.64125 
1313	14	0.10186 0.79674 0.50672 0.09631 0.70091 0.63181 
1314	14	0.14490 0.74526 0.46356 0.11683 0.72400 0.59079 
1315	14	0.12389 0.76650 0.52304 0.07968 0.66309 0.68488 
1316	14	0.17440 0.75605 0.44822 0.14282 0.72529 0.57087 
1317	14	0.13256 0.81165 0.50487 0.08012 0.65182 0.68631 
1318	14	0.13242 0.77400 0.38625 0.13719 0.76801 0.53987 
1319	14	0.13266 0.95095 0.08824 0.11730 0.83441 0.54292 
1320	14	0.13828 0.97342 0.06781 0.11063 0.85734 0.53873 
1321	14	0.08043 0.57995 0.80790 0.08309 0.62685 0.70592 
1322	14	0.10080 0.62509 0.37449 0.10001 0.71785 0.59117 
1323	14	0.12514 0.60828 0.71035 0.10060 0.62365 0.66675 
1324	14	0.15181 0.95433 0.06910 0.11076 0.84960 0.52547 
1325	14	0.13389 0.74499 0.51543 0.10861 0.69092 0.62513 
1326	14	0.09957 0.73229 0.63172 0.08777 0.61649 0.67732 
1327	14	0.11323 0.64459 0.84847 0.07973 0.60456 0.71529 
1328	14	0.08751 0.94173 0.14826 0.07687 0.78742 0.63196 
1329	14	0.10238 0.64244 0.75197 0.08448 0.64789 0.66998 
1330	14	0.11628 0.68818 1.00000 0.07487 0.55746 0.76459 
1331	14	0.18690 0.70331 0.56322 0.13241 0.71357 0.59473 
1332	14	0.11114 0.73510 0.49120 0.10330 0.66963 0.63032 
1333	14	0.13480 0.60205 0.84463 0.08875 0.60826 0.70992 
1334	14	0.18444 0.72032 0.59193 0.12289 0.71042 0.61754 
1335	14	0.15919 0.79194 0.46499 0.09170 0.70269 0.65331 
1336	14	0.16026 0.62532 0.59297 0.12094 0.69318 0.60935 
1337	14	0.14243 0.65257 0.89534 0.09657 0.63441 0.69204 
1338	14	0.08736 0.70683 0.51892 0.07693 0.66021 0.66755 
1339	14	0.09387 0.58952 0.66148 0.09719 0.70113 0.62149 
1340	14	0.14328 0.61780 0.60115 0.11831 0.69435 0.61321 
1341	14	0.09670 0.74837 0.64682 0.07809 0.61748 0.71560 
1342	14	0.10918 0.63255 0.72607 0.08195 0.67026 0.69159 
1343	14	0.09089 0.94147 0.10226 0.07510 0.78388 0.61250 
1344	14	0.10962 0.58521 0.73981 0.07206 0.62497 0.71730 
1345	14	0.16817 0.71275 0.58902 0.09941 0.67380 0.65190 
1346	14	0.13669 0.64818 0.66353 0.10310 0.67902 0.64895 
1347	14	0.07240 0.39822 0.67262 0.08015 0.65466 0.66516 
1348	14	0.10527 0.54138 0.78504 0.06264 0.56228 0.76326 
1349	14	0.16812 0.65670 0.68555 0.13412 0.64580 0.62918 
1350	14	0.09724 0.62649 0.58008 0.06637 0.59690 0.71168 
1351	14	0.12359 0.97840 0.08805 0.08476 0.78260 0.61980 
1352	14	0.12046 0.68636 0.52967 0.09270 0.65046 0.63312 
1353	14	0.10804 0.79826 0.42204 0.08584 0.62158 0.67883 
1354	14	0.09188 0.53080 0.76741 0.06291 0.52037 0.76284 
1355	14	0.11467 0.70111 0.38598 0.08070 0.67003 0.63806 
1356	14	0.12194 0.65473 0.66839 0.08489 0.60582 0.71081 
1357	14	0.11648 0.62381 0.96079 0.06932 0.55732 0.77406 
1358	14	0.11268 0.52926 0.94067 0.09925 0.58679 0.69930 
1359	14	0.13542 0.97455 0.07577 0.07288 0.75251 0.66083 
1360	14	0.15756 0.67451 0.36821 0.10718 0.63110 0.64567 
1361	14	0.18665 0.74087 0.57633 0.09937 0.62388 0.67320 
1362	14	0.09429 0.59496 0.86717 0.09065 0.59680 0.69400 
1363	14	0.24649 0.96051 0.08161 0.15620 0.83753 0.50979 
1364	14	0.10642 0.75944 0.53648 0.08174 0.62937 0.69288 
1365	14	0.13941 0.75427 0.51522 0.09197 0.66300 0.65221 
1366	14	0.20701 0.82240 0.41197 0.15171 0.70022 0.56992 
1367	14	0.68579 0.79557 0.31295 0.53513 0.73761 0.41291 
1368	14	0.62790 0.77272 0.33638 0.45453 0.73848 0.43383 
1369	14	0.17218 0.76777 0.30217 0.08295 0.50965 0.71877 
1370	14	0.20004 0.81443 0.28742 0.09134 0.50599 0.73534 
1371	14	0.28349 0.82471 0.22363 0.14229 0.51521 0.65439 
1372	14	0.18272 0.41756 0.49748 0.10756 0.52715 0.66658 
1373	14	0.21321 0.48988 0.50447 0.11865 0.48710 0.66505 
1374	14	0.16697 0.76214 0.31776 0.10988 0.52392 0.68045 
1375	14	0.20204 0.82469 0.27289 0.07784 0.50246 0.75077 
1376	14	0.20198 0.71024 0.42087 0.08615 0.57055 0.72530 
1377	14	0.23311 0.76429 0.39952 0.10552 0.54512 0.73841 
1378	14	0.22316 0.85036 0.23318 0.10813 0.58489 0.69336 
1379	14	0.18087 0.64114 0.43327 0.09192 0.51883 0.74050 
1380	14	0.11835 0.71511 0.28037 0.07478 0.56475 0.71254 
1381	14	0.15287 0.55725 0.46651 0.08847 0.59712 0.71247 
1382	14	0.14942 0.34213 0.77207 0.08777 0.51165 0.76349 
1383	14	0.14160 0.31400 0.58169 0.10516 0.53834 0.71258 
1384	14	0.19518 0.36399 0.84785 0.09694 0.49855 0.77711 
1385	14	0.22345 0.46301 0.50194 0.12133 0.62511 0.66341 
1386	14	0.16776 0.50328 0.49255 0.08986 0.59050 0.70583 
1387	14	0.06571 0.54946 0.58674 0.05129 0.56165 0.77517 
1388	14	0.08964 0.68802 0.35974 0.05955 0.57388 0.75192 
1389	14	0.12467 0.66798 0.38374 0.07280 0.57025 0.73388 
1390	14	0.19283 0.40158 0.69622 0.09589 0.53953 0.73855 
1391	14	0.29037 0.00000 0.38498 0.12292 0.35444 0.62701 
1392	14	0.12054 0.59279 0.43140 0.09374 0.60582 0.68037 
1393	14	0.17607 0.22127 0.64713 0.12226 0.60800 0.65242 
1394	14	0.14114 0.78581 0.27385 0.09332 0.56939 0.72035 
1395	14	0.12340 0.29882 0.82884 0.08507 0.50574 0.76013 
1396	14	0.17490 0.68790 0.42290 0.08979 0.54747 0.71365 
1397	14	0.15432 0.60879 0.31872 0.09126 0.58910 0.67507 
1398	14	0.13043 0.67370 0.50587 0.07043 0.49674 0.80073 
1399	14	0.18248 0.50366 0.38771 0.11266 0.57785 0.66729 
