600	6	6
0	1	0.40544 0.82616 0.16962 0.20992 0.69300 0.53449 
1	1	0.50564 0.95034 0.08949 0.38125 0.89110 0.33514 
2	1	0.23947 0.83923 0.21460 0.13603 0.62016 0.59332 
3	1	0.11308 0.74181 0.31990 0.05781 0.40098 0.72934 
4	1	0.21990 0.83350 0.22536 0.08451 0.42063 0.69612 
5	1	0.28886 0.91338 0.16032 0.14011 0.67670 0.60158 
6	1	0.51935 0.83979 0.19676 0.30914 0.71135 0.47683 
7	1	0.12295 0.77040 0.23492 0.06060 0.41631 0.72161 
8	1	0.50086 0.89576 0.15685 0.28277 0.67131 0.50404 
9	1	0.45148 0.96476 0.13470 0.24734 0.71957 0.47886 
10	1	0.38839 0.93486 0.15084 0.19137 0.67995 0.57992 
11	1	0.69713 0.86808 0.11493 0.53841 0.91230 0.25558 
12	1	0.30809 0.92169 0.22563 0.14489 0.62072 0.62996 
13	1	0.43160 0.89271 0.12278 0.35453 0.87009 0.34736 
14	1	0.09766 0.80535 0.20768 0.03515 0.40475 0.79050 
15	1	0.43888 0.92350 0.16046 0.23691 0.70324 0.54807 
16	1	0.06777 0.81142 0.24338 0.04012 0.42265 0.77898 
17	1	0.14315 0.82520 0.20442 0.05573 0.47408 0.74600 
18	1	0.44257 0.94470 0.08491 0.22942 0.75797 0.52661 
19	1	0.54591 0.89681 0.25339 0.32179 0.71093 0.50853 
20	1	0.25434 0.84477 0.14952 0.14814 0.70926 0.56699 
21	1	0.35979 0.92688 0.15407 0.15174 0.55507 0.65332 
22	1	0.27110 0.90273 0.10305 0.24199 0.89227 0.40717 
23	1	0.32336 0.86175 0.14905 0.20594 0.75369 0.50895 
24	1	0.31190 0.88716 0.09477 0.23810 0.88109 0.42504 
25	1	0.17427 0.87230 0.30479 0.06388 0.50806 0.76730 
26	1	0.12739 0.87062 0.31698 0.04779 0.46526 0.80222 
27	1	0.24573 0.88718 0.21262 0.12458 0.59674 0.63467 
28	1	0.22304 0.89222 0.25577 0.09443 0.59078 0.67908 
29	1	0.27893 0.89610 0.26933 0.10639 0.53403 0.71226 
30	1	0.52341 0.97018 0.05964 0.39227 0.89748 0.32997 
31	1	0.22831 0.87171 0.34647 0.07965 0.45931 0.76657 
32	1	0.54345 0.92061 0.12551 0.34250 0.77713 0.41880 
33	1	0.33881 0.86137 0.27278 0.14503 0.59063 0.64775 
34	1	0.24757 0.83531 0.31051 0.09327 0.50224 0.72402 
35	1	0.39942 0.91706 0.23214 0.19419 0.66194 0.59244 
36	1	0.39552 0.96431 0.16251 0.20013 0.65983 0.53345 
37	1	0.79125 0.83051 0.06206 0.64031 0.87852 0.22084 
38	1	0.47489 0.84864 0.20465 0.25181 0.67740 0.55317 
39	1	0.26028 0.92550 0.12401 0.10906 0.60757 0.65748 
40	1	0.49268 0.91260 0.16092 0.27398 0.68797 0.52466 
41	1	0.26095 0.85491 0.11750 0.14452 0.65068 0.57938 
42	1	0.34566 0.96846 0.10009 0.20330 0.84058 0.46885 
43	1	0.36176 0.83588 0.13305 0.19280 0.68982 0.52909 
44	1	0.13819 0.87630 0.26588 0.04969 0.44337 0.79668 
45	1	0.47804 0.93746 0.10777 0.26281 0.71496 0.51462 
46	1	0.47179 0.93080 0.15499 0.25341 0.67593 0.53879 
47	1	0.34235 0.88340 0.18197 0.16695 0.60315 0.56807 
48	1	0.90881 0.94780 0.05759 0.83126 0.94619 0.13254 
49	1	0.41898 0.85550 0.15485 0.20937 0.68463 0.55282 
50	1	0.26168 0.90888 0.18455 0.11056 0.65464 0.65378 
51	1	0.49546 0.87988 0.17439 0.27445 0.66237 0.52925 
52	1	0.52677 0.82913 0.16886 0.30999 0.69288 0.47426 
53	1	0.37010 0.89866 0.09542 0.20564 0.72284 0.46673 
54	1	0.12563 0.70687 0.21482 0.07040 0.47426 0.67042 
55	1	0.39381 0.86979 0.07119 0.24686 0.83145 0.42005 
56	1	0.27800 0.91415 0.25387 0.13855 0.68510 0.60561 
57	1	0.30380 0.87982 0.26123 0.11787 0.51088 0.71168 
58	1	0.48083 0.92268 0.17908 0.25967 0.68774 0.53448 
59	1	0.29500 0.87462 0.12562 0.19887 0.81065 0.47268 
60	1	0.32018 0.80002 0.18248 0.19371 0.71169 0.52238 
61	1	0.27484 0.89448 0.18123 0.17872 0.73619 0.53373 
62	1	0.25447 0.92529 0.16232 0.10809 0.60309 0.65836 
63	1	0.42982 0.92349 0.11988 0.21876 0.68023 0.55087 
64	1	0.32804 0.87865 0.15716 0.18084 0.73419 0.54015 
65	1	0.43142 0.83065 0.17860 0.23734 0.71066 0.49715 
66	1	0.65494 0.89234 0.10360 0.45885 0.83098 0.33975 
67	1	0.37960 0.95477 0.10732 0.18299 0.62438 0.55325 
68	1	0.45123 0.93049 0.17100 0.26179 0.72819 0.50471 
69	1	0.49684 0.89908 0.14512 0.27829 0.68516 0.51032 
70	1	0.89970 0.91990 0.09273 0.81514 0.92956 0.15082 
71	1	0.85178 0.94719 0.10792 0.73404 0.89878 0.19619 
72	1	0.57259 0.79994 0.19532 0.35408 0.71466 0.45554 
73	1	0.17280 0.88595 0.26783 0.08146 0.57529 0.70406 
74	1	0.78050 0.94432 0.07923 0.62351 0.87964 0.26302 
75	1	0.21150 0.74310 0.23242 0.10107 0.54728 0.65534 
76	1	0.23709 0.88703 0.21206 0.09115 0.54068 0.70475 
77	1	0.49292 0.90728 0.15172 0.26551 0.66088 0.54391 
78	1	0.19607 0.87565 0.35564 0.06626 0.49299 0.76779 
79	1	0.24227 0.86004 0.24249 0.10934 0.51080 0.65117 
80	1	0.12816 0.75576 0.25479 0.06316 0.41700 0.72082 
81	1	0.43023 0.90119 0.20090 0.21149 0.65150 0.59659 
82	1	0.37487 0.88953 0.19574 0.16916 0.58856 0.62692 
83	1	0.20949 0.89815 0.17627 0.07650 0.50400 0.72598 
84	1	0.44990 0.86266 0.15773 0.24730 0.70194 0.51029 
85	1	0.43922 0.96209 0.13655 0.22359 0.66593 0.55770 
86	1	0.16413 0.86911 0.21145 0.08913 0.57369 0.67439 
87	1	0.21751 0.98032 0.12867 0.10398 0.63616 0.67183 
88	1	0.48722 0.90706 0.24128 0.26819 0.70686 0.55027 
89	1	0.24087 0.95341 0.06785 0.17630 0.84174 0.49654 
90	1	0.40872 0.80615 0.26100 0.19795 0.62675 0.59952 
91	1	0.27209 0.81679 0.11006 0.12140 0.63525 0.60579 
92	1	0.34369 0.86586 0.21362 0.15468 0.63893 0.60400 
93	1	0.28843 0.84472 0.17952 0.12753 0.59687 0.63456 
94	1	0.42983 0.85116 0.21516 0.21667 0.61141 0.58452 
95	1	0.14386 0.86760 0.15478 0.07209 0.55698 0.68166 
96	1	0.38005 0.88488 0.27493 0.16198 0.51399 0.69227 
97	1	0.29507 0.82016 0.31106 0.10810 0.46702 0.73133 
98	1	0.29763 0.92531 0.23520 0.12246 0.62133 0.67303 
99	1	0.76414 0.90966 0.09470 0.59880 0.86249 0.27120 
100	2	0.42432 0.88654 0.35032 0.20093 0.59029 0.66146 
101	2	0.58888 0.87271 0.11403 0.36866 0.69764 0.42115 
102	2	0.11078 0.66719 0.27193 0.04174 0.39371 0.76781 
103	2	0.70950 0.58163 0.26460 0.51819 0.72487 0.35230 
104	2	0.59460 0.75294 0.38006 0.36989 0.59954 0.50412 
105	2	0.77356 0.71132 0.27276 0.60991 0.80043 0.28191 
106	2	0.69031 0.72448 0.41496 0.48973 0.66784 0.41825 
107	2	0.20166 0.63580 0.27833 0.09875 0.54517 0.65708 
108	2	0.16333 0.79205 0.26034 0.09408 0.55331 0.61136 
109	2	0.11920 0.61846 0.35222 0.05062 0.38974 0.75307 
110	2	0.08233 0.83916 0.30830 0.02649 0.30996 0.81058 
111	2	0.19370 0.55431 0.30336 0.08473 0.50072 0.65365 
112	2	0.64743 0.54100 0.60682 0.43348 0.63456 0.46011 
113	2	0.14096 0.77136 0.24746 0.06192 0.52255 0.75937 
114	2	0.18582 0.59529 0.38855 0.07169 0.38899 0.75929 
115	2	0.30094 0.63248 0.23620 0.13453 0.58962 0.60216 
116	2	0.25289 0.92157 0.31516 0.12873 0.68113 0.67125 
117	2	0.19232 0.76638 0.38734 0.05897 0.35181 0.80088 
118	2	0.18050 0.77802 0.44242 0.06914 0.55278 0.76278 
119	2	0.10755 0.66927 0.47406 0.05166 0.49528 0.78411 
120	2	0.25091 0.79634 0.15836 0.13129 0.57371 0.56358 
121	2	0.10109 0.69723 0.51172 0.04189 0.46747 0.81502 
122	2	0.35331 0.80014 0.14570 0.19161 0.73368 0.45094 
123	2	0.06651 0.55338 0.42414 0.02565 0.24449 0.84386 
124	2	0.42426 0.81061 0.67279 0.20001 0.51270 0.65637 
125	2	0.54352 0.90540 0.27342 0.31122 0.56553 0.55865 
126	2	0.66682 0.84790 0.24227 0.45905 0.69075 0.42889 
127	2	0.09175 0.74951 0.31867 0.02622 0.29282 0.83921 
128	2	0.22884 0.67558 0.87426 0.13746 0.63309 0.60616 
129	2	0.18668 0.40618 0.64449 0.05633 0.41749 0.83043 
130	2	0.33420 0.78188 0.24868 0.14279 0.50972 0.63348 
131	2	0.47910 0.78470 0.26459 0.27359 0.68025 0.44986 
132	2	0.57503 0.71889 0.18364 0.35952 0.70947 0.42409 
133	2	0.33102 0.71783 0.02571 0.25351 0.74720 0.34761 
134	2	0.18355 0.61732 0.31354 0.06694 0.45507 0.73271 
135	2	0.33679 0.50576 0.31016 0.22736 0.66989 0.51928 
136	2	0.28041 0.68641 0.27626 0.17742 0.72858 0.55544 
137	2	0.47751 0.07654 0.48845 0.25192 0.51766 0.57638 
138	2	0.54705 0.83318 0.22369 0.32273 0.60598 0.47365 
139	2	0.18439 0.54646 0.65122 0.10614 0.51594 0.71950 
140	2	0.30101 0.91415 0.09484 0.13594 0.67435 0.54730 
141	2	0.39381 0.79979 0.56911 0.17928 0.46772 0.65159 
142	2	0.39258 0.95797 0.07460 0.22992 0.81474 0.41025 
143	2	0.13121 0.94470 0.11051 0.08176 0.69466 0.65197 
144	2	0.16764 0.73533 0.35791 0.04387 0.34465 0.84973 
145	2	0.11090 0.78201 0.55917 0.02527 0.26277 0.89037 
146	2	0.05153 0.68072 0.53070 0.02422 0.39548 0.84984 
147	2	0.09742 0.82848 0.42713 0.02278 0.27901 0.87761 
148	2	0.55229 0.84038 0.25335 0.32531 0.64901 0.51846 
149	2	0.50083 0.72730 0.21249 0.27275 0.62631 0.54104 
150	2	0.59460 0.77326 0.43753 0.36756 0.58500 0.53831 
151	2	0.26104 0.88362 0.21441 0.09703 0.49297 0.70710 
152	2	0.12011 0.65090 0.26004 0.03683 0.25506 0.79242 
153	2	0.07925 0.65846 0.30737 0.02552 0.25658 0.82296 
154	2	0.10527 0.64853 0.70668 0.02282 0.24227 0.91713 
155	2	0.41981 0.73231 0.57720 0.20682 0.56902 0.65251 
156	2	0.13954 0.64359 0.66225 0.05392 0.43515 0.83724 
157	2	0.24205 0.63450 0.61322 0.07932 0.33549 0.80956 
158	2	0.54308 0.89201 0.25707 0.34754 0.76430 0.32437 
159	2	0.36719 0.60100 0.46606 0.17057 0.51168 0.64185 
160	2	0.50388 0.76661 0.11679 0.28670 0.69093 0.44928 
161	2	0.06800 0.66368 0.34052 0.03367 0.39475 0.77239 
162	2	0.14116 0.57929 0.57349 0.03902 0.26520 0.83582 
163	2	0.39762 0.77322 0.13602 0.18904 0.58160 0.56778 
164	2	0.71073 0.80770 0.06173 0.53080 0.85807 0.26531 
165	2	0.27835 0.80194 0.30699 0.11270 0.58142 0.69466 
166	2	0.54464 0.86566 0.12187 0.32719 0.78237 0.45462 
167	2	0.39435 0.89297 0.34860 0.18459 0.60291 0.64515 
168	2	0.54158 0.82736 0.31620 0.31418 0.62636 0.54460 
169	2	0.34800 0.80078 0.30894 0.14156 0.43621 0.68817 
170	2	0.48238 0.54458 0.60020 0.24915 0.48418 0.62655 
171	2	0.13368 0.82759 0.28492 0.05075 0.41480 0.76574 
172	2	0.21637 0.61899 0.34247 0.07441 0.42001 0.74885 
173	2	0.49778 0.76190 0.64574 0.26640 0.57693 0.59393 
174	2	0.10470 0.88105 0.18818 0.04701 0.45492 0.76951 
175	2	0.58608 0.87762 0.26566 0.35997 0.65778 0.50591 
176	2	0.18134 0.77722 0.62889 0.05156 0.30438 0.87507 
177	2	0.16035 0.75825 0.55935 0.04679 0.34188 0.86329 
178	2	0.35541 0.87862 0.21316 0.17709 0.69014 0.54559 
179	2	0.57335 0.92613 0.11699 0.34658 0.65336 0.48867 
180	2	0.10000 0.64140 0.68816 0.02059 0.21501 0.91907 
181	2	0.16018 0.71878 0.24524 0.06321 0.41348 0.70839 
182	2	0.12361 0.59057 0.28096 0.05362 0.43979 0.70172 
183	2	0.19506 0.76339 0.29936 0.06995 0.50476 0.71357 
184	2	0.38541 0.82593 0.33672 0.17298 0.53673 0.64488 
185	2	0.48297 0.74647 0.61459 0.25377 0.61205 0.61159 
186	2	0.60468 0.69677 0.19530 0.38669 0.73351 0.43149 
187	2	0.65157 0.46522 0.43622 0.44363 0.67455 0.40872 
188	2	0.22987 0.86272 0.49930 0.07076 0.35925 0.81144 
189	2	0.36447 0.84576 0.55016 0.15228 0.47080 0.71374 
190	2	0.22134 0.87108 0.37047 0.08844 0.64980 0.70183 
191	2	0.53103 0.89860 0.16747 0.31047 0.66873 0.46019 
192	2	0.12097 0.94444 0.12541 0.05202 0.49734 0.75710 
193	2	0.08689 0.88303 0.18021 0.03365 0.43368 0.78971 
194	2	0.53047 0.76596 0.48985 0.29645 0.54163 0.60213 
195	2	0.58020 0.83288 0.11942 0.36598 0.74187 0.39497 
196	2	0.18544 0.79953 0.52463 0.04778 0.30226 0.85661 
197	2	0.38183 0.92005 0.19997 0.17355 0.57618 0.60913 
198	2	0.50738 0.79271 0.33372 0.27497 0.54204 0.58527 
199	2	0.51556 0.59825 0.35203 0.29288 0.59055 0.47932 
200	3	0.67875 0.64895 0.29584 0.47572 0.71349 0.38927 
201	3	0.63597 0.84516 0.27211 0.42259 0.70511 0.43718 
202	3	0.21421 0.87437 0.20803 0.07683 0.48582 0.72194 
203	3	0.51060 0.80584 0.33393 0.33883 0.77546 0.42482 
204	3	0.67754 0.93152 0.17592 0.47987 0.79889 0.35205 
205	3	0.73332 0.82226 0.27416 0.54979 0.75121 0.37243 
206	3	0.34832 0.80646 0.12455 0.17266 0.69562 0.52656 
207	3	0.36060 0.62237 0.49590 0.15612 0.54678 0.68393 
208	3	0.30019 0.71719 0.27106 0.13818 0.64924 0.59573 
209	3	0.13946 0.82253 0.38733 0.04538 0.50056 0.80171 
210	3	0.73217 0.66364 0.05328 0.56571 0.84946 0.23386 
211	3	0.48788 0.88517 0.56120 0.26186 0.58496 0.59008 
212	3	0.17539 0.79553 0.12377 0.09481 0.60431 0.60567 
213	3	0.23585 0.90524 0.10571 0.11989 0.68259 0.58825 
214	3	0.40121 0.69154 0.41807 0.28923 0.79352 0.45297 
215	3	0.33413 0.65897 0.13450 0.16494 0.60654 0.55438 
216	3	0.13363 0.83296 0.18642 0.05713 0.48181 0.71773 
217	3	0.78780 0.79541 0.09227 0.63318 0.86053 0.24932 
218	3	0.23022 0.39293 0.58230 0.08215 0.39507 0.71515 
219	3	0.13202 0.84143 0.34373 0.05865 0.50579 0.76059 
220	3	0.30559 0.80018 0.19281 0.12344 0.57123 0.65914 
221	3	0.14024 0.50060 0.96392 0.03074 0.19732 0.91405 
222	3	0.21182 0.87621 0.13017 0.11255 0.57614 0.59544 
223	3	0.21287 0.90917 0.25728 0.08242 0.56362 0.69373 
224	3	0.49788 0.49488 0.18641 0.28662 0.68917 0.46122 
225	3	0.60666 0.94470 0.03129 0.41015 0.90048 0.32598 
226	3	0.39858 0.88596 0.20035 0.21382 0.54121 0.50856 
227	3	0.45414 0.87050 0.38998 0.24251 0.68803 0.56016 
228	3	0.07192 0.73818 0.34630 0.03374 0.41715 0.78759 
229	3	0.22188 0.77609 0.10354 0.13157 0.75735 0.56028 
230	3	0.31296 0.77348 0.32194 0.16396 0.56071 0.63073 
231	3	0.08452 0.75743 0.29792 0.03569 0.32806 0.79091 
232	3	0.53677 0.56594 0.17173 0.35949 0.83525 0.35941 
233	3	0.15822 0.49644 0.50496 0.06051 0.36538 0.76501 
234	3	0.40683 0.81197 0.13820 0.21753 0.67685 0.49291 
235	3	0.51124 0.35681 0.15562 0.29963 0.67872 0.44422 
236	3	0.59015 0.76800 0.08018 0.42367 0.88535 0.27856 
237	3	0.26697 0.88766 0.22658 0.10380 0.59609 0.70708 
238	3	0.09571 0.92853 0.30779 0.03016 0.42460 0.84944 
239	3	0.17401 0.68808 0.17665 0.10025 0.59870 0.64027 
240	3	0.08415 0.90131 0.14725 0.05104 0.55588 0.67576 
241	3	0.22730 0.92113 0.16088 0.16567 0.62482 0.47803 
242	3	0.11697 0.82765 0.11404 0.06741 0.56447 0.66367 
243	3	0.29892 0.95509 0.26169 0.16681 0.74693 0.56970 
244	3	0.50861 0.88436 0.16394 0.29283 0.70213 0.46104 
245	3	0.21906 0.94085 0.06546 0.12567 0.76340 0.56478 
246	3	0.15901 0.74059 0.24066 0.09476 0.71437 0.62383 
247	3	0.08213 0.79751 0.55718 0.01711 0.29258 0.93126 
248	3	0.13313 0.86275 0.20557 0.05703 0.58232 0.74746 
249	3	0.30927 0.74358 0.17705 0.14850 0.69949 0.58017 
250	3	0.13826 0.74797 0.20970 0.05972 0.50789 0.72494 
251	3	0.27711 0.70622 0.22544 0.13585 0.42349 0.61124 
252	3	0.36262 0.86763 0.06021 0.28027 0.93841 0.35408 
253	3	0.19430 0.59283 0.19861 0.11107 0.50360 0.58586 
254	3	0.37680 0.55883 0.12305 0.26756 0.73839 0.41967 
255	3	0.35763 0.50083 0.27186 0.19148 0.54949 0.47196 
256	3	0.18483 0.54826 0.36469 0.08287 0.54574 0.69233 
257	3	0.43464 0.91997 0.36147 0.21335 0.60465 0.60637 
258	3	0.80581 0.58278 0.09422 0.66832 0.91052 0.19718 
259	3	0.20312 0.79126 0.11429 0.11032 0.55213 0.61157 
260	3	0.19130 0.27724 0.86450 0.07056 0.36379 0.79631 
261	3	1.00000 0.28736 0.00000 1.00000 1.00000 0.00000 
262	3	0.49794 0.76458 0.06719 0.37547 0.93811 0.28810 
263	3	0.47237 0.54801 0.20727 0.25910 0.70097 0.50474 
264	3	0.25278 0.83566 0.33917 0.10059 0.57220 0.67950 
265	3	0.26632 0.64849 0.17081 0.12366 0.57660 0.58733 
266	3	0.28283 0.98000 0.20128 0.16961 0.63135 0.59087 
267	3	0.44636 0.71980 0.09878 0.31233 0.77762 0.35543 
268	3	0.65099 0.43706 0.08389 0.47522 0.83005 0.22580 
269	3	0.34089 0.85115 0.20398 0.19446 0.69058 0.53333 
270	3	0.37534 0.88682 0.14432 0.27719 0.77535 0.41103 
271	3	0.41850 0.99035 0.04603 0.37299 0.98117 0.23738 
272	3	0.40675 1.00000 0.06306 0.31614 0.93570 0.29904 
273	3	0.91240 0.88747 0.15631 0.84246 0.98227 0.05487 
274	3	0.75528 0.46341 0.04741 0.60296 0.86381 0.17519 
275	3	0.22487 0.68554 0.27616 0.08047 0.43455 0.73429 
276	3	0.36435 0.70142 0.20028 0.20574 0.68563 0.52313 
277	3	0.39306 0.58655 0.21708 0.21986 0.75666 0.52863 
278	3	0.29576 0.63259 0.13981 0.18960 0.68804 0.47000 
279	3	0.19044 0.06510 0.22195 0.09339 0.23880 0.58070 
280	3	0.41040 0.69862 0.28627 0.19036 0.50789 0.62765 
281	3	0.20748 0.80572 0.13936 0.13912 0.69481 0.53588 
282	3	0.31731 0.78857 0.07675 0.22278 0.80668 0.40765 
283	3	0.51743 0.57431 0.62093 0.28395 0.54179 0.59865 
284	3	0.52384 0.61363 0.18406 0.31368 0.74348 0.42276 
285	3	0.18901 0.54408 0.28467 0.09459 0.53036 0.64720 
286	3	0.20269 0.92483 0.06097 0.11336 0.74852 0.55174 
287	3	0.33042 0.80763 0.13123 0.23417 0.87210 0.43471 
288	3	0.14103 0.85666 0.11757 0.09155 0.66622 0.60571 
289	3	0.36074 0.50512 0.20315 0.19503 0.67184 0.50700 
290	3	0.36176 0.71768 0.11175 0.21355 0.82474 0.44658 
291	3	0.20754 0.53642 0.10480 0.15906 0.64847 0.48546 
292	3	0.40488 0.76730 0.19357 0.24449 0.84797 0.45854 
293	3	0.31056 0.63828 0.43238 0.12058 0.54370 0.72692 
294	3	0.79575 0.52944 0.06780 0.65148 0.87273 0.18808 
295	3	0.30404 0.64265 0.24289 0.21790 0.79321 0.50077 
296	3	0.38246 0.80400 0.43186 0.19888 0.67475 0.59499 
297	3	0.34112 0.86674 0.04290 0.24594 0.88287 0.39003 
298	3	0.29326 0.94840 0.02709 0.18859 0.87432 0.43666 
299	3	0.44729 0.72932 0.13946 0.26191 0.76678 0.43777 
300	4	0.35265 0.66265 0.10828 0.18682 0.55441 0.49773 
301	4	0.26366 0.32830 0.61630 0.09945 0.27606 0.72853 
302	4	0.52010 0.12670 0.15313 0.32676 0.68186 0.40964 
303	4	0.19880 0.35010 0.36032 0.07100 0.36609 0.74639 
304	4	0.24294 0.93930 0.19115 0.11603 0.62383 0.65067 
305	4	0.13848 0.80463 0.18832 0.06585 0.57670 0.68177 
306	4	0.22216 0.56740 0.73556 0.06637 0.36851 0.82374 
307	4	0.16423 0.99163 0.11086 0.07704 0.63484 0.64336 
308	4	0.13147 0.66747 0.27459 0.06257 0.50378 0.73128 
309	4	0.02225 0.16629 1.00000 0.00124 0.00000 0.99169 
310	4	0.18268 0.52843 0.65751 0.04557 0.26739 0.87601 
311	4	0.09420 0.78340 0.19475 0.03750 0.38362 0.75822 
312	4	0.09502 0.42685 0.61896 0.02925 0.15464 0.83765 
313	4	0.31604 0.62779 0.28403 0.12865 0.48448 0.69353 
314	4	0.15222 0.80332 0.18192 0.09214 0.50318 0.62752 
315	4	0.15904 0.71718 0.26366 0.09192 0.33854 0.64249 
316	4	0.11364 0.85987 0.27291 0.03778 0.47437 0.81594 
317	4	0.20924 0.84181 0.14658 0.07243 0.44625 0.70838 
318	4	0.10995 0.55878 0.31208 0.05997 0.33615 0.67504 
319	4	0.68682 0.96566 0.11001 0.48595 0.72863 0.40032 
320	4	0.19983 0.80524 0.17321 0.07447 0.38814 0.68562 
321	4	0.18346 0.52753 0.16750 0.10136 0.50912 0.62400 
322	4	0.60992 0.76926 0.21392 0.38977 0.66792 0.45334 
323	4	0.50919 0.77867 0.34201 0.27653 0.54402 0.58276 
324	4	0.11817 0.75638 0.24683 0.05677 0.48751 0.68626 
325	4	0.24138 0.54947 0.18363 0.11413 0.50115 0.58426 
326	4	0.13292 0.81691 0.19128 0.04976 0.38708 0.73611 
327	4	0.35292 0.92414 0.09426 0.15728 0.58554 0.62405 
328	4	0.53497 0.64763 0.21319 0.30822 0.58653 0.48162 
329	4	0.33392 0.56390 0.17098 0.22213 0.66928 0.46741 
330	4	0.13550 0.77691 0.22569 0.08962 0.49081 0.58931 
331	4	0.29758 0.70692 0.27732 0.14129 0.58834 0.54493 
332	4	0.37436 0.51427 0.46694 0.16293 0.48367 0.67113 
333	4	0.30947 0.74079 0.21008 0.13403 0.56609 0.64310 
334	4	0.24340 0.52702 0.17144 0.13096 0.52356 0.57095 
335	4	0.13362 0.98338 0.11675 0.08645 0.70588 0.62804 
336	4	0.39918 0.65401 0.12309 0.25927 0.73826 0.44954 
337	4	0.18131 0.69646 0.23672 0.07354 0.38882 0.70679 
338	4	0.06590 0.71930 0.51434 0.02505 0.38453 0.87783 
339	4	0.37621 0.94645 0.08262 0.17379 0.60952 0.61126 
340	4	0.19774 0.73876 0.52792 0.05789 0.38579 0.81323 
341	4	0.21988 0.51584 0.27055 0.08080 0.33927 0.65852 
342	4	0.17615 0.75499 0.20749 0.09213 0.59391 0.63509 
343	4	0.17078 0.69525 0.39900 0.06911 0.49004 0.73262 
344	4	0.25787 0.65328 0.19210 0.10749 0.49415 0.60982 
345	4	0.26413 0.50291 0.25886 0.16428 0.60614 0.55959 
346	4	0.64520 0.48145 0.15996 0.44182 0.76590 0.34667 
347	4	0.16696 0.68604 0.43278 0.09382 0.67505 0.62349 
348	4	0.06115 0.41814 0.38123 0.02795 0.17757 0.79512 
349	4	0.10602 0.54095 0.37467 0.03868 0.28720 0.80267 
350	4	0.13350 0.59605 0.26990 0.05979 0.37703 0.74002 
351	4	0.07824 0.72045 0.45674 0.02281 0.24149 0.87019 
352	4	0.24880 0.49401 0.50348 0.08956 0.39927 0.75107 
353	4	0.45196 0.65658 0.76767 0.21798 0.43787 0.69544 
354	4	0.64899 0.89265 0.07786 0.44700 0.80457 0.36886 
355	4	0.25008 0.89535 0.13820 0.09416 0.50463 0.67897 
356	4	0.23318 0.65423 0.28174 0.10020 0.49287 0.58910 
357	4	0.20980 0.45241 0.20068 0.13458 0.48975 0.55413 
358	4	0.06522 0.67986 0.30587 0.02791 0.32674 0.81353 
359	4	0.13026 0.87251 0.08443 0.07227 0.61494 0.63776 
360	4	0.36976 0.56822 0.02986 0.22499 0.66496 0.36317 
361	4	0.19337 0.51583 0.30263 0.11228 0.53685 0.56395 
362	4	0.24569 0.60572 0.13790 0.12242 0.55507 0.57992 
363	4	0.27112 0.45053 0.21784 0.15894 0.56965 0.58532 
364	4	0.17753 0.03739 0.43495 0.09116 0.29455 0.64856 
365	4	0.14349 0.79868 0.27030 0.05668 0.50193 0.74885 
366	4	0.32404 0.51754 0.29062 0.14057 0.55841 0.60845 
367	4	0.04946 0.72528 0.54472 0.01103 0.14571 0.93445 
368	4	0.31452 0.59856 0.18097 0.18079 0.66858 0.50830 
369	4	0.19032 0.71342 0.09573 0.11387 0.60208 0.56000 
370	4	0.11101 0.50117 0.72968 0.03022 0.24491 0.86126 
371	4	0.20256 0.90192 0.17828 0.07614 0.57712 0.68461 
372	4	0.17391 0.42376 0.86302 0.04815 0.15237 0.84558 
373	4	0.36022 0.75866 0.25232 0.16842 0.63730 0.61306 
374	4	0.07600 0.00000 0.78840 0.02397 0.13780 0.86456 
375	4	0.28131 0.84092 0.14578 0.11842 0.62026 0.62554 
376	4	0.41551 0.67626 0.11739 0.26339 0.79584 0.39730 
377	4	0.00000 0.60606 0.73427 0.00000 0.06475 1.00000 
378	4	0.46066 0.22935 0.24664 0.27590 0.61556 0.33088 
379	4	0.20009 0.72472 0.12098 0.11353 0.51666 0.59717 
380	4	0.43854 0.19780 0.35546 0.26194 0.53840 0.37287 
381	4	0.02203 0.84650 0.32919 0.01083 0.29408 0.90370 
382	4	0.09447 0.72058 0.18303 0.04434 0.36699 0.71491 
383	4	0.23082 0.43250 0.68985 0.08316 0.42500 0.79330 
384	4	0.31861 0.38929 0.22719 0.13782 0.51667 0.63327 
385	4	0.06518 0.73428 0.36528 0.02723 0.31381 0.81844 
386	4	0.27201 0.70346 0.13109 0.11566 0.50994 0.59432 
387	4	0.13299 0.75126 0.37806 0.05027 0.37922 0.77139 
388	4	0.13431 0.61338 0.30663 0.03974 0.31263 0.79276 
389	4	0.26328 0.76835 0.11514 0.12964 0.61177 0.56411 
390	4	0.16121 0.86192 0.13910 0.06336 0.54954 0.72488 
391	4	0.15514 0.80895 0.19988 0.04820 0.45192 0.77478 
392	4	0.35275 0.54366 0.21115 0.17385 0.59294 0.55962 
393	4	0.12443 0.79677 0.22762 0.04611 0.38157 0.79182 
394	4	0.18160 0.70915 0.13498 0.09997 0.52996 0.57086 
395	4	0.08366 0.53427 0.28671 0.03343 0.23154 0.78687 
396	4	0.37518 0.77151 0.09049 0.17845 0.57694 0.54537 
397	4	0.12452 0.87062 0.13505 0.07136 0.53702 0.66562 
398	4	0.03273 0.44647 0.64347 0.00893 0.09224 0.93749 
399	4	0.13643 0.82791 0.42794 0.04105 0.41871 0.82497 
400	5	0.79295 0.70529 0.38264 0.63830 0.77080 0.31760 
401	5	0.79358 0.68274 0.37890 0.63918 0.77626 0.31669 
402	5	0.75832 0.70109 0.35618 0.58580 0.74575 0.35494 
403	5	0.76252 0.70759 0.33220 0.59190 0.74525 0.35050 
404	5	0.79082 0.72095 0.33296 0.63491 0.76983 0.31937 
405	5	0.79517 0.76974 0.28503 0.64161 0.76881 0.31387 
406	5	0.76363 0.67052 0.36701 0.59459 0.75478 0.33596 
407	5	0.75604 0.73504 0.26540 0.58265 0.74716 0.34588 
408	5	0.76624 0.69419 0.35579 0.59753 0.75332 0.34610 
409	5	0.77230 0.73865 0.42085 0.60619 0.73792 0.35535 
410	5	0.79896 0.69819 0.33013 0.64747 0.76917 0.30813 
411	5	0.78299 0.75478 0.30195 0.62286 0.76155 0.32631 
412	5	0.77248 0.71211 0.42683 0.60677 0.73940 0.34909 
413	5	0.79393 0.75158 0.39559 0.63946 0.75907 0.32442 
414	5	0.79792 0.61178 0.52694 0.64626 0.76498 0.30842 
415	5	0.78238 0.70155 0.35288 0.62230 0.75727 0.32425 
416	5	0.78886 0.72094 0.33098 0.63203 0.76490 0.31860 
417	5	0.79482 0.69561 0.37416 0.64125 0.77381 0.31371 
418	5	0.76352 0.75482 0.38918 0.59331 0.73839 0.35908 
419	5	0.76642 0.75641 0.34907 0.59772 0.73728 0.35137 
420	5	0.79894 0.74822 0.32902 0.64739 0.77840 0.31130 
421	5	0.80469 0.69461 0.35770 0.65661 0.77284 0.30203 
422	5	0.78145 0.74510 0.31541 0.62101 0.77054 0.32142 
423	5	0.79681 0.70214 0.35436 0.64452 0.77446 0.30833 
424	5	0.74152 0.67214 0.42598 0.56073 0.70561 0.38122 
425	5	0.27624 0.41444 0.52854 0.10915 0.44796 0.71567 
426	5	0.51997 0.75240 0.28948 0.34547 0.74380 0.40544 
427	5	0.81550 0.72929 0.32806 0.67387 0.79307 0.27954 
428	5	0.71215 0.74128 0.49298 0.51902 0.69483 0.41836 
429	5	0.24220 0.66120 0.49656 0.11295 0.50934 0.69707 
430	5	0.70311 0.73568 0.46325 0.50650 0.69285 0.42347 
431	5	0.72742 0.69732 0.52537 0.54035 0.69328 0.40533 
432	5	0.21046 0.73434 0.49842 0.07290 0.47569 0.78388 
433	5	0.72053 0.70959 0.48206 0.53106 0.70842 0.39722 
434	5	0.10812 0.64764 0.50095 0.03524 0.37994 0.83752 
435	5	0.75541 0.62602 0.47106 0.58127 0.71688 0.36197 
436	5	0.74720 0.60026 0.57173 0.56907 0.70979 0.38241 
437	5	0.79169 0.59930 0.42520 0.63654 0.75825 0.31069 
438	5	0.83972 0.68348 0.24212 0.71330 0.82195 0.23704 
439	5	0.81521 0.66635 0.37490 0.67320 0.78391 0.28931 
440	5	0.80402 0.72236 0.24988 0.65599 0.78592 0.27998 
441	5	0.79464 0.71739 0.34787 0.64138 0.77597 0.30177 
442	5	0.81417 0.74437 0.33937 0.67170 0.79344 0.28506 
443	5	0.80639 0.72018 0.34241 0.65915 0.78507 0.30441 
444	5	0.80592 0.73091 0.27467 0.65853 0.78651 0.29392 
445	5	0.82911 0.81390 0.13715 0.69662 0.85482 0.23807 
446	5	0.75974 0.74425 0.40502 0.58749 0.73519 0.36386 
447	5	0.76416 0.67682 0.41736 0.59429 0.73302 0.34998 
448	5	0.73287 0.69487 0.55122 0.54796 0.69566 0.40442 
449	5	0.10159 0.70902 0.82737 0.02719 0.32990 0.89477 
450	5	0.74973 0.71431 0.37860 0.57307 0.72829 0.36022 
451	5	0.11856 0.76210 0.53589 0.04130 0.39374 0.83621 
452	5	0.76799 0.67751 0.37929 0.60016 0.74280 0.33978 
453	5	0.15460 0.76814 0.48345 0.04297 0.36867 0.84372 
454	5	0.84214 0.67863 0.28249 0.71689 0.81992 0.24563 
455	5	0.23229 0.73826 0.43218 0.09665 0.45001 0.68949 
456	5	0.70633 0.68700 0.27792 0.51728 0.74934 0.35788 
457	5	0.19874 0.64833 0.50826 0.07067 0.34953 0.74719 
458	5	0.80272 0.66972 0.27125 0.65460 0.78773 0.27742 
459	5	0.82534 0.69944 0.21986 0.69039 0.81708 0.24327 
460	5	0.18551 0.64503 0.47601 0.07001 0.40315 0.73197 
461	5	0.76214 0.68793 0.17680 0.59640 0.80935 0.28142 
462	5	0.75572 0.68140 0.22474 0.58684 0.79633 0.30101 
463	5	0.79586 0.67120 0.27993 0.64441 0.79431 0.28568 
464	5	0.25594 0.69395 0.52475 0.11080 0.48440 0.69037 
465	5	0.81824 0.70460 0.21459 0.67903 0.81886 0.25203 
466	5	0.20604 0.62639 0.46492 0.08031 0.41730 0.71357 
467	5	0.73399 0.72305 0.34165 0.55046 0.72940 0.37107 
468	5	0.82618 0.80554 0.22441 0.69115 0.82901 0.25864 
469	5	0.47471 0.79905 0.55262 0.24676 0.54961 0.62729 
470	5	0.19588 0.83279 0.49215 0.08235 0.41206 0.75635 
471	5	0.31580 0.85768 0.44779 0.14247 0.55560 0.64299 
472	5	0.37311 0.84316 0.26407 0.19919 0.70696 0.55872 
473	5	0.38680 0.85523 0.25172 0.21518 0.72157 0.54067 
474	5	0.68929 0.77895 0.30585 0.49827 0.76834 0.36843 
475	5	0.10623 0.58165 0.41937 0.03182 0.28331 0.84400 
476	5	0.15078 0.82609 0.33167 0.06073 0.45605 0.76959 
477	5	0.16824 0.63799 0.34292 0.06639 0.45483 0.74674 
478	5	0.38801 0.79863 0.37233 0.17207 0.54562 0.67468 
479	5	0.38936 0.74275 0.30972 0.17180 0.50619 0.65636 
480	5	0.20755 0.76888 0.48671 0.06157 0.42167 0.81866 
481	5	0.37191 0.76351 0.34648 0.15976 0.49313 0.65363 
482	5	0.35594 0.85690 0.32902 0.22078 0.64584 0.49727 
483	5	0.42805 0.83035 0.58756 0.22038 0.60434 0.59135 
484	5	0.43156 0.85284 0.37361 0.23002 0.69414 0.48870 
485	5	0.40588 0.87511 0.32535 0.21649 0.66045 0.54851 
486	5	0.37476 0.84878 0.51685 0.18525 0.60443 0.60970 
487	5	0.44152 0.74596 0.36302 0.23437 0.64637 0.57628 
488	5	0.36347 0.85430 0.55689 0.20693 0.62274 0.57662 
489	5	0.37647 0.88630 0.33713 0.26795 0.72588 0.42645 
490	5	0.38264 0.83980 0.44771 0.22354 0.64010 0.55517 
491	5	0.38990 0.85084 0.41849 0.21640 0.64797 0.54243 
492	5	0.43419 0.83530 0.44208 0.24180 0.64058 0.54813 
493	5	0.38720 0.80831 0.52896 0.24873 0.66579 0.50134 
494	5	0.38667 0.80135 0.58118 0.19456 0.62306 0.58526 
495	5	0.45985 0.88498 0.40113 0.25550 0.69663 0.51893 
496	5	0.19346 0.81514 0.32395 0.06493 0.39843 0.76527 
497	5	0.16775 0.69565 0.35678 0.06796 0.43543 0.74284 
498	5	0.28240 0.85468 0.16680 0.15623 0.68167 0.56285 
499	5	0.78160 0.69512 0.62176 0.62023 0.73737 0.35163 
500	6	0.75483 0.82769 0.08118 0.59515 0.89402 0.20031 
501	6	0.19606 0.88179 0.14750 0.10199 0.64505 0.63039 
502	6	0.11187 0.85263 0.16312 0.06146 0.49750 0.67098 
503	6	0.27722 0.98901 0.09266 0.17927 0.78204 0.52966 
504	6	0.63989 0.81529 0.12806 0.42849 0.72608 0.38966 
505	6	0.63566 0.69726 0.13033 0.42596 0.72841 0.38012 
506	6	0.59753 0.96676 0.09594 0.38394 0.82453 0.39294 
507	6	0.61524 0.98334 0.11579 0.39943 0.74714 0.43989 
508	6	0.55000 0.94821 0.09087 0.33800 0.74018 0.42615 
509	6	0.32973 0.91199 0.01633 0.25380 0.90637 0.37044 
510	6	0.15942 0.80762 0.16248 0.07298 0.56544 0.67064 
511	6	0.58515 0.60299 0.20419 0.36515 0.66815 0.43803 
512	6	0.66736 0.90666 0.23320 0.46148 0.74859 0.43017 
513	6	0.30041 0.86445 0.09139 0.13424 0.65014 0.60890 
514	6	0.56328 0.70263 0.22987 0.34201 0.69853 0.46544 
515	6	0.08344 0.84124 0.47967 0.04371 0.43023 0.79399 
516	6	0.57151 0.73703 0.25842 0.34737 0.68659 0.46695 
517	6	0.29199 0.81622 0.11515 0.15434 0.71638 0.54315 
518	6	0.59940 0.79049 0.49716 0.37796 0.66334 0.49513 
519	6	0.21308 0.76591 0.15585 0.11555 0.51619 0.61568 
520	6	0.60115 0.84142 0.26083 0.38100 0.73426 0.46580 
521	6	0.27298 0.77909 0.14376 0.14104 0.67780 0.57673 
522	6	0.40747 0.80570 0.22198 0.19235 0.63110 0.60558 
523	6	0.50851 0.67321 0.47044 0.27923 0.62852 0.58618 
524	6	0.08196 0.72737 0.41073 0.03601 0.45788 0.81506 
525	6	0.38996 0.83970 0.33364 0.18266 0.59473 0.62649 
526	6	0.62416 0.56539 0.41195 0.40500 0.69152 0.48329 
527	6	0.74183 0.80708 0.26422 0.56164 0.73787 0.36632 
528	6	0.47160 0.73268 0.08454 0.27779 0.76704 0.41265 
529	6	0.32288 0.85485 0.15325 0.18974 0.75036 0.50306 
530	6	0.47085 0.84452 0.13390 0.26722 0.76040 0.45503 
531	6	0.32152 0.85993 0.01886 0.20305 0.83323 0.44118 
532	6	0.17228 0.65262 0.40514 0.05917 0.46711 0.77510 
533	6	0.28808 0.72936 0.54383 0.11707 0.58782 0.71367 
534	6	0.21170 0.81419 0.27420 0.07957 0.54522 0.75240 
535	6	0.54142 0.68910 0.11231 0.32308 0.70134 0.42584 
536	6	0.13253 0.76047 0.25646 0.04785 0.41055 0.73497 
537	6	0.53089 0.62693 0.13340 0.30963 0.68907 0.45398 
538	6	0.37895 0.71808 0.04320 0.31901 0.84184 0.31303 
539	6	0.86762 0.76954 0.08382 0.76089 0.91776 0.16872 
540	6	0.53799 0.87275 0.07566 0.31788 0.77740 0.44145 
541	6	0.53515 0.80495 0.44042 0.31022 0.66441 0.53816 
542	6	0.49063 0.77505 0.49772 0.26555 0.62230 0.57347 
543	6	0.61305 0.41324 0.35052 0.40600 0.75502 0.39816 
544	6	0.56282 0.42688 0.43927 0.34199 0.69260 0.47693 
545	6	0.52450 0.38409 0.61248 0.30076 0.60281 0.51845 
546	6	0.45769 0.73121 0.77089 0.23420 0.60166 0.62271 
547	6	0.54526 0.71380 0.70597 0.31558 0.60426 0.55543 
548	6	0.67250 0.20219 0.57189 0.47293 0.72285 0.37972 
549	6	0.70663 0.46391 0.35026 0.51464 0.72158 0.36211 
550	6	0.52776 0.36361 0.41557 0.30616 0.63053 0.48812 
551	6	0.44306 0.55182 0.45868 0.23241 0.62344 0.56815 
552	6	0.61654 0.30179 0.29882 0.40865 0.67301 0.37713 
553	6	0.50467 0.77431 0.66033 0.27521 0.60747 0.58906 
554	6	0.53449 0.38838 0.79930 0.30259 0.53842 0.56910 
555	6	0.61254 0.48888 0.46458 0.39681 0.72647 0.44707 
556	6	0.62508 0.25742 0.77842 0.40861 0.64797 0.45539 
557	6	0.46810 0.32048 0.64111 0.24668 0.59416 0.56447 
558	6	0.65169 0.25772 0.50991 0.44551 0.72338 0.38623 
559	6	0.69502 0.51570 0.36892 0.50144 0.76839 0.35633 
560	6	0.54490 0.88160 0.09307 0.32214 0.71949 0.44190 
561	6	0.26715 0.84874 0.17737 0.13610 0.59890 0.59899 
562	6	0.47896 0.87116 0.14886 0.25590 0.64637 0.52110 
563	6	0.24647 0.79747 0.18994 0.14127 0.66807 0.60392 
564	6	0.25030 0.68991 0.23214 0.12497 0.61164 0.62076 
565	6	0.82199 0.97173 0.08609 0.68490 0.85253 0.24869 
566	6	0.88210 0.86813 0.08895 0.78527 0.93706 0.16299 
567	6	0.24907 0.92568 0.14091 0.10348 0.60962 0.64323 
568	6	0.45317 0.96217 0.02089 0.28780 0.85855 0.39445 
569	6	0.12687 0.77899 0.19359 0.04109 0.34985 0.76405 
570	6	0.18737 0.87105 0.22571 0.08077 0.60949 0.68974 
571	6	0.93196 0.86193 0.04390 0.87315 0.98223 0.08023 
572	6	0.37180 0.93548 0.10301 0.22256 0.79022 0.50832 
573	6	0.22514 0.79132 0.12469 0.10861 0.57314 0.60271 
574	6	0.80352 0.45767 0.18098 0.65730 0.83569 0.23838 
575	6	0.10433 0.83222 0.23794 0.05092 0.47529 0.73285 
576	6	0.56297 0.90028 0.10235 0.34037 0.74384 0.45856 
577	6	0.27671 0.67548 0.23751 0.12213 0.60748 0.62798 
578	6	0.12820 0.81113 0.35743 0.03836 0.39850 0.83176 
579	6	0.70012 0.82182 0.31976 0.50393 0.73703 0.39397 
580	6	0.54400 0.65868 0.29880 0.32436 0.70088 0.45872 
581	6	0.11753 0.86887 0.16810 0.06288 0.57286 0.71841 
582	6	0.38685 0.95108 0.22690 0.17187 0.58348 0.66564 
583	6	0.15214 0.73120 0.24578 0.06448 0.52446 0.67277 
584	6	0.30899 0.90548 0.06762 0.21047 0.88166 0.45363 
585	6	0.28324 0.84612 0.06002 0.18411 0.71490 0.48517 
586	6	0.24423 0.85737 0.13267 0.14167 0.71763 0.54657 
587	6	0.36753 0.86569 0.15623 0.18073 0.69963 0.57763 
588	6	0.17516 0.76283 0.20128 0.06934 0.51426 0.72535 
589	6	0.44119 0.94266 0.03855 0.23506 0.75752 0.48932 
590	6	0.34926 0.68787 0.68383 0.14672 0.54591 0.71336 
591	6	0.46381 0.78945 0.11387 0.28777 0.76505 0.40990 
592	6	0.55055 0.97978 0.16501 0.33281 0.80420 0.44997 
593	6	0.22861 0.82512 0.12859 0.09020 0.48804 0.65256 
594	6	0.39622 0.83338 0.34588 0.26969 0.72788 0.50791 
595	6	0.66722 0.94036 0.10646 0.47897 0.82475 0.30834 
596	6	0.69813 0.78694 0.15513 0.51261 0.83531 0.31849 
597	6	0.77416 0.82973 0.10585 0.61268 0.85619 0.27344 
598	6	0.78042 0.70377 0.15018 0.62442 0.86868 0.24773 
599	6	0.44042 0.71991 0.18924 0.24773 0.69014 0.50280 
