600	6	6
0	1	0.24571 0.81090 0.24394 0.11905 0.57776 0.61114 
1	1	0.41597 0.93886 0.10755 0.26807 0.88177 0.38964 
2	1	0.22162 0.85762 0.23058 0.08889 0.58576 0.67209 
3	1	0.07201 0.74164 0.36060 0.03244 0.39529 0.79192 
4	1	0.20072 0.82764 0.32578 0.07997 0.49331 0.68127 
5	1	0.25347 0.91177 0.20459 0.17815 0.76096 0.48680 
6	1	0.40728 0.82815 0.25477 0.20455 0.62605 0.58233 
7	1	0.11522 0.75353 0.39904 0.05223 0.38912 0.73742 
8	1	0.42798 0.89384 0.22201 0.21628 0.60296 0.55987 
9	1	0.43538 0.96935 0.18529 0.24609 0.73844 0.44642 
10	1	0.35869 0.95087 0.19970 0.19304 0.68176 0.50655 
11	1	0.33849 0.86653 0.15648 0.29710 0.90128 0.31758 
12	1	0.26050 0.94102 0.26759 0.14748 0.69859 0.55026 
13	1	0.29935 0.90175 0.15346 0.23278 0.87409 0.38109 
14	1	0.09514 0.77625 0.28404 0.04031 0.46850 0.74029 
15	1	0.28934 0.93933 0.21566 0.19439 0.72694 0.50424 
16	1	0.07259 0.80375 0.33809 0.03645 0.48321 0.76143 
17	1	0.10592 0.80259 0.31330 0.04031 0.43769 0.75403 
18	1	0.24081 0.94746 0.17022 0.11074 0.71307 0.58523 
19	1	0.53614 0.87541 0.32405 0.31737 0.67643 0.49294 
20	1	0.22781 0.85619 0.22573 0.09046 0.56737 0.65772 
21	1	0.27796 0.90864 0.17900 0.10721 0.58154 0.71584 
22	1	0.22458 0.90062 0.15401 0.13276 0.84875 0.49469 
23	1	0.19959 0.81070 0.22320 0.11259 0.63542 0.58891 
24	1	0.24846 0.89348 0.13999 0.13833 0.83385 0.48873 
25	1	0.14314 0.87960 0.34410 0.06293 0.55012 0.69518 
26	1	0.09222 0.87126 0.35861 0.05530 0.52363 0.70229 
27	1	0.14958 0.88299 0.31460 0.07722 0.61059 0.63658 
28	1	0.28005 0.88415 0.25995 0.12791 0.65594 0.58017 
29	1	0.21106 0.95595 0.23459 0.09124 0.62053 0.63265 
30	1	0.40074 0.99246 0.10187 0.35972 0.91296 0.27705 
31	1	0.20342 0.91064 0.34171 0.08501 0.51811 0.66297 
32	1	0.50056 0.88030 0.17752 0.29532 0.71873 0.42630 
33	1	0.32108 0.85503 0.29403 0.13603 0.55006 0.62982 
34	1	0.21898 0.79763 0.42091 0.08266 0.50233 0.69487 
35	1	0.34140 0.92304 0.27118 0.15647 0.67726 0.58314 
36	1	0.38134 0.98360 0.17622 0.21093 0.71183 0.44601 
37	1	0.78747 0.87690 0.21859 0.64073 0.84072 0.23541 
38	1	0.38150 0.83718 0.30893 0.17563 0.62021 0.62098 
39	1	0.16001 0.91816 0.23208 0.07653 0.58453 0.67407 
40	1	0.48476 0.92459 0.23928 0.26701 0.65063 0.51186 
41	1	0.17589 0.85561 0.20556 0.08435 0.53740 0.68267 
42	1	0.14980 0.98393 0.10187 0.14276 0.88179 0.42879 
43	1	0.28585 0.80657 0.19153 0.15050 0.66532 0.54173 
44	1	0.12466 0.84220 0.32504 0.04839 0.51676 0.76159 
45	1	0.43688 0.95476 0.17205 0.23364 0.68486 0.52830 
46	1	0.46353 0.95543 0.24311 0.25786 0.66725 0.49341 
47	1	0.32792 0.81336 0.27567 0.14256 0.56643 0.65985 
48	1	0.91826 0.90881 0.08532 0.85070 0.94702 0.11994 
49	1	0.39550 0.79497 0.28478 0.19592 0.59666 0.55292 
50	1	0.22538 0.92138 0.22349 0.10644 0.69888 0.58115 
51	1	0.45870 0.86781 0.26520 0.24129 0.59968 0.56236 
52	1	0.51474 0.81599 0.23997 0.31077 0.68328 0.46771 
53	1	0.35113 0.90142 0.13941 0.18915 0.69225 0.48574 
54	1	0.14908 0.67240 0.33661 0.07348 0.40260 0.66245 
55	1	0.39854 0.86726 0.16342 0.21144 0.75889 0.49212 
56	1	0.24795 0.88098 0.38257 0.10629 0.63025 0.62274 
57	1	0.27238 0.89174 0.30683 0.11593 0.55279 0.63739 
58	1	0.47095 0.89191 0.24144 0.25757 0.73159 0.53979 
59	1	0.48327 0.83841 0.17177 0.31051 0.80822 0.36910 
60	1	0.19861 0.81758 0.21231 0.10849 0.68299 0.60126 
61	1	0.25366 0.92274 0.16988 0.19834 0.79555 0.43528 
62	1	0.23021 0.91602 0.25482 0.08805 0.55006 0.66907 
63	1	0.34682 0.88947 0.24843 0.15255 0.60324 0.61796 
64	1	0.24197 0.90400 0.23425 0.13362 0.69113 0.54289 
65	1	0.28772 0.84397 0.25453 0.12828 0.59626 0.60910 
66	1	0.42441 0.88560 0.16346 0.25500 0.78111 0.43375 
67	1	0.35726 0.97063 0.17575 0.17595 0.67602 0.52691 
68	1	0.42580 0.95324 0.17495 0.23682 0.70463 0.47316 
69	1	0.47317 0.88989 0.22696 0.26204 0.67659 0.49143 
70	1	0.91032 0.91820 0.12658 0.83785 0.92467 0.10477 
71	1	0.57980 0.93186 0.18265 0.38337 0.81976 0.33936 
72	1	0.40893 0.76096 0.29994 0.20020 0.63049 0.56413 
73	1	0.11995 0.85967 0.29326 0.07654 0.57167 0.65419 
74	1	0.65682 0.86774 0.15269 0.47750 0.84127 0.27050 
75	1	0.17602 0.78036 0.37740 0.07236 0.42546 0.69638 
76	1	0.20512 0.90303 0.29030 0.08020 0.51798 0.68750 
77	1	0.48044 0.90056 0.26094 0.26227 0.63446 0.54409 
78	1	0.21928 0.86611 0.47750 0.12172 0.55083 0.65670 
79	1	0.20956 0.82910 0.36087 0.08644 0.47099 0.66605 
80	1	0.12540 0.77117 0.37090 0.05902 0.41189 0.71645 
81	1	0.34873 0.92213 0.23700 0.16491 0.66517 0.57943 
82	1	0.34765 0.87075 0.29460 0.16867 0.60834 0.57711 
83	1	0.10244 0.90485 0.25289 0.04445 0.46604 0.72460 
84	1	0.35140 0.82934 0.23225 0.18272 0.65610 0.52592 
85	1	0.38421 0.96484 0.20281 0.19253 0.69023 0.54105 
86	1	0.10277 0.81917 0.26020 0.05151 0.54269 0.71465 
87	1	0.34769 0.98528 0.18438 0.16915 0.72934 0.57030 
88	1	0.46481 0.92370 0.27521 0.25930 0.71140 0.47694 
89	1	0.19534 0.99764 0.08662 0.11895 0.81902 0.50402 
90	1	0.30171 0.74855 0.34313 0.14242 0.61665 0.61827 
91	1	0.22066 0.85561 0.22175 0.08545 0.54928 0.63666 
92	1	0.28749 0.85224 0.27753 0.11704 0.57429 0.68773 
93	1	0.20383 0.81427 0.23161 0.09417 0.57681 0.67190 
94	1	0.37815 0.84086 0.29289 0.18160 0.56217 0.62215 
95	1	0.18413 0.88853 0.20589 0.10148 0.60683 0.60201 
96	1	0.36493 0.88170 0.32585 0.16861 0.55529 0.63216 
97	1	0.26939 0.82974 0.39392 0.09572 0.43804 0.74562 
98	1	0.23141 0.92567 0.30242 0.11874 0.62110 0.62055 
99	1	0.76553 0.92251 0.18481 0.60846 0.83759 0.24480 
100	2	0.39045 0.91016 0.34338 0.20967 0.66768 0.51768 
101	2	0.31898 0.86453 0.22870 0.15498 0.59241 0.56938 
102	2	0.11432 0.75000 0.36365 0.04006 0.37145 0.76831 
103	2	0.68001 0.58338 0.44645 0.48348 0.64498 0.41733 
104	2	0.59236 0.80403 0.46364 0.37457 0.56069 0.48377 
105	2	0.77280 0.69641 0.38800 0.61444 0.73724 0.29790 
106	2	0.69241 0.78076 0.45750 0.49982 0.63830 0.39951 
107	2	0.35637 0.57621 0.15597 0.19562 0.63755 0.45962 
108	2	0.07099 0.75916 0.38809 0.02051 0.27768 0.82758 
109	2	0.04519 0.66609 0.39999 0.00988 0.28794 0.90401 
110	2	0.12069 0.60326 0.27664 0.04704 0.34959 0.74493 
111	2	0.24977 0.45064 0.41862 0.09627 0.41738 0.66617 
112	2	0.63017 0.52190 0.76432 0.42142 0.58588 0.44182 
113	2	0.35728 0.67815 0.24490 0.19815 0.61073 0.51443 
114	2	0.72263 0.66233 0.27169 0.54268 0.69204 0.33806 
115	2	0.09412 0.60342 0.41094 0.04519 0.43730 0.70932 
116	2	0.30261 0.86024 0.21528 0.14473 0.67731 0.54155 
117	2	0.57205 0.81968 0.30798 0.35233 0.58726 0.48933 
118	2	0.15488 0.86135 0.37596 0.07028 0.57372 0.68466 
119	2	0.05638 0.76026 0.48873 0.02963 0.46718 0.77630 
120	2	0.22818 0.79483 0.31897 0.08908 0.42035 0.65014 
121	2	0.06552 0.76754 0.52828 0.03511 0.46751 0.77642 
122	2	0.34377 0.75023 0.12566 0.16470 0.65972 0.54516 
123	2	0.05145 0.49329 0.63100 0.01500 0.17975 0.83618 
124	2	0.69224 0.67630 0.34400 0.50064 0.71853 0.37995 
125	2	0.52717 0.92275 0.29520 0.31039 0.61632 0.51407 
126	2	0.44499 0.92402 0.26296 0.25077 0.64142 0.50597 
127	2	0.02352 0.70183 0.45384 0.00598 0.22467 0.89293 
128	2	0.21115 0.55128 0.80155 0.09757 0.47777 0.58700 
129	2	0.19751 0.52912 0.66581 0.08858 0.42524 0.72636 
130	2	0.29521 0.81982 0.35028 0.11403 0.39479 0.66516 
131	2	0.46101 0.67563 0.18648 0.25867 0.64313 0.47417 
132	2	0.63762 0.78898 0.32639 0.43025 0.68559 0.42906 
133	2	0.23905 0.75996 0.13590 0.13034 0.57033 0.46287 
134	2	0.12001 0.65406 0.43506 0.03117 0.34622 0.80951 
135	2	0.40325 0.69106 0.28575 0.20810 0.59791 0.57652 
136	2	0.20742 0.80122 0.34159 0.11719 0.66166 0.61032 
137	2	0.55852 0.00000 0.49105 0.35093 0.65625 0.43041 
138	2	0.53952 0.85397 0.36465 0.32285 0.56908 0.45744 
139	2	0.77790 0.29810 0.45314 0.62358 0.70216 0.26145 
140	2	0.22515 0.89727 0.16489 0.09670 0.59417 0.59124 
141	2	0.37817 0.86223 0.54832 0.20267 0.54132 0.48456 
142	2	0.21337 0.83875 0.12223 0.10995 0.65400 0.51032 
143	2	0.12736 0.94939 0.12688 0.07566 0.75195 0.63215 
144	2	0.49463 0.66400 0.31462 0.27465 0.56081 0.56138 
145	2	0.18006 0.81588 0.46044 0.06194 0.33438 0.73157 
146	2	0.18483 0.65941 0.47027 0.07339 0.50469 0.65973 
147	2	0.14557 0.84558 0.39929 0.04331 0.32186 0.76296 
148	2	0.50730 0.86564 0.36153 0.28878 0.60043 0.50790 
149	2	0.30759 0.72616 0.28746 0.15298 0.58774 0.54085 
150	2	0.58522 0.82840 0.46869 0.36617 0.56905 0.50553 
151	2	0.21932 0.89303 0.30343 0.07553 0.45147 0.70860 
152	2	0.00000 0.62092 0.38141 0.00487 0.16155 0.86212 
153	2	0.00148 0.67586 0.41173 0.00336 0.17604 0.86572 
154	2	0.15539 0.65208 0.56603 0.05007 0.29262 0.73459 
155	2	0.25805 0.80213 0.47847 0.10549 0.52170 0.64561 
156	2	0.32941 0.69379 0.56004 0.15278 0.54347 0.66052 
157	2	0.11659 0.56035 0.64208 0.03359 0.25357 0.83436 
158	2	0.52029 0.87952 0.17932 0.33797 0.73870 0.35161 
159	2	0.33279 0.63083 0.52825 0.14962 0.44793 0.65139 
160	2	0.22836 0.77170 0.17926 0.14040 0.62461 0.55781 
161	2	0.03181 0.66915 0.50873 0.01031 0.25231 0.86046 
162	2	0.07648 0.59394 0.68742 0.03166 0.25018 0.78661 
163	2	0.46946 0.73210 0.17860 0.25912 0.58812 0.48851 
164	2	0.62362 0.89856 0.12484 0.43114 0.80337 0.31886 
165	2	0.24281 0.83715 0.33972 0.10551 0.57115 0.61015 
166	2	0.49391 0.89374 0.21855 0.27720 0.70190 0.50972 
167	2	0.28251 0.91984 0.30089 0.14175 0.64134 0.58359 
168	2	0.50194 0.83827 0.35930 0.28277 0.58630 0.52150 
169	2	0.34377 0.80517 0.48707 0.14737 0.40560 0.63336 
170	2	0.46619 0.56698 0.80003 0.23874 0.40019 0.65611 
171	2	0.10958 0.88657 0.26012 0.05382 0.47570 0.68361 
172	2	0.07749 0.61394 0.47043 0.02334 0.31764 0.83363 
173	2	0.84119 0.68955 0.49556 0.72161 0.80906 0.20372 
174	2	0.08874 0.83401 0.31501 0.02417 0.35861 0.81381 
175	2	0.57328 0.92405 0.27770 0.36100 0.68860 0.43725 
176	2	0.13961 0.81364 0.46326 0.06116 0.39113 0.80999 
177	2	0.10120 0.78943 0.54790 0.02908 0.31942 0.86975 
178	2	0.56007 0.91757 0.24262 0.34927 0.72121 0.42438 
179	2	0.56351 0.93357 0.22737 0.34427 0.61922 0.46248 
180	2	0.04580 0.75690 0.53660 0.01394 0.21352 0.86192 
181	2	0.11842 0.73965 0.23384 0.07695 0.50579 0.59077 
182	2	0.04721 0.62993 0.46172 0.00875 0.26053 0.89272 
183	2	0.13691 0.81563 0.35364 0.04412 0.41362 0.75696 
184	2	0.77147 0.83087 0.10927 0.61579 0.83757 0.24417 
185	2	0.47299 0.86901 0.45431 0.25872 0.62351 0.54328 
186	2	0.23241 0.82323 0.24205 0.12418 0.64350 0.57412 
187	2	0.50521 0.52246 0.57708 0.28542 0.50770 0.51413 
188	2	0.55902 0.77058 0.46457 0.33558 0.53755 0.55321 
189	2	0.34130 0.93987 0.33554 0.21268 0.65446 0.46745 
190	2	0.18699 0.90828 0.34027 0.11815 0.72281 0.55571 
191	2	0.51871 0.89152 0.31889 0.29672 0.58718 0.51780 
192	2	0.08580 0.95091 0.20518 0.05055 0.52940 0.72797 
193	2	0.04854 0.89299 0.26295 0.02425 0.44388 0.80207 
194	2	0.51844 0.84568 0.41353 0.29229 0.52772 0.59273 
195	2	0.56243 0.82376 0.22911 0.34515 0.65690 0.45422 
196	2	0.53230 0.78274 0.36852 0.30835 0.53095 0.54059 
197	2	0.32567 0.92853 0.23446 0.13907 0.55681 0.64306 
198	2	0.17353 0.77399 0.43469 0.09510 0.42371 0.67596 
199	2	0.47661 0.71126 0.57872 0.25753 0.46393 0.54557 
200	3	0.40062 0.67763 0.48373 0.19854 0.48482 0.55651 
201	3	0.93057 0.72525 0.16167 0.87259 0.92377 0.08819 
202	3	0.45462 0.91130 0.22772 0.24209 0.63098 0.55398 
203	3	0.35191 0.85530 0.32691 0.29095 0.79275 0.35838 
204	3	0.92293 0.89309 0.15948 0.85916 0.92171 0.09934 
205	3	0.91135 0.62954 0.16682 0.83861 0.86634 0.11876 
206	3	0.30635 0.81301 0.17540 0.15241 0.66029 0.58563 
207	3	0.14163 0.67011 0.50891 0.06384 0.54602 0.73312 
208	3	0.18658 0.83092 0.33358 0.08991 0.62122 0.62629 
209	3	0.32507 0.76632 0.36907 0.13645 0.53656 0.66788 
210	3	0.70503 0.53523 0.14794 0.52626 0.76006 0.27617 
211	3	0.61073 0.83267 0.50769 0.40346 0.63987 0.42405 
212	3	0.15139 0.75222 0.24134 0.06070 0.48267 0.70399 
213	3	0.33367 0.90098 0.18383 0.15821 0.62580 0.56307 
214	3	0.21009 0.74256 0.42269 0.15317 0.74750 0.50382 
215	3	0.36479 0.71066 0.23241 0.17608 0.57808 0.60954 
216	3	0.21602 0.85136 0.28678 0.07640 0.43943 0.70236 
217	3	0.78317 0.71592 0.16586 0.62999 0.80694 0.29824 
218	3	0.22293 0.23110 0.58584 0.06881 0.29392 0.77132 
219	3	0.78868 0.70481 0.29704 0.63803 0.74885 0.28781 
220	3	0.15347 0.75473 0.28849 0.05861 0.48499 0.67355 
221	3	0.08017 0.57322 0.98838 0.01971 0.18282 0.84822 
222	3	0.97532 0.82356 0.10399 0.95347 0.94929 0.03818 
223	3	0.16420 0.87814 0.22911 0.05836 0.54098 0.69766 
224	3	0.37822 0.34415 0.24691 0.23233 0.64047 0.46701 
225	3	0.46661 0.91602 0.11815 0.27450 0.80892 0.40376 
226	3	0.92058 0.87726 0.18951 0.85664 0.92666 0.10033 
227	3	0.41358 0.88346 0.39939 0.24948 0.76891 0.45886 
228	3	0.17983 0.75551 0.30156 0.07159 0.56664 0.67727 
229	3	0.17813 0.80650 0.18786 0.09381 0.70298 0.60515 
230	3	0.36057 0.79820 0.30017 0.18023 0.57228 0.52721 
231	3	0.28188 0.82190 0.28189 0.12987 0.47173 0.63144 
232	3	0.33945 0.60043 0.33394 0.17662 0.67839 0.48451 
233	3	0.12237 0.50723 0.61973 0.02849 0.23709 0.86355 
234	3	0.43437 0.78811 0.20846 0.23245 0.63752 0.51566 
235	3	0.26602 0.26995 0.37809 0.15287 0.49330 0.50392 
236	3	0.31458 0.82332 0.07721 0.22599 0.81420 0.38635 
237	3	0.68066 0.76814 0.30591 0.48750 0.67917 0.36476 
238	3	0.33644 0.89016 0.34127 0.16667 0.60503 0.50460 
239	3	0.11369 0.62829 0.29253 0.06417 0.50718 0.71006 
240	3	0.14395 0.91605 0.18703 0.05797 0.55178 0.65764 
241	3	0.62919 0.93792 0.26300 0.45769 0.80114 0.30712 
242	3	0.11585 0.70255 0.23058 0.05459 0.53000 0.71438 
243	3	0.81153 0.91985 0.26387 0.67715 0.85536 0.20802 
244	3	0.67496 0.85785 0.23488 0.48111 0.73752 0.30680 
245	3	0.13022 0.93437 0.13164 0.10986 0.73880 0.53960 
246	3	0.09044 0.74276 0.29287 0.06190 0.63617 0.67343 
247	3	0.43921 0.72839 0.46322 0.22124 0.49514 0.57595 
248	3	0.16463 0.86235 0.24228 0.08434 0.66943 0.63089 
249	3	0.39976 0.72775 0.21939 0.21953 0.73459 0.48073 
250	3	0.01759 0.67273 0.29086 0.01088 0.40866 0.87723 
251	3	0.84872 0.73337 0.17571 0.73349 0.82589 0.19638 
252	3	0.52887 0.90568 0.07640 0.35678 0.90330 0.30680 
253	3	0.10121 0.51590 0.32425 0.06008 0.36729 0.66065 
254	3	0.20305 0.56007 0.25746 0.11035 0.49466 0.56718 
255	3	0.30818 0.63803 0.23898 0.14362 0.45196 0.54444 
256	3	0.18245 0.60243 0.39502 0.07586 0.49328 0.71433 
257	3	0.74867 0.91250 0.27361 0.58176 0.79156 0.28576 
258	3	0.83061 0.64594 0.15805 0.70595 0.86535 0.17961 
259	3	0.63138 0.70604 0.14554 0.43238 0.69550 0.33778 
260	3	0.16366 0.16314 0.95233 0.04330 0.21983 0.82590 
261	3	0.96282 0.26822 0.05819 0.93104 0.92281 0.03906 
262	3	0.42868 0.80722 0.11557 0.26908 0.86552 0.38499 
263	3	0.28624 0.52843 0.25214 0.16175 0.59228 0.53218 
264	3	0.33707 0.88413 0.41408 0.15606 0.56858 0.57589 
265	3	0.16020 0.51479 0.32671 0.06155 0.41034 0.72885 
266	3	0.48485 0.97092 0.24426 0.35960 0.78864 0.34484 
267	3	0.36400 0.40093 0.18234 0.26620 0.70024 0.39810 
268	3	0.84420 0.42613 0.05988 0.72962 0.87065 0.12412 
269	3	0.29781 0.93234 0.33014 0.21361 0.66148 0.49359 
270	3	0.32891 0.93839 0.30687 0.24790 0.68383 0.44669 
271	3	0.37656 0.98575 0.06217 0.25512 0.91876 0.31906 
272	3	0.30657 0.99762 0.07367 0.22359 0.85995 0.36299 
273	3	0.90940 0.79596 0.06421 0.83625 0.91228 0.08592 
274	3	0.45708 0.54673 0.13263 0.28114 0.72407 0.36241 
275	3	0.09529 0.63769 0.33527 0.05994 0.40861 0.68367 
276	3	0.28131 0.62168 0.32712 0.17220 0.61786 0.54731 
277	3	0.49170 0.67080 0.28001 0.28838 0.72487 0.45264 
278	3	0.14313 0.65620 0.25277 0.10601 0.55649 0.56331 
279	3	0.25013 0.03453 0.27077 0.16692 0.32227 0.44373 
280	3	0.20362 0.70233 0.44220 0.12307 0.41891 0.61800 
281	3	0.12291 0.76047 0.18625 0.05669 0.55689 0.71822 
282	3	0.34193 0.71028 0.14061 0.19281 0.73934 0.44799 
283	3	0.78824 0.53879 0.43928 0.63766 0.73590 0.27728 
284	3	0.39286 0.68360 0.24433 0.19723 0.67291 0.53506 
285	3	0.12760 0.60391 0.38791 0.04538 0.39829 0.72607 
286	3	0.17485 0.94608 0.09897 0.08940 0.68432 0.58407 
287	3	0.15888 0.86084 0.19254 0.12340 0.82015 0.51384 
288	3	0.11423 0.88862 0.19871 0.07169 0.65816 0.62304 
289	3	0.25593 0.51342 0.29593 0.15237 0.59123 0.56593 
290	3	0.37176 0.78515 0.18042 0.19879 0.71287 0.50289 
291	3	0.36577 0.61283 0.16204 0.19722 0.63602 0.51876 
292	3	0.14229 0.79328 0.28500 0.11250 0.80112 0.52686 
293	3	0.20526 0.62945 0.45134 0.07782 0.51322 0.72172 
294	3	0.47034 0.52932 0.09937 0.31767 0.71665 0.33052 
295	3	0.15744 0.67646 0.26676 0.10416 0.72176 0.59435 
296	3	0.31697 0.86859 0.38089 0.16020 0.68416 0.52401 
297	3	0.22048 0.88354 0.11115 0.13809 0.82878 0.45886 
298	3	0.38139 0.95081 0.09225 0.20674 0.84420 0.43045 
299	3	0.32087 0.72445 0.26251 0.22064 0.71608 0.43893 
300	4	0.19495 0.81823 0.03306 0.13197 0.75812 0.48363 
301	4	0.07953 0.24683 0.71035 0.02060 0.12434 0.87823 
302	4	0.22872 0.11997 0.36967 0.12721 0.49578 0.56343 
303	4	0.26366 0.47394 0.27486 0.13601 0.50549 0.58343 
304	4	0.22116 0.93761 0.30060 0.13146 0.58804 0.62509 
305	4	0.17395 0.75707 0.26630 0.07639 0.53466 0.65802 
306	4	0.16973 0.73599 0.71919 0.06408 0.33366 0.82899 
307	4	0.42550 0.94822 0.10119 0.21764 0.70040 0.51906 
308	4	0.22188 0.68774 0.28990 0.14661 0.60476 0.55672 
309	4	0.06463 0.04988 0.95807 0.01578 0.01772 0.90243 
310	4	0.34454 0.60159 0.49758 0.15172 0.39947 0.67830 
311	4	0.05740 0.76202 0.33607 0.02138 0.28661 0.77173 
312	4	0.04449 0.40280 0.99789 0.00695 0.02517 0.85446 
313	4	0.24770 0.74018 0.33904 0.16467 0.58536 0.60003 
314	4	0.37699 0.74066 0.14385 0.24485 0.68546 0.45023 
315	4	0.45985 0.69612 0.19018 0.29025 0.65226 0.40738 
316	4	0.28807 0.73324 0.26717 0.12233 0.63660 0.62570 
317	4	0.02582 0.80286 0.26532 0.01366 0.27259 0.78117 
318	4	0.19028 0.51163 0.44327 0.08148 0.29201 0.65450 
319	4	0.68807 0.98368 0.17443 0.50753 0.78522 0.28611 
320	4	0.32348 0.88361 0.17445 0.14476 0.49013 0.56252 
321	4	0.13466 0.44608 0.36556 0.03291 0.34429 0.82558 
322	4	0.60413 0.70369 0.33311 0.38969 0.60447 0.44692 
323	4	0.49881 0.75324 0.40594 0.27582 0.51010 0.54320 
324	4	0.34580 0.77790 0.27700 0.15303 0.54240 0.62771 
325	4	0.29134 0.56035 0.20827 0.15127 0.67365 0.56356 
326	4	0.02548 0.77477 0.36761 0.01876 0.25825 0.78349 
327	4	0.11815 0.74329 0.22938 0.04542 0.46160 0.72997 
328	4	0.52962 0.65222 0.46776 0.30749 0.49897 0.50149 
329	4	0.28354 0.68317 0.34312 0.18358 0.56491 0.57930 
330	4	0.10735 0.69358 0.26165 0.04055 0.32282 0.68492 
331	4	0.29397 0.82458 0.31523 0.11655 0.46643 0.67082 
332	4	0.09657 0.49088 0.61382 0.03485 0.34476 0.79106 
333	4	0.76871 0.49745 0.28039 0.61184 0.75293 0.26314 
334	4	0.17206 0.58577 0.34597 0.04779 0.36334 0.80373 
335	4	0.27438 0.94540 0.09973 0.14980 0.77879 0.46511 
336	4	0.34668 0.64265 0.23518 0.15527 0.54213 0.62908 
337	4	0.45825 0.66002 0.23065 0.24242 0.53988 0.54811 
338	4	0.42204 0.66966 0.41166 0.23964 0.62541 0.50884 
339	4	0.15204 0.77308 0.20862 0.05865 0.49919 0.70168 
340	4	0.36257 0.74477 0.33953 0.16492 0.46919 0.59505 
341	4	0.01957 0.46021 0.37916 0.01463 0.16946 0.82038 
342	4	0.22053 0.73224 0.28025 0.13449 0.70596 0.49613 
343	4	0.26174 0.78190 0.47648 0.14217 0.58378 0.54731 
344	4	0.04500 0.63871 0.27562 0.02568 0.32644 0.77800 
345	4	0.45466 0.51096 0.18386 0.25730 0.64519 0.45561 
346	4	0.82318 0.48334 0.14304 0.70010 0.91210 0.15855 
347	4	0.16506 0.78889 0.40538 0.10796 0.82868 0.51387 
348	4	0.01078 0.48313 0.51187 0.00368 0.05245 0.89105 
349	4	0.27014 0.51695 0.43023 0.10029 0.44143 0.74993 
350	4	0.33580 0.53635 0.27928 0.15445 0.57011 0.62736 
351	4	0.05979 0.42295 0.65712 0.01795 0.17178 0.85091 
352	4	0.60142 0.31559 0.36686 0.40856 0.67878 0.35238 
353	4	0.43264 0.62093 0.72441 0.21159 0.45550 0.64876 
354	4	0.90284 0.72007 0.11053 0.82649 0.89481 0.09751 
355	4	0.48674 0.76520 0.13493 0.27678 0.63143 0.43268 
356	4	0.17564 0.62693 0.27216 0.07510 0.38174 0.64516 
357	4	0.14011 0.38939 0.45324 0.05967 0.27838 0.66078 
358	4	0.03289 0.57703 0.49712 0.00744 0.19977 0.88009 
359	4	0.15344 0.77826 0.24039 0.07764 0.55016 0.69359 
360	4	0.69518 0.02358 0.03238 0.52266 0.77435 0.21241 
361	4	0.25047 0.35472 0.03193 0.12944 0.67465 0.49600 
362	4	0.11879 0.40790 0.36330 0.03144 0.27867 0.82616 
363	4	0.58401 0.40934 0.12772 0.42002 0.76070 0.32072 
364	4	0.11123 0.00114 0.76714 0.03496 0.07016 0.78224 
365	4	0.39634 0.80374 0.24294 0.21152 0.67083 0.47772 
366	4	0.30501 0.54627 0.46632 0.13052 0.48176 0.61092 
367	4	0.47766 0.74686 0.34859 0.25374 0.48493 0.58074 
368	4	0.43587 0.57539 0.36409 0.26071 0.66922 0.44243 
369	4	0.22658 0.68949 0.22686 0.11632 0.53931 0.57360 
370	4	0.08502 0.60816 0.83162 0.03804 0.24447 0.78224 
371	4	0.22000 0.95257 0.24633 0.08353 0.56154 0.71584 
372	4	0.01070 0.37688 1.00000 0.00000 0.00000 0.90870 
373	4	0.65382 0.66777 0.23818 0.47225 0.82631 0.30111 
374	4	0.08263 0.25929 0.99405 0.01689 0.15092 1.00000 
375	4	0.26519 0.80037 0.28490 0.12169 0.60200 0.59482 
376	4	0.30733 0.76325 0.20470 0.24597 0.78702 0.37082 
377	4	0.21966 0.66706 0.50888 0.07677 0.25117 0.74209 
378	4	0.73836 0.71081 0.00000 0.59082 0.90836 0.12961 
379	4	0.38389 0.72697 0.14226 0.25585 0.71716 0.38652 
380	4	0.59781 0.63966 0.00061 0.40897 0.77621 0.24977 
381	4	0.30765 0.70692 0.49075 0.12053 0.37614 0.73893 
382	4	0.06229 0.54750 0.23098 0.03790 0.36716 0.70257 
383	4	0.13759 0.01807 0.64845 0.08427 0.41632 0.66306 
384	4	0.46131 0.42670 0.08412 0.26400 0.60028 0.43028 
385	4	0.13159 0.67802 0.48797 0.03888 0.27835 0.80064 
386	4	0.18059 0.80885 0.14130 0.10638 0.53718 0.58323 
387	4	0.20964 0.82588 0.45968 0.09491 0.47039 0.66369 
388	4	0.13887 0.57911 0.39063 0.04582 0.29415 0.80145 
389	4	0.17439 0.65147 0.23710 0.07647 0.48821 0.62965 
390	4	0.15059 0.75904 0.19363 0.07390 0.60695 0.65939 
391	4	0.10164 0.79810 0.30832 0.02764 0.40256 0.82130 
392	4	0.32226 0.46098 0.14062 0.25829 0.72222 0.44752 
393	4	0.47768 0.61565 0.22448 0.29978 0.66669 0.43291 
394	4	0.07338 0.58260 0.20495 0.05386 0.41853 0.63456 
395	4	0.13859 0.39343 0.38142 0.04846 0.24048 0.71909 
396	4	0.34363 0.70936 0.17939 0.15146 0.49714 0.61818 
397	4	0.26208 0.66171 0.09607 0.13050 0.67785 0.55851 
398	4	0.04384 0.45360 0.54164 0.00576 0.10595 0.90448 
399	4	0.51284 0.85436 0.41332 0.28800 0.55591 0.55509 
400	5	0.79594 0.73158 0.42459 0.65062 0.77941 0.24224 
401	5	0.79842 0.71963 0.45006 0.65437 0.76844 0.24399 
402	5	0.76031 0.69628 0.43157 0.59588 0.72711 0.31904 
403	5	0.76288 0.73445 0.43823 0.60015 0.72690 0.28672 
404	5	0.79447 0.75479 0.42032 0.64813 0.76737 0.23738 
405	5	0.79720 0.77656 0.36364 0.65241 0.77022 0.23433 
406	5	0.76476 0.66565 0.44570 0.60402 0.74863 0.26410 
407	5	0.75660 0.72439 0.42256 0.59094 0.72954 0.29206 
408	5	0.76878 0.70278 0.44359 0.60826 0.74285 0.30439 
409	5	0.77585 0.76505 0.46962 0.62161 0.75945 0.25833 
410	5	0.80059 0.70458 0.46472 0.65732 0.76475 0.23877 
411	5	0.78682 0.75801 0.42817 0.63686 0.76849 0.24042 
412	5	0.77501 0.75260 0.44281 0.61943 0.74731 0.25252 
413	5	0.79605 0.77392 0.46457 0.65261 0.78253 0.21785 
414	5	0.79676 0.61520 0.51656 0.65237 0.76682 0.22857 
415	5	0.78388 0.68975 0.42863 0.63208 0.75324 0.26136 
416	5	0.79080 0.68604 0.44784 0.64255 0.76106 0.25997 
417	5	0.79658 0.70306 0.44259 0.65165 0.77119 0.23501 
418	5	0.76529 0.78907 0.38867 0.60537 0.75893 0.27683 
419	5	0.76891 0.74567 0.42684 0.61061 0.75050 0.26725 
420	5	0.80093 0.75785 0.42643 0.65910 0.78997 0.23672 
421	5	0.80650 0.69639 0.42919 0.66667 0.77171 0.22620 
422	5	0.78444 0.71859 0.39756 0.63343 0.77143 0.25523 
423	5	0.79787 0.69756 0.41807 0.65337 0.76989 0.25303 
424	5	0.74007 0.73091 0.51692 0.56753 0.70213 0.30678 
425	5	0.13740 0.55345 0.57433 0.05121 0.35428 0.74833 
426	5	0.36368 0.79911 0.39671 0.31010 0.77120 0.34311 
427	5	0.80874 0.77607 0.42558 0.67072 0.78275 0.22382 
428	5	0.70415 0.78615 0.55626 0.52161 0.72162 0.31829 
429	5	0.28474 0.66547 0.51305 0.11995 0.46097 0.68643 
430	5	0.69754 0.77034 0.56624 0.51233 0.69982 0.32450 
431	5	0.72311 0.73330 0.59966 0.54704 0.71434 0.29924 
432	5	0.22909 0.76987 0.51662 0.07925 0.44029 0.77947 
433	5	0.71749 0.74904 0.60956 0.53943 0.71563 0.29734 
434	5	0.08279 0.70345 0.60512 0.02658 0.34722 0.81118 
435	5	0.74961 0.66784 0.57285 0.58128 0.69998 0.28948 
436	5	0.74509 0.65683 0.58855 0.57468 0.69975 0.31122 
437	5	0.75988 0.59716 0.54229 0.59594 0.70853 0.29918 
438	5	0.81892 0.71742 0.39140 0.68605 0.77524 0.22384 
439	5	0.80923 0.72232 0.45683 0.67053 0.77065 0.24525 
440	5	0.77315 0.75843 0.39975 0.61645 0.74249 0.26854 
441	5	0.54456 0.76092 0.43165 0.35822 0.70389 0.35730 
442	5	0.81098 0.77706 0.41373 0.67526 0.79738 0.21502 
443	5	0.80866 0.75093 0.37991 0.66915 0.76757 0.27781 
444	5	0.80680 0.75775 0.37966 0.66679 0.77512 0.23475 
445	5	0.83093 0.80849 0.22811 0.70431 0.82853 0.23177 
446	5	0.75884 0.79641 0.43428 0.59643 0.75035 0.26999 
447	5	0.76557 0.70339 0.54405 0.60467 0.72293 0.28113 
448	5	0.73292 0.74677 0.55041 0.56000 0.72067 0.29175 
449	5	0.32468 0.76483 0.72737 0.14800 0.53463 0.63186 
450	5	0.74639 0.75525 0.49662 0.57745 0.72006 0.28545 
451	5	0.29008 0.82021 0.53812 0.12701 0.51777 0.68395 
452	5	0.76643 0.71408 0.51497 0.60609 0.72642 0.26412 
453	5	0.16150 0.83077 0.45723 0.08902 0.50185 0.66522 
454	5	0.82752 0.71320 0.41042 0.69934 0.78237 0.21818 
455	5	0.35282 0.83493 0.37205 0.20873 0.62451 0.44871 
456	5	0.45224 0.72594 0.41655 0.30175 0.68331 0.40428 
457	5	0.31133 0.74789 0.43186 0.18007 0.55491 0.48442 
458	5	0.68452 0.68959 0.41020 0.50025 0.72972 0.31102 
459	5	0.73000 0.71940 0.39517 0.55852 0.74492 0.27726 
460	5	0.43439 0.75751 0.34763 0.26917 0.64494 0.39414 
461	5	0.58213 0.70616 0.36703 0.40176 0.73421 0.33514 
462	5	0.58328 0.71471 0.38188 0.40148 0.72758 0.34003 
463	5	0.61358 0.70684 0.38883 0.42855 0.73273 0.33329 
464	5	0.58044 0.76664 0.39242 0.38460 0.68819 0.34182 
465	5	0.78118 0.72867 0.38480 0.62910 0.77231 0.25000 
466	5	0.50318 0.72545 0.35531 0.32948 0.69661 0.35193 
467	5	0.72708 0.77872 0.48777 0.54922 0.70304 0.32878 
468	5	0.80081 0.84325 0.31146 0.65957 0.79091 0.23304 
469	5	0.45205 0.85727 0.50167 0.24257 0.58914 0.53091 
470	5	0.26345 0.81177 0.61110 0.12242 0.41456 0.67705 
471	5	0.35378 0.87871 0.48986 0.26878 0.67623 0.42613 
472	5	0.36123 0.89469 0.37118 0.19940 0.67939 0.53417 
473	5	0.37176 0.90762 0.35093 0.21587 0.72345 0.49741 
474	5	0.57337 0.78515 0.38847 0.39145 0.77265 0.33150 
475	5	0.09414 0.55290 0.43527 0.03654 0.31077 0.73921 
476	5	0.07740 0.83618 0.46861 0.03317 0.41554 0.77581 
477	5	0.09678 0.76523 0.46559 0.04119 0.36599 0.76635 
478	5	0.36080 0.82642 0.43170 0.15565 0.49600 0.66899 
479	5	0.36861 0.73807 0.52478 0.15905 0.45090 0.70374 
480	5	0.16691 0.83035 0.48845 0.08210 0.49432 0.68156 
481	5	0.35807 0.77806 0.43856 0.15342 0.43031 0.67225 
482	5	0.34408 0.87735 0.49526 0.28695 0.70320 0.36178 
483	5	0.41952 0.86804 0.55739 0.32118 0.73492 0.33745 
484	5	0.42211 0.83754 0.38053 0.22034 0.61503 0.49243 
485	5	0.39649 0.87456 0.47763 0.23111 0.65650 0.48389 
486	5	0.36403 0.87356 0.51725 0.30749 0.72788 0.39301 
487	5	0.41380 0.80380 0.38795 0.21657 0.63623 0.51846 
488	5	0.36445 0.88676 0.47749 0.31295 0.73774 0.38018 
489	5	0.36578 0.90160 0.43668 0.22733 0.67879 0.41999 
490	5	0.36998 0.83878 0.60434 0.26836 0.66139 0.46751 
491	5	0.37856 0.86134 0.55918 0.28500 0.70053 0.38224 
492	5	0.42112 0.84618 0.56797 0.27702 0.65737 0.47738 
493	5	0.37609 0.83247 0.64840 0.29392 0.69738 0.36898 
494	5	0.37483 0.79900 0.68460 0.23906 0.62498 0.52729 
495	5	0.45229 0.91214 0.43367 0.35482 0.79179 0.32144 
496	5	0.09285 0.81773 0.37449 0.03795 0.36032 0.73153 
497	5	0.16074 0.69169 0.48192 0.05761 0.40074 0.71960 
498	5	0.26329 0.85160 0.22661 0.13938 0.62932 0.58992 
499	5	0.78299 0.71988 0.58120 0.63536 0.77864 0.25165 
500	6	0.71646 0.77349 0.08966 0.54677 0.83449 0.23366 
501	6	0.14769 0.90599 0.27507 0.05856 0.52417 0.68782 
502	6	0.08463 0.86514 0.28183 0.03606 0.41554 0.75976 
503	6	0.86619 0.96303 0.08814 0.76380 0.93843 0.13964 
504	6	0.59606 0.81367 0.27437 0.38568 0.67694 0.38297 
505	6	0.60423 0.68919 0.30931 0.39361 0.65218 0.39562 
506	6	1.00000 0.90504 0.09223 1.00000 1.00000 0.00000 
507	6	0.61263 0.99906 0.15936 0.42328 0.82456 0.29383 
508	6	0.54319 0.95152 0.24335 0.34753 0.73433 0.36489 
509	6	0.25998 0.90847 0.08368 0.17412 0.85000 0.43197 
510	6	0.15595 0.80670 0.30015 0.08205 0.53131 0.65304 
511	6	0.55815 0.58419 0.41530 0.33974 0.58808 0.46072 
512	6	0.65731 0.92907 0.22852 0.46692 0.81260 0.30588 
513	6	0.13293 0.88943 0.15624 0.07457 0.64039 0.63408 
514	6	0.52368 0.70687 0.40002 0.30431 0.61601 0.50566 
515	6	0.33501 0.73493 0.59532 0.13923 0.43745 0.66818 
516	6	0.24464 0.79715 0.36011 0.10526 0.50305 0.64111 
517	6	0.27037 0.81490 0.24867 0.14046 0.64796 0.53358 
518	6	0.50220 0.76929 0.48648 0.29455 0.65383 0.48346 
519	6	0.13376 0.76229 0.28800 0.05414 0.35577 0.67702 
520	6	0.59449 0.87412 0.32859 0.38364 0.71110 0.41742 
521	6	0.08875 0.65349 0.29779 0.04280 0.56356 0.73329 
522	6	0.17729 0.83318 0.23882 0.09153 0.55533 0.56967 
523	6	0.38775 0.73470 0.38441 0.22338 0.63125 0.48639 
524	6	0.05745 0.73880 0.47223 0.02575 0.42662 0.78587 
525	6	0.35580 0.86548 0.37076 0.16456 0.56525 0.58751 
526	6	0.66343 0.73815 0.43187 0.46421 0.68869 0.38152 
527	6	0.73702 0.80174 0.31781 0.56265 0.71733 0.33501 
528	6	0.32829 0.68905 0.19411 0.15922 0.62176 0.53104 
529	6	0.30954 0.83814 0.29887 0.15101 0.59634 0.58477 
530	6	0.42531 0.88993 0.33492 0.22211 0.66404 0.49468 
531	6	0.15738 0.87484 0.11559 0.10000 0.69134 0.57223 
532	6	0.27560 0.70519 0.48035 0.10936 0.56690 0.67499 
533	6	0.20092 0.78659 0.54030 0.08733 0.57977 0.64207 
534	6	0.11300 0.84549 0.24387 0.07391 0.63423 0.64726 
535	6	0.45649 0.64491 0.22461 0.23866 0.54408 0.51586 
536	6	0.04343 0.72454 0.37890 0.01544 0.29575 0.82522 
537	6	0.43392 0.58742 0.27182 0.21712 0.52526 0.54649 
538	6	0.63354 0.63532 0.13406 0.43535 0.74898 0.32406 
539	6	0.87658 0.77652 0.15704 0.77941 0.87925 0.15853 
540	6	0.46006 0.90316 0.18799 0.24204 0.66713 0.53281 
541	6	0.51521 0.80605 0.40811 0.30456 0.67543 0.46823 
542	6	0.45128 0.76377 0.49602 0.24469 0.63185 0.48948 
543	6	0.64311 0.19368 0.39931 0.44215 0.68461 0.37906 
544	6	0.56586 0.42967 0.55651 0.34728 0.61826 0.48247 
545	6	0.49023 0.33293 0.81908 0.27101 0.53464 0.49697 
546	6	0.46791 0.74637 0.64593 0.27325 0.68330 0.46763 
547	6	0.51659 0.69036 0.66481 0.30685 0.64299 0.44501 
548	6	0.69462 0.02136 0.65602 0.50585 0.64941 0.34953 
549	6	0.69755 0.43385 0.48089 0.50849 0.65964 0.35997 
550	6	0.49722 0.36636 0.59993 0.27501 0.55130 0.53116 
551	6	0.43388 0.62570 0.52520 0.21903 0.58632 0.59090 
552	6	0.55293 0.21639 0.54209 0.34229 0.56989 0.40826 
553	6	0.49720 0.78913 0.55448 0.30051 0.72600 0.44341 
554	6	0.50334 0.29911 0.95143 0.27793 0.47128 0.56811 
555	6	0.62290 0.51823 0.55656 0.41293 0.66372 0.42965 
556	6	0.58677 0.28351 0.87793 0.37186 0.58771 0.41790 
557	6	0.44826 0.34115 0.74152 0.22828 0.50263 0.59590 
558	6	0.61210 0.28758 0.64255 0.40380 0.64796 0.38277 
559	6	0.65569 0.49242 0.52203 0.45617 0.70291 0.36524 
560	6	0.52134 0.84923 0.21877 0.29943 0.62543 0.51774 
561	6	0.44258 0.83577 0.25556 0.23042 0.62211 0.50972 
562	6	0.48368 0.86172 0.21899 0.27547 0.65056 0.45702 
563	6	0.11425 0.76675 0.32116 0.05139 0.52619 0.68615 
564	6	0.22091 0.60842 0.31608 0.10941 0.51216 0.65306 
565	6	0.82878 1.00000 0.11382 0.71220 0.90177 0.14307 
566	6	0.90410 0.93021 0.12734 0.82683 0.92694 0.11574 
567	6	0.28830 0.85517 0.33039 0.11831 0.55006 0.62236 
568	6	0.35152 0.97812 0.07860 0.21502 0.78556 0.43769 
569	6	0.26914 0.74968 0.18857 0.12479 0.55012 0.58424 
570	6	0.39100 0.80837 0.34121 0.20202 0.66071 0.51670 
571	6	0.94147 0.84714 0.08988 0.89292 0.96190 0.05644 
572	6	0.36205 0.95155 0.15266 0.20423 0.75646 0.47968 
573	6	0.20739 0.73707 0.26509 0.09173 0.51615 0.62589 
574	6	0.79913 0.41514 0.31848 0.65506 0.77801 0.24541 
575	6	0.09971 0.82451 0.33127 0.04448 0.43662 0.72752 
576	6	0.53422 0.88823 0.24766 0.31673 0.69715 0.45419 
577	6	0.19082 0.66996 0.45687 0.08676 0.54068 0.63930 
578	6	0.06978 0.78942 0.43070 0.02521 0.38971 0.82941 
579	6	0.67274 0.82500 0.42456 0.48272 0.74575 0.31702 
580	6	0.52103 0.57478 0.37831 0.30159 0.61716 0.50231 
581	6	0.11378 0.85036 0.25750 0.04671 0.53200 0.69352 
582	6	0.72022 0.91939 0.21619 0.53933 0.76395 0.35846 
583	6	0.07859 0.82005 0.42646 0.04045 0.48319 0.74988 
584	6	0.19268 0.94321 0.10487 0.11166 0.84804 0.53740 
585	6	0.24362 0.90756 0.10829 0.15101 0.73031 0.55121 
586	6	0.21462 0.86404 0.28924 0.08624 0.59748 0.63382 
587	6	0.39442 0.87218 0.19147 0.20613 0.73760 0.46592 
588	6	0.25178 0.69258 0.32608 0.10012 0.54511 0.67779 
589	6	0.24593 0.96687 0.08878 0.15996 0.74671 0.46085 
590	6	0.32617 0.75450 0.62390 0.14988 0.57843 0.58473 
591	6	0.44753 0.74041 0.23336 0.23770 0.62419 0.49829 
592	6	0.54624 0.99865 0.19309 0.42456 0.92519 0.22144 
593	6	0.13491 0.86695 0.24313 0.05305 0.35298 0.68050 
594	6	0.35255 0.87430 0.31258 0.24785 0.75012 0.43578 
595	6	0.64748 0.95347 0.21015 0.45819 0.77280 0.29240 
596	6	0.69270 0.82167 0.27292 0.50663 0.79264 0.30413 
597	6	0.76584 0.84450 0.20816 0.60481 0.80114 0.28912 
598	6	0.78215 0.69298 0.22632 0.62969 0.80205 0.25708 
599	6	0.37920 0.56118 0.27257 0.24589 0.68111 0.42390 
