600	6	6
0	1	0.12843 0.91803 0.12682 0.01822 0.40304 0.71640 
1	1	0.06012 0.96707 0.06146 0.00663 0.57247 0.63286 
2	1	0.21098 0.94539 0.11041 0.04620 0.42495 0.66245 
3	1	0.12083 0.87272 0.20031 0.01495 0.21838 0.82763 
4	1	0.16695 0.92755 0.17561 0.02922 0.29622 0.75328 
5	1	0.22696 0.96093 0.13605 0.05386 0.53026 0.60628 
6	1	0.21271 0.91596 0.15221 0.04717 0.49230 0.65165 
7	1	0.10933 0.86469 0.23859 0.01227 0.20363 0.82457 
8	1	0.22104 0.95683 0.14308 0.05023 0.44569 0.67451 
9	1	0.11645 0.98733 0.10201 0.01681 0.48375 0.65823 
10	1	0.07931 0.97996 0.10654 0.01028 0.42398 0.71057 
11	1	0.09432 0.90855 0.09402 0.01422 0.69906 0.55081 
12	1	0.21176 0.94582 0.19538 0.04620 0.46755 0.65287 
13	1	0.08009 0.92811 0.09718 0.00989 0.56823 0.60755 
14	1	0.00507 0.84276 0.17031 0.00047 0.18429 0.85116 
15	1	0.18488 0.95341 0.13905 0.03802 0.55080 0.63065 
16	1	0.05901 0.88006 0.18977 0.00384 0.22208 0.83494 
17	1	0.06877 0.88339 0.18317 0.00508 0.20548 0.84823 
18	1	0.20124 0.97566 0.08059 0.04337 0.58558 0.63310 
19	1	0.26080 0.93269 0.23361 0.06942 0.46038 0.64986 
20	1	0.22621 0.93742 0.12314 0.05205 0.37663 0.71179 
21	1	0.25521 0.98383 0.07461 0.06563 0.40599 0.69905 
22	1	0.22965 0.95186 0.08270 0.05482 0.63978 0.55224 
23	1	0.22413 0.94462 0.10935 0.05165 0.45785 0.64016 
24	1	0.10760 0.93412 0.07660 0.01318 0.54841 0.65402 
25	1	0.16353 0.92013 0.25730 0.02755 0.36187 0.75675 
26	1	0.08525 0.90660 0.26937 0.00821 0.29375 0.80880 
27	1	0.11068 0.92574 0.20170 0.01325 0.35664 0.73074 
28	1	0.08681 0.93139 0.17034 0.00870 0.34477 0.73156 
29	1	0.21037 0.96553 0.15684 0.04506 0.39807 0.71189 
30	1	0.05583 0.98443 0.04591 0.01269 0.75951 0.51881 
31	1	0.22221 0.94472 0.21395 0.05022 0.33963 0.73714 
32	1	0.22128 0.96563 0.10338 0.05061 0.45163 0.64313 
33	1	0.22376 0.93090 0.19213 0.05122 0.39493 0.72209 
34	1	0.26150 0.90761 0.27693 0.06894 0.37502 0.71144 
35	1	0.27013 0.95243 0.20399 0.07389 0.46953 0.63631 
36	1	0.16475 0.99524 0.09758 0.03009 0.47880 0.60822 
37	1	0.46856 0.87590 0.14990 0.22740 0.67791 0.36145 
38	1	0.21247 0.92179 0.18779 0.04654 0.45137 0.69230 
39	1	0.15816 0.96268 0.10926 0.02781 0.45533 0.71637 
40	1	0.21772 0.96640 0.14281 0.05428 0.54655 0.61155 
41	1	0.19962 0.92985 0.11169 0.04047 0.30723 0.74587 
42	1	0.12212 0.98213 0.05162 0.01677 0.50957 0.62181 
43	1	0.15347 0.93644 0.08764 0.03032 0.51648 0.63195 
44	1	0.11148 0.93753 0.17439 0.01332 0.34273 0.78628 
45	1	0.19145 0.98031 0.09777 0.03975 0.43928 0.68286 
46	1	0.26253 0.97247 0.15322 0.07391 0.50247 0.60817 
47	1	0.22198 0.93120 0.18700 0.05126 0.38603 0.67200 
48	1	0.07071 0.96391 0.05535 0.02925 0.82996 0.42761 
49	1	0.26175 0.91892 0.17979 0.06959 0.44177 0.67345 
50	1	0.26238 0.95837 0.14642 0.06958 0.45667 0.65643 
51	1	0.25583 0.93177 0.18504 0.06630 0.41878 0.68661 
52	1	0.27026 0.90980 0.19497 0.08120 0.53025 0.58185 
53	1	0.02241 0.95098 0.06571 0.00262 0.33268 0.73226 
54	1	0.15448 0.83913 0.19009 0.02433 0.25371 0.77477 
55	1	0.01686 0.90996 0.06527 0.00383 0.49400 0.64911 
56	1	0.22304 0.92597 0.26496 0.05118 0.43886 0.67061 
57	1	0.25438 0.94331 0.20927 0.06514 0.35589 0.72077 
58	1	0.28056 0.95448 0.17855 0.08055 0.50828 0.61419 
59	1	0.06786 0.90838 0.07718 0.00826 0.53568 0.60071 
60	1	0.22776 0.92346 0.11585 0.05417 0.50979 0.63390 
61	1	0.23089 0.96150 0.12026 0.05527 0.53219 0.59334 
62	1	0.26023 0.96331 0.13562 0.06840 0.38715 0.69664 
63	1	0.26388 0.96019 0.13118 0.07044 0.42906 0.67586 
64	1	0.21496 0.95121 0.13468 0.04690 0.41760 0.68582 
65	1	0.06782 0.88074 0.16989 0.00773 0.43332 0.73882 
66	1	0.21239 0.93768 0.08495 0.04970 0.64169 0.56884 
67	1	0.26124 0.99541 0.07324 0.06892 0.43044 0.65601 
68	1	0.13056 0.97709 0.10121 0.01884 0.39909 0.71273 
69	1	0.11989 0.94684 0.12289 0.01692 0.43313 0.70329 
70	1	0.06954 0.94913 0.08094 0.02979 0.72316 0.41883 
71	1	0.07241 0.96284 0.09946 0.01811 0.64050 0.49812 
72	1	0.20417 0.87888 0.18385 0.04529 0.54821 0.62679 
73	1	0.13011 0.94932 0.14633 0.01816 0.38235 0.71471 
74	1	0.05998 0.95494 0.07770 0.02037 0.60805 0.46556 
75	1	0.15001 0.82616 0.26568 0.02299 0.23379 0.82696 
76	1	0.25268 0.94615 0.17377 0.06426 0.34373 0.73540 
77	1	0.26049 0.95316 0.16026 0.07439 0.49792 0.61421 
78	1	0.20168 0.89606 0.34751 0.04291 0.37680 0.71642 
79	1	0.21919 0.87448 0.26684 0.04871 0.31190 0.75168 
80	1	0.15259 0.86957 0.24562 0.02375 0.24487 0.79247 
81	1	0.26319 0.95144 0.17291 0.07024 0.42602 0.68003 
82	1	0.26159 0.94219 0.17573 0.06928 0.41485 0.68656 
83	1	0.00736 0.93134 0.15029 0.00066 0.18868 0.86030 
84	1	0.20747 0.92559 0.13427 0.04401 0.41452 0.68945 
85	1	0.25385 0.98867 0.10573 0.06526 0.45010 0.65127 
86	1	0.13191 0.93301 0.13658 0.01796 0.28981 0.79899 
87	1	0.11401 0.99082 0.08838 0.01568 0.44611 0.68282 
88	1	0.26140 0.94436 0.20696 0.07021 0.51265 0.62341 
89	1	0.11020 0.99469 0.02709 0.01380 0.52502 0.67016 
90	1	0.25158 0.88173 0.25206 0.06409 0.44201 0.68610 
91	1	0.01945 0.88798 0.09078 0.00102 0.20671 0.82848 
92	1	0.25511 0.91377 0.21088 0.06564 0.41144 0.69957 
93	1	0.20855 0.91543 0.16381 0.04487 0.37844 0.72622 
94	1	0.15684 0.91802 0.18846 0.02553 0.34874 0.75133 
95	1	0.15149 0.95464 0.09877 0.02389 0.34883 0.74086 
96	1	0.20823 0.94867 0.19368 0.04432 0.38094 0.74043 
97	1	0.12144 0.91463 0.23263 0.01591 0.29854 0.81443 
98	1	0.15492 0.94530 0.20495 0.02539 0.37175 0.75531 
99	1	0.62853 0.95135 0.14241 0.39951 0.74160 0.28991 
100	2	0.23880 0.91351 0.29296 0.05806 0.37820 0.69387 
101	2	0.03600 0.90699 0.12448 0.00762 0.47375 0.69638 
102	2	0.00270 0.76778 0.23635 0.00018 0.10604 0.89688 
103	2	0.06439 0.69606 0.40971 0.01318 0.46664 0.66875 
104	2	0.54670 0.87041 0.39684 0.29992 0.54863 0.47474 
105	2	0.04312 0.79490 0.35222 0.00981 0.38873 0.61884 
106	2	0.57823 0.86013 0.40164 0.33729 0.63578 0.38430 
107	2	0.01018 0.71912 0.15888 0.00167 0.32821 0.74900 
108	2	0.00067 0.84083 0.22957 0.00014 0.08329 0.89788 
109	2	0.00045 0.71488 0.25648 0.00008 0.08895 0.93060 
110	2	0.00329 0.85781 0.18239 0.00019 0.08942 0.90806 
111	2	0.00676 0.67032 0.30137 0.00054 0.18625 0.88751 
112	2	0.35366 0.69233 0.74466 0.12907 0.46342 0.56162 
113	2	0.02211 0.72679 0.16623 0.00186 0.32367 0.78499 
114	2	0.06313 0.57575 0.17777 0.00707 0.31201 0.68257 
115	2	0.00192 0.70879 0.29201 0.00023 0.17804 0.89186 
116	2	0.25607 0.89877 0.16387 0.06711 0.46525 0.65485 
117	2	0.13155 0.86472 0.16622 0.02353 0.36342 0.67732 
118	2	0.01436 0.88325 0.29096 0.00156 0.31804 0.83384 
119	2	0.00310 0.78624 0.39242 0.00030 0.20009 0.88392 
120	2	0.17977 0.88452 0.18981 0.03333 0.27066 0.76815 
121	2	0.00392 0.79550 0.42155 0.00029 0.20265 0.90080 
122	2	0.00475 0.88677 0.06754 0.00105 0.29782 0.76926 
123	2	0.00023 0.57651 0.49838 0.00003 0.04412 0.97657 
124	2	0.48258 0.75417 0.36177 0.23730 0.59625 0.42820 
125	2	0.38562 0.95697 0.22583 0.15078 0.47547 0.56006 
126	2	0.04300 0.92335 0.19930 0.00751 0.47861 0.67129 
127	2	0.00013 0.77818 0.31139 0.00002 0.05944 0.96389 
128	2	0.11196 0.65336 0.88572 0.02530 0.37250 0.66737 
129	2	0.00607 0.44971 0.55467 0.00079 0.23412 0.86710 
130	2	0.16935 0.90900 0.21684 0.03113 0.26859 0.79557 
131	2	0.04715 0.82390 0.16824 0.01395 0.47782 0.66198 
132	2	0.02961 0.79520 0.22610 0.00483 0.40233 0.67843 
133	2	0.00306 0.82707 0.01157 0.00082 0.21003 0.74698 
134	2	0.00389 0.72668 0.30136 0.00034 0.13606 0.89774 
135	2	0.00632 0.62915 0.19384 0.00163 0.29365 0.74714 
136	2	0.14814 0.85631 0.25920 0.02328 0.43562 0.72237 
137	2	0.47658 0.00000 0.46807 0.22816 0.53608 0.48341 
138	2	0.41711 0.90722 0.29931 0.17666 0.47690 0.53782 
139	2	0.16982 0.46630 0.42169 0.05655 0.60348 0.50509 
140	2	0.02339 0.94022 0.09122 0.00251 0.32186 0.78094 
141	2	0.11283 0.87690 0.51471 0.02476 0.34912 0.68870 
142	2	0.10878 0.98906 0.04160 0.01489 0.35527 0.67217 
143	2	0.00372 0.98215 0.06192 0.00079 0.37436 0.77378 
144	2	0.09209 0.72543 0.24766 0.01438 0.30936 0.73631 
145	2	0.01276 0.85883 0.35657 0.00088 0.13426 0.90119 
146	2	0.00111 0.74560 0.42801 0.00023 0.15302 0.89027 
147	2	0.01214 0.88193 0.29275 0.00044 0.09975 0.93001 
148	2	0.17007 0.89310 0.29575 0.03317 0.42805 0.70113 
149	2	0.01759 0.79285 0.24653 0.00278 0.33494 0.76840 
150	2	0.44503 0.87631 0.41207 0.19995 0.48403 0.54616 
151	2	0.06041 0.93303 0.19288 0.00805 0.23096 0.84110 
152	2	0.00025 0.70363 0.22768 0.00003 0.02672 0.94868 
153	2	0.00049 0.75055 0.25708 0.00002 0.03761 0.96120 
154	2	0.02028 0.73683 0.47638 0.00073 0.12253 0.90278 
155	2	0.01392 0.81986 0.40630 0.00236 0.31205 0.78448 
156	2	0.02684 0.70148 0.50547 0.00329 0.29372 0.79419 
157	2	0.00502 0.71284 0.52339 0.00015 0.06538 0.93379 
158	2	0.47431 0.93802 0.21366 0.22624 0.54534 0.46961 
159	2	0.10792 0.76916 0.42464 0.01682 0.28595 0.78653 
160	2	0.01660 0.84543 0.07945 0.00206 0.28811 0.74863 
161	2	0.00558 0.70651 0.37682 0.00026 0.12358 0.94143 
162	2	0.00040 0.66434 0.54557 0.00003 0.04749 0.97686 
163	2	0.07296 0.79532 0.11112 0.00933 0.33086 0.70174 
164	2	0.10866 0.86313 0.05001 0.03138 0.55492 0.53884 
165	2	0.01692 0.86074 0.27593 0.00152 0.25890 0.82253 
166	2	0.03400 0.91368 0.15390 0.00516 0.44259 0.73752 
167	2	0.07128 0.92940 0.22205 0.00925 0.45230 0.70939 
168	2	0.16427 0.88641 0.28987 0.03044 0.39302 0.71113 
169	2	0.00370 0.83165 0.33343 0.00060 0.13062 0.86788 
170	2	0.28885 0.65990 0.69493 0.08990 0.38659 0.67048 
171	2	0.03649 0.93019 0.17155 0.00218 0.20162 0.82952 
172	2	0.00131 0.66132 0.30416 0.00017 0.12415 0.91257 
173	2	0.58307 0.73390 0.44449 0.34173 0.67405 0.34673 
174	2	0.00156 0.88015 0.18082 0.00008 0.10070 0.93496 
175	2	0.46709 0.94359 0.23388 0.22095 0.54498 0.49563 
176	2	0.00511 0.86771 0.40679 0.00043 0.13903 0.88837 
177	2	0.00649 0.80351 0.48164 0.00030 0.12313 0.93355 
178	2	0.05322 0.90986 0.16603 0.01252 0.54718 0.61071 
179	2	0.46722 0.95726 0.15739 0.21984 0.51529 0.52828 
180	2	0.03340 0.77353 0.46386 0.00137 0.09916 0.92696 
181	2	0.00192 0.79672 0.20220 0.00023 0.09773 0.86584 
182	2	0.01026 0.65735 0.29808 0.00031 0.11236 0.92935 
183	2	0.00483 0.85052 0.23732 0.00039 0.17690 0.87345 
184	2	0.46648 0.84621 0.12405 0.22270 0.67244 0.36101 
185	2	0.29548 0.86822 0.46104 0.09556 0.53440 0.55325 
186	2	0.00837 0.79897 0.14788 0.00167 0.33372 0.73825 
187	2	0.38717 0.61923 0.58073 0.15316 0.53674 0.54391 
188	2	0.28651 0.81761 0.30561 0.08485 0.39231 0.63281 
189	2	0.17075 0.93904 0.32576 0.03212 0.34838 0.69207 
190	2	0.09373 0.91522 0.30906 0.01034 0.32186 0.77856 
191	2	0.40660 0.92220 0.22274 0.16690 0.47473 0.54950 
192	2	0.05659 0.96788 0.10628 0.00397 0.22561 0.84535 
193	2	0.02340 0.93080 0.14744 0.00094 0.15961 0.89062 
194	2	0.08661 0.89506 0.34899 0.02261 0.42401 0.68673 
195	2	0.02638 0.90450 0.15365 0.00464 0.36150 0.72849 
196	2	0.23690 0.76607 0.28258 0.05905 0.35625 0.66863 
197	2	0.16566 0.95802 0.16135 0.02926 0.34009 0.73699 
198	2	0.01213 0.84075 0.32861 0.00178 0.21749 0.83938 
199	2	0.39632 0.64549 0.44564 0.16042 0.48148 0.56996 
200	3	0.09079 0.65835 0.35854 0.01564 0.41511 0.64197 
201	3	0.74163 0.78596 0.13457 0.55334 0.83200 0.17085 
202	3	0.02318 0.93654 0.12079 0.00286 0.27154 0.76388 
203	3	0.03785 0.84740 0.29169 0.00880 0.53899 0.63315 
204	3	0.79284 0.90878 0.10177 0.63059 0.86958 0.14112 
205	3	0.85713 0.70669 0.12256 0.73535 0.87182 0.13552 
206	3	0.03234 0.85825 0.09625 0.00438 0.39631 0.73693 
207	3	0.02641 0.71749 0.40782 0.00198 0.33550 0.81809 
208	3	0.05582 0.77409 0.23519 0.00491 0.37118 0.74457 
209	3	0.01402 0.80035 0.29589 0.00147 0.27390 0.83786 
210	3	0.50124 0.79526 0.11900 0.25293 0.58996 0.44029 
211	3	0.53563 0.85145 0.45531 0.28787 0.56029 0.47569 
212	3	0.01855 0.84563 0.17590 0.00090 0.19402 0.86432 
213	3	0.01724 0.90462 0.09040 0.00255 0.29168 0.73932 
214	3	0.03165 0.75750 0.39958 0.00394 0.47978 0.69784 
215	3	0.01031 0.74036 0.13731 0.00122 0.25819 0.78687 
216	3	0.00192 0.87829 0.22232 0.00023 0.12001 0.90131 
217	3	0.67813 0.82876 0.11480 0.46100 0.72954 0.30733 
218	3	0.00104 0.56808 0.57689 0.00009 0.06140 0.95621 
219	3	0.05491 0.79587 0.26604 0.01023 0.45126 0.64762 
220	3	0.00191 0.82471 0.15615 0.00034 0.20345 0.84964 
221	3	0.00764 0.60172 0.94099 0.00027 0.04535 0.96825 
222	3	0.19197 0.85916 0.06180 0.05423 0.61201 0.41663 
223	3	0.01656 0.94026 0.17207 0.00106 0.21818 0.85676 
224	3	0.02506 0.58450 0.18749 0.00494 0.46873 0.68465 
225	3	0.14222 0.92903 0.08171 0.02209 0.48580 0.66278 
226	3	0.07291 0.89144 0.16400 0.02054 0.45812 0.47886 
227	3	0.18746 0.89576 0.38848 0.03886 0.47998 0.64046 
228	3	0.01307 0.81893 0.17739 0.00096 0.25091 0.78865 
229	3	0.00773 0.82877 0.10030 0.00155 0.41966 0.74778 
230	3	0.01652 0.83985 0.21738 0.00240 0.30928 0.76546 
231	3	0.00463 0.77878 0.19904 0.00070 0.18515 0.83089 
232	3	0.04275 0.62683 0.25249 0.00580 0.39288 0.69559 
233	3	0.04026 0.68705 0.46934 0.00287 0.11933 0.90908 
234	3	0.00583 0.87400 0.12732 0.00126 0.29085 0.78358 
235	3	0.00750 0.43221 0.19584 0.00097 0.19455 0.78070 
236	3	0.02227 0.81689 0.05326 0.00439 0.49619 0.66156 
237	3	0.07939 0.82022 0.23256 0.01678 0.55855 0.61853 
238	3	0.12683 0.92254 0.25643 0.01833 0.30972 0.75444 
239	3	0.00372 0.76321 0.18878 0.00032 0.17125 0.86362 
240	3	0.03723 0.93809 0.07098 0.00266 0.26351 0.75289 
241	3	0.03202 0.93632 0.20545 0.00693 0.37823 0.61162 
242	3	0.00163 0.85261 0.13897 0.00031 0.19655 0.85614 
243	3	0.35648 0.92120 0.22380 0.14636 0.73633 0.39870 
244	3	0.17729 0.88155 0.14723 0.03581 0.46173 0.60702 
245	3	0.00587 0.94565 0.06152 0.00119 0.37013 0.75713 
246	3	0.00594 0.80962 0.21726 0.00068 0.34673 0.81889 
247	3	0.11608 0.79037 0.38898 0.01603 0.26378 0.78248 
248	3	0.01479 0.88456 0.12899 0.00158 0.40420 0.76654 
249	3	0.02349 0.77865 0.13054 0.00432 0.46363 0.68791 
250	3	0.00077 0.82077 0.15282 0.00017 0.14053 0.88582 
251	3	0.03939 0.73933 0.10643 0.01051 0.39317 0.56987 
252	3	0.04072 0.93021 0.03966 0.01077 0.67064 0.56042 
253	3	0.00436 0.66032 0.25848 0.00030 0.12982 0.88970 
254	3	0.00616 0.65659 0.11082 0.00139 0.24754 0.74763 
255	3	0.00671 0.55436 0.15043 0.00106 0.15814 0.75846 
256	3	0.00582 0.61389 0.37686 0.00094 0.24307 0.83459 
257	3	0.51607 0.91009 0.19108 0.27029 0.64410 0.39360 
258	3	0.78661 0.65955 0.11505 0.61946 0.82393 0.19234 
259	3	0.04828 0.77096 0.06758 0.00792 0.38567 0.66651 
260	3	0.00190 0.32947 0.80243 0.00019 0.09652 0.94190 
261	3	0.90856 0.38063 0.01080 0.82685 0.95135 0.05438 
262	3	0.10460 0.87996 0.07081 0.01263 0.51710 0.64500 
263	3	0.00318 0.68995 0.16394 0.00070 0.22210 0.79166 
264	3	0.00636 0.85770 0.36275 0.00126 0.26235 0.79881 
265	3	0.00106 0.72151 0.20757 0.00024 0.13557 0.88010 
266	3	0.33275 0.98215 0.17596 0.12361 0.65149 0.43900 
267	3	0.04565 0.65993 0.09017 0.00742 0.48178 0.62330 
268	3	0.59752 0.68334 0.00312 0.35881 0.69575 0.30709 
269	3	0.26945 0.91099 0.24629 0.07396 0.46223 0.62371 
270	3	0.27500 0.92280 0.21452 0.07780 0.51876 0.59076 
271	3	0.42169 0.98987 0.01758 0.18028 0.77537 0.38599 
272	3	0.35098 0.99732 0.03727 0.12705 0.70587 0.44252 
273	3	0.82035 0.92573 0.09417 0.67427 0.87290 0.13009 
274	3	0.04920 0.59790 0.08111 0.00913 0.52137 0.62833 
275	3	0.00342 0.69596 0.22572 0.00027 0.13805 0.86982 
276	3	0.01808 0.71244 0.23474 0.00387 0.43757 0.71601 
277	3	0.02114 0.66618 0.21497 0.00483 0.49744 0.67625 
278	3	0.00100 0.71108 0.21830 0.00028 0.13653 0.85290 
279	3	0.00127 0.26635 0.19023 0.00026 0.05182 0.84417 
280	3	0.02144 0.71446 0.34354 0.00343 0.26478 0.77416 
281	3	0.00195 0.88048 0.10773 0.00029 0.16982 0.85144 
282	3	0.01531 0.84831 0.06378 0.00209 0.39406 0.72154 
283	3	0.56718 0.56603 0.37338 0.32442 0.63939 0.38654 
284	3	0.00693 0.69965 0.19416 0.00166 0.34852 0.72330 
285	3	0.00953 0.63608 0.26362 0.00066 0.19019 0.86465 
286	3	0.00947 0.96652 0.03566 0.00130 0.39686 0.76145 
287	3	0.01584 0.87574 0.13143 0.00250 0.54023 0.67259 
288	3	0.01132 0.86880 0.09973 0.00139 0.34569 0.76555 
289	3	0.01453 0.49895 0.23441 0.00241 0.36620 0.75730 
290	3	0.00658 0.85184 0.07173 0.00127 0.36472 0.72976 
291	3	0.00375 0.68066 0.05711 0.00120 0.23045 0.73602 
292	3	0.01602 0.80321 0.20913 0.00267 0.48469 0.69047 
293	3	0.00500 0.67579 0.35028 0.00056 0.19967 0.86140 
294	3	0.00511 0.67520 0.09726 0.00132 0.22024 0.72357 
295	3	0.01574 0.72699 0.22712 0.00230 0.47180 0.72609 
296	3	0.00408 0.83582 0.37044 0.00081 0.27798 0.80542 
297	3	0.14535 0.95021 0.04829 0.02369 0.64240 0.58835 
298	3	0.09748 0.98045 0.02774 0.01213 0.56946 0.60176 
299	3	0.06647 0.70190 0.17719 0.01617 0.62250 0.58139 
300	4	0.01883 0.88222 0.02431 0.00432 0.42207 0.67080 
301	4	0.00053 0.42301 0.54576 0.00010 0.02645 0.93282 
302	4	0.01218 0.16702 0.18625 0.00255 0.29745 0.68545 
303	4	0.01791 0.48642 0.25092 0.00186 0.29145 0.80665 
304	4	0.05364 0.93688 0.21528 0.00708 0.34025 0.75423 
305	4	0.00884 0.87273 0.16129 0.00058 0.23978 0.83347 
306	4	0.15351 0.70679 0.72121 0.02409 0.19274 0.84514 
307	4	0.09208 0.98588 0.04114 0.02074 0.41765 0.66878 
308	4	0.01165 0.69724 0.21494 0.00076 0.22153 0.82316 
309	4	0.00037 0.26623 0.93460 0.00003 0.00643 0.96557 
310	4	0.02758 0.58184 0.55207 0.00212 0.19884 0.84123 
311	4	0.00110 0.83057 0.19008 0.00006 0.07265 0.93815 
312	4	0.00054 0.47028 0.76383 0.00002 0.01407 0.98264 
313	4	0.00682 0.66374 0.25010 0.00110 0.24125 0.80249 
314	4	0.03449 0.78796 0.10267 0.00625 0.40018 0.68199 
315	4	0.00702 0.77257 0.18023 0.00149 0.26354 0.71848 
316	4	0.00568 0.87157 0.21115 0.00093 0.32010 0.80425 
317	4	0.00018 0.89343 0.13543 0.00003 0.07027 0.94509 
318	4	0.00240 0.60680 0.31284 0.00020 0.07563 0.88837 
319	4	0.67645 0.98639 0.11471 0.45857 0.71159 0.31006 
320	4	0.00173 0.90878 0.11899 0.00035 0.11243 0.84394 
321	4	0.00408 0.65050 0.20759 0.00035 0.15392 0.87195 
322	4	0.40673 0.86738 0.28314 0.16850 0.50228 0.53498 
323	4	0.28661 0.88299 0.34676 0.08557 0.40024 0.64488 
324	4	0.01966 0.74034 0.20786 0.00280 0.27505 0.79551 
325	4	0.01697 0.53686 0.15099 0.00386 0.40371 0.70476 
326	4	0.00066 0.82708 0.21257 0.00006 0.06918 0.94233 
327	4	0.00318 0.90029 0.10442 0.00037 0.17346 0.86376 
328	4	0.50467 0.79206 0.36763 0.25590 0.50752 0.49985 
329	4	0.13723 0.65774 0.25845 0.02792 0.38854 0.66215 
330	4	0.00211 0.78097 0.16272 0.00015 0.09390 0.88916 
331	4	0.00622 0.72323 0.29507 0.00089 0.15924 0.82639 
332	4	0.00124 0.59384 0.49573 0.00021 0.10815 0.89971 
333	4	0.02209 0.64033 0.20600 0.00558 0.37681 0.64304 
334	4	0.01144 0.59183 0.18841 0.00143 0.25149 0.80556 
335	4	0.20280 0.98595 0.05926 0.04303 0.46717 0.63382 
336	4	0.00750 0.71139 0.09187 0.00169 0.31495 0.73996 
337	4	0.02532 0.69518 0.16931 0.00224 0.22909 0.79269 
338	4	0.02983 0.69900 0.36830 0.00207 0.25550 0.81576 
339	4	0.00906 0.92198 0.08944 0.00057 0.18872 0.85328 
340	4	0.26207 0.77405 0.32188 0.07046 0.37389 0.67432 
341	4	0.00000 0.60857 0.24879 0.00004 0.02483 0.94154 
342	4	0.03277 0.79068 0.21966 0.00551 0.38416 0.67789 
343	4	0.01829 0.78319 0.39711 0.00176 0.28482 0.77513 
344	4	0.00031 0.74759 0.15251 0.00010 0.07400 0.90437 
345	4	0.00412 0.53750 0.20148 0.00126 0.23479 0.73813 
346	4	0.06262 0.52734 0.11922 0.01805 0.63166 0.46761 
347	4	0.01364 0.74385 0.41348 0.00298 0.56253 0.65423 
348	4	0.00002 0.59413 0.31507 0.00002 0.01249 0.95845 
349	4	0.00885 0.50864 0.37569 0.00116 0.22123 0.84535 
350	4	0.00750 0.57556 0.24960 0.00150 0.28342 0.79508 
351	4	0.06239 0.55662 0.49585 0.00414 0.09013 0.91858 
352	4	0.03954 0.50460 0.34891 0.00304 0.23071 0.76597 
353	4	0.08481 0.78097 0.63933 0.01358 0.25949 0.77369 
354	4	0.13152 0.80457 0.06666 0.06004 0.77275 0.38597 
355	4	0.29849 0.89132 0.06781 0.09028 0.40494 0.61551 
356	4	0.01504 0.67914 0.18300 0.00119 0.16959 0.82748 
357	4	0.00134 0.43052 0.26992 0.00029 0.09763 0.85272 
358	4	0.00069 0.73147 0.34551 0.00005 0.06719 0.95390 
359	4	0.01490 0.87187 0.11697 0.00171 0.33972 0.80950 
360	4	0.00766 0.68678 0.00000 0.00212 0.25071 0.63579 
361	4	0.02396 0.81813 0.10216 0.00294 0.34439 0.71568 
362	4	0.00421 0.67116 0.15563 0.00053 0.16054 0.84508 
363	4	0.01704 0.55486 0.14516 0.00357 0.46069 0.67154 
364	4	0.00039 0.10304 0.58995 0.00007 0.02446 0.93736 
365	4	0.02217 0.76748 0.18095 0.00203 0.22912 0.77526 
366	4	0.03541 0.60313 0.43188 0.00369 0.27057 0.80063 
367	4	0.00442 0.76949 0.28936 0.00083 0.09481 0.84829 
368	4	0.05349 0.59893 0.29981 0.00928 0.50719 0.63528 
369	4	0.00311 0.72080 0.10813 0.00051 0.20927 0.81801 
370	4	0.06201 0.63436 0.80968 0.00447 0.10236 0.88496 
371	4	0.01798 0.92123 0.18942 0.00156 0.22026 0.82395 
372	4	0.00092 0.47844 0.87990 0.00000 0.00000 1.00000 
373	4	0.10840 0.74986 0.19663 0.01604 0.53627 0.60884 
374	4	0.00240 0.00695 0.88500 0.00026 0.07812 0.92770 
375	4	0.08233 0.83531 0.17103 0.00806 0.30862 0.76249 
376	4	0.03014 0.74490 0.13208 0.00694 0.52968 0.59264 
377	4	0.00145 0.69660 0.47952 0.00013 0.03858 0.93086 
378	4	0.10462 0.69116 0.01157 0.02777 0.47429 0.43939 
379	4	0.00594 0.76794 0.09695 0.00124 0.30131 0.71744 
380	4	0.01370 0.64332 0.07023 0.00450 0.33507 0.60197 
381	4	0.01592 0.79889 0.37203 0.00061 0.13155 0.89401 
382	4	0.00683 0.74050 0.20541 0.00039 0.10439 0.87686 
383	4	0.00657 0.33595 0.61497 0.00043 0.16392 0.86125 
384	4	0.01154 0.55915 0.15358 0.00214 0.32078 0.74427 
385	4	0.00454 0.78870 0.37761 0.00022 0.08197 0.91241 
386	4	0.00909 0.80555 0.09238 0.00065 0.18163 0.82495 
387	4	0.10252 0.84266 0.38366 0.01114 0.20517 0.80461 
388	4	0.00532 0.63026 0.29146 0.00047 0.13148 0.89003 
389	4	0.03138 0.83401 0.10882 0.00410 0.27966 0.79326 
390	4	0.00660 0.86380 0.11864 0.00064 0.25899 0.83089 
391	4	0.00377 0.83712 0.19001 0.00033 0.16770 0.89487 
392	4	0.03090 0.56132 0.15560 0.00591 0.53764 0.64596 
393	4	0.04836 0.72801 0.16694 0.00372 0.29238 0.75911 
394	4	0.00121 0.79760 0.08325 0.00030 0.12702 0.83721 
395	4	0.00161 0.53941 0.24239 0.00018 0.06542 0.89041 
396	4	0.01035 0.86903 0.09053 0.00076 0.16116 0.81181 
397	4	0.05614 0.85448 0.08952 0.00672 0.33599 0.73717 
398	4	0.00033 0.52730 0.38438 0.00003 0.01792 0.95846 
399	4	0.11710 0.82525 0.28616 0.01868 0.34518 0.71851 
400	5	0.73550 0.79815 0.40595 0.54343 0.76378 0.22360 
401	5	0.74922 0.78972 0.42945 0.56320 0.76856 0.21880 
402	5	0.68472 0.80761 0.40517 0.47220 0.73691 0.27102 
403	5	0.71685 0.81299 0.39273 0.51533 0.72886 0.25719 
404	5	0.72984 0.81830 0.38750 0.53496 0.76322 0.22840 
405	5	0.75886 0.83682 0.33660 0.57728 0.77506 0.21409 
406	5	0.68553 0.76325 0.42224 0.47279 0.71625 0.25996 
407	5	0.70010 0.80876 0.37156 0.49167 0.71176 0.26959 
408	5	0.70494 0.80515 0.41782 0.49892 0.73664 0.25914 
409	5	0.70867 0.83137 0.44119 0.50457 0.74589 0.24444 
410	5	0.70695 0.78867 0.42287 0.50228 0.73917 0.24221 
411	5	0.72339 0.82315 0.39314 0.52607 0.75266 0.23237 
412	5	0.70289 0.81095 0.43527 0.49645 0.73895 0.24623 
413	5	0.74748 0.82740 0.44706 0.56026 0.76183 0.21653 
414	5	0.73286 0.72479 0.51416 0.53909 0.76121 0.22024 
415	5	0.71902 0.78447 0.40496 0.51883 0.74541 0.24307 
416	5	0.73200 0.78655 0.41395 0.53738 0.74784 0.23423 
417	5	0.71977 0.79022 0.40873 0.52057 0.75139 0.23554 
418	5	0.69059 0.84741 0.37274 0.48027 0.73983 0.25758 
419	5	0.69525 0.82166 0.39682 0.48593 0.73286 0.25545 
420	5	0.74709 0.82699 0.39168 0.55970 0.77122 0.22018 
421	5	0.76977 0.77811 0.41454 0.59372 0.77527 0.20657 
422	5	0.73565 0.80988 0.36478 0.54301 0.76600 0.22842 
423	5	0.73653 0.78697 0.40115 0.54408 0.75576 0.22702 
424	5	0.47274 0.77926 0.50192 0.23012 0.63678 0.40516 
425	5	0.00330 0.48379 0.46792 0.00026 0.10182 0.89223 
426	5	0.16633 0.80805 0.32746 0.04609 0.64127 0.51676 
427	5	0.15168 0.79298 0.39125 0.05664 0.68530 0.45974 
428	5	0.41418 0.81272 0.54622 0.18557 0.61077 0.43140 
429	5	0.01915 0.74628 0.46169 0.00218 0.21386 0.81796 
430	5	0.55516 0.81584 0.54201 0.31131 0.61666 0.38041 
431	5	0.44449 0.77453 0.59328 0.20158 0.59930 0.44003 
432	5	0.13760 0.83843 0.40335 0.01938 0.27983 0.81218 
433	5	0.64306 0.79207 0.59816 0.41552 0.67367 0.32146 
434	5	0.14208 0.78498 0.44168 0.02051 0.23822 0.81827 
435	5	0.40873 0.73803 0.55784 0.19103 0.61994 0.40155 
436	5	0.48917 0.73206 0.59658 0.24412 0.64823 0.39399 
437	5	0.31692 0.69505 0.50210 0.11282 0.67049 0.45013 
438	5	0.12265 0.74527 0.33796 0.04554 0.66873 0.47911 
439	5	0.16561 0.75647 0.43120 0.05440 0.66022 0.48037 
440	5	0.16474 0.77677 0.33999 0.04417 0.59662 0.51079 
441	5	0.12291 0.76917 0.38533 0.03778 0.61935 0.52165 
442	5	0.50807 0.81265 0.40422 0.26148 0.70337 0.37791 
443	5	0.18052 0.81178 0.34812 0.07868 0.67631 0.42313 
444	5	0.21979 0.79971 0.33495 0.09825 0.70724 0.40090 
445	5	0.24327 0.87713 0.18811 0.12401 0.70885 0.37913 
446	5	0.49701 0.83452 0.40921 0.25223 0.65994 0.39513 
447	5	0.66746 0.77956 0.51682 0.44998 0.71570 0.26982 
448	5	0.47837 0.79856 0.55774 0.23597 0.64306 0.38111 
449	5	0.02642 0.77215 0.64794 0.00226 0.23428 0.80330 
450	5	0.33659 0.80096 0.45977 0.12266 0.59485 0.46746 
451	5	0.10318 0.83100 0.46204 0.01205 0.27809 0.77383 
452	5	0.43827 0.77569 0.48075 0.21135 0.65591 0.38341 
453	5	0.14057 0.86341 0.39510 0.02107 0.26123 0.76333 
454	5	0.19335 0.73771 0.36452 0.07364 0.68579 0.43865 
455	5	0.11189 0.85437 0.35623 0.01582 0.36645 0.67640 
456	5	0.13961 0.74551 0.35522 0.02971 0.58040 0.57367 
457	5	0.05622 0.78122 0.42326 0.00558 0.29709 0.73407 
458	5	0.46167 0.75778 0.35624 0.21676 0.66735 0.42112 
459	5	0.14173 0.74216 0.32491 0.03896 0.65679 0.50318 
460	5	0.03508 0.79135 0.34370 0.00373 0.32908 0.71342 
461	5	0.13916 0.73552 0.28584 0.02925 0.61754 0.55382 
462	5	0.14009 0.74255 0.31575 0.02908 0.61195 0.55677 
463	5	0.17790 0.73783 0.33753 0.04392 0.62861 0.51648 
464	5	0.04923 0.80824 0.38860 0.00985 0.40727 0.65593 
465	5	0.14873 0.75425 0.31569 0.04005 0.63007 0.51070 
466	5	0.01534 0.76212 0.35132 0.00280 0.32953 0.71368 
467	5	0.50701 0.81412 0.43865 0.26078 0.64496 0.40562 
468	5	0.29368 0.86606 0.26454 0.10997 0.69450 0.43269 
469	5	0.31886 0.89058 0.45124 0.10358 0.44390 0.61007 
470	5	0.06748 0.84117 0.56586 0.00689 0.22137 0.80082 
471	5	0.34216 0.90971 0.43160 0.11878 0.48896 0.53089 
472	5	0.36081 0.91806 0.28607 0.13492 0.57692 0.52116 
473	5	0.40871 0.92694 0.27036 0.16924 0.59318 0.49814 
474	5	0.31288 0.82421 0.34482 0.10033 0.59007 0.52609 
475	5	0.00455 0.58095 0.30340 0.00021 0.10940 0.89702 
476	5	0.02760 0.83559 0.40729 0.00103 0.15002 0.88465 
477	5	0.00559 0.72911 0.31926 0.00050 0.16079 0.88109 
478	5	0.41034 0.88662 0.34177 0.16934 0.45536 0.60059 
479	5	0.30980 0.79429 0.48429 0.09680 0.35137 0.68882 
480	5	0.17893 0.85796 0.43912 0.03281 0.27196 0.77398 
481	5	0.24262 0.85273 0.37092 0.06492 0.35898 0.66253 
482	5	0.40581 0.89540 0.45251 0.16813 0.59897 0.41505 
483	5	0.49850 0.88431 0.58829 0.25010 0.61732 0.40683 
484	5	0.44876 0.90592 0.30388 0.20283 0.51460 0.49937 
485	5	0.45655 0.91003 0.40853 0.21255 0.61387 0.43418 
486	5	0.42227 0.89874 0.50634 0.18094 0.60272 0.44034 
487	5	0.40703 0.87186 0.31878 0.16743 0.50265 0.54731 
488	5	0.38583 0.90683 0.49690 0.15389 0.61900 0.43298 
489	5	0.40554 0.91852 0.39456 0.16985 0.63767 0.39618 
490	5	0.43935 0.87612 0.55470 0.19744 0.60059 0.43314 
491	5	0.42152 0.88633 0.53215 0.18097 0.61672 0.43078 
492	5	0.48559 0.87969 0.53428 0.23875 0.62391 0.41576 
493	5	0.39698 0.85736 0.63141 0.16280 0.58863 0.43969 
494	5	0.45140 0.84331 0.64188 0.20776 0.63036 0.42805 
495	5	0.50229 0.91721 0.44124 0.25474 0.67138 0.37773 
496	5	0.08193 0.87163 0.29513 0.00709 0.14925 0.86672 
497	5	0.10479 0.79052 0.36943 0.01140 0.17917 0.82077 
498	5	0.27996 0.91505 0.18082 0.08013 0.49334 0.61779 
499	5	0.71020 0.78385 0.60028 0.50604 0.73687 0.24968 
500	6	0.45301 0.93719 0.04252 0.20693 0.61743 0.44677 
501	6	0.00923 0.91780 0.17444 0.00066 0.23429 0.86783 
502	6	0.00295 0.87467 0.17812 0.00022 0.10998 0.89775 
503	6	0.32442 0.97770 0.04696 0.12202 0.75175 0.37091 
504	6	0.36723 0.87241 0.20679 0.13967 0.48659 0.56883 
505	6	0.38923 0.81843 0.22466 0.15967 0.52680 0.54067 
506	6	0.69886 0.93010 0.06589 0.49024 0.85727 0.19903 
507	6	0.65885 1.00000 0.08965 0.43516 0.71315 0.31215 
508	6	0.57078 0.96888 0.15528 0.32636 0.60397 0.41279 
509	6	0.02451 0.94736 0.03258 0.00259 0.50169 0.69391 
510	6	0.13518 0.87187 0.22264 0.01928 0.32192 0.78779 
511	6	0.33210 0.73338 0.35617 0.11915 0.44972 0.59233 
512	6	0.68842 0.95173 0.17893 0.47442 0.72343 0.32682 
513	6	0.00834 0.89667 0.06311 0.00122 0.29031 0.78378 
514	6	0.08515 0.78422 0.35309 0.01740 0.36994 0.72826 
515	6	0.06380 0.80360 0.52762 0.00702 0.28160 0.81355 
516	6	0.03147 0.77612 0.26508 0.00495 0.33132 0.75144 
517	6	0.23853 0.90639 0.14885 0.05779 0.36827 0.69767 
518	6	0.13503 0.81232 0.48709 0.01984 0.30844 0.72742 
519	6	0.00036 0.80346 0.15157 0.00018 0.08951 0.88380 
520	6	0.59846 0.91411 0.27984 0.35880 0.63598 0.42066 
521	6	0.00224 0.77974 0.16316 0.00046 0.21893 0.84054 
522	6	0.00527 0.82831 0.15148 0.00086 0.24274 0.78928 
523	6	0.00513 0.70298 0.35227 0.00080 0.19659 0.80271 
524	6	0.00525 0.78811 0.37022 0.00023 0.18195 0.90888 
525	6	0.06548 0.90336 0.29070 0.00734 0.30355 0.79249 
526	6	0.60807 0.63837 0.37217 0.37084 0.64875 0.38929 
527	6	0.60574 0.87448 0.29697 0.36778 0.63498 0.39777 
528	6	0.07678 0.75541 0.11771 0.00966 0.37881 0.71013 
529	6	0.09104 0.88286 0.17839 0.01406 0.43234 0.67482 
530	6	0.21003 0.87187 0.27319 0.04722 0.45491 0.64348 
531	6	0.01287 0.91100 0.04427 0.00157 0.35571 0.73750 
532	6	0.00794 0.67629 0.40044 0.00075 0.21581 0.84366 
533	6	0.01476 0.79366 0.50713 0.00109 0.27670 0.85403 
534	6	0.00748 0.83647 0.16361 0.00061 0.24738 0.82582 
535	6	0.33824 0.73873 0.09535 0.11605 0.44580 0.59580 
536	6	0.00018 0.81277 0.24878 0.00006 0.07519 0.93907 
537	6	0.34919 0.67951 0.13611 0.12308 0.43446 0.60564 
538	6	0.07443 0.74997 0.05783 0.01788 0.58334 0.58195 
539	6	0.93708 0.88954 0.10739 0.87829 0.93036 0.07552 
540	6	0.00849 0.86985 0.10560 0.00123 0.18390 0.79169 
541	6	0.40473 0.85097 0.41159 0.16520 0.49611 0.55567 
542	6	0.38621 0.82734 0.45598 0.15035 0.46350 0.56584 
543	6	0.56913 0.63272 0.42357 0.32461 0.59611 0.43375 
544	6	0.52251 0.64388 0.52506 0.27380 0.54857 0.48300 
545	6	0.32890 0.49312 0.81230 0.10957 0.38958 0.62994 
546	6	0.33713 0.79675 0.66669 0.11523 0.45111 0.59855 
547	6	0.37104 0.75369 0.70413 0.13917 0.45891 0.57316 
548	6	0.57208 0.43959 0.69557 0.32813 0.59173 0.42637 
549	6	0.55323 0.62686 0.48420 0.30733 0.58185 0.42714 
550	6	0.37141 0.57111 0.55722 0.13949 0.41792 0.59020 
551	6	0.37364 0.71201 0.49214 0.14029 0.42976 0.62201 
552	6	0.38791 0.41215 0.54297 0.15147 0.42497 0.57977 
553	6	0.44336 0.84574 0.52753 0.19763 0.52438 0.51309 
554	6	0.33056 0.54366 1.00000 0.11045 0.36684 0.65169 
555	6	0.53105 0.67338 0.53288 0.28285 0.56585 0.47051 
556	6	0.38817 0.42394 0.93488 0.15318 0.44533 0.54044 
557	6	0.34809 0.55269 0.70440 0.12193 0.39173 0.65305 
558	6	0.42800 0.44723 0.65649 0.18465 0.47529 0.51522 
559	6	0.42873 0.62790 0.50696 0.18590 0.53618 0.51826 
560	6	0.30601 0.92296 0.14579 0.09767 0.44272 0.62508 
561	6	0.01321 0.88269 0.16224 0.00206 0.28221 0.77202 
562	6	0.03831 0.89222 0.13685 0.00508 0.30648 0.72729 
563	6	0.01030 0.83927 0.19734 0.00106 0.27532 0.82825 
564	6	0.03267 0.74390 0.21487 0.00290 0.28359 0.79742 
565	6	0.89000 0.99411 0.07294 0.79225 0.89057 0.11701 
566	6	0.91014 0.94266 0.09561 0.82876 0.93035 0.08644 
567	6	0.07073 0.89860 0.20136 0.00851 0.32650 0.77832 
568	6	0.02334 0.97107 0.01705 0.00380 0.41782 0.70150 
569	6	0.00250 0.84501 0.11954 0.00043 0.14938 0.82808 
570	6	0.04593 0.84684 0.24009 0.00825 0.35749 0.74086 
571	6	1.00000 0.91468 0.06220 1.00000 1.00000 0.00000 
572	6	0.04850 0.96457 0.09157 0.01192 0.58463 0.63791 
573	6	0.00213 0.80929 0.13841 0.00030 0.14617 0.85621 
574	6	0.74086 0.67720 0.28159 0.54978 0.75456 0.25507 
575	6	0.00386 0.86492 0.23275 0.00021 0.13126 0.90561 
576	6	0.26567 0.92565 0.17889 0.09125 0.55589 0.55478 
577	6	0.01339 0.72039 0.34395 0.00155 0.27271 0.80499 
578	6	0.00056 0.85579 0.29777 0.00008 0.11789 0.93469 
579	6	0.52034 0.85904 0.39983 0.27243 0.60902 0.43495 
580	6	0.40891 0.79022 0.35390 0.16813 0.46944 0.58261 
581	6	0.00208 0.91381 0.15233 0.00023 0.18828 0.88422 
582	6	0.46333 0.91192 0.16472 0.21909 0.61179 0.44283 
583	6	0.00318 0.75001 0.35011 0.00021 0.15858 0.89599 
584	6	0.00432 0.95371 0.03575 0.00132 0.47879 0.70582 
585	6	0.16864 0.87295 0.03848 0.03037 0.39996 0.66265 
586	6	0.07201 0.90663 0.18783 0.00722 0.32206 0.80170 
587	6	0.03582 0.88485 0.11899 0.00522 0.40781 0.72861 
588	6	0.00768 0.74763 0.21954 0.00101 0.24890 0.83335 
589	6	0.00794 0.97000 0.01757 0.00131 0.36607 0.74397 
590	6	0.30495 0.80516 0.59754 0.09361 0.37371 0.69620 
591	6	0.32619 0.88732 0.15121 0.11846 0.51874 0.56136 
592	6	0.44621 0.99018 0.15554 0.20911 0.71548 0.37792 
593	6	0.00616 0.84470 0.17001 0.00051 0.10799 0.88412 
594	6	0.01711 0.87074 0.26692 0.00368 0.43369 0.67734 
595	6	0.45549 0.94315 0.19016 0.20893 0.57095 0.47567 
596	6	0.72453 0.87366 0.21419 0.52544 0.74748 0.29013 
597	6	0.66110 0.90796 0.15116 0.44978 0.79590 0.27346 
598	6	0.76692 0.84884 0.17341 0.58901 0.79100 0.24347 
599	6	0.00589 0.69640 0.20360 0.00131 0.30249 0.74824 
