1000	10	6
0	1	0.00286 0.83114 0.15622 0.00107 0.17586 0.85482 
1	1	0.01677 0.91887 0.09001 0.00315 0.37262 0.76392 
2	1	0.01371 0.75009 0.41879 0.00139 0.19024 0.89596 
3	1	0.01106 0.96696 0.05275 0.00250 0.37614 0.76835 
4	1	0.01542 0.83444 0.36884 0.00222 0.15516 0.86509 
5	1	0.01388 0.74003 0.35164 0.00067 0.08711 0.93126 
6	1	0.01215 0.70493 0.31823 0.00182 0.16007 0.86420 
7	1	0.03956 0.93216 0.14415 0.00535 0.28621 0.79540 
8	1	0.01885 0.78331 0.25092 0.00113 0.09158 0.87952 
9	1	0.01061 0.89336 0.13148 0.00316 0.37503 0.75145 
10	1	0.00934 0.91101 0.13615 0.00112 0.20342 0.86077 
11	1	0.02298 0.81024 0.24924 0.00113 0.12564 0.89945 
12	1	0.00953 0.88699 0.17325 0.00183 0.23014 0.83638 
13	1	0.00565 0.77629 0.30102 0.00094 0.10040 0.90121 
14	1	0.01555 0.82976 0.18342 0.00094 0.13516 0.87235 
15	1	0.00642 0.90903 0.18227 0.00172 0.24427 0.84539 
16	1	0.02665 0.89621 0.09320 0.00423 0.27962 0.76280 
17	1	0.03874 0.85963 0.18837 0.00444 0.24132 0.79283 
18	1	0.09792 0.89142 0.17389 0.02048 0.40026 0.71384 
19	1	0.00944 0.66167 0.37486 0.00061 0.07006 0.92279 
20	1	0.02134 0.89361 0.13612 0.00282 0.24190 0.82329 
21	1	0.01216 0.96247 0.06796 0.00192 0.30316 0.80511 
22	1	0.00884 0.83974 0.23315 0.00111 0.18004 0.88641 
23	1	0.01626 0.85764 0.29327 0.00165 0.17503 0.89423 
24	1	0.12713 0.91349 0.17095 0.02921 0.37812 0.72800 
25	1	0.01516 0.79394 0.29657 0.00084 0.10507 0.92245 
26	1	0.02048 0.85782 0.24004 0.00165 0.20750 0.86930 
27	1	0.03792 0.95314 0.06905 0.00445 0.38983 0.75758 
28	1	0.05690 0.88095 0.24504 0.00742 0.23789 0.83859 
29	1	0.04857 0.88102 0.18598 0.00667 0.30851 0.79177 
30	1	0.00125 0.64594 0.29294 0.00044 0.04644 0.90478 
31	1	0.00190 0.51097 0.71705 0.00009 0.00057 0.99785 
32	1	0.03082 0.86163 0.19843 0.00504 0.27377 0.80096 
33	1	0.00562 0.72739 0.26682 0.00194 0.22895 0.84007 
34	1	0.00170 0.77097 0.28464 0.00042 0.11067 0.91400 
35	1	0.02419 0.86276 0.17659 0.00366 0.31331 0.79074 
36	1	0.00892 0.92824 0.08242 0.00254 0.31109 0.77586 
37	1	0.00531 0.79695 0.23967 0.00127 0.17542 0.86363 
38	1	0.05424 0.90117 0.11865 0.01018 0.35711 0.73434 
39	1	0.03109 0.94577 0.14692 0.00539 0.34665 0.76978 
40	1	0.02057 0.91622 0.16638 0.00438 0.32178 0.76327 
41	1	0.01813 0.91569 0.20936 0.00324 0.29278 0.80835 
42	1	0.03368 0.89002 0.12179 0.00545 0.30390 0.76120 
43	1	0.02798 0.92027 0.20571 0.00591 0.37326 0.77072 
44	1	0.07470 0.99731 0.02733 0.02245 0.56779 0.56771 
45	1	0.07654 0.82773 0.17817 0.01765 0.41092 0.68443 
46	1	0.16389 0.81629 0.17356 0.03869 0.44536 0.63304 
47	1	0.00550 0.76627 0.36780 0.00032 0.07796 0.94511 
48	1	0.01174 0.76350 0.23105 0.00245 0.20359 0.82014 
49	1	0.00463 0.74592 0.40119 0.00135 0.18956 0.87664 
50	1	0.00397 0.85246 0.18014 0.00125 0.22052 0.84814 
51	1	0.00550 0.68752 0.46559 0.00063 0.07162 0.93822 
52	1	0.00043 0.77986 0.30847 0.00022 0.06884 0.94413 
53	1	0.01712 0.82410 0.23357 0.00091 0.11707 0.90209 
54	1	0.02181 0.80900 0.35887 0.00187 0.19799 0.88932 
55	1	0.01277 0.86590 0.22445 0.00334 0.27428 0.81124 
56	1	0.00737 0.73418 0.36493 0.00088 0.10242 0.91372 
57	1	0.22846 0.86636 0.18379 0.05447 0.36837 0.71197 
58	1	0.00531 0.79720 0.20354 0.00130 0.17555 0.85732 
59	1	0.00660 0.79307 0.32596 0.00121 0.15052 0.89078 
60	1	0.00692 0.77715 0.29035 0.00103 0.14568 0.88392 
61	1	0.00050 0.63370 0.43489 0.00016 0.02705 0.96181 
62	1	0.04113 0.91565 0.14111 0.00479 0.28059 0.77636 
63	1	0.01976 0.59142 1.00000 0.00222 0.12254 0.94756 
64	1	0.00637 0.77680 0.40547 0.00079 0.10965 0.93020 
65	1	0.08472 0.94339 0.11974 0.02044 0.50085 0.62569 
66	1	0.07855 0.87985 0.15461 0.01283 0.33190 0.74984 
67	1	0.02025 0.84130 0.16965 0.00249 0.26413 0.81400 
68	1	0.02196 0.85987 0.17201 0.00372 0.31873 0.79158 
69	1	0.05727 0.79389 0.19751 0.00864 0.27528 0.73970 
70	1	0.00274 0.56558 0.36615 0.00063 0.06425 0.91570 
71	1	0.00237 0.87116 0.14105 0.00116 0.22522 0.84413 
72	1	0.02218 0.87397 0.18771 0.00232 0.20174 0.85581 
73	1	0.04743 0.84979 0.21043 0.01077 0.32249 0.71721 
74	1	0.03972 0.96208 0.02945 0.00621 0.42876 0.68595 
75	1	0.00254 0.82411 0.24685 0.00063 0.14386 0.90114 
76	1	0.00894 0.77005 0.32801 0.00160 0.16081 0.87104 
77	1	0.00319 0.83213 0.22277 0.00065 0.14114 0.89313 
78	1	0.02693 0.76200 0.22249 0.00370 0.22671 0.80436 
79	1	0.05665 0.87869 0.09683 0.02092 0.57598 0.54583 
80	1	0.00261 0.76640 0.33548 0.00058 0.11553 0.91503 
81	1	0.03838 0.87279 0.19054 0.00546 0.26630 0.79632 
82	1	0.00800 0.71244 0.34184 0.00156 0.13441 0.87923 
83	1	0.04971 0.89282 0.13697 0.00791 0.33216 0.74901 
84	1	0.01645 0.73012 0.43896 0.00244 0.16022 0.88350 
85	1	0.02860 0.73471 0.28834 0.00379 0.21466 0.81209 
86	1	0.02599 0.79372 0.29082 0.00155 0.12376 0.91642 
87	1	0.02265 0.67098 0.39597 0.00145 0.09137 0.90630 
88	1	0.00901 0.68693 0.26603 0.00173 0.18042 0.85473 
89	1	0.00232 0.43255 0.68607 0.00063 0.03533 0.93603 
90	1	0.00536 0.77821 0.35808 0.00064 0.08461 0.92088 
91	1	0.01145 0.82950 0.25600 0.00160 0.18150 0.87307 
92	1	0.00762 0.91388 0.08149 0.00283 0.35392 0.76086 
93	1	0.00730 0.86432 0.24611 0.00124 0.18484 0.88630 
94	1	0.01349 0.83445 0.23606 0.00132 0.16976 0.87587 
95	1	0.05637 0.97305 0.08278 0.00992 0.42670 0.70402 
96	1	0.00536 0.87572 0.19942 0.00092 0.18418 0.87761 
97	1	0.00529 0.89848 0.08127 0.00197 0.25297 0.79523 
98	1	0.00350 0.81354 0.14324 0.00137 0.18464 0.82823 
99	1	0.02790 0.75417 0.28854 0.00240 0.18673 0.85481 
100	2	0.00665 0.60179 0.48757 0.00104 0.16001 0.91488 
101	2	0.01550 0.75459 0.20729 0.00397 0.35359 0.74394 
102	2	0.01966 0.71236 0.16434 0.00554 0.38547 0.72965 
103	2	0.02174 0.90086 0.10460 0.00516 0.36597 0.70784 
104	2	0.01001 0.64272 0.22107 0.00236 0.24287 0.80105 
105	2	0.00869 0.89479 0.07812 0.00278 0.32999 0.74522 
106	2	0.01259 0.67541 0.30029 0.00568 0.39200 0.73085 
107	2	0.01732 0.41324 0.56887 0.00507 0.24607 0.81385 
108	2	0.00645 0.64090 0.19292 0.00257 0.15862 0.78544 
109	2	0.04353 0.73784 0.44740 0.00487 0.14654 0.88340 
110	2	0.04404 0.50788 0.37391 0.00656 0.26239 0.81677 
111	2	0.01579 0.85861 0.11387 0.00462 0.35451 0.74290 
112	2	0.02217 0.91202 0.07021 0.00561 0.38997 0.73555 
113	2	0.01153 0.63323 0.30143 0.00143 0.12643 0.88807 
114	2	0.00946 0.80726 0.32712 0.00105 0.12391 0.89651 
115	2	0.01048 0.88996 0.18947 0.00182 0.24783 0.83772 
116	2	0.02955 0.60058 0.35993 0.00438 0.24447 0.83041 
117	2	0.02460 0.58367 0.43093 0.00545 0.26169 0.79586 
118	2	0.00320 0.71747 0.30691 0.00109 0.17122 0.87102 
119	2	0.03061 0.83441 0.24877 0.00715 0.33915 0.73728 
120	2	0.02759 0.79614 0.14596 0.00555 0.36554 0.74529 
121	2	0.07648 0.76065 0.25296 0.02205 0.39955 0.62617 
122	2	0.02038 0.69268 0.30023 0.00389 0.26584 0.79367 
123	2	0.01336 0.79369 0.10540 0.00483 0.25714 0.70721 
124	2	0.03991 0.88626 0.18772 0.00640 0.30350 0.78380 
125	2	0.04623 0.90618 0.07651 0.00917 0.36197 0.71798 
126	2	0.03327 0.86506 0.02794 0.01353 0.59200 0.55508 
127	2	0.02599 0.82960 0.06587 0.00649 0.31555 0.67599 
128	2	0.01829 0.80213 0.29712 0.00376 0.24730 0.82429 
129	2	0.03363 0.80213 0.17761 0.00438 0.21183 0.79467 
130	2	0.01009 0.89940 0.10650 0.00384 0.36157 0.73997 
131	2	0.01853 0.96386 0.02841 0.00730 0.46828 0.65344 
132	2	0.01264 0.79709 0.18605 0.00330 0.31159 0.80075 
133	2	0.01406 0.88419 0.12059 0.00283 0.29123 0.77690 
134	2	0.00290 0.69028 0.24786 0.00063 0.08821 0.89052 
135	2	0.02443 0.83907 0.11936 0.00696 0.45469 0.72549 
136	2	0.01411 0.71889 0.19795 0.00445 0.33120 0.75473 
137	2	0.04076 0.69619 0.15418 0.01786 0.51846 0.59884 
138	2	0.03444 0.84762 0.08507 0.01495 0.54307 0.60135 
139	2	0.01251 0.67295 0.25993 0.00297 0.15958 0.79114 
140	2	0.00834 0.62343 0.55325 0.00111 0.13307 0.91779 
141	2	0.01791 0.77459 0.19128 0.00632 0.36370 0.74300 
142	2	0.01133 0.72982 0.20745 0.00406 0.30119 0.78419 
143	2	0.01478 0.94219 0.03555 0.00514 0.46519 0.66196 
144	2	0.05001 0.82585 0.29807 0.00694 0.19069 0.85808 
145	2	0.01118 0.90787 0.10051 0.00235 0.22651 0.78752 
146	2	0.02253 0.80703 0.12942 0.00504 0.27627 0.69897 
147	2	0.02393 0.61691 0.30411 0.00249 0.17759 0.86231 
148	2	0.04672 0.87027 0.14794 0.00618 0.30011 0.74072 
149	2	0.02352 0.61414 0.13122 0.01026 0.47111 0.62161 
150	2	0.02005 0.74340 0.19635 0.00580 0.35310 0.73168 
151	2	0.02744 0.64824 0.16454 0.00868 0.39114 0.71486 
152	2	0.01981 0.87132 0.05625 0.00878 0.34089 0.58420 
153	2	0.00118 0.69929 0.38156 0.00018 0.03633 0.95121 
154	2	0.02946 0.82235 0.17075 0.00414 0.27933 0.80346 
155	2	0.02332 0.80381 0.09442 0.00925 0.39530 0.65353 
156	2	0.06465 0.59692 0.17268 0.02220 0.48438 0.59729 
157	2	0.03061 0.72465 0.14205 0.00740 0.38789 0.69881 
158	2	0.06328 0.66389 0.28113 0.01491 0.33330 0.67506 
159	2	0.02733 0.74175 0.18298 0.00933 0.35367 0.70594 
160	2	0.00782 0.82361 0.29999 0.00078 0.11827 0.90641 
161	2	0.13503 0.65447 0.05031 0.04079 0.61669 0.47284 
162	2	0.01791 0.87690 0.10217 0.00600 0.47260 0.69308 
163	2	0.00869 0.84348 0.08125 0.00349 0.25867 0.73357 
164	2	0.00650 0.69728 0.23792 0.00226 0.14694 0.78898 
165	2	0.05794 0.64970 0.23421 0.01055 0.37757 0.69414 
166	2	0.03496 0.75775 0.22103 0.00781 0.35247 0.77872 
167	2	0.00717 0.80747 0.15593 0.00125 0.13637 0.82550 
168	2	0.04272 0.88357 0.13043 0.01015 0.35956 0.73645 
169	2	0.05918 0.78774 0.22087 0.01471 0.41338 0.72798 
170	2	0.01092 0.73528 0.27184 0.00106 0.15147 0.87928 
171	2	0.02920 0.63282 0.24811 0.00307 0.20647 0.81964 
172	2	0.02647 0.35967 0.32103 0.00640 0.29225 0.77493 
173	2	0.07919 0.83128 0.12564 0.01975 0.41256 0.65998 
174	2	0.00816 0.50605 0.35209 0.00181 0.18159 0.83860 
175	2	0.00886 0.71970 0.31365 0.00155 0.16641 0.88530 
176	2	0.01261 0.66994 0.24879 0.00337 0.22834 0.80343 
177	2	0.06631 0.73533 0.19443 0.02233 0.42180 0.68227 
178	2	0.02189 0.74604 0.29289 0.00519 0.29268 0.80654 
179	2	0.04606 0.81809 0.14835 0.00681 0.27174 0.76143 
180	2	0.03577 0.71136 0.11796 0.01128 0.40565 0.64401 
181	2	0.04106 0.65689 0.28638 0.01730 0.44525 0.67722 
182	2	0.01429 0.77018 0.29051 0.00242 0.12918 0.83118 
183	2	0.03711 0.72990 0.15289 0.01136 0.42248 0.65807 
184	2	0.01620 0.44351 0.32383 0.00465 0.29402 0.75266 
185	2	0.01557 0.74392 0.17509 0.00391 0.24094 0.74670 
186	2	0.04829 0.70122 0.06985 0.02018 0.56920 0.53636 
187	2	0.02477 0.84082 0.17077 0.00563 0.35851 0.73657 
188	2	0.01535 0.87525 0.14437 0.00427 0.39698 0.76037 
189	2	0.01728 0.91700 0.09915 0.00535 0.41831 0.71280 
190	2	0.00901 0.89425 0.13490 0.00205 0.29717 0.81522 
191	2	0.08603 0.32476 0.29623 0.03529 0.48686 0.61722 
192	2	0.05764 0.65741 0.18999 0.01465 0.43180 0.64864 
193	2	0.02308 0.52686 0.63324 0.00315 0.14179 0.90123 
194	2	0.05200 0.71124 0.18842 0.01663 0.56319 0.63510 
195	2	0.03101 0.63158 0.25040 0.01116 0.44979 0.69368 
196	2	0.01933 0.57462 0.69132 0.00138 0.07086 0.93977 
197	2	0.02115 0.79480 0.16869 0.00450 0.34695 0.74100 
198	2	0.00988 0.78516 0.22616 0.00317 0.27546 0.76520 
199	2	0.01481 0.96317 0.05066 0.00401 0.35674 0.70187 
200	3	0.02619 0.63674 0.31732 0.00728 0.32035 0.76842 
201	3	0.04872 0.87192 0.25139 0.00993 0.39780 0.71187 
202	3	0.02766 0.74722 0.29598 0.01177 0.45617 0.71903 
203	3	0.02783 0.67404 0.49534 0.00417 0.17963 0.87097 
204	3	0.01537 0.53064 0.43269 0.00308 0.19086 0.87368 
205	3	0.05269 0.54387 0.43726 0.01419 0.47005 0.69822 
206	3	0.08690 0.80341 0.33461 0.01251 0.21731 0.83479 
207	3	0.06045 0.94920 0.14553 0.01472 0.45584 0.69894 
208	3	0.15051 0.94055 0.10772 0.02610 0.39169 0.67844 
209	3	0.08608 0.83242 0.37598 0.01153 0.20349 0.84065 
210	3	0.05013 0.77284 0.47604 0.00629 0.17951 0.83398 
211	3	0.04730 0.67218 0.70518 0.00657 0.21939 0.88350 
212	3	0.03251 0.64908 0.55301 0.00312 0.12064 0.91788 
213	3	0.06323 0.79872 0.20779 0.02606 0.67304 0.56756 
214	3	0.03139 0.81073 0.17236 0.01564 0.64910 0.60984 
215	3	0.09698 0.81859 0.23555 0.01735 0.54236 0.66696 
216	3	0.04334 0.66023 0.86615 0.00725 0.20044 0.85630 
217	3	0.02401 0.78087 0.44302 0.00386 0.18716 0.86945 
218	3	0.02733 0.56727 0.61290 0.00352 0.22523 0.83450 
219	3	0.01854 0.74586 0.37300 0.00382 0.27854 0.83222 
220	3	0.08089 0.85768 0.11837 0.02605 0.69813 0.55905 
221	3	0.00713 0.53229 0.76756 0.00015 0.00260 1.00000 
222	3	0.01906 0.54368 0.49985 0.00286 0.16480 0.86065 
223	3	0.05461 0.88486 0.29207 0.01306 0.32962 0.70322 
224	3	0.03401 0.84657 0.15697 0.01351 0.64615 0.60040 
225	3	0.03785 0.75114 0.39317 0.00493 0.22577 0.83182 
226	3	0.02055 0.77338 0.39658 0.00409 0.24036 0.86975 
227	3	0.21740 0.75789 0.28645 0.05245 0.47061 0.67492 
228	3	0.10801 0.74657 0.39221 0.02081 0.34153 0.74556 
229	3	0.01608 0.74340 0.35732 0.00333 0.24614 0.83699 
230	3	0.02047 0.71066 0.46587 0.00292 0.21219 0.88069 
231	3	0.00355 0.53559 0.59648 0.00071 0.12928 0.93169 
232	3	0.02790 0.75928 0.26816 0.00591 0.31406 0.78289 
233	3	0.12037 0.84850 0.19951 0.01752 0.33827 0.77724 
234	3	0.50659 0.97198 0.03900 0.26512 0.91484 0.26603 
235	3	0.02641 0.75550 0.29017 0.00867 0.42066 0.73655 
236	3	0.02458 0.80325 0.15090 0.00284 0.24561 0.79480 
237	3	0.00135 0.63741 0.59590 0.00025 0.07588 0.96505 
238	3	0.02795 0.51093 0.57561 0.00200 0.13233 0.92057 
239	3	0.02808 0.64342 0.31646 0.01068 0.50332 0.70702 
240	3	0.00973 0.71468 0.44320 0.00112 0.13484 0.92081 
241	3	0.02037 0.58045 0.43098 0.00522 0.34584 0.79590 
242	3	0.02637 0.58028 0.28044 0.01311 0.54382 0.65519 
243	3	0.02224 0.58126 0.51526 0.00586 0.27546 0.83827 
244	3	0.05666 0.51422 0.55955 0.01646 0.34534 0.77857 
245	3	0.03951 0.59380 0.15968 0.00881 0.15069 0.65494 
246	3	0.01563 0.64638 0.46324 0.00175 0.17842 0.90191 
247	3	0.01510 0.60779 0.54466 0.00115 0.04788 0.90326 
248	3	0.03385 0.68546 0.34770 0.01384 0.49870 0.71129 
249	3	0.01332 0.62143 0.36340 0.00125 0.08678 0.89521 
250	3	0.22093 0.66297 0.40604 0.05101 0.30667 0.72481 
251	3	0.03586 0.61172 0.42376 0.00564 0.24258 0.81407 
252	3	0.05138 0.83021 0.28796 0.01449 0.40952 0.73247 
253	3	0.02226 0.72809 0.46531 0.00653 0.31899 0.77882 
254	3	0.07596 0.84041 0.34403 0.01134 0.25053 0.81412 
255	3	0.00180 0.58286 0.42571 0.00024 0.03620 0.94817 
256	3	0.17268 0.89756 0.22665 0.04423 0.40364 0.66158 
257	3	0.01903 0.79886 0.28094 0.00213 0.19153 0.85172 
258	3	0.05122 0.91454 0.18280 0.01867 0.46456 0.65557 
259	3	0.02519 0.77662 0.30065 0.00154 0.10852 0.92118 
260	3	0.01113 0.71841 0.28392 0.00077 0.06333 0.89728 
261	3	0.03106 0.64825 0.56699 0.00525 0.20226 0.84470 
262	3	0.03452 0.77663 0.48023 0.00706 0.30309 0.82616 
263	3	0.01798 0.75165 0.19221 0.00786 0.48678 0.68533 
264	3	0.02335 0.78305 0.19720 0.01017 0.55650 0.64952 
265	3	0.06749 0.86897 0.33649 0.01218 0.33958 0.73997 
266	3	0.01558 0.76637 0.30256 0.00148 0.14758 0.86549 
267	3	0.00072 0.77224 0.23185 0.00039 0.09264 0.91411 
268	3	0.02438 0.82198 0.16222 0.00576 0.32755 0.73852 
269	3	0.02632 0.72217 0.45498 0.00284 0.12796 0.89402 
270	3	0.03216 0.81064 0.23925 0.00766 0.39230 0.74851 
271	3	0.06117 0.78215 0.24934 0.01785 0.47839 0.70166 
272	3	0.08706 0.73522 0.35899 0.01950 0.43251 0.73017 
273	3	0.32737 0.66974 0.34017 0.11584 0.37821 0.62143 
274	3	0.32162 0.87127 0.18155 0.12774 0.51476 0.51814 
275	3	0.02769 0.53653 0.72228 0.00623 0.28062 0.83614 
276	3	0.31883 0.92847 0.18203 0.11498 0.48628 0.54426 
277	3	0.01898 0.62243 0.38598 0.00126 0.14570 0.90203 
278	3	0.02047 0.77930 0.27439 0.00873 0.42624 0.72089 
279	3	0.02206 0.80893 0.24646 0.00488 0.34364 0.78039 
280	3	0.03284 0.73415 0.28738 0.00842 0.39490 0.77034 
281	3	0.02355 0.79737 0.34671 0.00443 0.23190 0.82622 
282	3	0.00115 0.63229 0.41294 0.00015 0.00000 0.95969 
283	3	0.04247 0.89682 0.24199 0.00847 0.35429 0.77025 
284	3	0.02085 0.76269 0.41538 0.00222 0.16921 0.89646 
285	3	0.03758 0.65243 0.38968 0.00776 0.23560 0.83628 
286	3	0.02751 0.62564 0.41132 0.00801 0.28105 0.79571 
287	3	0.02364 0.73629 0.37640 0.00291 0.16432 0.88708 
288	3	0.02699 0.55729 0.45200 0.00717 0.27049 0.82687 
289	3	0.02060 0.67619 0.30267 0.00542 0.30486 0.80217 
290	3	0.01787 0.87775 0.20528 0.00404 0.24691 0.79221 
291	3	0.00267 0.67639 0.30398 0.00044 0.07109 0.92259 
292	3	0.05058 0.87853 0.26237 0.01175 0.43859 0.73826 
293	3	0.03975 0.61828 0.30220 0.01420 0.43515 0.72136 
294	3	0.04703 0.87220 0.18210 0.01259 0.44743 0.71726 
295	3	0.41149 0.91015 0.07944 0.17103 0.47893 0.54619 
296	3	0.00319 0.88367 0.12522 0.00082 0.17033 0.86763 
297	3	0.26699 0.97107 0.06931 0.07999 0.46500 0.62488 
298	3	0.04324 0.68599 0.32181 0.01171 0.36603 0.75416 
299	3	0.03559 0.83632 0.27032 0.00977 0.46510 0.72543 
300	4	0.03311 0.68612 0.42291 0.00608 0.28275 0.76361 
301	4	0.02271 0.83969 0.26070 0.00517 0.33863 0.74905 
302	4	0.01657 0.65870 0.53873 0.00250 0.24231 0.86285 
303	4	0.10960 0.60156 0.54676 0.01640 0.29153 0.76893 
304	4	0.10813 0.81704 0.26529 0.01663 0.40879 0.68747 
305	4	0.03748 0.67565 0.52361 0.00473 0.23792 0.80382 
306	4	0.12091 0.76656 0.45429 0.02020 0.31766 0.76890 
307	4	0.01707 0.56950 0.67412 0.00118 0.08430 0.90951 
308	4	0.01055 0.72804 0.50300 0.00184 0.22831 0.88424 
309	4	0.01834 0.84849 0.29016 0.00382 0.38428 0.78682 
310	4	0.02703 0.62688 0.68789 0.00527 0.24812 0.82353 
311	4	0.01105 0.71868 0.41131 0.00280 0.32444 0.80818 
312	4	0.03002 0.68978 0.45642 0.00356 0.25075 0.81646 
313	4	0.02841 0.78713 0.37773 0.00414 0.30741 0.79870 
314	4	0.01170 0.78870 0.40564 0.00260 0.26037 0.81126 
315	4	0.02047 0.68240 0.58741 0.00253 0.20712 0.85719 
316	4	0.02756 0.86851 0.28862 0.00524 0.32820 0.78666 
317	4	0.04248 0.45367 0.53002 0.00609 0.22987 0.78827 
318	4	0.00722 0.64115 0.39963 0.00166 0.19793 0.85635 
319	4	0.02356 0.66803 0.44147 0.00402 0.21094 0.80519 
320	4	0.02604 0.73693 0.52359 0.00405 0.25142 0.84630 
321	4	0.04357 0.53658 0.84834 0.00513 0.23342 0.82719 
322	4	0.02172 0.73770 0.50277 0.00374 0.21847 0.81873 
323	4	0.01527 0.73608 0.58071 0.00313 0.23323 0.83103 
324	4	0.10047 0.72195 0.42257 0.01385 0.32208 0.76150 
325	4	0.02480 0.70465 0.61563 0.00334 0.22845 0.84801 
326	4	0.04554 0.70421 0.41468 0.00525 0.30801 0.81096 
327	4	0.09148 0.70056 0.54806 0.01611 0.27911 0.77756 
328	4	0.02903 0.66622 0.40229 0.00317 0.23174 0.85169 
329	4	0.06542 0.64181 0.63587 0.00779 0.19922 0.81048 
330	4	0.05439 0.78824 0.35222 0.00940 0.36402 0.73279 
331	4	0.02047 0.75856 0.32049 0.00272 0.25318 0.84367 
332	4	0.06227 0.75617 0.35621 0.00862 0.37074 0.78258 
333	4	0.01993 0.69992 0.47667 0.00385 0.27956 0.84251 
334	4	0.10065 0.76496 0.46730 0.01681 0.32294 0.76645 
335	4	0.06308 0.76859 0.56493 0.01204 0.35725 0.74082 
336	4	0.01408 0.69925 0.53411 0.00162 0.15119 0.91057 
337	4	0.03735 0.77888 0.40569 0.00782 0.33228 0.76826 
338	4	0.02443 0.67077 0.41213 0.00541 0.28558 0.79421 
339	4	0.03598 0.78016 0.36399 0.00583 0.30275 0.77211 
340	4	0.02038 0.66980 0.55991 0.00290 0.22302 0.86205 
341	4	0.03813 0.79174 0.38556 0.00461 0.29560 0.80275 
342	4	0.03410 0.72486 0.58769 0.00602 0.27392 0.78381 
343	4	0.01506 0.50951 0.59850 0.00336 0.20863 0.86228 
344	4	0.03840 0.68538 0.28749 0.00707 0.32989 0.75850 
345	4	0.03721 0.71266 0.55309 0.00514 0.28759 0.81754 
346	4	0.06344 0.77832 0.35140 0.00810 0.30525 0.76731 
347	4	0.03253 0.66378 0.41573 0.00609 0.30450 0.80627 
348	4	0.01478 0.66212 0.53108 0.00186 0.15473 0.89833 
349	4	0.01396 0.60084 0.43972 0.00199 0.18892 0.86413 
350	4	0.01050 0.68031 0.36925 0.00183 0.22559 0.85256 
351	4	0.07564 0.73683 0.60094 0.01056 0.26766 0.77828 
352	4	0.03373 0.69484 0.52243 0.00376 0.20118 0.87079 
353	4	0.03357 0.69465 0.44606 0.00445 0.19243 0.83738 
354	4	0.02065 0.80328 0.27682 0.00482 0.33194 0.79171 
355	4	0.01235 0.51682 0.58905 0.00125 0.11133 0.92515 
356	4	0.07808 0.81985 0.36262 0.01213 0.29405 0.77874 
357	4	0.06975 0.78892 0.37649 0.01502 0.36960 0.75012 
358	4	0.09287 0.72495 0.37549 0.01340 0.28559 0.73584 
359	4	0.00857 0.69155 0.39880 0.00201 0.23710 0.84745 
360	4	0.01207 0.69951 0.40062 0.00112 0.09432 0.88028 
361	4	0.06963 0.79211 0.36479 0.01308 0.31808 0.78849 
362	4	0.03325 0.76436 0.51676 0.00401 0.24860 0.84726 
363	4	0.07378 0.73068 0.47490 0.01423 0.37974 0.74657 
364	4	0.05563 0.82420 0.32492 0.01555 0.42810 0.71475 
365	4	0.00923 0.34667 0.74595 0.00074 0.05298 0.96954 
366	4	0.03574 0.68605 0.37605 0.00453 0.20104 0.80404 
367	4	0.01398 0.69502 0.61258 0.00216 0.21927 0.87917 
368	4	0.03474 0.68098 0.45542 0.00856 0.37984 0.76122 
369	4	0.00856 0.49236 0.73508 0.00112 0.05196 0.90192 
370	4	0.01163 0.64796 0.43382 0.00214 0.20548 0.86471 
371	4	0.06985 0.67207 0.54380 0.01295 0.39586 0.73167 
372	4	0.06008 0.65106 0.69721 0.00846 0.24907 0.79198 
373	4	0.08118 0.82729 0.28833 0.01705 0.45138 0.68258 
374	4	0.09493 0.79911 0.40336 0.01125 0.25123 0.80124 
375	4	0.05379 0.77248 0.33441 0.00639 0.30003 0.80309 
376	4	0.03184 0.79288 0.28783 0.00640 0.31295 0.75287 
377	4	0.02296 0.62346 0.41259 0.00250 0.24112 0.85556 
378	4	0.02882 0.79799 0.36274 0.00791 0.37961 0.76194 
379	4	0.00864 0.67471 0.48273 0.00181 0.21468 0.88117 
380	4	0.03412 0.76534 0.38221 0.00673 0.35229 0.77583 
381	4	0.01127 0.66833 0.58777 0.00138 0.20523 0.90154 
382	4	0.01806 0.77166 0.38477 0.00359 0.36005 0.79928 
383	4	0.05496 0.69311 0.58311 0.00655 0.17689 0.85529 
384	4	0.04499 0.69739 0.53390 0.00730 0.28858 0.81946 
385	4	0.07638 0.85445 0.20595 0.01461 0.47825 0.65570 
386	4	0.04909 0.78139 0.46676 0.01080 0.39640 0.74204 
387	4	0.03770 0.73624 0.44847 0.00480 0.28296 0.81331 
388	4	0.03959 0.70181 0.39825 0.00526 0.29550 0.80846 
389	4	0.01729 0.82089 0.29050 0.00265 0.28096 0.83931 
390	4	0.02845 0.68841 0.59254 0.00530 0.22537 0.80482 
391	4	0.01568 0.82496 0.32655 0.00367 0.26323 0.79120 
392	4	0.05398 0.73250 0.47343 0.00718 0.31496 0.80686 
393	4	0.02596 0.68167 0.48631 0.00271 0.12634 0.85381 
394	4	0.01913 0.64656 0.48992 0.00202 0.15302 0.86665 
395	4	0.01344 0.55418 0.71902 0.00146 0.08601 0.89100 
396	4	0.03046 0.72007 0.42199 0.00205 0.16977 0.88409 
397	4	0.02564 0.67164 0.49624 0.00282 0.16796 0.83702 
398	4	0.03025 0.66304 0.54886 0.00457 0.22640 0.82392 
399	4	0.02372 0.58316 0.65094 0.00201 0.16455 0.88392 
400	5	0.70082 0.81704 0.18404 0.52641 0.86930 0.15127 
401	5	0.86007 0.84303 0.18090 0.73823 0.80020 0.17100 
402	5	0.59303 0.89988 0.09949 0.38409 0.71080 0.30971 
403	5	0.82197 0.81691 0.15680 0.68363 0.86708 0.10323 
404	5	0.83033 0.87306 0.15994 0.69462 0.81199 0.16342 
405	5	0.73453 0.87365 0.14975 0.54655 0.81609 0.20884 
406	5	0.68386 0.84900 0.18183 0.49294 0.81935 0.20178 
407	5	0.49952 0.79743 0.13942 0.39968 0.85957 0.16618 
408	5	0.50420 0.91858 0.15713 0.26191 0.57406 0.44989 
409	5	0.79523 0.80579 0.31355 0.64984 0.84681 0.16069 
410	5	0.54331 0.87009 0.27307 0.31045 0.73577 0.31857 
411	5	0.74017 0.85022 0.16163 0.54763 0.73300 0.24773 
412	5	0.48230 0.91341 0.10821 0.27393 0.74464 0.31054 
413	5	0.86642 0.69225 0.24478 0.75026 0.87599 0.10852 
414	5	0.37437 0.83074 0.28626 0.22962 0.76253 0.30266 
415	5	0.20571 0.75722 0.26557 0.13282 0.79293 0.29517 
416	5	0.82036 0.70656 0.32402 0.68355 0.86027 0.12349 
417	5	0.41413 0.78392 0.27107 0.34724 0.82766 0.22611 
418	5	0.67896 0.81231 0.24640 0.47454 0.79994 0.23060 
419	5	0.91828 0.81549 0.27909 0.83669 0.81789 0.15026 
420	5	0.91104 0.83347 0.12646 0.85438 0.94391 0.02115 
421	5	0.56021 0.73856 0.25065 0.34490 0.80082 0.23219 
422	5	0.26985 0.85553 0.28036 0.14993 0.64450 0.39818 
423	5	0.39085 0.70238 0.23770 0.25151 0.90620 0.15676 
424	5	0.40798 0.85913 0.18272 0.21833 0.68022 0.35471 
425	5	0.09879 0.71078 0.23766 0.05639 0.59861 0.36689 
426	5	0.37748 0.89494 0.20034 0.20149 0.68492 0.35392 
427	5	0.81765 0.79352 0.19613 0.73557 0.93607 0.05246 
428	5	0.48259 0.86989 0.18707 0.29839 0.73543 0.31276 
429	5	0.39031 0.91729 0.07970 0.34105 0.87258 0.14684 
430	5	0.33087 0.82328 0.15390 0.24265 0.79547 0.26099 
431	5	0.56690 0.77248 0.13974 0.44152 0.90358 0.11077 
432	5	0.85849 0.84607 0.17436 0.73640 0.80532 0.17686 
433	5	0.84588 0.82579 0.17988 0.71380 0.79408 0.18526 
434	5	0.58171 0.76617 0.15380 0.43542 0.90330 0.11897 
435	5	0.73602 0.77807 0.16991 0.56833 0.83656 0.15933 
436	5	0.82412 0.87809 0.16473 0.67726 0.75890 0.21923 
437	5	0.76963 0.87290 0.10977 0.59259 0.77124 0.22032 
438	5	0.80020 0.84417 0.18563 0.64037 0.79042 0.20646 
439	5	0.85835 0.71310 0.16111 0.74994 0.90308 0.06923 
440	5	0.58662 0.87772 0.17709 0.41916 0.75513 0.26511 
441	5	0.62227 0.84340 0.16101 0.41620 0.73321 0.27852 
442	5	0.85399 0.85282 0.17705 0.73782 0.82897 0.14197 
443	5	0.61234 0.89042 0.15019 0.39372 0.72915 0.30548 
444	5	0.56109 0.84679 0.15231 0.35070 0.70582 0.28260 
445	5	0.36358 0.82899 0.23839 0.23286 0.73605 0.30002 
446	5	0.55734 0.86432 0.13514 0.43207 0.82832 0.18570 
447	5	0.52604 0.87464 0.15245 0.36704 0.80077 0.23408 
448	5	0.96546 0.83977 0.17002 0.92656 0.84967 0.10761 
449	5	0.67701 0.91729 0.15285 0.47193 0.69977 0.30361 
450	5	0.48771 0.87542 0.11050 0.28307 0.80263 0.23795 
451	5	0.37329 0.85050 0.15219 0.24836 0.75311 0.25797 
452	5	0.88267 0.87127 0.18871 0.77199 0.75275 0.19122 
453	5	0.87294 0.82224 0.18567 0.77199 0.89584 0.08418 
454	5	0.92852 0.87968 0.14319 0.86127 0.86235 0.10754 
455	5	0.60337 0.92608 0.17222 0.37043 0.62362 0.39582 
456	5	0.67638 0.87802 0.13450 0.58196 0.92462 0.07218 
457	5	0.67576 0.89125 0.12907 0.47655 0.81438 0.20736 
458	5	0.62181 0.78058 0.26825 0.39436 0.62781 0.37201 
459	5	0.76569 0.81778 0.22699 0.58304 0.70429 0.26668 
460	5	0.83672 0.82513 0.16029 0.72795 0.90524 0.07546 
461	5	0.64162 0.89436 0.15263 0.42359 0.69728 0.31824 
462	5	0.82562 0.86130 0.16870 0.67806 0.76044 0.19189 
463	5	0.79177 0.81468 0.13852 0.64721 0.85542 0.13274 
464	5	1.00000 0.85917 0.17099 1.00000 0.91482 0.03369 
465	5	0.38209 0.84582 0.19130 0.31244 0.82253 0.18941 
466	5	0.45850 0.79522 0.18152 0.28242 0.80397 0.24018 
467	5	0.89718 0.85483 0.15255 0.80511 0.89868 0.08807 
468	5	0.85340 0.88812 0.13028 0.72620 0.82205 0.15050 
469	5	0.77345 0.85687 0.08483 0.69665 1.00000 0.00000 
470	5	0.84831 0.88584 0.14952 0.71716 0.78934 0.19926 
471	5	0.69864 0.89032 0.15176 0.49125 0.73005 0.26524 
472	5	0.83516 0.85310 0.14977 0.70350 0.83981 0.13413 
473	5	0.70201 0.89201 0.12631 0.57675 0.85230 0.17574 
474	5	0.98314 0.79663 0.14154 0.95870 0.88185 0.06994 
475	5	0.54233 0.86710 0.29512 0.31596 0.73585 0.30705 
476	5	0.65831 0.83633 0.14992 0.45339 0.76514 0.25199 
477	5	0.82684 0.85473 0.09733 0.69900 0.87846 0.08707 
478	5	0.33762 0.84034 0.14045 0.24374 0.77186 0.25997 
479	5	0.43836 0.84718 0.15663 0.30736 0.77609 0.24234 
480	5	0.61875 0.87907 0.13467 0.48256 0.85803 0.15069 
481	5	0.74660 0.82584 0.14754 0.61421 0.91038 0.08388 
482	5	0.48366 0.89962 0.12128 0.28663 0.72914 0.29669 
483	5	0.64844 0.83108 0.15066 0.46137 0.84780 0.17226 
484	5	0.83313 0.88473 0.13043 0.69566 0.83907 0.15134 
485	5	0.41029 0.86272 0.21657 0.22923 0.63558 0.39220 
486	5	0.57353 0.86703 0.21487 0.34510 0.72084 0.30008 
487	5	0.81052 0.84699 0.17747 0.67870 0.86243 0.12428 
488	5	0.82212 0.89274 0.13389 0.68176 0.84942 0.14567 
489	5	0.63573 0.87061 0.14802 0.46734 0.86418 0.14559 
490	5	0.87126 0.88447 0.11050 0.75524 0.79988 0.16949 
491	5	0.62131 0.88259 0.12597 0.50127 0.86127 0.13982 
492	5	0.61468 0.89077 0.14709 0.39966 0.73767 0.25032 
493	5	0.39267 0.83032 0.10259 0.24464 0.78390 0.23006 
494	5	0.67872 0.83922 0.12088 0.51732 0.85885 0.12810 
495	5	0.77080 0.88856 0.11493 0.59647 0.79917 0.19927 
496	5	0.84246 0.81737 0.14949 0.71682 0.87583 0.09283 
497	5	0.85601 0.88799 0.10108 0.72732 0.78598 0.19250 
498	5	0.70829 0.85246 0.12610 0.54906 0.88589 0.13325 
499	5	0.67799 0.88322 0.15503 0.51051 0.81062 0.18737 
500	6	0.02719 0.86243 0.22361 0.00457 0.25629 0.82531 
501	6	0.01587 0.78928 0.32704 0.00088 0.08261 0.93974 
502	6	0.02619 0.74567 0.37555 0.00408 0.23572 0.86448 
503	6	0.00523 0.86202 0.19645 0.00056 0.10936 0.90532 
504	6	0.01273 0.75889 0.28575 0.00175 0.16881 0.87122 
505	6	0.25389 0.95860 0.10790 0.07494 0.40513 0.60971 
506	6	0.01630 0.84438 0.18459 0.00161 0.16308 0.85282 
507	6	0.09914 0.89942 0.15507 0.01873 0.39039 0.72136 
508	6	0.05608 0.86250 0.22305 0.01061 0.28374 0.78590 
509	6	0.00856 0.81443 0.13588 0.00207 0.17792 0.81583 
510	6	0.00406 0.77366 0.21376 0.00103 0.12599 0.86655 
511	6	0.03569 0.89707 0.14661 0.00427 0.20293 0.75870 
512	6	0.00076 0.63011 0.38185 0.00012 0.01433 0.95899 
513	6	0.02311 0.62153 0.31898 0.00166 0.13261 0.88673 
514	6	0.00275 0.79388 0.11017 0.00154 0.16717 0.80523 
515	6	0.01624 0.77234 0.21037 0.00154 0.10981 0.85137 
516	6	0.00546 0.85693 0.23059 0.00110 0.20682 0.87584 
517	6	0.01332 0.90825 0.19260 0.00305 0.26510 0.82461 
518	6	0.00084 0.78900 0.24788 0.00028 0.06953 0.92735 
519	6	0.00319 0.76658 0.25465 0.00063 0.13981 0.89523 
520	6	0.00304 0.90583 0.13230 0.00093 0.18670 0.85669 
521	6	0.02246 0.84035 0.19002 0.00308 0.17900 0.82685 
522	6	0.05339 0.91263 0.12608 0.00678 0.24419 0.78942 
523	6	0.07596 0.85350 0.16132 0.01350 0.37224 0.71888 
524	6	0.03595 0.88102 0.20313 0.00479 0.23588 0.83331 
525	6	0.01885 0.76406 0.24838 0.00159 0.14895 0.88139 
526	6	0.01283 0.69477 0.40811 0.00132 0.12476 0.91848 
527	6	0.03231 0.82817 0.23628 0.00385 0.21095 0.84627 
528	6	0.00178 0.90571 0.14211 0.00077 0.16918 0.87187 
529	6	0.03148 0.79612 0.16999 0.00333 0.20870 0.80623 
530	6	0.04089 0.93043 0.09753 0.00632 0.32920 0.77138 
531	6	0.00235 0.66906 0.24413 0.00057 0.05051 0.89251 
532	6	0.04191 0.75618 0.16387 0.00957 0.34017 0.73278 
533	6	0.02366 0.70730 0.29041 0.00320 0.16140 0.85778 
534	6	0.00255 0.86423 0.18165 0.00058 0.12433 0.89443 
535	6	0.00901 0.88007 0.13622 0.00126 0.15978 0.84861 
536	6	0.01195 0.76186 0.10968 0.00352 0.29967 0.74085 
537	6	0.02671 0.77189 0.25122 0.00213 0.15400 0.87559 
538	6	0.00481 0.69333 0.38239 0.00066 0.10248 0.92062 
539	6	0.04498 0.80255 0.23384 0.00780 0.22982 0.79908 
540	6	0.16541 0.62999 0.38353 0.04736 0.35672 0.71580 
541	6	0.00290 0.81006 0.11145 0.00134 0.14138 0.81605 
542	6	0.00516 0.77850 0.30088 0.00076 0.12478 0.91240 
543	6	0.00103 0.80509 0.25550 0.00038 0.10752 0.91454 
544	6	0.02826 0.87506 0.13407 0.00312 0.22492 0.81226 
545	6	0.02500 0.55130 0.37142 0.00280 0.13410 0.84738 
546	6	0.00416 0.83784 0.21881 0.00104 0.14331 0.86092 
547	6	0.09474 0.74647 0.18460 0.02044 0.29626 0.71719 
548	6	0.04924 0.94392 0.07264 0.00755 0.40559 0.72772 
549	6	0.00262 0.86040 0.23235 0.00057 0.12242 0.90677 
550	6	0.18334 0.94130 0.10937 0.03669 0.32344 0.71339 
551	6	0.00551 0.83057 0.22058 0.00105 0.16996 0.87773 
552	6	0.10901 0.55863 0.46013 0.02264 0.26048 0.80512 
553	6	0.04679 0.90133 0.12260 0.01180 0.42686 0.68107 
554	6	0.02301 0.90677 0.11913 0.00322 0.22646 0.79568 
555	6	0.02041 0.86181 0.21323 0.00190 0.18830 0.86400 
556	6	0.16944 0.66071 0.39401 0.05890 0.39584 0.68612 
557	6	0.00377 0.77668 0.26575 0.00045 0.08745 0.92616 
558	6	0.00150 0.70244 0.29427 0.00052 0.04771 0.90495 
559	6	0.01655 0.81704 0.20298 0.00428 0.28031 0.83015 
560	6	0.00217 0.74292 0.29596 0.00059 0.11526 0.91182 
561	6	0.04310 0.95143 0.06871 0.00918 0.48295 0.68593 
562	6	0.00483 0.84672 0.11929 0.00144 0.16621 0.81793 
563	6	0.00304 0.34499 0.60312 0.00018 0.01035 0.96831 
564	6	0.05011 0.84080 0.20089 0.00491 0.19168 0.82897 
565	6	0.14880 0.79193 0.12172 0.03716 0.52640 0.59675 
566	6	0.01008 0.92401 0.11533 0.00108 0.19287 0.84941 
567	6	0.00499 0.86311 0.19194 0.00056 0.11109 0.90457 
568	6	0.00349 0.86226 0.10977 0.00110 0.14875 0.83450 
569	6	0.00207 0.83508 0.20430 0.00057 0.13675 0.89148 
570	6	0.07420 0.86776 0.10714 0.01933 0.37495 0.66701 
571	6	0.00267 0.60606 0.41115 0.00058 0.10513 0.92989 
572	6	0.00111 0.80188 0.22837 0.00036 0.07001 0.92325 
573	6	0.08093 0.59237 0.46002 0.02253 0.29991 0.78675 
574	6	0.00551 0.88030 0.17043 0.00134 0.14650 0.83968 
575	6	0.00913 0.77493 0.21065 0.00108 0.11228 0.86379 
576	6	0.00386 0.82564 0.13727 0.00096 0.13532 0.84868 
577	6	0.01605 0.63660 0.33329 0.00199 0.17435 0.87390 
578	6	0.02087 0.82525 0.29607 0.00353 0.21784 0.85513 
579	6	0.04683 0.95202 0.06991 0.00839 0.35425 0.71452 
580	6	0.03300 0.82165 0.23128 0.00210 0.11855 0.88489 
581	6	0.00268 0.78150 0.37294 0.00031 0.03943 0.95125 
582	6	0.01703 0.90627 0.12450 0.00368 0.30532 0.78848 
583	6	0.00386 0.73805 0.33624 0.00034 0.05973 0.94364 
584	6	0.03400 0.89845 0.13879 0.00887 0.35968 0.72495 
585	6	0.04662 0.97155 0.08076 0.00992 0.43901 0.68791 
586	6	0.03278 0.89648 0.16343 0.01163 0.40157 0.70005 
587	6	0.00202 0.78919 0.19185 0.00054 0.09612 0.89860 
588	6	0.00655 0.77297 0.21310 0.00082 0.11523 0.88883 
589	6	0.04061 0.87301 0.20408 0.00959 0.36389 0.73292 
590	6	0.04253 0.92108 0.09685 0.00809 0.33256 0.75998 
591	6	0.01555 0.94869 0.09958 0.00353 0.33206 0.78144 
592	6	0.03096 0.87716 0.18718 0.00991 0.36633 0.71977 
593	6	0.01893 0.89555 0.14240 0.00614 0.34829 0.73340 
594	6	0.00357 0.75309 0.19308 0.00090 0.10543 0.87351 
595	6	0.05608 0.87566 0.19252 0.01215 0.39762 0.71108 
596	6	0.03660 0.96536 0.10276 0.00942 0.37623 0.71885 
597	6	0.04678 0.87985 0.14910 0.00391 0.19578 0.84304 
598	6	0.02983 0.87340 0.14282 0.00823 0.39560 0.73606 
599	6	0.09683 0.93725 0.11627 0.03347 0.53655 0.56167 
600	7	0.08588 0.97745 0.04736 0.02071 0.56219 0.55372 
601	7	0.01413 0.86142 0.04675 0.00498 0.38960 0.66433 
602	7	0.02540 0.87267 0.04571 0.00763 0.47295 0.62111 
603	7	0.17931 0.93667 0.05500 0.05113 0.55823 0.54135 
604	7	0.29273 0.98243 0.05330 0.16640 0.74415 0.35768 
605	7	0.01711 0.94047 0.08351 0.00460 0.38185 0.70114 
606	7	0.08056 0.96026 0.07075 0.01705 0.51993 0.62060 
607	7	0.05530 0.97852 0.03945 0.01008 0.46512 0.69304 
608	7	0.02010 0.86836 0.06540 0.00573 0.40139 0.66508 
609	7	0.22229 0.97699 0.05759 0.06502 0.62467 0.51008 
610	7	0.07318 0.90060 0.03690 0.01755 0.50687 0.58768 
611	7	0.30034 0.97692 0.06401 0.12910 0.65926 0.43332 
612	7	0.13391 0.98400 0.04175 0.04032 0.55982 0.56357 
613	7	0.33705 0.96109 0.08530 0.16690 0.66687 0.38907 
614	7	0.09863 0.97143 0.05576 0.02371 0.53447 0.59813 
615	7	0.28758 0.98318 0.05311 0.11163 0.62670 0.46339 
616	7	0.04906 0.91567 0.00001 0.02294 0.67914 0.43964 
617	7	0.51896 0.96952 0.08507 0.27697 0.67814 0.39049 
618	7	0.04548 0.97445 0.02758 0.01484 0.47611 0.62493 
619	7	0.03133 0.96034 0.05289 0.00427 0.33988 0.73068 
620	7	0.03228 0.87563 0.05380 0.00886 0.46042 0.64484 
621	7	0.13367 0.96201 0.04283 0.03264 0.50388 0.59516 
622	7	0.15756 0.90477 0.11843 0.06869 0.63748 0.50021 
623	7	0.06176 0.96066 0.05276 0.01310 0.54714 0.59830 
624	7	0.02846 0.92241 0.06007 0.00479 0.36867 0.71211 
625	7	0.46566 0.98115 0.07377 0.29885 0.81353 0.27278 
626	7	0.08058 0.92050 0.05963 0.02129 0.49634 0.60827 
627	7	0.26277 0.98614 0.06211 0.09395 0.67771 0.44152 
628	7	0.09886 0.97343 0.05423 0.02345 0.59373 0.56855 
629	7	0.23873 0.93172 0.06339 0.06538 0.53080 0.57391 
630	7	0.09106 0.95661 0.05065 0.02356 0.49207 0.62388 
631	7	0.12451 0.96588 0.08001 0.03814 0.65285 0.55580 
632	7	0.05998 0.96240 0.07022 0.01554 0.50364 0.63947 
633	7	0.19279 0.98712 0.04509 0.06024 0.62045 0.51335 
634	7	0.02261 0.93171 0.03185 0.00626 0.43215 0.65730 
635	7	0.06763 0.95242 0.06436 0.01867 0.54421 0.60179 
636	7	0.09960 0.97982 0.04035 0.01902 0.45131 0.64450 
637	7	0.22341 0.92730 0.06090 0.05919 0.55384 0.55905 
638	7	0.11517 0.97553 0.06921 0.02664 0.47265 0.62049 
639	7	0.05883 0.94231 0.03694 0.01811 0.62910 0.56695 
640	7	0.09351 0.90340 0.06234 0.03233 0.59874 0.54367 
641	7	0.11258 0.96741 0.06175 0.02781 0.62386 0.55287 
642	7	0.12476 0.97495 0.06902 0.03698 0.59356 0.55107 
643	7	0.03295 0.94307 0.00369 0.01143 0.54814 0.54137 
644	7	0.21357 0.96949 0.05947 0.06375 0.62843 0.46838 
645	7	0.10840 0.93154 0.05374 0.03764 0.58628 0.54856 
646	7	0.02654 0.90284 0.07317 0.00825 0.41385 0.67606 
647	7	0.28698 0.98343 0.04845 0.12389 0.70576 0.41188 
648	7	0.32134 0.98387 0.03269 0.15818 0.64391 0.42539 
649	7	0.46509 0.94061 0.09716 0.25345 0.72863 0.33832 
650	7	0.06903 0.96986 0.00136 0.02058 0.68305 0.46822 
651	7	0.11300 0.95565 0.09219 0.02562 0.51743 0.60327 
652	7	0.03701 0.95825 0.04451 0.01476 0.51630 0.59273 
653	7	0.30535 0.94414 0.09425 0.11230 0.61359 0.49501 
654	7	0.00821 0.89346 0.09165 0.00256 0.30631 0.77048 
655	7	0.10199 0.97317 0.03119 0.03731 0.60393 0.51813 
656	7	0.31209 0.98823 0.04057 0.17526 0.74202 0.34640 
657	7	0.03564 0.90026 0.00969 0.01165 0.49434 0.53149 
658	7	0.27654 0.97616 0.07017 0.11758 0.69856 0.39800 
659	7	0.30177 0.96206 0.03465 0.13158 0.67926 0.40236 
660	7	0.53151 0.97791 0.03573 0.42891 0.79329 0.22630 
661	7	0.30888 0.94788 0.11746 0.11173 0.55437 0.50841 
662	7	0.23728 0.91057 0.04052 0.07569 0.68035 0.41259 
663	7	0.23987 0.95703 0.02625 0.07869 0.69386 0.45062 
664	7	0.38116 0.94163 0.09663 0.26274 0.75028 0.28652 
665	7	0.14591 0.98015 0.03264 0.06111 0.64673 0.48433 
666	7	0.06440 0.97040 0.04749 0.01929 0.52325 0.61096 
667	7	0.02708 0.95467 0.02230 0.00599 0.44568 0.65580 
668	7	0.01853 0.89794 0.05173 0.00631 0.43983 0.65964 
669	7	0.02107 0.91166 0.02759 0.00724 0.46113 0.61681 
670	7	0.11612 0.93675 0.12962 0.02494 0.53386 0.60780 
671	7	0.15591 0.94638 0.11038 0.05814 0.50254 0.55729 
672	7	0.05346 0.92480 0.07149 0.00709 0.35066 0.72490 
673	7	0.05821 0.90281 0.07323 0.00922 0.35477 0.69967 
674	7	0.06085 0.95234 0.05836 0.01081 0.43873 0.67974 
675	7	0.11484 0.96002 0.06668 0.03224 0.59286 0.53160 
676	7	0.01575 0.91384 0.04096 0.00619 0.43138 0.65315 
677	7	0.05642 0.95947 0.00000 0.02760 0.77842 0.43080 
678	7	0.11724 0.96457 0.00083 0.07334 0.88488 0.31343 
679	7	0.15564 0.97672 0.03167 0.06501 0.76790 0.43970 
680	7	0.01523 0.91434 0.02011 0.00733 0.49147 0.60253 
681	7	0.06764 0.95418 0.01836 0.04147 0.83417 0.37315 
682	7	0.03731 0.96857 0.00493 0.02445 0.76747 0.43487 
683	7	0.02840 0.87197 0.11258 0.00761 0.46541 0.69296 
684	7	0.24613 0.94906 0.05797 0.13646 0.68649 0.40777 
685	7	0.07521 0.93083 0.11265 0.01944 0.48244 0.60161 
686	7	0.04476 0.90282 0.05356 0.01589 0.46739 0.60445 
687	7	0.03859 0.90133 0.12647 0.01621 0.47421 0.62433 
688	7	0.32611 0.86821 0.07683 0.13067 0.62580 0.39026 
689	7	0.19489 0.91737 0.14548 0.04307 0.39467 0.67674 
690	7	0.04232 0.85890 0.14173 0.00457 0.23612 0.79335 
691	7	0.05316 0.84726 0.03056 0.01801 0.48693 0.56381 
692	7	0.05963 0.97704 0.05971 0.01130 0.44371 0.67008 
693	7	0.00658 0.81508 0.13446 0.00225 0.22746 0.79218 
694	7	0.00678 0.97177 0.01671 0.00306 0.40236 0.70512 
695	7	0.00795 0.95772 0.01762 0.00355 0.36941 0.69341 
696	7	0.03648 0.91846 0.02051 0.01236 0.52808 0.58262 
697	7	0.05787 0.88680 0.07235 0.01253 0.42843 0.63765 
698	7	0.01905 0.94965 0.05082 0.00623 0.39170 0.68814 
699	7	0.01721 0.90425 0.07831 0.00529 0.28373 0.71769 
700	8	0.00698 0.60666 0.43325 0.00185 0.08807 0.83454 
701	8	0.00458 0.71577 0.19046 0.00153 0.07601 0.81731 
702	8	0.00218 0.63575 0.21697 0.00065 0.04708 0.87837 
703	8	0.00240 0.64639 0.23457 0.00067 0.05686 0.88721 
704	8	0.01336 0.75370 0.12196 0.00441 0.26992 0.73977 
705	8	0.00110 0.57931 0.43754 0.00029 0.02050 0.93590 
706	8	0.00334 0.58254 0.21130 0.00094 0.07907 0.84437 
707	8	0.01150 0.63288 0.18172 0.00407 0.18496 0.76771 
708	8	0.00069 0.50845 0.40630 0.00025 0.01920 0.94093 
709	8	0.00994 0.86968 0.15146 0.00391 0.22666 0.72104 
710	8	0.01557 0.85463 0.16822 0.00484 0.28945 0.71925 
711	8	0.00407 0.53829 0.24050 0.00138 0.08760 0.83524 
712	8	0.00200 0.68019 0.30356 0.00053 0.06242 0.90230 
713	8	0.00376 0.79889 0.16203 0.00135 0.08786 0.80962 
714	8	0.03594 0.88126 0.09193 0.00880 0.37470 0.68231 
715	8	0.04886 0.84316 0.09743 0.01628 0.39842 0.62425 
716	8	0.00454 0.73878 0.20638 0.00157 0.15263 0.82677 
717	8	0.01153 0.80406 0.37461 0.00253 0.19404 0.78855 
718	8	0.00150 0.57076 0.22824 0.00085 0.03641 0.83744 
719	8	0.00493 0.70027 0.16691 0.00192 0.13228 0.79678 
720	8	0.00212 0.48059 0.27404 0.00072 0.03170 0.88160 
721	8	0.01100 0.84640 0.15036 0.00353 0.26799 0.73434 
722	8	0.00673 0.69062 0.21829 0.00340 0.17802 0.72950 
723	8	0.01021 0.83942 0.15038 0.00348 0.24243 0.74798 
724	8	0.00652 0.81342 0.17702 0.00236 0.20592 0.77736 
725	8	0.00566 0.71090 0.27727 0.00159 0.15839 0.84108 
726	8	0.01336 0.66990 0.20559 0.00236 0.15905 0.80251 
727	8	0.00312 0.72285 0.11683 0.00142 0.12922 0.79596 
728	8	0.00243 0.67113 0.18895 0.00072 0.05663 0.87393 
729	8	0.00503 0.61149 0.33002 0.00129 0.11082 0.86630 
730	8	0.00494 0.75485 0.21285 0.00162 0.10544 0.81876 
731	8	0.00800 0.70606 0.24854 0.00136 0.08047 0.84722 
732	8	0.00324 0.62909 0.23624 0.00094 0.03707 0.85498 
733	8	0.03630 0.83470 0.11278 0.00713 0.35589 0.64888 
734	8	0.00590 0.65401 0.33296 0.00156 0.09431 0.85024 
735	8	0.00640 0.75742 0.20513 0.00153 0.10994 0.82730 
736	8	0.00349 0.77570 0.20477 0.00143 0.11170 0.82722 
737	8	0.00891 0.69543 0.18172 0.00176 0.11405 0.81813 
738	8	0.00459 0.78866 0.08882 0.00225 0.15886 0.75972 
739	8	0.00601 0.62038 0.32267 0.00182 0.11055 0.83941 
740	8	0.02823 0.85546 0.12424 0.00489 0.20868 0.74627 
741	8	0.00369 0.54011 0.16086 0.00159 0.08957 0.80225 
742	8	0.00319 0.69610 0.15704 0.00151 0.08642 0.79575 
743	8	0.01182 0.57804 0.24301 0.00294 0.11910 0.81315 
744	8	0.00688 0.57609 0.20493 0.00211 0.13094 0.80079 
745	8	0.00697 0.63397 0.26034 0.00225 0.15757 0.81648 
746	8	0.00563 0.73533 0.08258 0.00263 0.18402 0.73978 
747	8	0.01048 0.66874 0.30249 0.00231 0.10446 0.86113 
748	8	0.00442 0.72710 0.11017 0.00165 0.13662 0.78409 
749	8	0.00434 0.61710 0.19531 0.00184 0.11689 0.79878 
750	8	0.00988 0.52584 0.19387 0.00410 0.14827 0.75432 
751	8	0.00255 0.57231 0.24729 0.00108 0.03518 0.84868 
752	8	0.00948 0.65864 0.21651 0.00316 0.14572 0.77807 
753	8	0.01254 0.63006 0.18357 0.00386 0.21460 0.77568 
754	8	0.00170 0.72736 0.21735 0.00081 0.12392 0.86734 
755	8	0.00261 0.45644 0.38060 0.00079 0.03131 0.89489 
756	8	0.00689 0.52247 0.23935 0.00244 0.12777 0.81340 
757	8	0.00316 0.27470 0.19283 0.00174 0.05633 0.78911 
758	8	0.01075 0.68858 0.24702 0.00268 0.15688 0.82988 
759	8	0.00628 0.80325 0.15726 0.00224 0.13647 0.79059 
760	8	0.01031 0.54826 0.24360 0.00312 0.10742 0.79815 
761	8	0.00252 0.30376 0.36628 0.00084 0.03635 0.88244 
762	8	0.00453 0.63409 0.13506 0.00171 0.10371 0.79454 
763	8	0.00852 0.48311 0.27618 0.00111 0.04059 0.83098 
764	8	0.00312 0.62820 0.25850 0.00084 0.07156 0.86967 
765	8	0.02206 0.62089 0.21498 0.00499 0.27178 0.75817 
766	8	0.00456 0.58062 0.20517 0.00184 0.11571 0.79614 
767	8	0.00203 0.75492 0.17450 0.00084 0.06672 0.84823 
768	8	0.00685 0.44200 0.30448 0.00191 0.05300 0.83561 
769	8	0.00377 0.65212 0.19768 0.00123 0.07026 0.81952 
770	8	0.00406 0.49757 0.21047 0.00138 0.04890 0.80518 
771	8	0.10269 0.84670 0.11936 0.01687 0.23372 0.66747 
772	8	0.00337 0.80755 0.13084 0.00109 0.09034 0.82068 
773	8	0.00325 0.71667 0.12016 0.00156 0.11917 0.79612 
774	8	0.00376 0.55458 0.15867 0.00161 0.08668 0.80031 
775	8	0.00599 0.75481 0.26879 0.00092 0.12190 0.87921 
776	8	0.00234 0.38196 0.31761 0.00090 0.03943 0.87330 
777	8	0.01068 0.41389 0.33700 0.00217 0.12086 0.84209 
778	8	0.01315 0.47356 0.28162 0.00399 0.15928 0.79287 
779	8	0.02483 0.74070 0.20388 0.00340 0.14005 0.78012 
780	8	0.00437 0.00000 0.32084 0.00169 0.03176 0.82211 
781	8	0.00795 0.71150 0.16823 0.00197 0.10026 0.78068 
782	8	0.00249 0.66244 0.25789 0.00109 0.11757 0.85827 
783	8	0.00319 0.63223 0.39521 0.00087 0.08656 0.89387 
784	8	0.04068 0.85229 0.11423 0.00678 0.21407 0.71208 
785	8	0.00658 0.70267 0.09293 0.00235 0.18838 0.75473 
786	8	0.00650 0.69259 0.18462 0.00141 0.08298 0.81002 
787	8	0.01110 0.80109 0.17098 0.00275 0.21002 0.76879 
788	8	0.00678 0.59464 0.34316 0.00136 0.09404 0.88113 
789	8	0.00762 0.43437 0.29284 0.00195 0.05606 0.83038 
790	8	0.00663 0.40533 0.34662 0.00167 0.11477 0.85308 
791	8	0.00391 0.51318 0.22488 0.00119 0.04444 0.82138 
792	8	0.01706 0.74839 0.19318 0.00310 0.12498 0.79045 
793	8	0.00648 0.68687 0.21767 0.00170 0.12787 0.83628 
794	8	0.01000 0.77350 0.21367 0.00252 0.22776 0.82057 
795	8	0.00161 0.53130 0.23903 0.00082 0.02939 0.84212 
796	8	0.00712 0.72011 0.08378 0.00299 0.19619 0.73503 
797	8	0.00379 0.71955 0.11491 0.00144 0.13121 0.80357 
798	8	0.01811 0.70208 0.27522 0.00195 0.09883 0.82986 
799	8	0.00469 0.71739 0.18761 0.00181 0.09452 0.80547 
800	9	0.03007 0.70215 0.45160 0.00269 0.20054 0.89876 
801	9	0.02068 0.78972 0.42293 0.00296 0.21940 0.87351 
802	9	0.13498 0.84920 0.25926 0.02119 0.21919 0.81288 
803	9	0.01301 0.88782 0.13457 0.00157 0.18897 0.82518 
804	9	0.02572 0.66052 0.28541 0.00841 0.41712 0.71977 
805	9	0.02294 0.74350 0.20766 0.00636 0.29169 0.76256 
806	9	0.01708 0.90018 0.14818 0.00203 0.25706 0.84214 
807	9	0.03161 0.92896 0.08326 0.01091 0.48937 0.67096 
808	9	0.13650 0.96413 0.07028 0.02921 0.53163 0.59926 
809	9	0.05548 0.63874 0.43553 0.01458 0.32728 0.78096 
810	9	0.50521 0.95651 0.05472 0.36167 0.88238 0.21607 
811	9	0.05996 0.93046 0.09509 0.02926 0.60979 0.57179 
812	9	0.03193 0.82135 0.15962 0.00888 0.39034 0.72540 
813	9	0.01254 0.80971 0.17107 0.00319 0.22632 0.79263 
814	9	0.02253 0.86675 0.22022 0.00208 0.24325 0.84399 
815	9	0.02007 0.76273 0.38198 0.00260 0.28290 0.83083 
816	9	0.02283 0.95900 0.09297 0.00650 0.39943 0.68816 
817	9	0.12420 0.75318 0.29414 0.03728 0.47047 0.64148 
818	9	0.02436 0.88851 0.23880 0.00395 0.24123 0.84254 
819	9	0.07613 0.19374 0.75491 0.02125 0.33632 0.74907 
820	9	0.05072 0.94693 0.05369 0.01033 0.50697 0.66448 
821	9	0.04049 0.89924 0.15294 0.00406 0.30017 0.79359 
822	9	0.03291 0.90528 0.15006 0.00424 0.38723 0.75820 
823	9	0.01142 0.83224 0.14955 0.00228 0.26452 0.81385 
824	9	0.00529 0.88841 0.18321 0.00169 0.27749 0.82717 
825	9	0.02037 0.95598 0.07925 0.00381 0.34581 0.76339 
826	9	0.01619 0.91148 0.16970 0.00326 0.34893 0.77038 
827	9	0.02299 0.91277 0.21080 0.00482 0.36230 0.76454 
828	9	0.02878 0.69053 0.30600 0.00886 0.44528 0.73685 
829	9	0.01662 0.93111 0.11469 0.00364 0.32595 0.77273 
830	9	0.00762 0.80362 0.16855 0.00126 0.18065 0.84673 
831	9	0.05202 0.98765 0.04275 0.01364 0.62851 0.58878 
832	9	0.05262 0.82560 0.31697 0.00794 0.39061 0.74761 
833	9	0.02609 0.89266 0.13147 0.01046 0.47570 0.64926 
834	9	0.05371 0.80971 0.19676 0.01377 0.47726 0.66245 
835	9	0.02144 0.90708 0.13554 0.00475 0.36810 0.72752 
836	9	0.01128 0.96648 0.07672 0.00289 0.29666 0.77075 
837	9	0.00528 0.64774 0.26058 0.00116 0.15142 0.86531 
838	9	0.00459 0.82811 0.29181 0.00156 0.23158 0.85694 
839	9	0.01804 0.85740 0.12851 0.00590 0.33768 0.70773 
840	9	0.05128 0.79206 0.37209 0.00471 0.26791 0.86232 
841	9	0.03464 0.67239 0.77256 0.00675 0.29796 0.80917 
842	9	0.08563 0.95117 0.05519 0.01742 0.49468 0.61761 
843	9	0.04730 0.96434 0.09272 0.01459 0.49436 0.63865 
844	9	0.05446 0.75212 0.28442 0.01503 0.46862 0.70275 
845	9	0.03346 0.82750 0.15512 0.00565 0.23301 0.78200 
846	9	0.03124 0.86628 0.07340 0.01631 0.57665 0.58038 
847	9	0.01301 0.82525 0.26555 0.00363 0.28576 0.78332 
848	9	0.02557 0.82887 0.16155 0.00499 0.31019 0.74828 
849	9	0.01269 0.71217 0.46859 0.00155 0.21048 0.88651 
850	9	0.01787 0.98789 0.02295 0.00461 0.37171 0.69960 
851	9	0.01680 0.86433 0.26712 0.00294 0.23759 0.81860 
852	9	0.08270 0.96619 0.09449 0.01549 0.57429 0.61146 
853	9	0.25047 0.86184 0.15999 0.06796 0.44856 0.62065 
854	9	0.01496 0.74053 0.39662 0.00371 0.22959 0.84654 
855	9	0.02725 0.77746 0.39015 0.00220 0.18689 0.89481 
856	9	0.05659 0.84117 0.15802 0.01311 0.44080 0.67818 
857	9	0.02129 0.93055 0.15649 0.00761 0.38589 0.70993 
858	9	0.01254 0.69644 0.40043 0.00317 0.29714 0.82621 
859	9	0.00735 0.72909 0.42981 0.00177 0.27508 0.87215 
860	9	0.00345 0.85217 0.20316 0.00093 0.17029 0.87190 
861	9	0.03242 0.87227 0.15553 0.00862 0.42213 0.72393 
862	9	0.00615 0.81411 0.22259 0.00138 0.20668 0.84517 
863	9	0.01856 0.85506 0.15929 0.00417 0.32576 0.73573 
864	9	0.01678 0.80328 0.30953 0.00187 0.19005 0.89407 
865	9	0.05977 0.97815 0.04155 0.01365 0.41634 0.58553 
866	9	0.03489 0.91550 0.14224 0.00876 0.33992 0.72740 
867	9	0.13690 0.97518 0.05255 0.04552 0.58955 0.48992 
868	9	0.05168 0.95134 0.10405 0.01335 0.51659 0.64751 
869	9	0.03069 0.85668 0.29251 0.00397 0.21297 0.80478 
870	9	0.01697 0.79423 0.17031 0.00435 0.28251 0.76731 
871	9	0.02475 0.86777 0.11435 0.00783 0.52387 0.71541 
872	9	0.03149 0.73419 0.37649 0.00623 0.21699 0.77374 
873	9	0.03860 0.87281 0.21903 0.00470 0.27959 0.82047 
874	9	0.01757 0.89068 0.14466 0.00349 0.26443 0.77915 
875	9	0.01157 0.59561 0.27992 0.00379 0.28309 0.79225 
876	9	0.03567 0.75776 0.21812 0.01421 0.48058 0.68421 
877	9	0.01670 0.75810 0.37766 0.00303 0.27044 0.84770 
878	9	0.01731 0.78308 0.17915 0.00414 0.25398 0.79817 
879	9	0.02401 0.72047 0.39295 0.00353 0.24753 0.84816 
880	9	0.01567 0.65130 0.46499 0.00550 0.34789 0.77737 
881	9	0.01707 0.83644 0.18998 0.00378 0.35372 0.78262 
882	9	0.02529 0.64646 0.25253 0.00323 0.15817 0.84537 
883	9	0.00869 0.63824 0.28935 0.00184 0.14803 0.83883 
884	9	0.01510 1.00000 0.00719 0.00542 0.54242 0.65073 
885	9	0.02315 0.62193 0.75330 0.00247 0.13319 0.89228 
886	9	0.05948 0.91291 0.11825 0.00854 0.33955 0.74067 
887	9	0.01309 0.83781 0.27502 0.00163 0.14789 0.88423 
888	9	0.01135 0.94426 0.05134 0.00282 0.31998 0.75293 
889	9	0.01595 0.69126 0.30226 0.00407 0.23277 0.81643 
890	9	0.03514 0.90681 0.20502 0.00505 0.30318 0.79265 
891	9	0.00645 0.79709 0.24990 0.00093 0.16559 0.88541 
892	9	0.04867 0.69107 0.18917 0.00904 0.31207 0.66986 
893	9	0.06211 0.80658 0.30083 0.00744 0.27057 0.78562 
894	9	0.02184 0.83325 0.14504 0.00448 0.39980 0.74443 
895	9	0.01926 0.76586 0.24819 0.00195 0.16948 0.87005 
896	9	0.01729 0.80307 0.30226 0.00166 0.14667 0.89308 
897	9	0.02933 0.71961 0.19985 0.01173 0.50728 0.65855 
898	9	0.01249 0.78646 0.22253 0.00188 0.15220 0.81604 
899	9	0.00335 0.88651 0.13840 0.00088 0.16350 0.86927 
900	10	0.00000 0.71880 0.43994 0.00000 0.00924 0.98304 
901	10	0.03862 0.79836 0.28139 0.00415 0.20307 0.85158 
902	10	0.19612 0.90315 0.18882 0.04548 0.37939 0.72057 
903	10	0.03758 0.81134 0.46359 0.00675 0.24595 0.80105 
904	10	0.10194 0.92327 0.19831 0.01741 0.32456 0.72848 
905	10	0.00760 0.79243 0.34941 0.00179 0.21861 0.86924 
906	10	0.00325 0.68195 0.40427 0.00046 0.08184 0.93356 
907	10	0.02401 0.80564 0.28483 0.00181 0.17745 0.87340 
908	10	0.01000 0.76932 0.22853 0.00193 0.21495 0.83032 
909	10	0.14085 0.87915 0.21850 0.03269 0.40893 0.68901 
910	10	0.01824 0.71686 0.49066 0.00179 0.17490 0.91012 
911	10	0.00943 0.81353 0.37375 0.00139 0.15335 0.88020 
912	10	0.03537 0.89347 0.13001 0.00907 0.48395 0.69283 
913	10	0.04075 0.77545 0.37156 0.01555 0.39963 0.69066 
914	10	0.00986 0.62511 0.45888 0.00115 0.17481 0.91410 
915	10	0.00839 0.79643 0.25905 0.00124 0.21067 0.87247 
916	10	0.01311 0.74891 0.32695 0.00221 0.13787 0.86574 
917	10	0.01182 0.63115 0.38789 0.00202 0.22449 0.87682 
918	10	0.09727 0.65143 0.55240 0.01818 0.22212 0.80137 
919	10	0.00553 0.68367 0.45491 0.00083 0.11703 0.90496 
920	10	0.00337 0.80913 0.27565 0.00072 0.17984 0.88786 
921	10	0.05033 0.61617 0.43392 0.00772 0.27188 0.80462 
922	10	0.02974 0.69985 0.43111 0.00147 0.08723 0.92731 
923	10	0.00914 0.82606 0.26874 0.00175 0.21467 0.85741 
924	10	0.14947 0.62596 0.43982 0.02748 0.24136 0.77223 
925	10	0.08601 0.81439 0.26120 0.01477 0.25835 0.77844 
926	10	0.01103 0.74347 0.41524 0.00123 0.17655 0.91136 
927	10	0.01456 0.80994 0.33236 0.00119 0.16156 0.90441 
928	10	0.37128 0.80437 0.23014 0.15052 0.50080 0.55346 
929	10	0.14404 0.87636 0.18261 0.04155 0.47967 0.65418 
930	10	0.00715 0.66346 0.41322 0.00061 0.03562 0.93691 
931	10	0.05271 0.77208 0.38965 0.00535 0.12686 0.89107 
932	10	0.00274 0.71464 0.32333 0.00069 0.14218 0.90113 
933	10	0.01905 0.85174 0.23469 0.00212 0.28537 0.84382 
934	10	0.04601 0.68419 0.46427 0.00323 0.11884 0.92217 
935	10	0.02851 0.50978 0.50048 0.00268 0.08798 0.88910 
936	10	0.00291 0.77109 0.31397 0.00048 0.11639 0.91722 
937	10	0.02467 0.67917 0.47885 0.00160 0.15977 0.90714 
938	10	0.03174 0.82064 0.21003 0.00521 0.31222 0.80716 
939	10	0.00540 0.69479 0.42276 0.00045 0.07396 0.94445 
940	10	0.03730 0.73364 0.38979 0.00261 0.16148 0.88600 
941	10	0.03462 0.81044 0.29376 0.00204 0.09786 0.90858 
942	10	0.00412 0.62709 0.44986 0.00025 0.04794 0.95537 
943	10	0.07579 0.45023 0.47779 0.01248 0.23090 0.78077 
944	10	0.01252 0.72371 0.44008 0.00125 0.16907 0.90392 
945	10	0.00263 0.64424 0.49333 0.00020 0.04729 0.96698 
946	10	0.01814 0.74820 0.48230 0.00137 0.10966 0.93982 
947	10	0.02245 0.83927 0.22584 0.00401 0.31178 0.78226 
948	10	0.05789 0.71449 0.27987 0.00870 0.33959 0.74826 
949	10	0.16238 0.73581 0.36476 0.04547 0.32923 0.70145 
950	10	0.26191 0.82924 0.23298 0.08828 0.45624 0.62448 
951	10	0.47751 0.79530 0.25142 0.23611 0.49173 0.53575 
952	10	0.66206 0.73158 0.19409 0.43654 0.56449 0.40562 
953	10	0.10934 0.63058 0.36863 0.02177 0.29344 0.73493 
954	10	0.05895 0.70446 0.44402 0.00949 0.23625 0.77503 
955	10	0.06276 0.68908 0.55238 0.00905 0.19540 0.84218 
956	10	0.03695 0.75394 0.36025 0.00312 0.16034 0.84732 
957	10	0.00272 0.84266 0.19562 0.00064 0.16777 0.89291 
958	10	0.09076 0.81541 0.30102 0.01450 0.28604 0.75448 
959	10	0.18345 0.88189 0.17612 0.05670 0.41704 0.64042 
960	10	0.00573 0.79626 0.33502 0.00089 0.19547 0.89802 
961	10	0.13205 0.90318 0.18987 0.03848 0.45449 0.61709 
962	10	0.02254 0.81268 0.31543 0.00182 0.22195 0.88312 
963	10	0.12775 0.79556 0.28673 0.02327 0.27108 0.74858 
964	10	0.11633 0.60278 0.32743 0.01570 0.17418 0.79632 
965	10	0.10589 0.67477 0.54798 0.01826 0.24649 0.80007 
966	10	0.01931 0.74147 0.30580 0.00147 0.15110 0.87975 
967	10	0.03683 0.84864 0.21710 0.00281 0.18660 0.87321 
968	10	0.03417 0.72327 0.28790 0.00955 0.39325 0.70899 
969	10	0.43939 0.90760 0.23969 0.19550 0.54604 0.51273 
970	10	0.36863 0.78422 0.26383 0.13967 0.36729 0.62600 
971	10	0.01332 0.52739 0.41688 0.00114 0.09870 0.89506 
972	10	0.17637 0.81006 0.27077 0.04702 0.46958 0.66824 
973	10	0.25823 0.56526 0.50817 0.09211 0.39694 0.67195 
974	10	0.00618 0.66602 0.47959 0.00068 0.14319 0.93253 
975	10	0.02413 0.64999 0.41122 0.00208 0.13908 0.88902 
976	10	0.00692 0.67925 0.44435 0.00048 0.06973 0.94554 
977	10	0.00217 0.74304 0.34668 0.00048 0.11756 0.92908 
978	10	0.05407 0.65410 0.44092 0.00521 0.11387 0.87982 
979	10	0.07325 0.70187 0.35190 0.01139 0.20124 0.80446 
980	10	0.02845 0.80802 0.17606 0.00330 0.26704 0.81764 
981	10	0.04009 0.53860 0.60161 0.00353 0.07774 0.90976 
982	10	0.09234 0.84946 0.20740 0.02999 0.60156 0.61888 
983	10	0.35770 0.58483 0.45488 0.13824 0.37903 0.61973 
984	10	0.00486 0.75569 0.24428 0.00129 0.20450 0.85002 
985	10	0.00138 0.56075 0.52737 0.00027 0.06102 0.95891 
986	10	0.02915 0.83613 0.26890 0.00376 0.26243 0.85140 
987	10	0.01284 0.74741 0.23293 0.00245 0.25966 0.81838 
988	10	0.00620 0.67981 0.43028 0.00071 0.13547 0.91833 
989	10	0.00234 0.61100 0.44353 0.00028 0.06420 0.94929 
990	10	0.01026 0.66169 0.40567 0.00093 0.11541 0.91132 
991	10	0.02452 0.75783 0.39629 0.00255 0.23610 0.86561 
992	10	0.02122 0.77562 0.35918 0.00165 0.13032 0.92586 
993	10	0.04333 0.79602 0.47848 0.00549 0.17798 0.87751 
994	10	0.10182 0.71317 0.36939 0.02292 0.43832 0.68676 
995	10	0.14679 0.90161 0.18538 0.05621 0.44987 0.64121 
996	10	0.02341 0.88298 0.17342 0.00460 0.31823 0.77092 
997	10	0.20621 0.78194 0.34637 0.05337 0.45010 0.67278 
998	10	0.08543 0.68172 0.50490 0.01188 0.21980 0.81515 
999	10	0.00745 0.79390 0.33953 0.00106 0.12261 0.89798 
