1000	10	6
0	1	0.17659 0.78836 0.22560 0.07028 0.44286 0.81269 
1	1	0.15410 0.89893 0.12956 0.11080 0.68680 0.68512 
2	1	0.16638 0.73164 0.43801 0.06961 0.38388 0.78985 
3	1	0.11445 0.93104 0.10391 0.10276 0.70428 0.61087 
4	1	0.27038 0.80478 0.41877 0.14734 0.43840 0.64593 
5	1	0.05912 0.69245 0.41068 0.03417 0.28340 0.84890 
6	1	0.25236 0.66499 0.36349 0.10787 0.33014 0.73576 
7	1	0.19202 0.88584 0.20487 0.09167 0.55391 0.75424 
8	1	0.10953 0.70268 0.33274 0.06445 0.34776 0.78550 
9	1	0.21757 0.85404 0.17276 0.15263 0.70757 0.65392 
10	1	0.06798 0.84875 0.22022 0.04195 0.47848 0.83064 
11	1	0.10773 0.74201 0.32823 0.04079 0.33277 0.86926 
12	1	0.20544 0.85609 0.23127 0.08714 0.51673 0.78203 
13	1	0.21127 0.72313 0.37659 0.08659 0.33830 0.78693 
14	1	0.14248 0.74252 0.25828 0.09733 0.47167 0.67677 
15	1	0.15771 0.87629 0.23481 0.07230 0.53798 0.78446 
16	1	0.21542 0.83908 0.13749 0.13969 0.58116 0.60184 
17	1	0.39377 0.81917 0.26118 0.20006 0.50744 0.63140 
18	1	0.40233 0.87348 0.21648 0.20231 0.57552 0.65905 
19	1	0.15590 0.62464 0.45691 0.06122 0.26805 0.80492 
20	1	0.21496 0.83650 0.20652 0.11132 0.54110 0.68378 
21	1	0.13101 0.93904 0.11079 0.09743 0.66554 0.66119 
22	1	0.11484 0.78550 0.30439 0.05870 0.40149 0.81290 
23	1	0.14850 0.81697 0.34535 0.07858 0.42098 0.73444 
24	1	0.37598 0.88109 0.21643 0.18644 0.56740 0.62504 
25	1	0.03629 0.72558 0.36382 0.02788 0.29351 0.87168 
26	1	0.16026 0.83102 0.28708 0.06339 0.47597 0.83143 
27	1	0.16002 0.91347 0.10459 0.12050 0.71790 0.62721 
28	1	0.13052 0.83263 0.30031 0.09754 0.45316 0.72174 
29	1	0.31055 0.85138 0.22064 0.18561 0.58598 0.62061 
30	1	0.16746 0.59989 0.35688 0.10785 0.27320 0.69860 
31	1	0.12725 0.45759 0.80106 0.06238 0.10966 0.81654 
32	1	0.34356 0.80043 0.24805 0.16907 0.55312 0.65904 
33	1	0.27972 0.70693 0.30170 0.13737 0.51284 0.69659 
34	1	0.05220 0.70735 0.35881 0.03543 0.32162 0.82339 
35	1	0.25641 0.82563 0.21449 0.13791 0.62872 0.65896 
36	1	0.15622 0.90061 0.13291 0.09653 0.64493 0.71885 
37	1	0.14286 0.78150 0.31483 0.06325 0.43049 0.81769 
38	1	0.39431 0.87121 0.16591 0.21126 0.63562 0.59960 
39	1	0.20528 0.93344 0.18164 0.13948 0.64542 0.67234 
40	1	0.33838 0.88734 0.22419 0.17601 0.63966 0.64383 
41	1	0.26944 0.90384 0.23583 0.14911 0.59982 0.66514 
42	1	0.39375 0.85160 0.17759 0.21195 0.61684 0.59206 
43	1	0.18244 0.90196 0.23791 0.12657 0.63692 0.66489 
44	1	0.40696 1.00000 0.03728 0.29282 0.91357 0.38012 
45	1	0.50250 0.77464 0.22129 0.31234 0.67115 0.50987 
46	1	0.58409 0.75409 0.22070 0.39018 0.68171 0.45085 
47	1	0.01435 0.71096 0.44743 0.01827 0.23620 0.91346 
48	1	0.31358 0.72442 0.29422 0.14711 0.48446 0.73159 
49	1	0.19882 0.70669 0.41607 0.08859 0.44774 0.75437 
50	1	0.04568 0.84403 0.22160 0.03103 0.50592 0.85692 
51	1	0.27735 0.61868 0.53892 0.13672 0.33573 0.68315 
52	1	0.02833 0.73399 0.40712 0.02164 0.23329 0.91193 
53	1	0.11143 0.73834 0.29438 0.05883 0.38280 0.78675 
54	1	0.07849 0.77449 0.38832 0.03726 0.37405 0.88689 
55	1	0.33056 0.82646 0.28514 0.15555 0.54348 0.70734 
56	1	0.15862 0.70283 0.41904 0.05309 0.22810 0.85367 
57	1	0.32412 0.83372 0.23825 0.15214 0.54466 0.70299 
58	1	0.13306 0.73976 0.29871 0.05764 0.41588 0.85406 
59	1	0.20536 0.76576 0.38039 0.07800 0.37106 0.79100 
60	1	0.15535 0.73996 0.36456 0.05971 0.38638 0.85704 
61	1	0.02845 0.58181 0.50942 0.01587 0.16196 0.94405 
62	1	0.23702 0.86809 0.19609 0.13066 0.59636 0.66890 
63	1	0.13416 0.51892 1.00000 0.05569 0.19543 0.86760 
64	1	0.18180 0.76266 0.44657 0.06287 0.25600 0.80339 
65	1	0.59244 0.93596 0.12464 0.40543 0.80319 0.40354 
66	1	0.29988 0.86552 0.19114 0.16929 0.59906 0.64154 
67	1	0.17621 0.79253 0.22732 0.09474 0.55833 0.72793 
68	1	0.22386 0.83402 0.22270 0.10080 0.59503 0.75627 
69	1	0.30973 0.78142 0.26546 0.16616 0.52776 0.68162 
70	1	0.25402 0.51713 0.43860 0.10440 0.25430 0.76428 
71	1	0.13825 0.80633 0.20596 0.07363 0.52819 0.75614 
72	1	0.18535 0.84708 0.23620 0.07772 0.42108 0.72975 
73	1	0.31787 0.79271 0.26033 0.18322 0.54007 0.61480 
74	1	0.23345 0.90849 0.07184 0.17749 0.78451 0.56621 
75	1	0.11351 0.77459 0.31114 0.05450 0.39113 0.77431 
76	1	0.24401 0.77723 0.38502 0.08959 0.41405 0.85469 
77	1	0.10682 0.80961 0.29207 0.04699 0.39038 0.82108 
78	1	0.24075 0.69028 0.28572 0.11672 0.48702 0.72858 
79	1	0.45697 0.82233 0.14141 0.29664 0.76230 0.43512 
80	1	0.08459 0.74985 0.39576 0.02891 0.31668 0.94702 
81	1	0.33720 0.82810 0.24861 0.16141 0.53933 0.67669 
82	1	0.29657 0.68950 0.41762 0.12433 0.35472 0.75574 
83	1	0.41442 0.85764 0.18971 0.22277 0.62146 0.59996 
84	1	0.31181 0.70099 0.48242 0.14195 0.37876 0.69660 
85	1	0.34130 0.71885 0.34781 0.15953 0.45084 0.72532 
86	1	0.04323 0.73693 0.36892 0.01875 0.21441 0.90334 
87	1	0.21880 0.61575 0.48357 0.08533 0.24198 0.78576 
88	1	0.16276 0.52601 0.35388 0.07683 0.39057 0.78344 
89	1	0.31689 0.35206 0.76398 0.15937 0.24843 0.66067 
90	1	0.23919 0.71408 0.42735 0.10190 0.31388 0.72828 
91	1	0.23202 0.78797 0.32416 0.11312 0.47073 0.74701 
92	1	0.34044 0.86637 0.13387 0.19203 0.71161 0.58360 
93	1	0.25752 0.81551 0.32362 0.13815 0.51139 0.63857 
94	1	0.12887 0.75794 0.31955 0.05755 0.39071 0.80069 
95	1	0.36788 0.95930 0.12219 0.21961 0.74817 0.55170 
96	1	0.09235 0.84188 0.26379 0.05335 0.45104 0.79995 
97	1	0.16365 0.84099 0.14455 0.09833 0.57226 0.66265 
98	1	0.38751 0.71527 0.22156 0.20676 0.56195 0.60981 
99	1	0.24044 0.72236 0.34240 0.11707 0.41709 0.72907 
100	2	0.09778 0.57576 0.54645 0.03715 0.33382 0.90222 
101	2	0.14683 0.80667 0.29236 0.11039 0.59626 0.66671 
102	2	0.23820 0.76749 0.20125 0.16249 0.66600 0.58996 
103	2	0.36586 0.93487 0.10666 0.26289 0.76909 0.47222 
104	2	0.26355 0.72773 0.27206 0.11962 0.51936 0.69753 
105	2	0.19961 0.88855 0.12880 0.12974 0.71139 0.61395 
106	2	0.13961 0.82637 0.34473 0.06980 0.54444 0.76251 
107	2	0.10703 0.46535 0.58596 0.05691 0.36958 0.83548 
108	2	0.30982 0.56122 0.29065 0.13795 0.40924 0.70521 
109	2	0.33189 0.68405 0.43539 0.16939 0.40611 0.66367 
110	2	0.14281 0.55663 0.43168 0.08330 0.37487 0.75797 
111	2	0.22546 0.81932 0.13686 0.14375 0.64545 0.62122 
112	2	0.13761 0.88157 0.12375 0.07281 0.62302 0.72688 
113	2	0.10937 0.50428 0.37931 0.05647 0.26925 0.74240 
114	2	0.32828 0.76460 0.34986 0.15145 0.38196 0.67690 
115	2	0.08661 0.87660 0.21806 0.06950 0.51313 0.70904 
116	2	0.18522 0.60708 0.39757 0.11148 0.41885 0.70587 
117	2	0.22399 0.50613 0.44458 0.10629 0.49657 0.71574 
118	2	0.22602 0.63091 0.37934 0.12964 0.44582 0.70320 
119	2	0.09868 0.84436 0.29497 0.05479 0.45986 0.74654 
120	2	0.30642 0.75785 0.21787 0.20214 0.66597 0.54592 
121	2	0.39049 0.79071 0.27670 0.27362 0.73212 0.44125 
122	2	0.24512 0.66062 0.32111 0.14889 0.62781 0.61627 
123	2	0.56501 0.74831 0.16573 0.36060 0.64184 0.48547 
124	2	0.22385 0.85814 0.22661 0.13985 0.61522 0.61125 
125	2	0.33875 0.86100 0.12682 0.19142 0.66564 0.58794 
126	2	0.26801 0.90917 0.05124 0.16712 0.84183 0.52937 
127	2	0.20606 0.75903 0.12324 0.16473 0.60018 0.54762 
128	2	0.22505 0.72792 0.31962 0.13465 0.53150 0.64773 
129	2	0.38974 0.71099 0.27551 0.20630 0.50921 0.58102 
130	2	0.50651 0.81020 0.15580 0.30896 0.66476 0.50168 
131	2	0.54421 0.90607 0.06972 0.34747 0.81031 0.43362 
132	2	0.28553 0.78605 0.22973 0.13973 0.53784 0.66683 
133	2	0.22234 0.79053 0.15426 0.14483 0.58845 0.55024 
134	2	0.24213 0.60623 0.29935 0.10677 0.35983 0.70058 
135	2	0.28241 0.78500 0.14991 0.19011 0.65369 0.52548 
136	2	0.16533 0.74773 0.21628 0.12095 0.62082 0.64131 
137	2	0.42975 0.75587 0.20288 0.24596 0.69201 0.54216 
138	2	0.28955 0.81625 0.11762 0.20448 0.74688 0.51949 
139	2	0.39142 0.58057 0.36607 0.19241 0.37678 0.65166 
140	2	0.09894 0.56656 0.57492 0.04522 0.29176 0.86079 
141	2	0.33743 0.78200 0.23790 0.18606 0.60066 0.59623 
142	2	0.17629 0.74793 0.24073 0.12542 0.51302 0.68118 
143	2	0.29116 0.87250 0.06592 0.22254 0.81241 0.45086 
144	2	0.14604 0.75403 0.39203 0.09707 0.38395 0.68399 
145	2	0.32009 0.81446 0.17133 0.23942 0.69234 0.44125 
146	2	0.31378 0.88762 0.11341 0.19632 0.71501 0.50044 
147	2	0.09910 0.67894 0.35517 0.06571 0.35831 0.77207 
148	2	0.24320 0.85375 0.21639 0.16470 0.55111 0.59518 
149	2	0.20516 0.65412 0.20455 0.13549 0.59727 0.57821 
150	2	0.26940 0.71067 0.26747 0.14179 0.55636 0.63898 
151	2	0.21527 0.66601 0.21349 0.15972 0.59662 0.56186 
152	2	0.91346 0.78774 0.04918 0.84688 0.93028 0.10445 
153	2	0.14377 0.59372 0.43108 0.08621 0.27423 0.71841 
154	2	0.17910 0.82622 0.22201 0.12565 0.56194 0.61848 
155	2	0.56364 0.73971 0.11957 0.37239 0.75297 0.40352 
156	2	0.47368 0.78399 0.19745 0.29774 0.71683 0.46988 
157	2	0.30370 0.80241 0.16754 0.17272 0.64825 0.57288 
158	2	0.24380 0.63019 0.28510 0.13729 0.52209 0.63025 
159	2	0.20814 0.72999 0.26736 0.13065 0.45924 0.65488 
160	2	0.23966 0.79190 0.38316 0.11687 0.42165 0.70345 
161	2	0.61398 0.66739 0.07285 0.42826 0.75857 0.38521 
162	2	0.11749 0.85112 0.14067 0.10208 0.70746 0.65879 
163	2	0.23492 0.76351 0.17376 0.15225 0.55324 0.58891 
164	2	0.35091 0.75487 0.29258 0.17736 0.40921 0.60452 
165	2	0.22978 0.75263 0.25678 0.15410 0.65081 0.59219 
166	2	0.33751 0.71923 0.28160 0.18933 0.59353 0.58617 
167	2	0.34980 0.74091 0.17787 0.20976 0.61318 0.55575 
168	2	0.15021 0.81300 0.17222 0.15515 0.68423 0.51239 
169	2	0.17747 0.78604 0.24932 0.13131 0.63957 0.61901 
170	2	0.08464 0.60816 0.34835 0.05487 0.31625 0.75238 
171	2	0.21401 0.53241 0.30914 0.15435 0.46640 0.58577 
172	2	0.27722 0.64719 0.36599 0.13602 0.41270 0.72909 
173	2	0.35539 0.88486 0.14682 0.20272 0.65320 0.58198 
174	2	0.42213 0.42040 0.36867 0.22124 0.49280 0.62723 
175	2	0.10800 0.66903 0.36647 0.08016 0.37451 0.72766 
176	2	0.39197 0.58916 0.29675 0.19809 0.48474 0.64236 
177	2	0.33561 0.71427 0.23020 0.21902 0.65309 0.51389 
178	2	0.26417 0.74237 0.36648 0.13051 0.48362 0.67103 
179	2	0.16138 0.75430 0.22264 0.10649 0.56868 0.64316 
180	2	0.26008 0.80509 0.15287 0.16863 0.70066 0.55889 
181	2	0.33882 0.67017 0.31395 0.20841 0.61100 0.57483 
182	2	0.47215 0.67436 0.27280 0.28131 0.58281 0.51110 
183	2	0.30826 0.73203 0.17301 0.21620 0.64622 0.50701 
184	2	0.18117 0.31847 0.40355 0.11119 0.47227 0.71025 
185	2	0.20391 0.80183 0.28054 0.08121 0.43347 0.73955 
186	2	0.29739 0.70759 0.12941 0.21133 0.73444 0.48300 
187	2	0.28112 0.82230 0.19366 0.20250 0.69089 0.48740 
188	2	0.23313 0.84204 0.18493 0.19037 0.70345 0.48741 
189	2	0.59609 0.89243 0.10171 0.41875 0.82694 0.36078 
190	2	0.13475 0.82787 0.20179 0.08966 0.55354 0.68179 
191	2	0.42598 0.44711 0.31876 0.27534 0.59879 0.52165 
192	2	0.54221 0.51545 0.21213 0.34201 0.61764 0.47085 
193	2	0.04050 0.53279 0.72440 0.02154 0.18167 0.92018 
194	2	0.30074 0.76771 0.22936 0.16739 0.68815 0.61712 
195	2	0.41434 0.49960 0.26243 0.22939 0.54707 0.58202 
196	2	0.15333 0.52481 0.78438 0.04875 0.14457 0.86414 
197	2	0.19430 0.78946 0.17363 0.16062 0.67962 0.54707 
198	2	0.23977 0.75038 0.20822 0.15037 0.62155 0.59658 
199	2	0.15903 0.97554 0.05127 0.14439 0.80211 0.51345 
200	3	0.18736 0.58420 0.30633 0.14603 0.56814 0.59349 
201	3	0.40340 0.77617 0.27162 0.24135 0.69704 0.48262 
202	3	0.19921 0.62188 0.32781 0.14840 0.61105 0.59904 
203	3	0.17537 0.59021 0.51540 0.07977 0.33756 0.76213 
204	3	0.09312 0.55001 0.48231 0.04303 0.27643 0.81026 
205	3	0.19552 0.62336 0.45908 0.10746 0.56145 0.66755 
206	3	0.26513 0.72508 0.35564 0.14484 0.44451 0.63434 
207	3	0.24271 0.93782 0.18224 0.18596 0.72050 0.53408 
208	3	0.41035 0.91679 0.14468 0.25978 0.75626 0.46453 
209	3	0.26524 0.81577 0.45068 0.15221 0.45979 0.63475 
210	3	0.24782 0.73859 0.54483 0.11814 0.38169 0.70692 
211	3	0.31537 0.66283 0.75276 0.14367 0.33149 0.68291 
212	3	0.21069 0.59380 0.62038 0.09606 0.26355 0.73812 
213	3	0.55555 0.81368 0.18470 0.38719 0.79462 0.37268 
214	3	0.28545 0.81732 0.18001 0.22549 0.82124 0.45481 
215	3	0.16960 0.78973 0.23227 0.13709 0.73304 0.59454 
216	3	0.35256 0.67114 0.86396 0.19515 0.37781 0.59224 
217	3	0.20615 0.71517 0.47469 0.08463 0.35552 0.76659 
218	3	0.10863 0.60806 0.64444 0.06408 0.32360 0.78737 
219	3	0.17413 0.65580 0.40918 0.09894 0.46000 0.71031 
220	3	0.29030 0.88495 0.14848 0.17414 0.77087 0.55305 
221	3	0.14337 0.45623 0.85112 0.07700 0.14520 0.69720 
222	3	0.14232 0.42471 0.57269 0.05696 0.25272 0.80822 
223	3	0.44024 0.87549 0.29318 0.27589 0.67213 0.48507 
224	3	0.23231 0.84648 0.15637 0.17423 0.79812 0.53605 
225	3	0.20168 0.65198 0.49109 0.09361 0.37914 0.72308 
226	3	0.09041 0.70695 0.46041 0.04924 0.34739 0.80180 
227	3	0.33170 0.74363 0.29749 0.18465 0.57134 0.60605 
228	3	0.35749 0.68999 0.41244 0.18497 0.53964 0.64022 
229	3	0.17601 0.70992 0.37798 0.09197 0.52033 0.73053 
230	3	0.19632 0.68605 0.50532 0.08736 0.38490 0.78327 
231	3	0.17270 0.54933 0.67163 0.05564 0.22481 0.83133 
232	3	0.26289 0.61843 0.32631 0.15746 0.53955 0.57852 
233	3	0.38365 0.79047 0.26523 0.23143 0.63356 0.51439 
234	3	0.40767 0.97285 0.00000 0.38188 1.00000 0.22379 
235	3	0.17862 0.77492 0.28826 0.12432 0.62420 0.63360 
236	3	0.18923 0.74392 0.23191 0.12854 0.48541 0.63558 
237	3	0.14583 0.55843 0.69060 0.09284 0.31376 0.70270 
238	3	0.06424 0.47372 0.62369 0.04684 0.28977 0.82652 
239	3	0.17350 0.65258 0.34121 0.10465 0.63586 0.66423 
240	3	0.25545 0.69468 0.50602 0.12041 0.38223 0.70294 
241	3	0.08968 0.49990 0.46803 0.06853 0.49540 0.73077 
242	3	0.21667 0.66390 0.30777 0.15943 0.64482 0.60468 
243	3	0.18723 0.61460 0.53838 0.10395 0.46152 0.67510 
244	3	0.24982 0.54984 0.59455 0.14176 0.46948 0.64286 
245	3	0.84530 0.57198 0.13890 0.73801 0.75296 0.13588 
246	3	0.11168 0.59154 0.56773 0.06301 0.29572 0.77930 
247	3	0.28501 0.57561 0.60177 0.12878 0.25912 0.70235 
248	3	0.30188 0.69084 0.38400 0.15150 0.59403 0.63550 
249	3	0.09175 0.53158 0.42332 0.05492 0.19911 0.77513 
250	3	0.50528 0.54422 0.44449 0.31585 0.55484 0.47384 
251	3	0.11343 0.60585 0.49150 0.08546 0.42332 0.72945 
252	3	0.21254 0.79068 0.30992 0.13382 0.61428 0.63467 
253	3	0.14856 0.59199 0.47955 0.10244 0.51203 0.69678 
254	3	0.20794 0.78977 0.42176 0.14712 0.47560 0.58030 
255	3	0.09645 0.53801 0.51095 0.06455 0.19114 0.74029 
256	3	0.25477 0.86708 0.28752 0.18493 0.62176 0.52128 
257	3	0.24534 0.73581 0.33264 0.12265 0.48245 0.64691 
258	3	0.13909 0.86945 0.23696 0.10963 0.61402 0.64756 
259	3	0.12615 0.64988 0.38363 0.07792 0.31012 0.74075 
260	3	0.32324 0.63677 0.35675 0.19011 0.41919 0.55884 
261	3	0.25374 0.56453 0.61143 0.11435 0.34902 0.73239 
262	3	0.40557 0.76757 0.50388 0.21963 0.51730 0.59857 
263	3	0.36025 0.74136 0.23273 0.22135 0.69604 0.51921 
264	3	0.25722 0.80355 0.20679 0.15857 0.72603 0.57706 
265	3	0.32375 0.85048 0.36436 0.21141 0.61898 0.51897 
266	3	0.21719 0.68965 0.39496 0.13731 0.46750 0.61335 
267	3	0.12408 0.69019 0.33335 0.07918 0.32241 0.71325 
268	3	0.47048 0.76140 0.22080 0.28644 0.64072 0.46488 
269	3	0.37269 0.67822 0.48009 0.18239 0.38294 0.66668 
270	3	0.19648 0.73954 0.27580 0.14057 0.61646 0.62417 
271	3	0.28183 0.67936 0.28091 0.16667 0.58441 0.62138 
272	3	0.31397 0.65964 0.43344 0.17415 0.53194 0.61070 
273	3	0.65132 0.57303 0.37665 0.46664 0.59157 0.37203 
274	3	0.68480 0.82018 0.20016 0.50829 0.72198 0.34912 
275	3	0.40059 0.59292 0.69359 0.23082 0.45978 0.57107 
276	3	0.61042 0.91364 0.18207 0.43302 0.77713 0.36269 
277	3	0.15417 0.53106 0.47098 0.08391 0.29894 0.71613 
278	3	0.18128 0.65311 0.29054 0.15009 0.65359 0.58428 
279	3	0.24029 0.71378 0.27520 0.14796 0.58203 0.60493 
280	3	0.16089 0.60769 0.31583 0.12460 0.59425 0.59785 
281	3	0.25258 0.70314 0.33198 0.14860 0.51342 0.62129 
282	3	0.19565 0.48455 0.56156 0.09451 0.17408 0.68914 
283	3	0.22929 0.87462 0.29628 0.13321 0.57117 0.65234 
284	3	0.16133 0.69410 0.46876 0.09587 0.37371 0.74237 
285	3	0.26578 0.53691 0.43984 0.12399 0.38183 0.68226 
286	3	0.18528 0.54921 0.46240 0.11683 0.42734 0.69651 
287	3	0.16632 0.66908 0.47833 0.07799 0.33605 0.75923 
288	3	0.18139 0.38691 0.51301 0.10771 0.40119 0.66855 
289	3	0.08144 0.65739 0.34827 0.07391 0.48295 0.71161 
290	3	0.27580 0.81461 0.27255 0.22331 0.58091 0.51544 
291	3	0.11030 0.62491 0.39904 0.06489 0.28752 0.75711 
292	3	0.21275 0.84163 0.31509 0.12050 0.57868 0.64328 
293	3	0.27037 0.45811 0.35213 0.15056 0.52673 0.61302 
294	3	0.33338 0.79468 0.20846 0.20413 0.71458 0.51310 
295	3	0.51264 0.79088 0.10666 0.35422 0.69686 0.37048 
296	3	0.13737 0.78832 0.20434 0.08836 0.49447 0.74007 
297	3	0.36955 0.94132 0.11801 0.21480 0.70900 0.53786 
298	3	0.28703 0.55920 0.35964 0.15089 0.53343 0.63359 
299	3	0.15455 0.73477 0.28109 0.13187 0.68705 0.59172 
300	4	0.32128 0.61544 0.45123 0.16379 0.54464 0.65611 
301	4	0.30139 0.79450 0.21700 0.16566 0.68689 0.63908 
302	4	0.22556 0.58787 0.52426 0.09377 0.52483 0.77108 
303	4	0.41198 0.57332 0.46648 0.21704 0.52413 0.64368 
304	4	0.27985 0.76464 0.26750 0.18404 0.69476 0.61095 
305	4	0.22758 0.65164 0.54364 0.10557 0.43458 0.71936 
306	4	0.09597 0.73729 0.44049 0.04951 0.42792 0.87180 
307	4	0.18684 0.55946 0.61203 0.07186 0.26575 0.83709 
308	4	0.21750 0.73479 0.45988 0.08515 0.46000 0.83192 
309	4	0.23011 0.81475 0.31032 0.12730 0.63833 0.66012 
310	4	0.20883 0.61173 0.57655 0.09337 0.42414 0.83877 
311	4	0.14119 0.68460 0.43386 0.07432 0.53481 0.81349 
312	4	0.18223 0.65460 0.42807 0.07972 0.49350 0.77528 
313	4	0.12206 0.72906 0.36677 0.05504 0.54491 0.85134 
314	4	0.40514 0.74651 0.45707 0.22122 0.57781 0.58158 
315	4	0.31737 0.65108 0.55478 0.18101 0.55459 0.60502 
316	4	0.15242 0.82669 0.29200 0.06901 0.54977 0.81592 
317	4	0.28349 0.55450 0.53459 0.13732 0.45429 0.71301 
318	4	0.20910 0.63776 0.42774 0.11451 0.53784 0.72936 
319	4	0.19475 0.70278 0.44290 0.08439 0.36609 0.79437 
320	4	0.12180 0.68504 0.52109 0.07032 0.43467 0.83704 
321	4	0.25060 0.51675 0.84562 0.10630 0.40136 0.75055 
322	4	0.40898 0.74977 0.41346 0.22361 0.60365 0.59352 
323	4	0.28335 0.75680 0.58187 0.16461 0.52738 0.58726 
324	4	0.27239 0.69786 0.49039 0.12313 0.51405 0.74383 
325	4	0.23701 0.70836 0.62196 0.09717 0.44247 0.80470 
326	4	0.22060 0.74280 0.40931 0.08984 0.56709 0.77121 
327	4	0.30772 0.65705 0.53328 0.13693 0.44105 0.76409 
328	4	0.18118 0.62126 0.44901 0.06971 0.40584 0.83865 
329	4	0.37748 0.64417 0.64571 0.19393 0.43139 0.64064 
330	4	0.15488 0.76222 0.34655 0.07654 0.58322 0.78849 
331	4	0.15340 0.71039 0.34273 0.07914 0.44810 0.78296 
332	4	0.09267 0.68853 0.37403 0.05159 0.58120 0.80743 
333	4	0.11885 0.65835 0.48090 0.05514 0.44658 0.84433 
334	4	0.10790 0.71913 0.46626 0.05445 0.44409 0.86085 
335	4	0.20229 0.77250 0.47117 0.11699 0.59825 0.70347 
336	4	0.20128 0.64912 0.60088 0.07473 0.33167 0.82256 
337	4	0.13788 0.74672 0.39797 0.13962 0.59888 0.58222 
338	4	0.10542 0.59764 0.47704 0.06616 0.48659 0.78713 
339	4	0.48681 0.74489 0.38884 0.28691 0.60364 0.55261 
340	4	0.20996 0.63494 0.57783 0.10395 0.51384 0.77163 
341	4	0.31723 0.78667 0.33101 0.18381 0.67717 0.60804 
342	4	0.22716 0.70692 0.57935 0.13054 0.54447 0.67967 
343	4	0.02715 0.52958 0.69097 0.01505 0.29952 0.92801 
344	4	0.30074 0.72668 0.28432 0.15377 0.59063 0.69991 
345	4	0.31860 0.66547 0.55832 0.14393 0.52629 0.70280 
346	4	0.19798 0.74677 0.32446 0.10872 0.58563 0.70848 
347	4	0.09116 0.55498 0.42648 0.05409 0.42141 0.82271 
348	4	0.23511 0.66144 0.58198 0.08607 0.35445 0.84294 
349	4	0.26802 0.56785 0.49274 0.14439 0.43696 0.70113 
350	4	0.26378 0.72740 0.43206 0.12325 0.50347 0.70190 
351	4	0.38926 0.71554 0.52756 0.20592 0.52705 0.62634 
352	4	0.16977 0.62641 0.51646 0.06438 0.36285 0.88377 
353	4	0.10303 0.59658 0.46800 0.05763 0.32956 0.81056 
354	4	0.12593 0.77043 0.32208 0.06560 0.49743 0.83392 
355	4	0.15934 0.46855 0.60615 0.07205 0.27730 0.80204 
356	4	0.37433 0.76277 0.37265 0.18756 0.53772 0.64587 
357	4	0.20298 0.68516 0.40030 0.09826 0.55078 0.78397 
358	4	0.42761 0.65313 0.30621 0.24109 0.63599 0.56239 
359	4	0.17024 0.66833 0.44615 0.09597 0.44794 0.76706 
360	4	0.31931 0.73739 0.37530 0.14042 0.33410 0.72981 
361	4	0.13981 0.74467 0.40010 0.07092 0.44984 0.81606 
362	4	0.31100 0.74062 0.49981 0.15342 0.52985 0.66430 
363	4	0.18173 0.64757 0.46319 0.13938 0.60062 0.63392 
364	4	0.15834 0.74443 0.31676 0.08231 0.54530 0.80868 
365	4	0.15948 0.25815 0.81039 0.05094 0.09113 0.89621 
366	4	0.39450 0.72429 0.37396 0.21653 0.58642 0.62143 
367	4	0.14832 0.70363 0.54966 0.06314 0.49411 0.82494 
368	4	0.07922 0.58747 0.40280 0.07053 0.57382 0.76670 
369	4	0.29854 0.47526 0.75988 0.12786 0.21867 0.79383 
370	4	0.16134 0.69342 0.50643 0.06975 0.44577 0.84225 
371	4	0.32578 0.69813 0.52880 0.15819 0.57072 0.70988 
372	4	0.21073 0.63722 0.65174 0.08627 0.44960 0.81656 
373	4	0.17996 0.80706 0.28679 0.11651 0.66261 0.65081 
374	4	0.08198 0.76172 0.39558 0.04658 0.42449 0.84712 
375	4	0.18898 0.69577 0.34332 0.11141 0.57385 0.71365 
376	4	0.17613 0.79421 0.31373 0.07114 0.48296 0.82442 
377	4	0.11666 0.69370 0.43839 0.04395 0.40935 0.91227 
378	4	0.26047 0.78934 0.35666 0.14442 0.57756 0.66892 
379	4	0.23390 0.63869 0.51442 0.10940 0.43982 0.71728 
380	4	0.08564 0.77199 0.35112 0.05974 0.54212 0.79993 
381	4	0.08854 0.59258 0.62499 0.02003 0.34453 0.98092 
382	4	0.14074 0.80981 0.37704 0.06725 0.54847 0.83589 
383	4	0.14181 0.61603 0.64931 0.04588 0.25279 0.86960 
384	4	0.21286 0.71743 0.57622 0.12475 0.51119 0.69173 
385	4	0.08681 0.75932 0.22515 0.06022 0.58843 0.78944 
386	4	0.21722 0.76628 0.44623 0.11026 0.61681 0.70842 
387	4	0.35492 0.71886 0.41602 0.17844 0.56688 0.66002 
388	4	0.14327 0.66658 0.41030 0.07095 0.52051 0.85092 
389	4	0.15735 0.78798 0.35855 0.09055 0.51151 0.71615 
390	4	0.37238 0.70793 0.53996 0.18183 0.48165 0.69601 
391	4	0.21109 0.78451 0.36238 0.07970 0.45740 0.81020 
392	4	0.12449 0.64165 0.45490 0.05911 0.52578 0.85306 
393	4	0.26450 0.74325 0.50456 0.10545 0.37651 0.78943 
394	4	0.14916 0.68425 0.51876 0.06602 0.34898 0.77102 
395	4	0.10775 0.50737 0.75446 0.04053 0.16957 0.88131 
396	4	0.25432 0.75532 0.38660 0.11547 0.49202 0.75934 
397	4	0.27079 0.71171 0.44326 0.11106 0.40989 0.77425 
398	4	0.28970 0.69893 0.52179 0.14584 0.48868 0.70464 
399	4	0.13634 0.59936 0.63595 0.04628 0.34946 0.92845 
400	5	0.92841 0.77540 0.16690 0.87165 0.88083 0.09297 
401	5	0.81118 0.79265 0.15566 0.68205 0.80329 0.23269 
402	5	0.60017 0.77429 0.07604 0.45685 0.84130 0.30302 
403	5	0.94131 0.83915 0.13126 0.89401 0.89671 0.08718 
404	5	0.87633 0.87468 0.15892 0.78779 0.87912 0.11408 
405	5	0.85933 0.86013 0.15318 0.75918 0.86419 0.13692 
406	5	0.89573 0.77993 0.17671 0.81579 0.83296 0.14064 
407	5	0.95642 0.71774 0.10227 0.92052 0.90153 0.06907 
408	5	0.57132 0.90041 0.17850 0.37895 0.68959 0.40619 
409	5	0.85088 0.80857 0.26492 0.74571 0.85484 0.16153 
410	5	0.78847 0.85218 0.23144 0.65049 0.84276 0.23526 
411	5	0.83223 0.82378 0.16590 0.71417 0.78846 0.19658 
412	5	0.85693 0.90013 0.12125 0.75404 0.84590 0.16579 
413	5	0.94400 0.53850 0.17576 0.89867 0.88535 0.08190 
414	5	0.84692 0.84272 0.25053 0.74322 0.86485 0.12972 
415	5	0.90904 0.75007 0.23274 0.83956 0.87868 0.10371 
416	5	0.93037 0.69049 0.26776 0.87580 0.87988 0.07919 
417	5	0.87276 0.76809 0.22763 0.77786 0.83061 0.17814 
418	5	0.86282 0.77538 0.19000 0.76202 0.84457 0.17353 
419	5	0.85742 0.80305 0.24692 0.75460 0.82740 0.16774 
420	5	0.95414 0.77485 0.11776 0.91666 0.89991 0.06962 
421	5	0.92714 0.66413 0.18655 0.86920 0.87188 0.10177 
422	5	0.71063 0.84687 0.26240 0.54029 0.73371 0.31789 
423	5	0.97802 0.69473 0.18323 0.95966 0.92391 0.02691 
424	5	0.78028 0.81576 0.17892 0.63381 0.74223 0.27647 
425	5	0.91318 0.72497 0.22426 0.84623 0.88429 0.09562 
426	5	0.73692 0.86191 0.20065 0.57258 0.71533 0.31560 
427	5	0.92829 0.69742 0.17466 0.87098 0.85787 0.10682 
428	5	0.73742 0.85036 0.18268 0.57549 0.76846 0.29920 
429	5	0.90351 0.88615 0.08073 0.83206 0.89898 0.10643 
430	5	0.78854 0.71559 0.13636 0.65262 0.81389 0.24410 
431	5	0.97525 0.76290 0.13484 0.95518 0.92831 0.01120 
432	5	0.82173 0.78578 0.14774 0.69788 0.81779 0.22473 
433	5	0.70398 0.75968 0.17126 0.55729 0.84556 0.26010 
434	5	0.97087 0.70913 0.13786 0.94664 0.90026 0.03880 
435	5	0.93058 0.67026 0.15263 0.87554 0.86704 0.08992 
436	5	0.81055 0.84818 0.17410 0.68094 0.78549 0.22804 
437	5	0.88949 0.83762 0.10412 0.80622 0.85718 0.13287 
438	5	0.89220 0.80112 0.16227 0.80989 0.83495 0.14701 
439	5	0.97489 0.62154 0.14892 0.95417 0.90915 0.02482 
440	5	0.79685 0.85398 0.19647 0.66461 0.79929 0.20478 
441	5	0.89191 0.80968 0.16036 0.81107 0.85379 0.12146 
442	5	0.88917 0.79926 0.15856 0.80461 0.82637 0.15160 
443	5	0.83073 0.86530 0.13974 0.71068 0.79117 0.21428 
444	5	0.85743 0.74023 0.16864 0.75286 0.78833 0.19534 
445	5	0.80670 0.79599 0.24197 0.67593 0.76613 0.22992 
446	5	0.91561 0.79741 0.11535 0.84932 0.86353 0.11849 
447	5	0.83906 0.81404 0.13905 0.72511 0.80403 0.19298 
448	5	0.88630 0.81210 0.17557 0.80099 0.83870 0.13913 
449	5	0.77377 0.89135 0.16846 0.63229 0.80785 0.22870 
450	5	0.93058 0.82535 0.09499 0.87530 0.88335 0.09036 
451	5	0.91448 0.84456 0.13991 0.84854 0.87781 0.09784 
452	5	0.75137 0.84496 0.18063 0.59538 0.74922 0.27947 
453	5	0.94360 0.81654 0.15793 0.89840 0.88666 0.08365 
454	5	0.89709 0.87826 0.12591 0.82078 0.88738 0.10587 
455	5	0.68938 0.90022 0.18457 0.51124 0.70937 0.35405 
456	5	0.94618 0.84333 0.12167 0.90295 0.90403 0.06901 
457	5	0.85420 0.84287 0.12101 0.74827 0.83213 0.18933 
458	5	0.61547 0.67874 0.24512 0.43606 0.71244 0.38502 
459	5	0.62072 0.76391 0.20879 0.45612 0.75353 0.33968 
460	5	0.93403 0.73741 0.13829 0.88092 0.86524 0.10028 
461	5	0.70724 0.86839 0.14320 0.54053 0.77068 0.30972 
462	5	0.55881 0.82803 0.15155 0.44335 0.86371 0.28674 
463	5	0.94584 0.75378 0.11901 0.90212 0.89250 0.07174 
464	5	0.90080 0.81421 0.14590 0.82509 0.89019 0.12381 
465	5	0.89027 0.81433 0.15847 0.80729 0.87009 0.14286 
466	5	0.93324 0.76246 0.17303 0.88077 0.89087 0.07009 
467	5	0.93225 0.82802 0.13472 0.87938 0.91774 0.07485 
468	5	0.88227 0.88941 0.12457 0.79563 0.87277 0.13491 
469	5	1.00000 0.81635 0.07382 1.00000 0.95858 0.00000 
470	5	0.83008 0.84374 0.15358 0.71133 0.81727 0.20200 
471	5	0.86399 0.86315 0.13076 0.76413 0.82958 0.17310 
472	5	0.93202 0.84211 0.13204 0.87839 0.90047 0.08710 
473	5	0.81819 0.87055 0.13208 0.69545 0.87557 0.18062 
474	5	0.97042 0.69434 0.09534 0.94596 0.91507 0.03942 
475	5	0.78536 0.84669 0.24014 0.64497 0.80013 0.25146 
476	5	0.90663 0.82132 0.13513 0.83558 0.89048 0.10998 
477	5	0.91218 0.79281 0.08701 0.84454 0.87888 0.10004 
478	5	0.82717 0.77875 0.13607 0.70909 0.84634 0.19909 
479	5	0.90165 0.79896 0.12785 0.82589 0.86644 0.13197 
480	5	0.90548 0.86137 0.12667 0.83364 0.89185 0.10933 
481	5	0.93621 0.79163 0.14050 0.88561 0.89021 0.07248 
482	5	0.66958 0.86776 0.11733 0.50354 0.81357 0.31169 
483	5	0.89349 0.82033 0.14400 0.81332 0.87197 0.12372 
484	5	0.89134 0.88045 0.12353 0.81116 0.88999 0.11688 
485	5	0.69381 0.82254 0.21186 0.51613 0.67057 0.34962 
486	5	0.83004 0.85789 0.21277 0.71350 0.80070 0.17516 
487	5	0.88399 0.84680 0.16320 0.79715 0.85665 0.14474 
488	5	0.87617 0.86642 0.12798 0.78344 0.83175 0.16726 
489	5	0.91913 0.84498 0.13851 0.85628 0.87353 0.09377 
490	5	0.81057 0.86663 0.11023 0.68007 0.79900 0.24489 
491	5	0.90711 0.84183 0.11132 0.83516 0.87246 0.12731 
492	5	0.85306 0.88080 0.14591 0.74866 0.85466 0.16542 
493	5	0.97958 0.73523 0.08649 0.96234 0.92155 0.03084 
494	5	0.94858 0.78684 0.10838 0.90674 0.90188 0.07277 
495	5	0.91480 0.85514 0.11365 0.84945 0.88771 0.08861 
496	5	0.95522 0.78762 0.13644 0.91890 0.90937 0.05605 
497	5	0.84162 0.80912 0.09813 0.72793 0.78628 0.20093 
498	5	0.93128 0.83206 0.11889 0.87710 0.89306 0.08350 
499	5	0.85996 0.83556 0.16130 0.75800 0.82597 0.17792 
500	6	0.20265 0.77844 0.24374 0.13165 0.59309 0.61995 
501	6	0.04362 0.73821 0.38564 0.01364 0.19325 0.92477 
502	6	0.01599 0.65683 0.34769 0.02801 0.38993 0.85906 
503	6	0.08558 0.87970 0.22462 0.05396 0.35998 0.78917 
504	6	0.27468 0.69511 0.32538 0.11234 0.39117 0.73577 
505	6	0.25516 0.93677 0.14148 0.14720 0.61397 0.59211 
506	6	0.17652 0.81740 0.24035 0.09269 0.46472 0.69239 
507	6	0.18265 0.71654 0.21994 0.09895 0.50921 0.70318 
508	6	0.19150 0.76737 0.29043 0.08412 0.42560 0.74324 
509	6	0.11681 0.69553 0.23740 0.08538 0.41398 0.69147 
510	6	0.11760 0.75207 0.29331 0.08373 0.35853 0.71099 
511	6	0.08084 0.82351 0.22878 0.08035 0.39992 0.64284 
512	6	0.04924 0.57447 0.45445 0.00887 0.05125 0.94396 
513	6	0.25545 0.55659 0.35855 0.11739 0.37491 0.70611 
514	6	0.16156 0.79794 0.19004 0.10342 0.46036 0.69255 
515	6	0.15059 0.69389 0.31072 0.07516 0.35563 0.74669 
516	6	0.11308 0.81868 0.31349 0.07381 0.43627 0.77102 
517	6	0.23682 0.88892 0.24260 0.12091 0.52748 0.68278 
518	6	0.06682 0.75912 0.33563 0.04173 0.27334 0.79791 
519	6	0.07811 0.73781 0.32398 0.06322 0.37033 0.74083 
520	6	0.20518 0.90197 0.17836 0.09432 0.50105 0.70315 
521	6	0.12116 0.81603 0.22697 0.05390 0.44258 0.79034 
522	6	0.11138 0.84399 0.20651 0.08249 0.49454 0.71202 
523	6	0.13643 0.76402 0.19910 0.09666 0.57145 0.66456 
524	6	0.07954 0.78856 0.24428 0.08330 0.49173 0.69938 
525	6	0.08920 0.69040 0.31686 0.05978 0.31412 0.74112 
526	6	0.03637 0.63473 0.45279 0.02176 0.20667 0.89920 
527	6	0.14956 0.76673 0.30189 0.09257 0.44068 0.71026 
528	6	0.14812 0.89981 0.19463 0.05967 0.44274 0.78271 
529	6	0.11751 0.75137 0.21996 0.07446 0.42124 0.72830 
530	6	0.10702 0.88490 0.15529 0.07951 0.54212 0.67515 
531	6	0.22718 0.57310 0.33192 0.09809 0.25547 0.69694 
532	6	0.31987 0.60389 0.22098 0.17501 0.47866 0.57999 
533	6	0.23377 0.50975 0.26085 0.13941 0.41798 0.63270 
534	6	0.09945 0.86271 0.22057 0.05897 0.38544 0.74690 
535	6	0.23730 0.79828 0.21595 0.10581 0.46756 0.69517 
536	6	0.32240 0.71210 0.15068 0.17529 0.57627 0.58537 
537	6	0.08805 0.70762 0.31447 0.06095 0.32020 0.73985 
538	6	0.10252 0.67555 0.44630 0.04207 0.25276 0.83761 
539	6	0.08637 0.73696 0.32650 0.04214 0.30231 0.82148 
540	6	0.37010 0.47157 0.41582 0.18381 0.38686 0.63937 
541	6	0.12423 0.74842 0.18860 0.08895 0.43173 0.68028 
542	6	0.12956 0.69691 0.38073 0.05667 0.30991 0.78426 
543	6	0.06000 0.77373 0.33353 0.04755 0.33839 0.77503 
544	6	0.09477 0.84875 0.17645 0.06214 0.46949 0.74550 
545	6	0.18018 0.45961 0.43740 0.07643 0.25345 0.74135 
546	6	0.06276 0.82049 0.29161 0.04634 0.37864 0.77806 
547	6	0.41619 0.57112 0.19559 0.22801 0.45625 0.53995 
548	6	0.11461 0.89536 0.12356 0.08608 0.62702 0.64332 
549	6	0.18385 0.83689 0.28985 0.08012 0.40458 0.74267 
550	6	0.13837 0.89461 0.18516 0.09768 0.53008 0.69393 
551	6	0.19467 0.78180 0.30211 0.08624 0.39695 0.76834 
552	6	0.30348 0.39597 0.49266 0.13543 0.27285 0.69899 
553	6	0.21817 0.82998 0.13252 0.17040 0.73465 0.55669 
554	6	0.20173 0.83925 0.19499 0.09293 0.49156 0.71237 
555	6	0.13164 0.79535 0.27070 0.08184 0.43989 0.73305 
556	6	0.43887 0.45565 0.40071 0.23969 0.43365 0.58960 
557	6	0.25063 0.74362 0.33649 0.11717 0.38606 0.66487 
558	6	0.11175 0.63430 0.38118 0.05962 0.20543 0.75171 
559	6	0.13951 0.70174 0.25548 0.10964 0.50415 0.64393 
560	6	0.16333 0.67440 0.38289 0.06911 0.31947 0.77330 
561	6	0.22930 0.90053 0.10415 0.14937 0.67997 0.56674 
562	6	0.14438 0.78747 0.20426 0.09700 0.46472 0.70254 
563	6	0.07751 0.20867 0.64822 0.03297 0.00000 0.83249 
564	6	0.08032 0.81039 0.23532 0.03895 0.41718 0.82539 
565	6	0.18718 0.79984 0.17675 0.13261 0.62160 0.60541 
566	6	0.10644 0.92853 0.14523 0.07568 0.55427 0.72972 
567	6	0.08381 0.87940 0.22729 0.04380 0.33777 0.80771 
568	6	0.04867 0.78922 0.17619 0.05123 0.45335 0.76591 
569	6	0.09434 0.82058 0.28180 0.06348 0.39886 0.74314 
570	6	0.20306 0.79337 0.10651 0.14837 0.62225 0.54271 
571	6	0.14252 0.54676 0.48011 0.05659 0.23085 0.79205 
572	6	0.08090 0.80374 0.29154 0.03610 0.24752 0.81176 
573	6	0.32976 0.43066 0.49505 0.15771 0.33995 0.67039 
574	6	0.07902 0.84832 0.26230 0.06426 0.40899 0.72917 
575	6	0.13395 0.67223 0.30832 0.06992 0.34123 0.77476 
576	6	0.12913 0.77091 0.23123 0.07660 0.39143 0.73978 
577	6	0.18123 0.53394 0.40227 0.09350 0.34978 0.72308 
578	6	0.09298 0.75169 0.31520 0.04724 0.37362 0.81900 
579	6	0.20588 0.86518 0.12429 0.12380 0.64144 0.59168 
580	6	0.04355 0.75448 0.31976 0.04189 0.28113 0.76559 
581	6	0.08727 0.77657 0.43690 0.05216 0.21805 0.80315 
582	6	0.06367 0.84458 0.19296 0.05262 0.56970 0.76747 
583	6	0.19982 0.62409 0.42734 0.09360 0.28069 0.73568 
584	6	0.16288 0.82383 0.21869 0.11310 0.59626 0.64240 
585	6	0.23370 0.94242 0.12479 0.14866 0.73811 0.56929 
586	6	0.32327 0.83150 0.23655 0.17071 0.61623 0.59732 
587	6	0.19885 0.67232 0.29898 0.09047 0.34803 0.75409 
588	6	0.15248 0.62089 0.33260 0.07184 0.29400 0.77465 
589	6	0.26027 0.82065 0.24282 0.13278 0.61293 0.64768 
590	6	0.25542 0.81062 0.16903 0.13784 0.60816 0.60575 
591	6	0.09727 0.89430 0.16359 0.07613 0.58080 0.68236 
592	6	0.29805 0.80345 0.24294 0.16087 0.60857 0.61140 
593	6	0.18165 0.82496 0.21109 0.12218 0.62373 0.63054 
594	6	0.27701 0.60156 0.29728 0.12755 0.37961 0.70321 
595	6	0.28503 0.82350 0.23573 0.14783 0.62644 0.63128 
596	6	0.26571 0.94282 0.13812 0.16116 0.70297 0.57530 
597	6	0.11027 0.81006 0.23263 0.06157 0.44270 0.76997 
598	6	0.19824 0.79149 0.21178 0.10273 0.59978 0.68998 
599	6	0.50802 0.91747 0.14527 0.32331 0.78329 0.44728 
600	7	0.60411 0.99830 0.04298 0.46048 0.92239 0.27223 
601	7	0.25238 0.84107 0.07164 0.15857 0.78222 0.58182 
602	7	0.32122 0.92277 0.06270 0.21090 0.83267 0.50091 
603	7	0.52728 0.97639 0.05230 0.36608 0.88258 0.34005 
604	7	0.66667 0.97799 0.04878 0.50049 0.90966 0.27245 
605	7	0.46815 0.97219 0.07789 0.28902 0.82257 0.45650 
606	7	0.62367 0.97886 0.05445 0.43493 0.87036 0.38002 
607	7	0.36652 0.97743 0.05678 0.18612 0.79257 0.61529 
608	7	0.32514 0.90109 0.08249 0.19747 0.77793 0.51579 
609	7	0.38148 0.98463 0.04878 0.24660 0.87872 0.43141 
610	7	0.23178 0.87504 0.07484 0.14317 0.80303 0.58632 
611	7	0.66704 0.97199 0.04271 0.50799 0.91661 0.25677 
612	7	0.57522 0.97861 0.05736 0.38240 0.82330 0.40706 
613	7	0.58556 0.95549 0.06560 0.41135 0.85632 0.34112 
614	7	0.56301 0.99733 0.03582 0.40241 0.86278 0.34409 
615	7	0.55708 0.99336 0.04386 0.37675 0.86556 0.37029 
616	7	0.50795 0.93596 0.02225 0.36399 0.92125 0.29849 
617	7	0.58591 0.96827 0.07590 0.40290 0.84609 0.36402 
618	7	0.58622 0.97237 0.02837 0.43852 0.91409 0.26411 
619	7	0.46803 0.98793 0.04407 0.28902 0.82593 0.44646 
620	7	0.31480 0.92551 0.05622 0.22199 0.81200 0.47811 
621	7	0.63044 0.98306 0.03517 0.45337 0.89243 0.32390 
622	7	0.58824 0.91262 0.10748 0.39052 0.82784 0.43277 
623	7	0.64178 0.98727 0.04904 0.47656 0.90240 0.31321 
624	7	0.27479 0.93873 0.06805 0.16679 0.78325 0.53522 
625	7	0.64382 0.97900 0.03926 0.50396 0.94437 0.23470 
626	7	0.50130 0.97050 0.05898 0.34202 0.84646 0.36857 
627	7	0.60697 0.97879 0.04320 0.49048 0.93665 0.21952 
628	7	0.49288 0.99265 0.04744 0.34717 0.92365 0.35201 
629	7	0.46604 0.94210 0.06635 0.28325 0.81376 0.46985 
630	7	0.41395 0.98290 0.05173 0.28763 0.86408 0.39074 
631	7	0.59377 0.98511 0.06091 0.42905 0.87931 0.32836 
632	7	0.50743 0.97555 0.06752 0.31581 0.81044 0.47578 
633	7	0.44633 0.99346 0.04073 0.29309 0.88426 0.41005 
634	7	0.32301 0.93486 0.05353 0.25994 0.84416 0.43033 
635	7	0.57419 0.97040 0.07306 0.38955 0.80667 0.38835 
636	7	0.51198 0.99506 0.03903 0.33631 0.87038 0.39232 
637	7	0.49357 0.94868 0.03960 0.34120 0.89852 0.35083 
638	7	0.54197 0.98392 0.05390 0.35599 0.85078 0.41146 
639	7	0.45486 0.95656 0.04098 0.28486 0.85292 0.43279 
640	7	0.39140 0.91068 0.08152 0.23013 0.78075 0.50734 
641	7	0.52112 0.98412 0.06691 0.36444 0.89035 0.36181 
642	7	0.59596 0.95566 0.07381 0.44972 0.88035 0.28977 
643	7	0.31360 0.95514 0.04396 0.22241 0.86038 0.45677 
644	7	0.61215 0.99242 0.05752 0.47691 0.91003 0.25982 
645	7	0.62657 0.95543 0.05162 0.43933 0.83664 0.36275 
646	7	0.22035 0.93919 0.06803 0.17179 0.78561 0.52562 
647	7	0.57241 0.98927 0.04796 0.41542 0.90214 0.29638 
648	7	0.52255 0.99710 0.03514 0.36029 0.86196 0.33584 
649	7	0.72441 0.97051 0.07610 0.56781 0.86636 0.26459 
650	7	0.52768 0.98637 0.00759 0.38779 0.95644 0.28969 
651	7	0.68565 0.94792 0.07005 0.50853 0.86177 0.32695 
652	7	0.67493 0.96316 0.05526 0.49756 0.87448 0.33732 
653	7	0.63996 0.95306 0.07493 0.45872 0.84027 0.35747 
654	7	0.12744 0.85712 0.11997 0.08781 0.66805 0.69361 
655	7	0.68228 0.98190 0.02668 0.50872 0.90996 0.31186 
656	7	0.78396 0.97984 0.04167 0.65190 0.92608 0.18742 
657	7	0.55265 0.95346 0.02288 0.42048 0.93393 0.24866 
658	7	0.69218 0.98311 0.04802 0.53553 0.92804 0.23112 
659	7	0.68662 0.96210 0.03351 0.52309 0.91504 0.27348 
660	7	0.70860 0.95963 0.04020 0.54514 0.89060 0.25994 
661	7	0.70407 0.94045 0.09027 0.53316 0.85990 0.32706 
662	7	0.73500 0.96183 0.02145 0.59380 0.94336 0.19419 
663	7	0.64141 0.96283 0.01487 0.50264 0.96330 0.18427 
664	7	0.75099 0.92697 0.05656 0.60357 0.88403 0.24532 
665	7	0.69913 0.98882 0.03243 0.53345 0.88136 0.27098 
666	7	0.53403 0.98898 0.04666 0.36515 0.85862 0.38770 
667	7	0.27657 0.90614 0.04403 0.18138 0.83623 0.49822 
668	7	0.38474 0.89273 0.07424 0.25640 0.82540 0.45147 
669	7	0.33362 0.92765 0.06555 0.18573 0.80247 0.53913 
670	7	0.45282 0.95506 0.10403 0.28673 0.85109 0.45105 
671	7	0.64575 0.96048 0.09640 0.46135 0.81614 0.37824 
672	7	0.34490 0.94571 0.06884 0.19728 0.76709 0.51009 
673	7	0.49863 0.96233 0.07546 0.32935 0.80661 0.40407 
674	7	0.42198 0.96119 0.06772 0.24611 0.82988 0.51860 
675	7	0.67415 0.98506 0.06090 0.51372 0.88364 0.29961 
676	7	0.37292 0.86642 0.07395 0.20920 0.79128 0.55059 
677	7	0.57047 0.97933 0.01189 0.42337 0.95944 0.29378 
678	7	0.72185 0.95927 0.00680 0.57343 0.97837 0.21264 
679	7	0.67577 0.99712 0.02997 0.50453 0.92813 0.29564 
680	7	0.31457 0.87807 0.05643 0.16796 0.81555 0.57821 
681	7	0.89356 0.96806 0.01302 0.81494 0.96635 0.11295 
682	7	0.76388 0.98473 0.00089 0.62696 0.95962 0.20449 
683	7	0.19595 0.87066 0.12617 0.14020 0.73807 0.63960 
684	7	0.79386 0.94342 0.05925 0.65619 0.88625 0.25364 
685	7	0.70005 0.91844 0.10252 0.54383 0.86735 0.27209 
686	7	0.67977 0.83971 0.07745 0.50670 0.82137 0.33518 
687	7	0.64867 0.94547 0.12542 0.47234 0.77783 0.35703 
688	7	0.58164 0.92198 0.07201 0.45761 0.87817 0.24680 
689	7	0.25584 0.85990 0.17110 0.17509 0.62979 0.55033 
690	7	0.38036 0.87555 0.17278 0.19515 0.58131 0.64227 
691	7	0.51718 0.91804 0.06072 0.31846 0.76635 0.48436 
692	7	0.58329 0.97146 0.02819 0.43056 0.91872 0.29374 
693	7	0.16690 0.89634 0.14756 0.11044 0.58148 0.70153 
694	7	0.14940 0.92053 0.04837 0.10594 0.76682 0.64390 
695	7	0.17317 0.98262 0.03109 0.14606 0.82493 0.55819 
696	7	0.43069 0.96019 0.03310 0.27369 0.86880 0.46493 
697	7	0.32518 0.94302 0.07265 0.21231 0.78157 0.54277 
698	7	0.51771 0.95645 0.05668 0.33023 0.79924 0.43897 
699	7	0.48200 0.93291 0.08718 0.29061 0.70435 0.50364 
700	8	0.39819 0.57731 0.42877 0.19845 0.41360 0.65407 
701	8	0.17333 0.65489 0.25651 0.08545 0.29873 0.72952 
702	8	0.20230 0.50482 0.29865 0.07619 0.29012 0.79119 
703	8	0.15869 0.55126 0.29512 0.05056 0.24558 0.83322 
704	8	0.44253 0.65666 0.19259 0.24110 0.51917 0.56396 
705	8	0.07501 0.56963 0.51001 0.02177 0.03578 0.88799 
706	8	0.25970 0.50702 0.28314 0.13731 0.32529 0.63489 
707	8	0.48349 0.59830 0.21677 0.27964 0.50574 0.55354 
708	8	0.02806 0.43358 0.50693 0.01576 0.12777 0.91467 
709	8	0.47922 0.84176 0.19027 0.27671 0.58896 0.53077 
710	8	0.45008 0.79936 0.20013 0.25818 0.67726 0.53931 
711	8	0.15434 0.53867 0.32816 0.06392 0.20946 0.77555 
712	8	0.09197 0.62143 0.36383 0.04612 0.23313 0.81298 
713	8	0.38473 0.77765 0.16991 0.21092 0.48585 0.53965 
714	8	0.34128 0.83312 0.11177 0.21958 0.67157 0.53751 
715	8	0.50959 0.71837 0.12744 0.32047 0.64406 0.45514 
716	8	0.07549 0.68440 0.28901 0.05203 0.35100 0.79402 
717	8	0.26216 0.78226 0.37026 0.14543 0.56527 0.62061 
718	8	0.24459 0.48117 0.29614 0.12310 0.24807 0.64227 
719	8	0.23045 0.59627 0.26217 0.10064 0.37541 0.74010 
720	8	0.27710 0.35040 0.33842 0.11024 0.19501 0.74676 
721	8	0.29247 0.80812 0.16088 0.23586 0.68909 0.53064 
722	8	0.23699 0.66261 0.26158 0.16443 0.53074 0.59015 
723	8	0.32419 0.77763 0.23261 0.16804 0.55757 0.61847 
724	8	0.19351 0.75823 0.25191 0.12549 0.50982 0.67838 
725	8	0.16016 0.66858 0.36212 0.09485 0.35569 0.72013 
726	8	0.27200 0.68495 0.26712 0.12075 0.39931 0.71274 
727	8	0.21184 0.68216 0.18033 0.09563 0.44652 0.70322 
728	8	0.21296 0.53392 0.27900 0.08183 0.30196 0.80476 
729	8	0.16006 0.58783 0.38948 0.09066 0.33058 0.76130 
730	8	0.38493 0.71970 0.25059 0.20004 0.42595 0.61531 
731	8	0.07526 0.73692 0.27481 0.04368 0.26308 0.81766 
732	8	0.13731 0.50816 0.33399 0.07623 0.16506 0.69000 
733	8	0.37423 0.76363 0.15337 0.24606 0.69438 0.45548 
734	8	0.16324 0.59050 0.40203 0.07444 0.29413 0.76712 
735	8	0.23216 0.68952 0.22820 0.14048 0.41270 0.62762 
736	8	0.34733 0.73872 0.24638 0.17561 0.42334 0.64293 
737	8	0.26458 0.60460 0.24071 0.13042 0.32827 0.63572 
738	8	0.19701 0.65843 0.17823 0.11088 0.44100 0.66452 
739	8	0.16944 0.57066 0.39762 0.07735 0.28180 0.77360 
740	8	0.35888 0.79195 0.14849 0.24638 0.61300 0.48549 
741	8	0.36497 0.47854 0.25880 0.17375 0.39666 0.67267 
742	8	0.23134 0.58692 0.24486 0.12226 0.31788 0.61823 
743	8	0.29926 0.52959 0.27659 0.13021 0.30437 0.70942 
744	8	0.06978 0.51612 0.24505 0.04565 0.31711 0.82269 
745	8	0.15069 0.56090 0.32184 0.07027 0.32111 0.75773 
746	8	0.29093 0.61205 0.15187 0.16678 0.55290 0.60662 
747	8	0.28211 0.62501 0.35535 0.11085 0.27512 0.77289 
748	8	0.18121 0.68294 0.15894 0.08976 0.46842 0.67147 
749	8	0.14120 0.56044 0.28686 0.09695 0.31311 0.68403 
750	8	0.40050 0.48643 0.26782 0.20597 0.37615 0.60473 
751	8	0.21481 0.47653 0.35169 0.09274 0.14630 0.70494 
752	8	0.35647 0.61781 0.28597 0.17993 0.39595 0.62460 
753	8	0.17681 0.57694 0.24370 0.08343 0.42193 0.77431 
754	8	0.04802 0.71195 0.29032 0.02881 0.36989 0.88199 
755	8	0.14042 0.34858 0.47230 0.05475 0.15139 0.83629 
756	8	0.19700 0.44177 0.29278 0.08003 0.28657 0.77751 
757	8	0.33135 0.31038 0.23622 0.16191 0.31913 0.61250 
758	8	0.19770 0.63560 0.29296 0.08363 0.30542 0.75580 
759	8	0.41728 0.74878 0.20964 0.22326 0.46242 0.58081 
760	8	0.40169 0.48468 0.24949 0.20231 0.33746 0.63663 
761	8	0.31463 0.24467 0.43866 0.12897 0.27337 0.78958 
762	8	0.07120 0.60446 0.19967 0.05707 0.32521 0.74089 
763	8	0.24871 0.43506 0.26785 0.13306 0.27147 0.62113 
764	8	0.09867 0.53549 0.38001 0.03568 0.20389 0.86150 
765	8	0.18203 0.59708 0.25924 0.08298 0.48117 0.75193 
766	8	0.22639 0.55100 0.26885 0.11593 0.32515 0.66338 
767	8	0.15898 0.67736 0.25759 0.08368 0.26994 0.70713 
768	8	0.14983 0.38231 0.33779 0.06743 0.09097 0.77047 
769	8	0.22726 0.64271 0.17420 0.16174 0.41617 0.58224 
770	8	0.22033 0.38238 0.29882 0.12269 0.24237 0.60733 
771	8	0.55697 0.86530 0.07332 0.38563 0.64302 0.35421 
772	8	0.17409 0.76256 0.17626 0.10470 0.37582 0.64187 
773	8	0.16909 0.62312 0.20757 0.09680 0.35940 0.66729 
774	8	0.16725 0.43579 0.20579 0.08749 0.26955 0.71016 
775	8	0.08163 0.72724 0.34892 0.03121 0.33788 0.89416 
776	8	0.30698 0.31416 0.41240 0.12309 0.26056 0.79849 
777	8	0.19920 0.42598 0.39162 0.06843 0.25832 0.82100 
778	8	0.26042 0.46603 0.34799 0.10641 0.29495 0.75298 
779	8	0.24703 0.67861 0.21337 0.18249 0.45295 0.56771 
780	8	0.15516 0.00000 0.44223 0.06281 0.03260 0.77100 
781	8	0.38865 0.62881 0.19901 0.21848 0.45668 0.52096 
782	8	0.14847 0.65480 0.31875 0.05877 0.34560 0.83597 
783	8	0.04479 0.58486 0.46474 0.02652 0.18350 0.88416 
784	8	0.45235 0.79150 0.13585 0.28563 0.60417 0.44676 
785	8	0.38877 0.61900 0.11506 0.21788 0.54554 0.54011 
786	8	0.26498 0.67784 0.17566 0.16507 0.43135 0.58138 
787	8	0.26069 0.75542 0.23569 0.14355 0.53112 0.63760 
788	8	0.06775 0.56618 0.40340 0.02856 0.15172 0.87171 
789	8	0.28160 0.36538 0.32923 0.11913 0.18618 0.72117 
790	8	0.09030 0.38634 0.40683 0.03141 0.21618 0.87528 
791	8	0.11285 0.41954 0.29775 0.07874 0.16623 0.67906 
792	8	0.38146 0.70177 0.19445 0.20913 0.47193 0.55039 
793	8	0.22087 0.65873 0.29991 0.09193 0.33329 0.74688 
794	8	0.14097 0.73781 0.27680 0.06274 0.44208 0.79488 
795	8	0.12997 0.48521 0.29635 0.08332 0.17932 0.68560 
796	8	0.37607 0.54829 0.13616 0.19221 0.54495 0.60089 
797	8	0.17367 0.63803 0.18064 0.07946 0.38664 0.72201 
798	8	0.39641 0.64858 0.30545 0.20770 0.38907 0.60219 
799	8	0.26754 0.63808 0.25785 0.13434 0.34567 0.63457 
800	9	0.14615 0.69078 0.51350 0.06532 0.40824 0.81923 
801	9	0.28493 0.72390 0.46930 0.14830 0.49096 0.64957 
802	9	0.20305 0.74958 0.32152 0.10855 0.43486 0.66613 
803	9	0.14997 0.85597 0.15673 0.11302 0.51796 0.59799 
804	9	0.42420 0.64041 0.35409 0.24949 0.57092 0.52661 
805	9	0.16168 0.70281 0.30029 0.11984 0.48765 0.64789 
806	9	0.08986 0.78877 0.24469 0.06749 0.51452 0.69597 
807	9	0.22654 0.91041 0.10046 0.19346 0.81896 0.48927 
808	9	0.47188 0.95761 0.04236 0.34231 0.82734 0.35050 
809	9	0.32742 0.61623 0.46507 0.16512 0.39566 0.65801 
810	9	0.57602 0.93674 0.03492 0.41656 0.84249 0.32001 
811	9	0.42710 0.88434 0.12074 0.26533 0.77442 0.46016 
812	9	0.20426 0.64406 0.19821 0.11702 0.48972 0.62845 
813	9	0.21587 0.77768 0.26769 0.10565 0.47273 0.67842 
814	9	0.22422 0.83133 0.30617 0.14716 0.57607 0.58621 
815	9	0.21707 0.70004 0.45412 0.12288 0.52052 0.65765 
816	9	0.37474 0.94172 0.11651 0.28708 0.78660 0.43206 
817	9	0.63704 0.70959 0.30878 0.45434 0.66510 0.37231 
818	9	0.15761 0.80381 0.27901 0.07645 0.46325 0.74468 
819	9	0.53417 0.27423 0.82622 0.32727 0.37289 0.51209 
820	9	0.37461 0.89287 0.09153 0.27866 0.81824 0.37910 
821	9	0.27211 0.87065 0.22161 0.19651 0.66081 0.50384 
822	9	0.10956 0.87688 0.18859 0.05659 0.60423 0.79649 
823	9	0.19895 0.54410 0.24132 0.13867 0.53626 0.63205 
824	9	0.16084 0.79094 0.23360 0.08727 0.53949 0.69309 
825	9	0.52274 0.93142 0.09361 0.32918 0.76587 0.44622 
826	9	0.19960 0.88317 0.24385 0.13779 0.60922 0.59955 
827	9	0.20528 0.86657 0.26863 0.16740 0.63869 0.55114 
828	9	0.29057 0.70310 0.34827 0.17468 0.68202 0.52974 
829	9	0.21728 0.85536 0.13949 0.16902 0.63801 0.56171 
830	9	0.31879 0.65094 0.23782 0.17089 0.52287 0.58682 
831	9	0.28975 0.99349 0.03926 0.23633 0.94911 0.39515 
832	9	0.36221 0.72815 0.30722 0.20304 0.65389 0.56428 
833	9	0.32681 0.82526 0.15229 0.19765 0.72833 0.51533 
834	9	0.29038 0.77682 0.22233 0.16078 0.68280 0.58696 
835	9	0.12794 0.90085 0.17422 0.09217 0.68256 0.70463 
836	9	0.44266 0.97233 0.09088 0.26742 0.72771 0.46168 
837	9	0.20293 0.52790 0.38378 0.11497 0.36747 0.65225 
838	9	0.15041 0.83104 0.34946 0.10672 0.56899 0.63134 
839	9	0.36283 0.81339 0.23907 0.24891 0.65864 0.44349 
840	9	0.12501 0.63668 0.42635 0.07123 0.42631 0.74706 
841	9	0.23435 0.67870 0.80456 0.11799 0.42974 0.68707 
842	9	0.51789 0.88159 0.08474 0.37565 0.85793 0.32934 
843	9	0.34736 0.93107 0.15893 0.27395 0.76881 0.39409 
844	9	0.43809 0.72783 0.32647 0.25001 0.59187 0.55816 
845	9	0.32304 0.65464 0.23298 0.23920 0.56287 0.50168 
846	9	0.31884 0.85661 0.05072 0.21775 0.79250 0.45499 
847	9	0.19225 0.80479 0.35469 0.10119 0.53571 0.66214 
848	9	0.62733 0.78600 0.20771 0.44713 0.74060 0.34538 
849	9	0.10440 0.68900 0.52505 0.05680 0.40524 0.77158 
850	9	0.18511 0.96543 0.06600 0.13559 0.70348 0.54749 
851	9	0.28018 0.80961 0.32228 0.16745 0.56095 0.56700 
852	9	0.31326 0.94733 0.11815 0.21895 0.83715 0.46985 
853	9	0.43703 0.76988 0.16724 0.30101 0.70196 0.43781 
854	9	0.33302 0.73081 0.44496 0.17230 0.48677 0.59758 
855	9	0.17147 0.70937 0.46301 0.10179 0.41681 0.71449 
856	9	0.40062 0.71545 0.18508 0.23630 0.66453 0.53492 
857	9	0.34642 0.90270 0.16237 0.21715 0.75136 0.48741 
858	9	0.04785 0.62961 0.43319 0.04469 0.36055 0.78489 
859	9	0.09033 0.62666 0.48280 0.03919 0.41397 0.84979 
860	9	0.16817 0.78178 0.24080 0.13993 0.57412 0.63133 
861	9	0.20830 0.85364 0.19079 0.15070 0.62189 0.61677 
862	9	0.18545 0.71764 0.29832 0.11005 0.52310 0.65811 
863	9	0.39234 0.75324 0.22278 0.26709 0.70788 0.44223 
864	9	0.11034 0.71738 0.36691 0.07728 0.42798 0.73380 
865	9	0.52719 0.90453 0.11277 0.34844 0.76140 0.38581 
866	9	0.28006 0.86469 0.23103 0.14340 0.51651 0.64550 
867	9	0.51741 0.98193 0.03186 0.46202 0.96796 0.19802 
868	9	0.31196 0.93417 0.12402 0.25388 0.83369 0.41701 
869	9	0.27480 0.83681 0.37467 0.17072 0.55873 0.55659 
870	9	0.36330 0.72457 0.22767 0.23041 0.61786 0.52510 
871	9	0.12281 0.84170 0.15962 0.10920 0.71991 0.62322 
872	9	0.26937 0.73084 0.40557 0.13474 0.47127 0.66201 
873	9	0.18977 0.80920 0.27084 0.10652 0.57253 0.66977 
874	9	0.08399 0.78853 0.21742 0.06931 0.46734 0.69237 
875	9	0.23499 0.47614 0.34349 0.11547 0.42921 0.67256 
876	9	0.41086 0.65579 0.24634 0.25561 0.69380 0.49741 
877	9	0.23448 0.69202 0.45034 0.13286 0.53688 0.61097 
878	9	0.13847 0.77142 0.24096 0.08202 0.45785 0.70670 
879	9	0.16244 0.76274 0.44147 0.07262 0.44167 0.77254 
880	9	0.19449 0.48109 0.52361 0.11494 0.52786 0.68103 
881	9	0.15766 0.81923 0.24570 0.14556 0.67575 0.56023 
882	9	0.48379 0.48861 0.35617 0.27822 0.43699 0.54916 
883	9	0.24487 0.56252 0.36192 0.12059 0.38332 0.70848 
884	9	0.29313 0.99583 0.02201 0.21035 0.90946 0.45574 
885	9	0.13718 0.65056 0.80426 0.08207 0.31666 0.70289 
886	9	0.13788 0.74630 0.14865 0.09211 0.60861 0.66154 
887	9	0.26226 0.80468 0.34199 0.12383 0.41006 0.68901 
888	9	0.26230 0.82620 0.07684 0.16868 0.71071 0.49880 
889	9	0.18803 0.55106 0.36450 0.10980 0.49977 0.65814 
890	9	0.36654 0.87224 0.27460 0.21036 0.61037 0.54012 
891	9	0.24733 0.64979 0.31310 0.15924 0.49722 0.61534 
892	9	0.49194 0.62087 0.24259 0.31182 0.61679 0.42985 
893	9	0.36365 0.73280 0.29776 0.20501 0.61531 0.57213 
894	9	0.22569 0.69124 0.15429 0.16558 0.62521 0.53721 
895	9	0.10627 0.63756 0.33344 0.07139 0.38296 0.72576 
896	9	0.22412 0.72508 0.37516 0.10235 0.38690 0.72997 
897	9	0.41562 0.68856 0.20994 0.29032 0.65094 0.46563 
898	9	0.14397 0.67139 0.35829 0.09233 0.36822 0.69328 
899	9	0.16850 0.77926 0.22373 0.08022 0.43219 0.71169 
900	10	0.03822 0.71313 0.48867 0.00550 0.13895 0.98087 
901	10	0.13946 0.77623 0.33197 0.05742 0.43273 0.84769 
902	10	0.30832 0.85252 0.22241 0.14682 0.55189 0.70651 
903	10	0.24406 0.78044 0.47242 0.12335 0.53476 0.70288 
904	10	0.42577 0.92104 0.21735 0.28431 0.70726 0.44835 
905	10	0.10964 0.77690 0.39672 0.05764 0.41785 0.79796 
906	10	0.05636 0.67676 0.43519 0.02271 0.31185 0.91678 
907	10	0.10881 0.86542 0.27780 0.03952 0.41974 0.87417 
908	10	0.12766 0.83538 0.26748 0.06250 0.49516 0.79362 
909	10	0.20317 0.84499 0.28495 0.10018 0.51608 0.73080 
910	10	0.06349 0.71244 0.50903 0.02889 0.29519 0.89508 
911	10	0.13347 0.81280 0.43935 0.06700 0.39286 0.83306 
912	10	0.15401 0.85102 0.17230 0.07533 0.62551 0.74961 
913	10	0.45350 0.73621 0.38368 0.25103 0.58608 0.61601 
914	10	0.09358 0.61738 0.47546 0.04417 0.31822 0.84002 
915	10	0.17652 0.71094 0.27519 0.09484 0.49087 0.71810 
916	10	0.35587 0.81397 0.36449 0.17257 0.43156 0.67664 
917	10	0.09342 0.52258 0.39905 0.05800 0.35946 0.79533 
918	10	0.38801 0.63891 0.52630 0.18460 0.45894 0.73775 
919	10	0.01877 0.62540 0.52036 0.01356 0.21425 0.93803 
920	10	0.01505 0.78637 0.33701 0.02837 0.46340 0.88954 
921	10	0.24559 0.67007 0.43426 0.10572 0.43816 0.77777 
922	10	0.10171 0.68308 0.49356 0.02917 0.24476 0.91612 
923	10	0.18021 0.80102 0.31755 0.07135 0.48009 0.81223 
924	10	0.37818 0.64373 0.46545 0.17813 0.46958 0.73867 
925	10	0.34124 0.79964 0.32182 0.16476 0.51097 0.67941 
926	10	0.09551 0.72072 0.49287 0.03866 0.32137 0.90141 
927	10	0.12220 0.76144 0.40256 0.05745 0.38470 0.84386 
928	10	0.55109 0.82751 0.26646 0.34040 0.62782 0.54896 
929	10	0.45095 0.90840 0.19432 0.24761 0.67592 0.60941 
930	10	0.10086 0.71148 0.49016 0.01577 0.15600 0.99574 
931	10	0.20286 0.73466 0.47016 0.06782 0.31398 0.84729 
932	10	0.12360 0.63939 0.36092 0.05770 0.34457 0.80677 
933	10	0.09037 0.80905 0.25825 0.04909 0.52745 0.81670 
934	10	0.08001 0.66182 0.51823 0.03797 0.24953 0.85687 
935	10	0.29196 0.61081 0.49806 0.12298 0.28359 0.75152 
936	10	0.02791 0.74643 0.35932 0.02636 0.35899 0.88679 
937	10	0.05884 0.68443 0.53296 0.02647 0.32550 0.91877 
938	10	0.11519 0.75251 0.24797 0.07124 0.52365 0.76468 
939	10	0.07291 0.68570 0.46856 0.02743 0.23191 0.88465 
940	10	0.20483 0.74865 0.39026 0.08140 0.41020 0.78692 
941	10	0.04065 0.71895 0.33424 0.02376 0.25333 0.87407 
942	10	0.05403 0.59026 0.47093 0.02572 0.16116 0.88138 
943	10	0.37670 0.51636 0.49792 0.19475 0.37752 0.63830 
944	10	0.05536 0.69988 0.50141 0.02427 0.27528 0.90993 
945	10	0.08431 0.65570 0.54853 0.03369 0.23487 0.91165 
946	10	0.17167 0.75148 0.47945 0.05099 0.28362 0.88377 
947	10	0.11879 0.74800 0.29470 0.06368 0.51865 0.79768 
948	10	0.49865 0.78457 0.26794 0.29411 0.61956 0.55555 
949	10	0.40913 0.73497 0.42851 0.20429 0.46735 0.67733 
950	10	0.41595 0.83984 0.24431 0.21716 0.55336 0.66051 
951	10	0.45384 0.83175 0.24867 0.25292 0.62260 0.61662 
952	10	0.55992 0.76061 0.22531 0.35927 0.62758 0.47815 
953	10	0.49553 0.74326 0.36859 0.28570 0.54429 0.60201 
954	10	0.36091 0.76154 0.46083 0.16655 0.46584 0.73916 
955	10	0.28168 0.72420 0.55920 0.11221 0.36191 0.78451 
956	10	0.33215 0.79132 0.37782 0.15802 0.48554 0.68554 
957	10	0.04805 0.75000 0.27640 0.03847 0.40806 0.81987 
958	10	0.30939 0.78462 0.33687 0.14388 0.51181 0.70223 
959	10	0.55735 0.89273 0.21540 0.34967 0.62323 0.52518 
960	10	0.12320 0.76648 0.38305 0.04882 0.42313 0.82665 
961	10	0.35055 0.87695 0.20411 0.18290 0.63710 0.62329 
962	10	0.06527 0.78928 0.33934 0.04733 0.44767 0.81380 
963	10	0.43080 0.79388 0.31768 0.22640 0.53302 0.63815 
964	10	0.37315 0.64359 0.33079 0.19368 0.43784 0.63434 
965	10	0.35283 0.65388 0.56106 0.16523 0.39683 0.68348 
966	10	0.27892 0.76792 0.38920 0.11760 0.41536 0.76779 
967	10	0.06559 0.82774 0.26261 0.04409 0.43825 0.82385 
968	10	0.57908 0.83103 0.29384 0.37273 0.62401 0.52748 
969	10	0.50513 0.91599 0.23059 0.31419 0.75129 0.51641 
970	10	0.53959 0.77156 0.29417 0.32676 0.53911 0.57945 
971	10	0.15062 0.55180 0.46930 0.07395 0.26767 0.77144 
972	10	0.24157 0.73699 0.27443 0.13275 0.52172 0.68755 
973	10	0.37906 0.49389 0.48967 0.17949 0.46933 0.73804 
974	10	0.01952 0.68035 0.50342 0.01077 0.26497 0.95313 
975	10	0.20772 0.70198 0.45811 0.07768 0.31598 0.79647 
976	10	0.09743 0.63520 0.53123 0.02405 0.22657 0.92902 
977	10	0.03850 0.72807 0.36998 0.02351 0.33821 0.89871 
978	10	0.30199 0.66998 0.45708 0.12389 0.33213 0.78102 
979	10	0.33027 0.71437 0.40143 0.15516 0.41475 0.68605 
980	10	0.06680 0.80611 0.22576 0.04747 0.52611 0.81105 
981	10	0.31970 0.61649 0.61186 0.13088 0.25193 0.79753 
982	10	0.59181 0.87524 0.21464 0.38568 0.65443 0.53707 
983	10	0.55082 0.60064 0.43662 0.34191 0.52591 0.54785 
984	10	0.16034 0.74521 0.30174 0.08468 0.46750 0.75245 
985	10	0.02476 0.60065 0.57918 0.01027 0.16090 0.95831 
986	10	0.26174 0.76493 0.29540 0.10384 0.45978 0.80790 
987	10	0.15592 0.72632 0.24757 0.06721 0.47427 0.76293 
988	10	0.08963 0.69429 0.43241 0.03989 0.37060 0.84390 
989	10	0.00000 0.63801 0.52473 0.00000 0.19945 1.00000 
990	10	0.12781 0.62883 0.47119 0.04883 0.31562 0.84097 
991	10	0.08481 0.75744 0.43670 0.05918 0.45136 0.82343 
992	10	0.08018 0.73126 0.43183 0.02402 0.27934 0.93057 
993	10	0.23035 0.74090 0.52830 0.10247 0.38748 0.76859 
994	10	0.14621 0.78301 0.35091 0.10487 0.57505 0.71717 
995	10	0.49747 0.85359 0.24343 0.29217 0.61085 0.56502 
996	10	0.04412 0.80673 0.22028 0.05857 0.59499 0.75416 
997	10	0.47675 0.72037 0.34830 0.27132 0.60504 0.60868 
998	10	0.43275 0.67065 0.51800 0.22344 0.41422 0.66279 
999	10	0.08659 0.74351 0.40005 0.05348 0.35695 0.78611 
