1000	10	6
0	1	0.08859 0.80550 0.22111 0.04872 0.46970 0.71322 
1	1	0.10566 0.92832 0.11576 0.06981 0.69573 0.64275 
2	1	0.04863 0.78077 0.32730 0.02578 0.37763 0.82545 
3	1	0.17028 0.96425 0.07163 0.09356 0.74401 0.59005 
4	1	0.09814 0.80444 0.37887 0.03161 0.28463 0.83621 
5	1	0.09157 0.73766 0.29304 0.02698 0.27324 0.82438 
6	1	0.07210 0.70659 0.37127 0.02723 0.29417 0.81408 
7	1	0.06772 0.90915 0.17070 0.03956 0.50923 0.73647 
8	1	0.09696 0.71068 0.27962 0.03564 0.29534 0.79260 
9	1	0.13379 0.91378 0.10089 0.06915 0.66137 0.66547 
10	1	0.04331 0.89087 0.12451 0.04259 0.51969 0.72743 
11	1	0.10336 0.79866 0.19649 0.03828 0.39384 0.76219 
12	1	0.02620 0.86350 0.19023 0.02706 0.45793 0.79419 
13	1	0.02115 0.74571 0.33762 0.01212 0.23241 0.87319 
14	1	0.17500 0.82231 0.17534 0.07166 0.44655 0.67144 
15	1	0.03494 0.89435 0.18739 0.02835 0.48095 0.79123 
16	1	0.13672 0.90880 0.12143 0.06356 0.56057 0.67843 
17	1	0.13655 0.85089 0.24456 0.05133 0.45885 0.74781 
18	1	0.20205 0.90991 0.19303 0.07461 0.54017 0.70934 
19	1	0.10955 0.64038 0.32972 0.03967 0.26917 0.78951 
20	1	0.12396 0.90576 0.14917 0.05487 0.53720 0.70482 
21	1	0.14203 0.95375 0.08478 0.07489 0.68166 0.64618 
22	1	0.08237 0.85048 0.17739 0.03449 0.44976 0.76572 
23	1	0.05600 0.86219 0.22377 0.03322 0.40132 0.78444 
24	1	0.17436 0.93512 0.17606 0.07613 0.59424 0.68350 
25	1	0.08678 0.79089 0.23112 0.03377 0.35824 0.78548 
26	1	0.06912 0.87645 0.18303 0.02945 0.44739 0.78672 
27	1	0.16481 0.95793 0.09090 0.07814 0.70963 0.62953 
28	1	0.09251 0.88011 0.21244 0.04585 0.43366 0.75211 
29	1	0.07851 0.90945 0.17170 0.04748 0.52902 0.73140 
30	1	0.06048 0.56106 0.37249 0.02799 0.19621 0.81791 
31	1	0.02038 0.54917 0.59158 0.01081 0.07090 0.89622 
32	1	0.08296 0.87061 0.22222 0.04982 0.49580 0.74428 
33	1	0.28354 0.74881 0.20266 0.12099 0.55112 0.64988 
34	1	0.15733 0.77549 0.21354 0.05914 0.41513 0.71940 
35	1	0.09096 0.86602 0.21478 0.04647 0.50918 0.74903 
36	1	0.12346 0.90168 0.11662 0.05932 0.59799 0.68372 
37	1	0.04893 0.78789 0.24678 0.02348 0.35956 0.81371 
38	1	0.12139 0.91300 0.11538 0.06316 0.59467 0.69051 
39	1	0.14738 0.95260 0.15079 0.06350 0.60226 0.70009 
40	1	0.07210 0.92376 0.13939 0.04510 0.55744 0.72341 
41	1	0.07213 0.92614 0.18842 0.04821 0.55623 0.72468 
42	1	0.09366 0.90499 0.17326 0.05480 0.55301 0.69936 
43	1	0.19392 0.92544 0.16409 0.08235 0.59371 0.68879 
44	1	0.24638 1.00000 0.03689 0.12834 0.80672 0.53641 
45	1	0.19490 0.85641 0.18075 0.08183 0.57918 0.69264 
46	1	0.24911 0.84523 0.17868 0.10935 0.58251 0.65538 
47	1	0.03678 0.77586 0.28322 0.02046 0.28915 0.82706 
48	1	0.07366 0.77122 0.28140 0.03482 0.39513 0.77671 
49	1	0.10518 0.75364 0.32346 0.03685 0.41534 0.80924 
50	1	0.06051 0.86030 0.18845 0.03597 0.48241 0.75395 
51	1	0.03324 0.69023 0.44174 0.01598 0.18302 0.87114 
52	1	0.08970 0.76846 0.25653 0.03628 0.31738 0.78609 
53	1	0.09215 0.79220 0.19686 0.04735 0.39218 0.74067 
54	1	0.02697 0.81536 0.28636 0.01955 0.36764 0.83677 
55	1	0.08945 0.87912 0.22965 0.03479 0.47155 0.77469 
56	1	0.03539 0.72509 0.40357 0.01530 0.24315 0.85527 
57	1	0.16789 0.87919 0.21625 0.06089 0.51014 0.72995 
58	1	0.04528 0.77501 0.22842 0.03090 0.37551 0.78816 
59	1	0.08814 0.79818 0.28178 0.03380 0.36923 0.80240 
60	1	0.02533 0.75475 0.28688 0.01973 0.31739 0.83381 
61	1	0.05036 0.64318 0.36725 0.01845 0.19260 0.85020 
62	1	0.07566 0.88980 0.17695 0.04972 0.52714 0.71731 
63	1	0.07248 0.62799 0.94117 0.00993 0.14319 0.97640 
64	1	0.04234 0.79182 0.31696 0.02307 0.29855 0.82847 
65	1	0.16778 0.94149 0.13629 0.07178 0.65270 0.68385 
66	1	0.15223 0.90855 0.16875 0.07501 0.58906 0.67909 
67	1	0.06374 0.85732 0.19407 0.04172 0.52027 0.74318 
68	1	0.19733 0.87432 0.20149 0.07580 0.56749 0.69940 
69	1	0.10234 0.75223 0.31391 0.04584 0.36177 0.75757 
70	1	0.12452 0.53820 0.31781 0.05413 0.30553 0.74680 
71	1	0.17707 0.86232 0.12426 0.08464 0.57663 0.65264 
72	1	0.05008 0.89696 0.17953 0.03244 0.45777 0.76014 
73	1	0.36039 0.82456 0.17808 0.18923 0.60830 0.54852 
74	1	0.14099 0.95575 0.03969 0.10229 0.74866 0.56900 
75	1	0.10778 0.83007 0.19783 0.04108 0.41769 0.76458 
76	1	0.05384 0.76902 0.29981 0.02075 0.33552 0.83038 
77	1	0.05868 0.83048 0.18609 0.03920 0.45379 0.75263 
78	1	0.05417 0.75700 0.24386 0.03234 0.38622 0.77775 
79	1	0.41966 0.88488 0.06222 0.28453 0.84397 0.36817 
80	1	0.01722 0.72660 0.34963 0.01512 0.29311 0.86042 
81	1	0.07657 0.86718 0.20123 0.03330 0.42867 0.78367 
82	1	0.05598 0.71484 0.36463 0.02047 0.27142 0.85423 
83	1	0.11253 0.91284 0.11602 0.06423 0.57187 0.68928 
84	1	0.03323 0.75706 0.38667 0.01772 0.28646 0.86285 
85	1	0.06813 0.78222 0.24231 0.03393 0.39302 0.78607 
86	1	0.03189 0.76300 0.25310 0.03146 0.32360 0.77960 
87	1	0.01670 0.69530 0.44367 0.00633 0.14908 0.92626 
88	1	0.10365 0.66408 0.27449 0.05169 0.38092 0.75829 
89	1	0.04664 0.45654 0.66186 0.01305 0.06316 0.90221 
90	1	0.03090 0.79520 0.34832 0.01419 0.18488 0.88215 
91	1	0.05790 0.85319 0.21243 0.02567 0.39469 0.80642 
92	1	0.17232 0.90598 0.06557 0.09839 0.70755 0.60542 
93	1	0.02768 0.87258 0.19663 0.02150 0.39669 0.80738 
94	1	0.06700 0.82230 0.19772 0.03792 0.42553 0.76043 
95	1	0.07600 0.96283 0.10913 0.05951 0.64258 0.68943 
96	1	0.06327 0.87352 0.14945 0.04107 0.49664 0.73712 
97	1	0.22081 0.88156 0.07136 0.11192 0.62343 0.59523 
98	1	0.18722 0.79355 0.12041 0.10848 0.55277 0.61450 
99	1	0.03808 0.80471 0.27230 0.02934 0.38534 0.78502 
100	2	0.05667 0.58932 0.47513 0.02616 0.30861 0.85734 
101	2	0.25837 0.75418 0.14108 0.14413 0.63896 0.54825 
102	2	0.23427 0.70780 0.12399 0.16091 0.66979 0.52297 
103	2	0.30078 0.86915 0.13620 0.14916 0.71793 0.55653 
104	2	0.29685 0.58391 0.18072 0.17033 0.63562 0.52195 
105	2	0.09368 0.87189 0.12627 0.05796 0.54267 0.67094 
106	2	0.33776 0.68110 0.26087 0.18499 0.69193 0.54919 
107	2	0.14059 0.41195 0.54748 0.06649 0.35105 0.77705 
108	2	0.61131 0.67929 0.14267 0.40086 0.67999 0.42088 
109	2	0.03293 0.74398 0.55222 0.01262 0.22963 0.91975 
110	2	0.10391 0.50100 0.42149 0.04600 0.37293 0.79545 
111	2	0.14710 0.79681 0.17412 0.06925 0.51257 0.70290 
112	2	0.10364 0.88478 0.08126 0.07859 0.65647 0.62745 
113	2	0.19587 0.59249 0.33723 0.07667 0.34094 0.72741 
114	2	0.03507 0.70186 0.51228 0.01006 0.19161 0.92727 
115	2	0.12621 0.85010 0.23688 0.06472 0.50119 0.74238 
116	2	0.11266 0.56551 0.38145 0.05211 0.38708 0.77714 
117	2	0.27321 0.52540 0.43046 0.12115 0.45512 0.66254 
118	2	0.15236 0.65377 0.30362 0.07197 0.48273 0.69217 
119	2	0.28442 0.81478 0.30017 0.13059 0.55873 0.66341 
120	2	0.24123 0.79261 0.12467 0.15079 0.64002 0.56245 
121	2	0.34064 0.77283 0.17903 0.17464 0.65871 0.56296 
122	2	0.22459 0.69730 0.25122 0.10566 0.52930 0.64147 
123	2	0.36940 0.72601 0.14350 0.19807 0.59514 0.48400 
124	2	0.12353 0.80879 0.21690 0.06170 0.51577 0.70837 
125	2	0.18982 0.87185 0.07636 0.10723 0.68683 0.55945 
126	2	0.51208 0.82751 0.05016 0.33625 0.87350 0.28271 
127	2	0.31365 0.78457 0.06083 0.20976 0.75269 0.43149 
128	2	0.17383 0.80344 0.33474 0.07242 0.44453 0.76213 
129	2	0.29316 0.73441 0.18542 0.12517 0.48199 0.64273 
130	2	0.23575 0.80575 0.14545 0.15574 0.69948 0.52811 
131	2	0.26425 0.92846 0.04528 0.18345 0.77172 0.46914 
132	2	0.14657 0.68640 0.26666 0.07104 0.53305 0.68559 
133	2	0.14553 0.79219 0.20551 0.08207 0.53562 0.67661 
134	2	0.10152 0.62195 0.26994 0.05764 0.36894 0.71504 
135	2	0.14043 0.82319 0.14442 0.08307 0.63847 0.64351 
136	2	0.24220 0.58069 0.19376 0.12496 0.63384 0.56879 
137	2	0.51635 0.65843 0.14703 0.33266 0.78055 0.41302 
138	2	0.59860 0.81583 0.07363 0.39704 0.80221 0.36015 
139	2	0.23775 0.64291 0.25718 0.13391 0.47410 0.59439 
140	2	0.08524 0.65043 0.50543 0.03412 0.31315 0.84636 
141	2	0.12057 0.72998 0.26267 0.07263 0.54633 0.70560 
142	2	0.14679 0.65176 0.27998 0.07231 0.46470 0.72687 
143	2	0.12744 0.93984 0.04273 0.10516 0.82497 0.53775 
144	2	0.12028 0.75750 0.27751 0.04938 0.35781 0.74208 
145	2	0.22400 0.91150 0.06233 0.13488 0.65759 0.54627 
146	2	0.29593 0.66603 0.14432 0.14192 0.56526 0.55634 
147	2	0.11170 0.61688 0.28507 0.05584 0.36278 0.74688 
148	2	0.13541 0.85281 0.10621 0.09881 0.63179 0.55833 
149	2	0.51868 0.59545 0.11336 0.34321 0.82608 0.37435 
150	2	0.32279 0.71545 0.20954 0.15499 0.62459 0.59698 
151	2	0.32997 0.61400 0.19299 0.15808 0.60515 0.58210 
152	2	0.82029 0.86658 0.02620 0.69178 0.88537 0.14896 
153	2	0.14128 0.64597 0.44231 0.03860 0.19001 0.84428 
154	2	0.21521 0.77470 0.15428 0.13514 0.61201 0.59183 
155	2	0.47010 0.75220 0.09307 0.27318 0.76582 0.42776 
156	2	0.59585 0.48533 0.15178 0.39108 0.70501 0.40033 
157	2	0.24215 0.66479 0.15505 0.13640 0.65461 0.53991 
158	2	0.46961 0.67157 0.25925 0.25714 0.59131 0.51538 
159	2	0.31512 0.71425 0.18687 0.17642 0.64140 0.50355 
160	2	0.08899 0.79406 0.34403 0.03137 0.28625 0.82778 
161	2	0.47910 0.63574 0.03827 0.37429 0.86607 0.28083 
162	2	0.27581 0.87367 0.09880 0.13366 0.74169 0.58089 
163	2	0.60457 0.84533 0.03068 0.40461 0.83910 0.32559 
164	2	0.23724 0.66767 0.23942 0.13961 0.48147 0.58231 
165	2	0.26564 0.57877 0.22120 0.18513 0.66480 0.54368 
166	2	0.16530 0.77938 0.20343 0.08808 0.54836 0.68726 
167	2	0.10478 0.75934 0.24320 0.04811 0.34045 0.76359 
168	2	0.17884 0.82345 0.17129 0.08593 0.52618 0.65726 
169	2	0.23107 0.76102 0.21115 0.10323 0.53936 0.67361 
170	2	0.09960 0.68280 0.30490 0.04987 0.36166 0.75698 
171	2	0.08560 0.62429 0.28474 0.05104 0.35758 0.74140 
172	2	0.21494 0.36947 0.30216 0.09940 0.44008 0.65346 
173	2	0.29137 0.79182 0.08452 0.16436 0.68369 0.50946 
174	2	0.19611 0.51243 0.33862 0.09669 0.40127 0.67349 
175	2	0.11874 0.67720 0.28799 0.04124 0.34455 0.77749 
176	2	0.22869 0.60379 0.22500 0.09889 0.43975 0.66003 
177	2	0.24517 0.80085 0.17883 0.13019 0.58063 0.60078 
178	2	0.15217 0.74899 0.23915 0.06289 0.51523 0.71749 
179	2	0.19366 0.85777 0.14939 0.08867 0.49955 0.63076 
180	2	0.39119 0.70320 0.10535 0.24376 0.76861 0.43827 
181	2	0.24915 0.72777 0.33231 0.10929 0.54893 0.66144 
182	2	0.10338 0.74336 0.45325 0.02475 0.21193 0.87229 
183	2	0.16171 0.66069 0.16185 0.11353 0.59702 0.56469 
184	2	0.36124 0.46824 0.28303 0.19389 0.62404 0.54334 
185	2	0.19511 0.69032 0.17702 0.11711 0.56935 0.59221 
186	2	0.41353 0.66528 0.08198 0.25964 0.81377 0.39307 
187	2	0.19042 0.80642 0.15617 0.10571 0.62866 0.60829 
188	2	0.10366 0.81654 0.19223 0.06056 0.58502 0.69824 
189	2	0.08717 0.86297 0.20133 0.04436 0.54356 0.75661 
190	2	0.09861 0.86609 0.16672 0.06985 0.60921 0.66034 
191	2	0.54027 0.33638 0.28803 0.33860 0.66161 0.44190 
192	2	0.47937 0.64158 0.19039 0.29009 0.70153 0.45680 
193	2	0.15640 0.49539 0.55677 0.06361 0.33245 0.78832 
194	2	0.31088 0.67683 0.14873 0.16813 0.75226 0.52086 
195	2	0.31715 0.71275 0.17765 0.18478 0.65241 0.51355 
196	2	0.09518 0.54043 0.65947 0.02590 0.16625 0.90159 
197	2	0.34177 0.75198 0.24976 0.16774 0.61007 0.60236 
198	2	0.33111 0.72118 0.27991 0.17430 0.63231 0.56312 
199	2	0.20708 0.93650 0.08539 0.11765 0.79441 0.50677 
200	3	0.19789 0.64948 0.41635 0.07529 0.41912 0.74256 
201	3	0.25224 0.84686 0.35054 0.09166 0.43210 0.74664 
202	3	0.50839 0.71522 0.30817 0.28489 0.60479 0.55966 
203	3	0.14639 0.66539 0.61771 0.04526 0.30505 0.84175 
204	3	0.17137 0.52569 0.45459 0.07995 0.37533 0.72781 
205	3	0.23394 0.55836 0.43207 0.10600 0.58096 0.68617 
206	3	0.03581 0.81454 0.36000 0.02982 0.34940 0.80596 
207	3	0.19726 0.94707 0.15879 0.09902 0.70203 0.64489 
208	3	0.13421 0.91409 0.18673 0.06983 0.61543 0.69344 
209	3	0.12612 0.80499 0.34195 0.04538 0.35132 0.78620 
210	3	0.12873 0.74753 0.50662 0.03520 0.27145 0.84233 
211	3	0.09854 0.69001 0.65336 0.03723 0.32904 0.84839 
212	3	0.04401 0.64241 0.60255 0.01927 0.20016 0.88780 
213	3	0.20848 0.77070 0.19649 0.14427 0.76565 0.56939 
214	3	0.30291 0.81516 0.17294 0.15173 0.75898 0.58835 
215	3	0.22534 0.81213 0.29360 0.11315 0.66462 0.65647 
216	3	0.12815 0.65864 0.80926 0.04362 0.27315 0.84676 
217	3	0.07233 0.78475 0.46361 0.04021 0.33490 0.82077 
218	3	0.18535 0.49443 0.80152 0.06113 0.32409 0.82935 
219	3	0.26823 0.75168 0.36416 0.10668 0.48435 0.70822 
220	3	0.19594 0.84207 0.10419 0.13709 0.81803 0.53692 
221	3	0.08912 0.53112 0.75471 0.02437 0.10063 0.89180 
222	3	0.08371 0.56095 0.48505 0.04002 0.31690 0.80750 
223	3	0.12270 0.84045 0.42329 0.05641 0.41979 0.79144 
224	3	0.22424 0.83698 0.18393 0.12399 0.76787 0.59703 
225	3	0.10266 0.73582 0.35451 0.04919 0.37898 0.78014 
226	3	0.07874 0.75168 0.38249 0.04060 0.40144 0.79955 
227	3	0.14206 0.76160 0.35295 0.08917 0.55757 0.71155 
228	3	0.16646 0.78053 0.43452 0.07222 0.43079 0.77627 
229	3	0.10609 0.76210 0.38618 0.04789 0.43598 0.79392 
230	3	0.06184 0.72288 0.49621 0.03069 0.36372 0.84812 
231	3	0.02933 0.54488 0.58321 0.01449 0.24661 0.89412 
232	3	0.10375 0.74738 0.30417 0.05160 0.43818 0.77045 
233	3	0.10527 0.86559 0.19379 0.05465 0.52916 0.73883 
234	3	0.34982 0.97211 0.07374 0.27252 1.00000 0.28544 
235	3	0.21722 0.70284 0.35923 0.09269 0.54053 0.71581 
236	3	0.12010 0.79280 0.18018 0.06494 0.50747 0.68825 
237	3	0.10120 0.65515 0.49716 0.03197 0.28651 0.83565 
238	3	0.12017 0.53420 0.58730 0.03301 0.26176 0.86487 
239	3	0.25531 0.64344 0.32847 0.14492 0.64702 0.61344 
240	3	0.03110 0.72993 0.41913 0.01746 0.29618 0.86138 
241	3	0.17802 0.56556 0.46597 0.10334 0.51145 0.70535 
242	3	0.31278 0.57038 0.28033 0.16525 0.68684 0.57647 
243	3	0.19050 0.56706 0.56864 0.06847 0.41884 0.79189 
244	3	0.18310 0.54516 0.55350 0.07245 0.43299 0.76651 
245	3	0.19219 0.25230 0.51962 0.06448 0.13220 0.72789 
246	3	0.14799 0.61927 0.38546 0.05134 0.38862 0.77538 
247	3	0.03100 0.55528 0.67921 0.00887 0.11525 0.93940 
248	3	0.30372 0.68426 0.33812 0.14016 0.60355 0.65252 
249	3	0.00000 0.58542 0.52109 0.00483 0.09218 0.92715 
250	3	0.05208 0.71207 0.48724 0.02715 0.33877 0.85505 
251	3	0.17015 0.58153 0.50652 0.05988 0.40299 0.80044 
252	3	0.38861 0.82716 0.26336 0.18475 0.59623 0.62691 
253	3	0.23780 0.70588 0.54408 0.08604 0.42306 0.79009 
254	3	0.13156 0.78646 0.38474 0.05141 0.36104 0.76976 
255	3	0.20009 0.56507 0.45055 0.06708 0.24665 0.76992 
256	3	0.28889 0.86320 0.21629 0.12500 0.55060 0.64760 
257	3	0.01889 0.74210 0.35212 0.02436 0.36038 0.82945 
258	3	0.21249 0.90990 0.17326 0.12389 0.64850 0.61501 
259	3	0.06754 0.77900 0.32091 0.02444 0.26975 0.84962 
260	3	0.05748 0.62973 0.43600 0.02282 0.18554 0.83826 
261	3	0.09545 0.63715 0.66965 0.02834 0.27704 0.89033 
262	3	0.14399 0.76462 0.48733 0.05212 0.43996 0.81358 
263	3	0.13323 0.73138 0.20409 0.09348 0.68663 0.64695 
264	3	0.21500 0.76615 0.20663 0.12434 0.74451 0.60723 
265	3	0.12872 0.83162 0.39527 0.04169 0.39574 0.81671 
266	3	0.09920 0.75212 0.29689 0.04636 0.39473 0.76420 
267	3	0.17061 0.74377 0.22333 0.06754 0.39309 0.70966 
268	3	0.12247 0.82419 0.23075 0.05789 0.50128 0.71843 
269	3	0.04786 0.73242 0.48162 0.01447 0.22910 0.90112 
270	3	0.16632 0.78457 0.26364 0.10719 0.59333 0.64278 
271	3	0.25443 0.74114 0.18967 0.14744 0.65486 0.57127 
272	3	0.16948 0.78810 0.30129 0.07749 0.54383 0.70792 
273	3	0.17261 0.69169 0.50697 0.06333 0.31424 0.80303 
274	3	0.44057 0.89602 0.19360 0.22404 0.59450 0.58369 
275	3	0.05297 0.52804 0.72899 0.03159 0.37176 0.83482 
276	3	0.30338 0.90347 0.27410 0.13174 0.52513 0.68254 
277	3	0.17296 0.62985 0.36326 0.06192 0.36693 0.75867 
278	3	0.32263 0.78901 0.30349 0.14354 0.58509 0.65720 
279	3	0.24409 0.78193 0.28335 0.09601 0.51842 0.69760 
280	3	0.18326 0.74465 0.29414 0.09163 0.49908 0.69890 
281	3	0.23239 0.80028 0.36875 0.08690 0.39341 0.74748 
282	3	0.02816 0.52542 0.43646 0.02049 0.11616 0.83577 
283	3	0.15997 0.84765 0.27597 0.05897 0.46622 0.75385 
284	3	0.12261 0.72052 0.38720 0.04228 0.32869 0.80213 
285	3	0.25548 0.62736 0.35150 0.10935 0.39445 0.68268 
286	3	0.35531 0.60922 0.38462 0.16583 0.46880 0.63845 
287	3	0.12966 0.69317 0.36856 0.04564 0.32160 0.79649 
288	3	0.32374 0.54649 0.39559 0.14240 0.44484 0.65980 
289	3	0.15527 0.70090 0.28956 0.09093 0.46616 0.68334 
290	3	0.22044 0.80595 0.25776 0.09479 0.42288 0.69099 
291	3	0.18288 0.67961 0.25490 0.06544 0.33980 0.73319 
292	3	0.16744 0.87267 0.21873 0.08268 0.58623 0.68471 
293	3	0.33860 0.60474 0.28849 0.17443 0.59208 0.59116 
294	3	0.41565 0.84888 0.17541 0.20681 0.65753 0.57832 
295	3	0.32734 0.89787 0.13325 0.16587 0.64626 0.56391 
296	3	0.13378 0.84803 0.12740 0.06431 0.50330 0.69334 
297	3	0.21451 0.97036 0.10045 0.10070 0.68270 0.62682 
298	3	0.35478 0.69584 0.29487 0.17224 0.53788 0.61627 
299	3	0.38491 0.80821 0.25458 0.18496 0.61437 0.60895 
300	4	0.05027 0.70543 0.53484 0.01728 0.34209 0.90091 
301	4	0.13017 0.81641 0.39371 0.04958 0.40734 0.79465 
302	4	0.03131 0.67308 0.63704 0.00887 0.26382 0.94482 
303	4	0.08011 0.69265 0.61615 0.02530 0.33845 0.88636 
304	4	0.14552 0.82741 0.34202 0.06188 0.54401 0.77487 
305	4	0.18178 0.66733 0.69397 0.05233 0.36478 0.83913 
306	4	0.07734 0.74572 0.48088 0.03077 0.35587 0.85664 
307	4	0.02838 0.55447 0.82259 0.00406 0.11485 0.98283 
308	4	0.13367 0.73600 0.50106 0.03870 0.37533 0.85805 
309	4	0.07065 0.83961 0.35203 0.03967 0.53364 0.78443 
310	4	0.14519 0.68743 0.69527 0.03289 0.27423 0.91826 
311	4	0.18005 0.69922 0.47609 0.06799 0.48886 0.78693 
312	4	0.06055 0.64221 0.60685 0.02302 0.32144 0.89055 
313	4	0.11930 0.78409 0.44432 0.04641 0.43172 0.82828 
314	4	0.06498 0.77088 0.46719 0.04091 0.42403 0.79903 
315	4	0.08721 0.70529 0.62308 0.02110 0.27313 0.91566 
316	4	0.04496 0.84926 0.39512 0.01749 0.33423 0.88654 
317	4	0.02622 0.49284 0.74859 0.00861 0.17752 0.95198 
318	4	0.08921 0.64844 0.53295 0.03007 0.30829 0.86937 
319	4	0.11137 0.64195 0.46961 0.04282 0.38966 0.81932 
320	4	0.03889 0.75284 0.56421 0.01452 0.28755 0.91584 
321	4	0.08207 0.52549 1.00000 0.02366 0.31313 0.89654 
322	4	0.01918 0.69305 0.73481 0.00611 0.18104 0.95902 
323	4	0.14305 0.69676 0.59047 0.04715 0.36514 0.82341 
324	4	0.09305 0.73752 0.48010 0.03869 0.44406 0.82988 
325	4	0.02833 0.68667 0.65206 0.01536 0.31622 0.91139 
326	4	0.08685 0.67769 0.55223 0.03487 0.37758 0.85361 
327	4	0.01332 0.73438 0.70453 0.00522 0.22685 0.97606 
328	4	0.17081 0.69630 0.45562 0.05432 0.38613 0.80681 
329	4	0.05286 0.62207 0.82798 0.00811 0.18052 0.97295 
330	4	0.05970 0.79263 0.44146 0.02599 0.39976 0.86556 
331	4	0.11978 0.69852 0.41956 0.04938 0.36096 0.81589 
332	4	0.04547 0.78349 0.36591 0.02657 0.44304 0.83105 
333	4	0.07719 0.72000 0.51939 0.03532 0.37261 0.86051 
334	4	0.15299 0.78339 0.45678 0.05309 0.40269 0.81935 
335	4	0.10286 0.78059 0.59141 0.03598 0.39290 0.86242 
336	4	0.09933 0.67183 0.55525 0.02344 0.27977 0.89316 
337	4	0.17074 0.76021 0.41957 0.05804 0.45339 0.78968 
338	4	0.29668 0.68702 0.39226 0.11954 0.50824 0.70430 
339	4	0.13388 0.77764 0.40583 0.05926 0.48976 0.78108 
340	4	0.07447 0.66719 0.70769 0.01844 0.28927 0.92064 
341	4	0.05597 0.78984 0.47853 0.02293 0.41987 0.87661 
342	4	0.07147 0.74440 0.54959 0.03140 0.41329 0.84613 
343	4	0.12500 0.54161 0.55115 0.04346 0.32625 0.82965 
344	4	0.05620 0.64554 0.44415 0.02645 0.31204 0.86001 
345	4	0.07875 0.74506 0.66313 0.02840 0.36919 0.88601 
346	4	0.07982 0.75273 0.45215 0.03678 0.40665 0.84670 
347	4	0.16291 0.64477 0.45730 0.07314 0.46656 0.76316 
348	4	0.03941 0.60122 0.73533 0.01194 0.21842 0.93639 
349	4	0.12912 0.61453 0.50134 0.05118 0.36693 0.81909 
350	4	0.10544 0.66030 0.52453 0.03192 0.34135 0.87559 
351	4	0.05203 0.74444 0.73105 0.01480 0.26552 0.94164 
352	4	0.05917 0.63825 0.65187 0.01534 0.19392 0.93633 
353	4	0.03731 0.64627 0.50203 0.02423 0.29691 0.86975 
354	4	0.10905 0.76929 0.32263 0.04914 0.46736 0.78194 
355	4	0.06264 0.56426 0.71480 0.01431 0.12770 0.93750 
356	4	0.06707 0.80433 0.49733 0.02568 0.35405 0.87679 
357	4	0.10980 0.77663 0.40321 0.05312 0.47831 0.79062 
358	4	0.07936 0.69359 0.57033 0.03125 0.32088 0.86056 
359	4	0.14545 0.64133 0.42639 0.07168 0.45595 0.75246 
360	4	0.02292 0.52174 0.85882 0.00592 0.10243 0.96606 
361	4	0.20013 0.79196 0.35608 0.10552 0.50673 0.72132 
362	4	0.07849 0.76963 0.53594 0.03010 0.39351 0.86478 
363	4	0.21486 0.71642 0.43799 0.07812 0.51376 0.76810 
364	4	0.03725 0.82806 0.36348 0.02789 0.43282 0.84823 
365	4	0.14344 0.42477 0.71696 0.03524 0.12616 0.89132 
366	4	0.14542 0.64816 0.58073 0.04463 0.27626 0.85268 
367	4	0.09779 0.70035 0.66135 0.02625 0.31220 0.90417 
368	4	0.20437 0.70725 0.48031 0.07216 0.43678 0.77777 
369	4	0.06005 0.45597 0.82188 0.00679 0.06315 0.98034 
370	4	0.12395 0.66903 0.43490 0.05102 0.37894 0.80892 
371	4	0.14432 0.71308 0.59919 0.05362 0.49712 0.80369 
372	4	0.01283 0.69004 0.76522 0.00467 0.20543 0.96852 
373	4	0.23241 0.78567 0.31097 0.09283 0.56166 0.71201 
374	4	0.09657 0.78535 0.40791 0.02992 0.35144 0.85541 
375	4	0.15902 0.79213 0.44447 0.05896 0.42735 0.82243 
376	4	0.10885 0.75166 0.42380 0.04188 0.34844 0.83824 
377	4	0.06877 0.63202 0.48562 0.03366 0.37171 0.84760 
378	4	0.15374 0.78123 0.39484 0.05814 0.46003 0.79648 
379	4	0.07325 0.67370 0.46737 0.03884 0.41006 0.82114 
380	4	0.21957 0.74679 0.42922 0.09223 0.49842 0.74490 
381	4	0.04500 0.68383 0.58423 0.01847 0.31866 0.90531 
382	4	0.10212 0.76963 0.43394 0.04209 0.50547 0.81794 
383	4	0.04532 0.69499 0.61807 0.01142 0.20598 0.92994 
384	4	0.25876 0.69862 0.47708 0.09041 0.40914 0.77658 
385	4	0.08902 0.85124 0.32054 0.04005 0.47399 0.79645 
386	4	0.19966 0.78495 0.50316 0.06822 0.51895 0.79286 
387	4	0.05499 0.71035 0.52335 0.01876 0.33011 0.87885 
388	4	0.08867 0.70351 0.52116 0.04003 0.37657 0.85355 
389	4	0.06107 0.82072 0.27919 0.03156 0.44844 0.81081 
390	4	0.09999 0.68960 0.53041 0.04462 0.36683 0.81345 
391	4	0.08198 0.77820 0.39400 0.02636 0.36478 0.84511 
392	4	0.11557 0.73054 0.58514 0.03442 0.36585 0.86672 
393	4	0.09672 0.66984 0.62585 0.02296 0.20866 0.90875 
394	4	0.06659 0.61579 0.64004 0.02573 0.28581 0.88607 
395	4	0.09340 0.52255 0.85340 0.01886 0.15785 0.94474 
396	4	0.07676 0.70276 0.56651 0.01451 0.23762 0.93385 
397	4	0.02900 0.61308 0.76316 0.00354 0.16284 0.98050 
398	4	0.10839 0.64888 0.75553 0.02473 0.25411 0.92436 
399	4	0.05449 0.60464 0.68566 0.01234 0.26003 0.93637 
400	5	0.90081 0.77887 0.15006 0.82022 0.89978 0.13064 
401	5	0.72801 0.80682 0.15075 0.57689 0.88771 0.23995 
402	5	0.58090 0.86605 0.10761 0.40385 0.88113 0.30982 
403	5	0.96672 0.77859 0.13112 0.93731 0.95815 0.04920 
404	5	0.76459 0.83641 0.13340 0.61531 0.88641 0.22739 
405	5	0.71613 0.84307 0.11434 0.54940 0.85382 0.26881 
406	5	0.70693 0.77857 0.18472 0.55231 0.87561 0.24848 
407	5	0.79235 0.76371 0.11496 0.67002 0.94899 0.15060 
408	5	0.47628 0.89058 0.13679 0.30616 0.75846 0.43041 
409	5	0.77126 0.76323 0.27602 0.62360 0.89963 0.22679 
410	5	0.79973 0.87235 0.23796 0.65498 0.84051 0.25443 
411	5	0.55807 0.79780 0.13054 0.43999 0.88590 0.27103 
412	5	0.71597 0.87939 0.09034 0.54742 0.85527 0.26127 
413	5	0.87944 0.66390 0.27919 0.78783 0.92777 0.11615 
414	5	0.72136 0.79215 0.25623 0.55219 0.82872 0.28700 
415	5	0.85181 0.73148 0.21288 0.73923 0.88154 0.16930 
416	5	0.88273 0.66424 0.29145 0.79142 0.91236 0.13931 
417	5	0.78722 0.73789 0.21807 0.64525 0.89171 0.21374 
418	5	0.80048 0.78117 0.23311 0.65926 0.87127 0.21350 
419	5	0.78079 0.76814 0.25102 0.63207 0.85355 0.23697 
420	5	0.97740 0.80133 0.09772 0.95720 0.96573 0.02990 
421	5	0.65484 0.70305 0.24235 0.52225 0.93070 0.21243 
422	5	0.57881 0.81945 0.23204 0.37460 0.74226 0.40368 
423	5	0.98365 0.68186 0.21802 0.96918 0.98818 0.01703 
424	5	0.70249 0.82718 0.14452 0.53218 0.84185 0.28156 
425	5	0.51393 0.66952 0.19438 0.34919 0.68414 0.32329 
426	5	0.75876 0.86330 0.17821 0.59380 0.77117 0.29425 
427	5	0.93395 0.75874 0.18061 0.87800 0.92994 0.09361 
428	5	0.69968 0.83725 0.14430 0.52875 0.85445 0.27727 
429	5	0.92784 0.89508 0.04933 0.86773 0.94404 0.07670 
430	5	0.78773 0.78469 0.13714 0.64894 0.89182 0.20056 
431	5	0.83114 0.75267 0.10326 0.72125 0.94272 0.12495 
432	5	0.72380 0.81168 0.16757 0.57274 0.88960 0.23336 
433	5	0.70130 0.75776 0.20962 0.53397 0.86202 0.27232 
434	5	0.96649 0.72947 0.13113 0.93712 0.95208 0.04329 
435	5	0.79368 0.72479 0.15002 0.66426 0.91469 0.17288 
436	5	0.67094 0.85446 0.11609 0.51004 0.89025 0.25561 
437	5	0.63887 0.84434 0.08904 0.50285 0.92970 0.21780 
438	5	0.73243 0.79607 0.18672 0.57450 0.86065 0.24349 
439	5	0.92845 0.65503 0.11110 0.86969 0.93105 0.07315 
440	5	0.80617 0.84066 0.13874 0.66505 0.81131 0.23627 
441	5	0.73720 0.79278 0.12376 0.57673 0.83960 0.24228 
442	5	0.77601 0.81460 0.16808 0.63135 0.87743 0.22056 
443	5	0.63614 0.85825 0.15618 0.47724 0.87203 0.28078 
444	5	0.64105 0.81927 0.13643 0.50527 0.91000 0.23190 
445	5	0.73815 0.78222 0.18618 0.56747 0.79391 0.29134 
446	5	0.73012 0.81978 0.14103 0.58680 0.91250 0.21029 
447	5	0.82922 0.84184 0.13472 0.70251 0.85632 0.19249 
448	5	0.78780 0.78824 0.12855 0.64318 0.85302 0.22329 
449	5	0.63925 0.89075 0.12464 0.45044 0.81543 0.32889 
450	5	0.74602 0.84565 0.08888 0.60301 0.90923 0.19963 
451	5	0.69370 0.81642 0.12449 0.55058 0.90861 0.22123 
452	5	0.63707 0.82209 0.18828 0.48890 0.88369 0.27117 
453	5	0.94254 0.78413 0.15384 0.89315 0.91345 0.09123 
454	5	0.77420 0.85113 0.12600 0.64192 0.93021 0.18814 
455	5	0.52819 0.89273 0.19743 0.34132 0.73889 0.44238 
456	5	0.90254 0.83670 0.13394 0.82526 0.93865 0.11799 
457	5	0.86130 0.87187 0.11096 0.75373 0.87701 0.16419 
458	5	0.57579 0.73846 0.21539 0.39475 0.76161 0.37368 
459	5	0.58812 0.73992 0.24076 0.42499 0.81707 0.33392 
460	5	0.95801 0.77794 0.13542 0.92118 0.92788 0.06999 
461	5	0.62288 0.84601 0.16897 0.45322 0.83237 0.32672 
462	5	0.57188 0.80183 0.18538 0.39595 0.84575 0.33942 
463	5	0.74045 0.74457 0.12471 0.62145 0.96925 0.15163 
464	5	0.92352 0.82959 0.15825 0.85908 0.91926 0.11717 
465	5	0.81572 0.81087 0.18354 0.68948 0.90789 0.19317 
466	5	0.68431 0.73563 0.15556 0.54827 0.92887 0.20617 
467	5	0.86347 0.81657 0.12794 0.76015 0.91572 0.14912 
468	5	0.68544 0.85600 0.10050 0.53410 0.90654 0.23661 
469	5	1.00000 0.82435 0.08127 1.00000 0.99526 0.00000 
470	5	0.69530 0.84694 0.11955 0.52091 0.84673 0.28512 
471	5	0.61629 0.86026 0.16987 0.46822 0.87040 0.27928 
472	5	0.80561 0.81034 0.12373 0.68053 0.92735 0.17148 
473	5	0.79575 0.87020 0.09170 0.65379 0.88209 0.22213 
474	5	0.81088 0.75351 0.12665 0.69468 0.94302 0.13916 
475	5	0.68783 0.84294 0.27862 0.50038 0.77214 0.35314 
476	5	0.71311 0.78297 0.11506 0.56150 0.91251 0.22351 
477	5	0.93460 0.83992 0.05273 0.88073 0.97094 0.04927 
478	5	0.80063 0.82197 0.12760 0.66575 0.89114 0.19774 
479	5	0.70336 0.81564 0.15182 0.55975 0.91505 0.22024 
480	5	0.79053 0.84885 0.10269 0.65185 0.88968 0.20537 
481	5	0.96241 0.78970 0.10504 0.92934 0.94188 0.05839 
482	5	0.65296 0.87439 0.09889 0.49745 0.89301 0.26276 
483	5	0.82807 0.79507 0.12823 0.70176 0.87136 0.18521 
484	5	0.74574 0.84753 0.09821 0.59249 0.89529 0.22207 
485	5	0.56475 0.79996 0.22935 0.41115 0.80548 0.34644 
486	5	0.56190 0.79297 0.23387 0.40715 0.80616 0.35009 
487	5	0.89899 0.80772 0.14929 0.81656 0.89244 0.14076 
488	5	0.90439 0.85302 0.11383 0.82617 0.90287 0.12476 
489	5	0.83484 0.82672 0.12764 0.71386 0.87253 0.17819 
490	5	0.69018 0.84084 0.08699 0.53687 0.90913 0.23533 
491	5	0.77539 0.84714 0.10529 0.63338 0.89450 0.20914 
492	5	0.62878 0.86819 0.12384 0.48020 0.88355 0.27569 
493	5	0.61924 0.77355 0.08967 0.52585 0.96491 0.17469 
494	5	0.76871 0.81233 0.08709 0.63808 0.93955 0.17309 
495	5	0.67953 0.85897 0.08549 0.53350 0.92069 0.21759 
496	5	0.72221 0.76031 0.12467 0.57513 0.88718 0.20566 
497	5	0.65398 0.84911 0.09434 0.51522 0.91979 0.22379 
498	5	0.84482 0.82448 0.09867 0.73282 0.91989 0.14863 
499	5	0.74786 0.83487 0.14326 0.58963 0.85706 0.25315 
500	6	0.23066 0.82885 0.19208 0.12246 0.56842 0.62629 
501	6	0.05600 0.75789 0.29931 0.03339 0.30847 0.79695 
502	6	0.18632 0.66409 0.39826 0.06966 0.36717 0.77041 
503	6	0.16607 0.82103 0.18149 0.06925 0.44934 0.71212 
504	6	0.17133 0.69965 0.26564 0.07563 0.42547 0.69778 
505	6	0.30176 0.92102 0.13486 0.14349 0.58001 0.56791 
506	6	0.23030 0.82972 0.13883 0.11447 0.55016 0.60526 
507	6	0.21263 0.87372 0.16443 0.10180 0.58160 0.63079 
508	6	0.22948 0.82550 0.22117 0.10274 0.47916 0.65370 
509	6	0.30164 0.81129 0.14699 0.13750 0.46260 0.61490 
510	6	0.16008 0.75689 0.17405 0.08499 0.46930 0.63478 
511	6	0.18166 0.82354 0.18743 0.08376 0.39071 0.65195 
512	6	0.04873 0.56152 0.41014 0.02154 0.14499 0.84517 
513	6	0.13285 0.57584 0.26691 0.07558 0.39365 0.67957 
514	6	0.25699 0.73429 0.11532 0.12607 0.57806 0.57243 
515	6	0.18033 0.70257 0.20366 0.07375 0.35135 0.68297 
516	6	0.09822 0.84302 0.22367 0.04371 0.46553 0.76441 
517	6	0.19013 0.91018 0.15907 0.08231 0.54817 0.69696 
518	6	0.10882 0.76651 0.22786 0.05376 0.35318 0.73320 
519	6	0.10677 0.74760 0.23441 0.05136 0.41357 0.74456 
520	6	0.12175 0.90315 0.15532 0.05956 0.53759 0.70167 
521	6	0.27556 0.82209 0.15519 0.12036 0.53928 0.62073 
522	6	0.15054 0.88103 0.11307 0.09220 0.53850 0.62755 
523	6	0.23426 0.83946 0.12971 0.15056 0.64450 0.54399 
524	6	0.06816 0.87268 0.17743 0.04603 0.44201 0.73110 
525	6	0.12928 0.73795 0.24744 0.06238 0.38582 0.73847 
526	6	0.09385 0.66978 0.36458 0.04222 0.30079 0.79693 
527	6	0.21259 0.81918 0.19138 0.11340 0.55747 0.63929 
528	6	0.09032 0.88944 0.13719 0.05053 0.48904 0.72613 
529	6	0.23567 0.76598 0.12392 0.13077 0.56702 0.54928 
530	6	0.13415 0.92182 0.08113 0.09321 0.61286 0.60243 
531	6	0.16110 0.66220 0.18534 0.08936 0.35848 0.61744 
532	6	0.35676 0.67041 0.15152 0.20342 0.63229 0.47539 
533	6	0.10614 0.60449 0.31863 0.06905 0.38133 0.66987 
534	6	0.13865 0.86354 0.14886 0.06141 0.46332 0.70545 
535	6	0.18718 0.80808 0.15366 0.08674 0.49009 0.65201 
536	6	0.25236 0.66148 0.11802 0.18041 0.68389 0.46659 
537	6	0.11420 0.76368 0.23703 0.05964 0.39132 0.74213 
538	6	0.15406 0.66321 0.31201 0.06088 0.38267 0.73575 
539	6	0.37287 0.77293 0.20874 0.17473 0.51031 0.59973 
540	6	0.35167 0.65092 0.29053 0.16030 0.47858 0.63443 
541	6	0.27483 0.79271 0.10710 0.15245 0.51941 0.55177 
542	6	0.11481 0.76627 0.24732 0.05812 0.39151 0.73073 
543	6	0.13936 0.79697 0.22511 0.06559 0.43261 0.71256 
544	6	0.25891 0.84082 0.11522 0.12762 0.58603 0.58444 
545	6	0.14375 0.52063 0.38023 0.06330 0.35052 0.73495 
546	6	0.18267 0.84503 0.17998 0.07451 0.48658 0.70023 
547	6	0.37142 0.64098 0.18474 0.21295 0.55918 0.47823 
548	6	0.18380 0.92677 0.06333 0.11768 0.70215 0.55079 
549	6	0.20035 0.85316 0.18808 0.07839 0.47580 0.69338 
550	6	0.24980 0.91416 0.11741 0.13897 0.62169 0.59117 
551	6	0.09114 0.80268 0.22635 0.04892 0.42129 0.75378 
552	6	0.28178 0.58849 0.34133 0.11460 0.38963 0.68563 
553	6	0.37495 0.86241 0.08537 0.25001 0.73919 0.43164 
554	6	0.25878 0.86171 0.11978 0.11737 0.55871 0.60883 
555	6	0.10178 0.87825 0.16430 0.05134 0.45172 0.72622 
556	6	0.41611 0.62239 0.30618 0.20679 0.50403 0.59694 
557	6	0.12598 0.74573 0.23914 0.06087 0.36044 0.73116 
558	6	0.27761 0.68424 0.21616 0.12257 0.38928 0.60568 
559	6	0.19895 0.73942 0.23173 0.08924 0.47110 0.67422 
560	6	0.13733 0.72879 0.27364 0.06463 0.39715 0.72607 
561	6	0.17211 0.92723 0.07650 0.14262 0.75541 0.51948 
562	6	0.30057 0.79898 0.14006 0.12747 0.47745 0.62976 
563	6	0.09167 0.38405 0.48412 0.03284 0.12879 0.81777 
564	6	0.22952 0.81757 0.16994 0.09912 0.51890 0.65104 
565	6	0.69253 0.71845 0.11706 0.50599 0.75883 0.30754 
566	6	0.11282 0.90010 0.09861 0.06106 0.56995 0.68166 
567	6	0.15496 0.82546 0.18660 0.06255 0.43460 0.72825 
568	6	0.32801 0.81450 0.10144 0.14934 0.55847 0.57679 
569	6	0.06876 0.82757 0.20591 0.04024 0.40886 0.76224 
570	6	0.31137 0.84700 0.09327 0.17974 0.63707 0.47928 
571	6	0.12289 0.63990 0.31291 0.05028 0.32972 0.75859 
572	6	0.15982 0.77924 0.19263 0.08899 0.44238 0.66886 
573	6	0.31271 0.62319 0.34209 0.13243 0.41943 0.67285 
574	6	0.24881 0.88451 0.16167 0.09995 0.51272 0.67175 
575	6	0.15387 0.69446 0.21704 0.06367 0.32168 0.70324 
576	6	0.14359 0.79940 0.15636 0.07704 0.47725 0.67636 
577	6	0.11705 0.63092 0.28685 0.07157 0.41842 0.71332 
578	6	0.17063 0.82714 0.21770 0.08477 0.42889 0.69351 
579	6	0.18743 0.93218 0.07570 0.14322 0.69179 0.52772 
580	6	0.10181 0.82512 0.19162 0.04622 0.35719 0.74414 
581	6	0.19431 0.74634 0.34557 0.06036 0.27362 0.78841 
582	6	0.16305 0.87492 0.11166 0.09321 0.63034 0.61713 
583	6	0.13472 0.75876 0.26598 0.05714 0.33271 0.75554 
584	6	0.23892 0.89592 0.09550 0.12281 0.62510 0.58500 
585	6	0.35117 0.97437 0.07697 0.16451 0.70196 0.58071 
586	6	0.43268 0.90420 0.09966 0.23103 0.70769 0.50526 
587	6	0.17259 0.76142 0.16547 0.06769 0.39825 0.69771 
588	6	0.21263 0.72396 0.16907 0.08986 0.43531 0.64491 
589	6	0.31897 0.86815 0.14366 0.15217 0.61452 0.58215 
590	6	0.20736 0.90847 0.08860 0.10241 0.61052 0.62388 
591	6	0.18498 0.93270 0.11020 0.09383 0.61714 0.65017 
592	6	0.42801 0.88357 0.11040 0.23069 0.68449 0.48935 
593	6	0.22189 0.89017 0.09682 0.14104 0.65124 0.56075 
594	6	0.16823 0.73084 0.14725 0.09746 0.46008 0.61690 
595	6	0.37158 0.87557 0.13108 0.18811 0.65490 0.54431 
596	6	0.36962 0.94350 0.14719 0.17440 0.63881 0.60633 
597	6	0.14126 0.84703 0.14157 0.07329 0.50078 0.66841 
598	6	0.21898 0.83463 0.13368 0.12004 0.66519 0.60402 
599	6	0.59668 0.94339 0.07402 0.39167 0.81123 0.38273 
600	7	0.23142 0.95569 0.07804 0.11700 0.75490 0.55042 
601	7	0.11379 0.84065 0.09200 0.07829 0.61849 0.61681 
602	7	0.19224 0.83570 0.08539 0.09413 0.61747 0.60836 
603	7	0.20624 0.90092 0.12089 0.09299 0.66077 0.61720 
604	7	0.41523 0.99275 0.06378 0.23034 0.88244 0.44451 
605	7	0.20259 0.88826 0.13331 0.10322 0.69948 0.60360 
606	7	0.10876 0.95766 0.08514 0.07772 0.74997 0.63014 
607	7	0.10346 0.96228 0.06910 0.06482 0.75057 0.64747 
608	7	0.15738 0.78498 0.14185 0.08025 0.58716 0.60960 
609	7	0.25504 0.96219 0.09680 0.13380 0.76660 0.54026 
610	7	0.22686 0.90495 0.08336 0.11754 0.70812 0.56049 
611	7	0.40668 0.98071 0.09763 0.21177 0.78799 0.51323 
612	7	0.20493 0.98958 0.04696 0.10837 0.75013 0.58976 
613	7	0.37537 0.97509 0.11345 0.18784 0.75604 0.52563 
614	7	0.14165 0.96225 0.08039 0.09390 0.75036 0.58699 
615	7	0.32550 0.98846 0.07108 0.17764 0.81450 0.48955 
616	7	0.23984 0.80453 0.04474 0.16876 0.74778 0.42773 
617	7	0.42133 0.97742 0.11887 0.22413 0.78694 0.50525 
618	7	0.14583 0.91844 0.10652 0.09526 0.68291 0.55871 
619	7	0.10785 0.92209 0.11478 0.07651 0.68785 0.61290 
620	7	0.16122 0.83613 0.09672 0.09953 0.62311 0.57290 
621	7	0.13289 0.93585 0.09841 0.07988 0.66804 0.63304 
622	7	0.37703 0.92094 0.14113 0.18549 0.75761 0.55065 
623	7	0.15880 0.93738 0.07686 0.10298 0.79413 0.56919 
624	7	0.10811 0.87732 0.09105 0.07811 0.63854 0.60640 
625	7	0.57199 0.99376 0.07900 0.37637 0.91411 0.34704 
626	7	0.11994 0.86137 0.13721 0.07527 0.62760 0.62943 
627	7	0.28420 0.99233 0.07105 0.15724 0.81752 0.51233 
628	7	0.10499 0.95837 0.07821 0.08803 0.78764 0.58138 
629	7	0.15825 0.93273 0.10181 0.06967 0.62934 0.67086 
630	7	0.13260 0.93664 0.09968 0.07395 0.67900 0.62723 
631	7	0.14768 0.96196 0.08837 0.11058 0.82244 0.55947 
632	7	0.08059 0.96439 0.08064 0.06376 0.65365 0.66191 
633	7	0.25831 0.97492 0.08994 0.13463 0.79153 0.53336 
634	7	0.18588 0.86223 0.08144 0.09553 0.64685 0.57812 
635	7	0.17870 0.95383 0.08288 0.09138 0.73449 0.60243 
636	7	0.15034 0.95535 0.10778 0.08664 0.69755 0.60006 
637	7	0.19364 0.89507 0.13745 0.10466 0.67111 0.59143 
638	7	0.18076 0.97602 0.10077 0.09706 0.69997 0.61243 
639	7	0.24535 0.90270 0.07080 0.12979 0.77319 0.52729 
640	7	0.54527 0.86375 0.06374 0.33271 0.78394 0.42906 
641	7	0.13438 0.94618 0.09346 0.10341 0.75237 0.56762 
642	7	0.17720 0.98542 0.06714 0.10159 0.78309 0.58150 
643	7	0.20251 0.87380 0.04953 0.12377 0.71647 0.51317 
644	7	0.18934 0.95352 0.09683 0.11427 0.71613 0.56802 
645	7	0.23733 0.91979 0.09842 0.11045 0.72408 0.60518 
646	7	0.21961 0.85194 0.10225 0.14077 0.69745 0.55714 
647	7	0.33949 0.99038 0.06280 0.18657 0.84663 0.48677 
648	7	0.40630 0.99283 0.04601 0.22469 0.80065 0.47294 
649	7	0.49426 0.94398 0.13120 0.28641 0.77473 0.46175 
650	7	0.19671 0.92383 0.02846 0.13241 0.78322 0.49513 
651	7	0.15498 0.95378 0.10411 0.08070 0.71425 0.63414 
652	7	0.15148 0.94692 0.07024 0.08783 0.71951 0.61440 
653	7	0.31776 0.93284 0.13791 0.14532 0.70600 0.59493 
654	7	0.11619 0.86336 0.13233 0.06113 0.55240 0.70230 
655	7	0.17572 0.95827 0.07524 0.11209 0.72055 0.57826 
656	7	0.42603 0.99722 0.04252 0.24942 0.85936 0.43150 
657	7	0.28955 0.72979 0.07125 0.16854 0.65727 0.45754 
658	7	0.37672 0.97948 0.09359 0.21583 0.83799 0.46220 
659	7	0.42556 0.94908 0.07159 0.22912 0.73741 0.49624 
660	7	0.33658 0.98752 0.06384 0.20098 0.77061 0.49625 
661	7	0.28212 0.94570 0.15660 0.12158 0.63515 0.64797 
662	7	0.21203 0.89345 0.06200 0.15304 0.72947 0.49293 
663	7	0.22327 0.91761 0.06788 0.15964 0.78243 0.47133 
664	7	0.62117 0.95317 0.11845 0.41696 0.81766 0.37364 
665	7	0.19116 0.98355 0.04235 0.12778 0.76722 0.55608 
666	7	0.15440 0.96004 0.10922 0.08932 0.74085 0.60273 
667	7	0.12749 0.92559 0.08049 0.08305 0.65257 0.59597 
668	7	0.20545 0.85593 0.09799 0.10651 0.64885 0.59221 
669	7	0.20734 0.84816 0.09320 0.12330 0.70612 0.53549 
670	7	0.11185 0.92022 0.20303 0.07734 0.68439 0.64934 
671	7	0.23246 0.95452 0.14149 0.11005 0.66329 0.62791 
672	7	0.15791 0.89368 0.13269 0.08264 0.62075 0.62120 
673	7	0.07729 0.81919 0.17652 0.05525 0.51946 0.67950 
674	7	0.11438 0.94482 0.07973 0.05653 0.67777 0.67991 
675	7	0.20855 0.94463 0.09290 0.10734 0.73602 0.58774 
676	7	0.17213 0.88677 0.06576 0.09655 0.71343 0.58917 
677	7	0.55983 0.93230 0.00000 0.36649 0.93419 0.31935 
678	7	0.34242 0.95024 0.00914 0.22319 0.89769 0.39767 
679	7	0.33404 0.96210 0.05024 0.16964 0.87681 0.49889 
680	7	0.16064 0.90734 0.04194 0.10857 0.76156 0.53719 
681	7	0.22705 0.96966 0.01831 0.18617 0.93950 0.41948 
682	7	0.33912 0.97413 0.00565 0.20408 0.91645 0.42964 
683	7	0.26930 0.85989 0.09663 0.13878 0.76908 0.55729 
684	7	0.36756 0.95164 0.09178 0.19338 0.74890 0.53681 
685	7	0.21113 0.91521 0.16554 0.08588 0.62562 0.67087 
686	7	0.22849 0.89816 0.08486 0.10645 0.67604 0.60291 
687	7	0.17970 0.90367 0.16002 0.08887 0.60471 0.65688 
688	7	0.27552 0.84596 0.14264 0.12653 0.55297 0.60238 
689	7	0.16689 0.93658 0.17356 0.09258 0.62475 0.65075 
690	7	0.07486 0.82300 0.22271 0.02972 0.37279 0.80280 
691	7	0.57589 0.76531 0.04517 0.36899 0.76811 0.37334 
692	7	0.13036 0.97039 0.07723 0.07374 0.67954 0.64215 
693	7	0.09956 0.79608 0.16982 0.05460 0.46110 0.69816 
694	7	0.17199 0.95318 0.04021 0.09030 0.71899 0.58433 
695	7	0.21044 0.91363 0.04009 0.11693 0.70285 0.53222 
696	7	0.22547 0.87848 0.03970 0.14840 0.74532 0.48280 
697	7	0.11696 0.84711 0.12603 0.07685 0.54192 0.63037 
698	7	0.12129 0.92771 0.07243 0.06316 0.62498 0.66827 
699	7	0.06214 0.85434 0.15663 0.03028 0.35343 0.77285 
700	8	0.09358 0.55485 0.41319 0.04628 0.22357 0.76418 
701	8	0.05614 0.63752 0.30196 0.02927 0.19873 0.79827 
702	8	0.15551 0.54813 0.31552 0.06158 0.25758 0.72992 
703	8	0.24081 0.61632 0.20619 0.10085 0.38667 0.63761 
704	8	0.32928 0.70154 0.15829 0.15361 0.52279 0.58281 
705	8	0.03706 0.51474 0.52531 0.01271 0.08153 0.89123 
706	8	0.09854 0.47728 0.37342 0.04227 0.19444 0.77291 
707	8	0.25190 0.60992 0.17507 0.12356 0.45588 0.60554 
708	8	0.08401 0.48925 0.43961 0.02955 0.16492 0.83614 
709	8	0.15079 0.82875 0.17165 0.07903 0.44875 0.66699 
710	8	0.18486 0.81754 0.15997 0.09759 0.54227 0.62908 
711	8	0.16390 0.49022 0.22594 0.09673 0.33171 0.63223 
712	8	0.05829 0.60041 0.36291 0.02786 0.20786 0.82748 
713	8	0.08847 0.60690 0.40883 0.02748 0.15746 0.82104 
714	8	0.21508 0.88932 0.11405 0.12451 0.64478 0.58427 
715	8	0.18619 0.85604 0.13639 0.10713 0.59015 0.60575 
716	8	0.35028 0.78045 0.17923 0.15999 0.49041 0.60252 
717	8	0.10523 0.79168 0.31353 0.05484 0.38192 0.73465 
718	8	0.07818 0.40822 0.47966 0.02228 0.04913 0.83947 
719	8	0.27561 0.70992 0.14729 0.15322 0.48839 0.53892 
720	8	0.26924 0.51420 0.22118 0.11653 0.31520 0.61323 
721	8	0.13291 0.83742 0.18819 0.07159 0.51514 0.66700 
722	8	0.28089 0.65943 0.22502 0.11777 0.41295 0.64544 
723	8	0.20692 0.83080 0.15601 0.08785 0.50853 0.67417 
724	8	0.12022 0.80344 0.16370 0.06465 0.43538 0.69676 
725	8	0.07278 0.69369 0.31541 0.03023 0.31702 0.80100 
726	8	0.32579 0.64886 0.19529 0.15007 0.48139 0.56698 
727	8	0.28908 0.63548 0.16075 0.14828 0.53439 0.50722 
728	8	0.08889 0.61402 0.21109 0.05726 0.28226 0.68963 
729	8	0.07876 0.55731 0.38338 0.03236 0.26099 0.81119 
730	8	0.04331 0.62313 0.38727 0.01815 0.16132 0.83940 
731	8	0.22353 0.69665 0.20630 0.09887 0.42408 0.58558 
732	8	0.10665 0.47496 0.35063 0.04837 0.16174 0.75974 
733	8	0.30458 0.83489 0.13973 0.14755 0.59959 0.57275 
734	8	0.14572 0.54080 0.39133 0.05485 0.27494 0.77007 
735	8	0.12058 0.63563 0.37583 0.03334 0.18643 0.82686 
736	8	0.03862 0.68112 0.34013 0.01881 0.18484 0.83493 
737	8	0.10206 0.60865 0.29407 0.04268 0.24874 0.75355 
738	8	0.58252 0.71829 0.08644 0.38363 0.69593 0.32979 
739	8	0.19318 0.49294 0.39726 0.07025 0.29804 0.75123 
740	8	0.13076 0.79292 0.22444 0.05285 0.33011 0.74047 
741	8	0.54258 0.45494 0.17258 0.33126 0.57565 0.39037 
742	8	0.16782 0.51471 0.32375 0.05559 0.21327 0.74684 
743	8	0.23229 0.50918 0.27533 0.09376 0.30518 0.67620 
744	8	0.29055 0.44389 0.29904 0.14078 0.46413 0.54028 
745	8	0.16808 0.58659 0.29353 0.07612 0.37635 0.71655 
746	8	0.52018 0.65590 0.10428 0.31789 0.67296 0.37590 
747	8	0.17688 0.53303 0.36043 0.06722 0.31934 0.74389 
748	8	0.20357 0.62245 0.14827 0.12038 0.50772 0.51189 
749	8	0.16231 0.46023 0.30407 0.07395 0.29852 0.70111 
750	8	0.28947 0.47610 0.22968 0.13638 0.39569 0.61276 
751	8	0.10922 0.40379 0.35860 0.04889 0.15374 0.73863 
752	8	0.21838 0.50655 0.31847 0.09407 0.33735 0.69034 
753	8	0.38879 0.66311 0.17379 0.19898 0.54222 0.55767 
754	8	0.08483 0.74069 0.19094 0.05461 0.40785 0.72147 
755	8	0.26548 0.53701 0.27775 0.11519 0.29635 0.64826 
756	8	0.41775 0.59231 0.20070 0.21517 0.49017 0.55020 
757	8	0.14669 0.20526 0.24999 0.10411 0.32004 0.52847 
758	8	0.16625 0.65392 0.27856 0.06578 0.35526 0.73811 
759	8	0.07269 0.69038 0.31660 0.02794 0.21797 0.81352 
760	8	0.23686 0.44080 0.27226 0.10298 0.32445 0.64387 
761	8	0.21844 0.33739 0.36725 0.08520 0.25100 0.69696 
762	8	0.12501 0.55930 0.25573 0.06050 0.27222 0.70362 
763	8	0.04955 0.32870 0.63845 0.01936 0.00000 0.87172 
764	8	0.37867 0.64256 0.25040 0.17256 0.40523 0.62325 
765	8	0.26755 0.64770 0.28098 0.12088 0.47713 0.67416 
766	8	0.23637 0.39159 0.38522 0.08205 0.24395 0.73381 
767	8	0.09727 0.62496 0.26968 0.05081 0.26519 0.74262 
768	8	0.15673 0.35095 0.36960 0.06688 0.18900 0.71721 
769	8	0.01380 0.49405 0.46327 0.01185 0.07212 0.87014 
770	8	0.10676 0.33542 0.42957 0.04518 0.10440 0.76088 
771	8	0.06357 0.69959 0.41160 0.02652 0.17209 0.81545 
772	8	0.13368 0.69655 0.21624 0.06126 0.30671 0.70471 
773	8	0.16253 0.62779 0.19132 0.07956 0.36240 0.66516 
774	8	0.16181 0.55952 0.19310 0.09654 0.33071 0.60565 
775	8	0.16484 0.77458 0.29248 0.04906 0.32990 0.79390 
776	8	0.27593 0.43126 0.33071 0.11232 0.29513 0.67003 
777	8	0.19778 0.45025 0.35568 0.07693 0.29244 0.72975 
778	8	0.26815 0.48955 0.34910 0.11212 0.35341 0.69276 
779	8	0.14648 0.63851 0.43212 0.03817 0.18133 0.83074 
780	8	0.24812 0.00000 0.39598 0.10048 0.19158 0.65391 
781	8	0.10696 0.53740 0.42858 0.03025 0.12568 0.82690 
782	8	0.12984 0.66955 0.29332 0.04900 0.30993 0.76892 
783	8	0.08931 0.56874 0.44459 0.02906 0.21924 0.84731 
784	8	0.15786 0.76026 0.30180 0.05025 0.26760 0.77764 
785	8	0.21464 0.65044 0.20086 0.08621 0.38373 0.67075 
786	8	0.03060 0.53794 0.43813 0.01476 0.10115 0.86397 
787	8	0.18270 0.78414 0.19088 0.07956 0.43676 0.69759 
788	8	0.18842 0.53027 0.34542 0.06725 0.27552 0.74569 
789	8	0.13310 0.34052 0.39088 0.05810 0.16581 0.73584 
790	8	0.18334 0.44594 0.38339 0.07248 0.27760 0.74437 
791	8	0.09565 0.38375 0.42806 0.04407 0.12293 0.76811 
792	8	0.06381 0.63546 0.44995 0.01550 0.10305 0.87096 
793	8	0.23034 0.66401 0.20688 0.11190 0.42843 0.63695 
794	8	0.15297 0.67896 0.30409 0.06547 0.42200 0.75412 
795	8	0.09849 0.34273 0.47058 0.03031 0.06188 0.81072 
796	8	0.23948 0.64631 0.16211 0.14335 0.52615 0.54678 
797	8	0.14826 0.64021 0.14560 0.08496 0.41719 0.61656 
798	8	0.02861 0.57817 0.52936 0.00842 0.08097 0.90516 
799	8	0.23884 0.58233 0.33714 0.08454 0.25685 0.73046 
800	9	0.05460 0.70124 0.48821 0.02637 0.34502 0.84619 
801	9	0.05892 0.80342 0.40575 0.02092 0.34763 0.86838 
802	9	0.11104 0.91467 0.19199 0.05055 0.44296 0.73918 
803	9	0.07335 0.82327 0.21769 0.03526 0.39152 0.77072 
804	9	0.17810 0.72447 0.21417 0.08375 0.53572 0.67903 
805	9	0.16333 0.71693 0.17999 0.08690 0.50286 0.65630 
806	9	0.12778 0.82388 0.20018 0.05832 0.51290 0.71582 
807	9	0.16533 0.90982 0.10283 0.10511 0.67260 0.62140 
808	9	0.12541 0.94699 0.13629 0.06905 0.62377 0.66754 
809	9	0.09330 0.70025 0.33548 0.03889 0.32075 0.80524 
810	9	0.28996 0.97738 0.09521 0.20948 0.84863 0.44608 
811	9	0.33117 0.95547 0.08286 0.18719 0.75667 0.52884 
812	9	0.16439 0.75880 0.26483 0.08978 0.50024 0.67912 
813	9	0.22433 0.73168 0.17580 0.10287 0.51161 0.63485 
814	9	0.11438 0.87780 0.14950 0.06037 0.54431 0.69588 
815	9	0.08263 0.75816 0.32143 0.04019 0.46656 0.78354 
816	9	0.19422 0.93879 0.11657 0.12390 0.64505 0.59373 
817	9	0.13854 0.81649 0.30856 0.05891 0.45337 0.76924 
818	9	0.07702 0.89801 0.25727 0.03531 0.42350 0.78708 
819	9	0.42414 0.24288 0.72336 0.20549 0.39697 0.65753 
820	9	0.48677 0.88470 0.13274 0.26975 0.70657 0.50732 
821	9	0.09326 0.86991 0.15508 0.06206 0.57512 0.70191 
822	9	0.11199 0.87808 0.12907 0.07489 0.66213 0.64849 
823	9	0.20990 0.79522 0.14405 0.10996 0.54960 0.62159 
824	9	0.11130 0.84885 0.25408 0.05350 0.51531 0.76647 
825	9	0.05033 0.89432 0.21351 0.03112 0.50516 0.79811 
826	9	0.11065 0.88679 0.16397 0.06081 0.56319 0.70781 
827	9	0.25992 0.90440 0.18955 0.10120 0.56537 0.69468 
828	9	0.15027 0.69807 0.25150 0.10256 0.62650 0.65611 
829	9	0.18468 0.91902 0.15611 0.06746 0.54552 0.73048 
830	9	0.09517 0.80995 0.17866 0.04998 0.42710 0.73409 
831	9	0.24172 0.98731 0.05974 0.11904 0.83885 0.54979 
832	9	0.15773 0.82223 0.38795 0.06113 0.46479 0.77833 
833	9	0.36589 0.88330 0.16861 0.18320 0.69918 0.57314 
834	9	0.11522 0.85190 0.16823 0.08179 0.66825 0.67038 
835	9	0.17393 0.90663 0.09188 0.10737 0.72174 0.57454 
836	9	0.06282 0.94819 0.10441 0.04707 0.53953 0.71029 
837	9	0.21878 0.59879 0.17456 0.13191 0.52086 0.56139 
838	9	0.09502 0.80049 0.24071 0.04592 0.47458 0.74573 
839	9	0.43525 0.83900 0.09549 0.24433 0.72246 0.45231 
840	9	0.14085 0.81387 0.34767 0.05490 0.45020 0.78918 
841	9	0.21389 0.72627 0.51693 0.07539 0.43566 0.76392 
842	9	0.14738 0.94085 0.09047 0.10329 0.69804 0.57695 
843	9	0.27036 0.95583 0.10336 0.14226 0.70242 0.54561 
844	9	0.28830 0.77132 0.21107 0.13465 0.60900 0.62263 
845	9	0.10637 0.72864 0.29841 0.04158 0.33616 0.78569 
846	9	0.43148 0.79818 0.15936 0.25247 0.75416 0.47168 
847	9	0.22294 0.82651 0.19213 0.09183 0.53483 0.64023 
848	9	0.23995 0.80551 0.18743 0.10194 0.51719 0.64670 
849	9	0.19726 0.70150 0.34355 0.07543 0.47951 0.71874 
850	9	0.32773 0.96459 0.04070 0.16875 0.76235 0.50985 
851	9	0.10508 0.81894 0.33058 0.03369 0.34535 0.81465 
852	9	0.16816 0.97160 0.12459 0.12307 0.78605 0.55171 
853	9	0.32817 0.87246 0.13747 0.16995 0.67669 0.54936 
854	9	0.14148 0.76432 0.34167 0.05491 0.37662 0.75328 
855	9	0.11233 0.80747 0.31699 0.04292 0.37809 0.80407 
856	9	0.09291 0.80899 0.25081 0.06015 0.55079 0.70395 
857	9	0.31056 0.91591 0.23287 0.13839 0.55386 0.62759 
858	9	0.26046 0.65072 0.35975 0.11525 0.52225 0.61886 
859	9	0.07311 0.74363 0.35294 0.04195 0.49208 0.75869 
860	9	0.15677 0.81156 0.24473 0.05763 0.40537 0.76982 
861	9	0.19684 0.90330 0.13457 0.09333 0.62134 0.63912 
862	9	0.13317 0.74024 0.24281 0.06359 0.47735 0.71356 
863	9	0.17666 0.84081 0.16035 0.08407 0.52211 0.63844 
864	9	0.13993 0.78534 0.31306 0.04613 0.37016 0.81190 
865	9	0.26617 0.94254 0.05849 0.18791 0.73113 0.40197 
866	9	0.29010 0.85932 0.18010 0.14730 0.59008 0.56039 
867	9	0.44379 0.95600 0.10226 0.32106 0.85429 0.29173 
868	9	0.26243 0.95915 0.09291 0.12653 0.71742 0.58121 
869	9	0.10811 0.83006 0.30445 0.04999 0.40518 0.73718 
870	9	0.12840 0.77065 0.19372 0.07387 0.53445 0.64410 
871	9	0.15460 0.83940 0.11427 0.10947 0.70755 0.60012 
872	9	0.17408 0.72293 0.24445 0.07639 0.44771 0.66797 
873	9	0.15042 0.86574 0.20835 0.05671 0.51406 0.73966 
874	9	0.13638 0.84636 0.15191 0.06591 0.47716 0.68345 
875	9	0.14662 0.64226 0.20675 0.08672 0.53964 0.64568 
876	9	0.24121 0.80087 0.22489 0.11676 0.61925 0.64740 
877	9	0.18765 0.72515 0.31148 0.07694 0.45149 0.73166 
878	9	0.22637 0.74000 0.16971 0.12801 0.58224 0.56831 
879	9	0.13872 0.71115 0.28718 0.06689 0.48214 0.71119 
880	9	0.21041 0.73641 0.40379 0.08166 0.51924 0.70508 
881	9	0.13069 0.82819 0.15557 0.07684 0.64154 0.66491 
882	9	0.19875 0.57687 0.27737 0.08481 0.43112 0.66926 
883	9	0.08773 0.60662 0.32493 0.04280 0.34486 0.78057 
884	9	0.14313 0.99432 0.03034 0.10147 0.84299 0.56003 
885	9	0.06148 0.58407 0.68409 0.02335 0.22965 0.88660 
886	9	0.42184 0.86843 0.10122 0.21976 0.62091 0.51474 
887	9	0.06992 0.80154 0.30410 0.02167 0.23964 0.84845 
888	9	0.33791 0.87759 0.05102 0.18837 0.77839 0.42827 
889	9	0.19433 0.73871 0.25480 0.07632 0.45133 0.71902 
890	9	0.04354 0.89773 0.19063 0.03636 0.50916 0.75600 
891	9	0.11182 0.78164 0.26355 0.05084 0.39129 0.78025 
892	9	0.21412 0.65732 0.22612 0.10741 0.51580 0.63021 
893	9	0.04293 0.80342 0.37052 0.02467 0.38853 0.84670 
894	9	0.09213 0.79882 0.21472 0.06500 0.57372 0.68079 
895	9	0.15025 0.74404 0.29145 0.06820 0.44015 0.69126 
896	9	0.04165 0.77180 0.43705 0.01932 0.29194 0.86257 
897	9	0.42929 0.73466 0.15379 0.23973 0.74902 0.44950 
898	9	0.10182 0.70661 0.26590 0.04262 0.31627 0.75129 
899	9	0.18867 0.79266 0.17863 0.07654 0.47213 0.67527 
900	10	0.06087 0.65365 0.49212 0.01190 0.12214 0.91421 
901	10	0.06530 0.80664 0.28385 0.04273 0.38502 0.78163 
902	10	0.18053 0.90776 0.22590 0.06397 0.52866 0.73681 
903	10	0.05293 0.79852 0.56791 0.02480 0.33053 0.88029 
904	10	0.12617 0.90077 0.23087 0.05214 0.46388 0.73965 
905	10	0.08014 0.76123 0.42095 0.02465 0.35805 0.86057 
906	10	0.00111 0.62697 0.50536 0.00636 0.17177 0.91653 
907	10	0.10682 0.68249 0.41452 0.03602 0.35990 0.82051 
908	10	0.08634 0.66509 0.36019 0.04026 0.36586 0.79064 
909	10	0.21550 0.86243 0.23402 0.10287 0.59988 0.63139 
910	10	0.02623 0.65593 0.60095 0.01752 0.27834 0.87793 
911	10	0.06346 0.74831 0.41999 0.03227 0.29992 0.82862 
912	10	0.15552 0.86162 0.17480 0.07404 0.62053 0.68892 
913	10	0.58019 0.71584 0.36923 0.36081 0.61829 0.50654 
914	10	0.03558 0.60201 0.46884 0.02460 0.34630 0.84705 
915	10	0.09772 0.76003 0.21762 0.05228 0.48461 0.72079 
916	10	0.22361 0.68840 0.37759 0.07203 0.35921 0.78102 
917	10	0.12332 0.57243 0.40992 0.04927 0.38860 0.78385 
918	10	0.09734 0.68217 0.70737 0.02104 0.23477 0.92788 
919	10	0.02652 0.63181 0.51793 0.01825 0.26828 0.88328 
920	10	0.06080 0.76242 0.31573 0.02758 0.39334 0.81909 
921	10	0.07667 0.62995 0.46162 0.02970 0.33363 0.83655 
922	10	0.00775 0.66430 0.51128 0.00857 0.19391 0.91140 
923	10	0.01454 0.73837 0.44730 0.01330 0.29844 0.89153 
924	10	0.19083 0.65719 0.50320 0.05542 0.31331 0.81864 
925	10	0.14627 0.77232 0.40148 0.04282 0.35130 0.83378 
926	10	0.09911 0.68963 0.50042 0.02912 0.31932 0.83820 
927	10	0.10714 0.78399 0.33978 0.04021 0.38580 0.80705 
928	10	0.43177 0.76897 0.37126 0.21272 0.57937 0.62931 
929	10	0.25429 0.85799 0.22007 0.10080 0.61817 0.68393 
930	10	0.00400 0.56051 0.54583 0.00667 0.11956 0.90975 
931	10	0.00310 0.72437 0.60283 0.00182 0.14224 0.96925 
932	10	0.09155 0.66394 0.34914 0.05189 0.41980 0.72712 
933	10	0.06619 0.82105 0.29720 0.03862 0.48696 0.77467 
934	10	0.01189 0.69032 0.52546 0.00554 0.19005 0.93585 
935	10	0.02572 0.43065 0.60950 0.01331 0.14829 0.89112 
936	10	0.05522 0.69405 0.48224 0.02147 0.27753 0.85420 
937	10	0.01299 0.67270 0.59291 0.00810 0.24913 0.93409 
938	10	0.11234 0.75239 0.26047 0.06121 0.53867 0.72936 
939	10	0.03050 0.64088 0.57305 0.00806 0.14714 0.93393 
940	10	0.02182 0.71072 0.47539 0.01034 0.26633 0.90260 
941	10	0.13451 0.71757 0.29086 0.04902 0.34990 0.75771 
942	10	0.04088 0.59477 0.45003 0.01690 0.16469 0.86080 
943	10	0.05747 0.51270 0.64410 0.02200 0.20445 0.88498 
944	10	0.14563 0.69112 0.48569 0.04428 0.33328 0.83071 
945	10	0.03285 0.62677 0.50288 0.01286 0.17617 0.89934 
946	10	0.04168 0.75245 0.54419 0.00567 0.15997 0.95865 
947	10	0.24181 0.82748 0.26185 0.09478 0.56885 0.69053 
948	10	0.15362 0.68126 0.31474 0.06186 0.45223 0.73769 
949	10	0.20777 0.70635 0.48096 0.06608 0.37158 0.80341 
950	10	0.35820 0.84753 0.22300 0.16306 0.57727 0.62167 
951	10	0.39510 0.77788 0.30963 0.18254 0.51467 0.64441 
952	10	0.49955 0.68755 0.32621 0.27481 0.55266 0.56462 
953	10	0.07047 0.57932 0.61206 0.01915 0.21595 0.90402 
954	10	0.10082 0.66561 0.70225 0.02030 0.21583 0.92376 
955	10	0.05449 0.70578 0.69333 0.01234 0.19986 0.93392 
956	10	0.05964 0.70050 0.56625 0.01098 0.23857 0.93918 
957	10	0.13667 0.80241 0.21024 0.05679 0.46485 0.73762 
958	10	0.03943 0.81795 0.39603 0.02072 0.27103 0.86313 
959	10	0.21651 0.88008 0.24492 0.07552 0.46791 0.75014 
960	10	0.05295 0.75242 0.44556 0.02161 0.35303 0.88171 
961	10	0.27151 0.89355 0.18471 0.15289 0.65279 0.59380 
962	10	0.10570 0.78559 0.33948 0.04005 0.43278 0.80985 
963	10	0.20342 0.75299 0.43009 0.05669 0.25308 0.84605 
964	10	0.12130 0.46843 0.54813 0.03157 0.17493 0.84911 
965	10	0.08434 0.68635 0.65296 0.02284 0.30697 0.90033 
966	10	0.01591 0.70043 0.44567 0.01084 0.26156 0.90397 
967	10	0.09205 0.85203 0.24194 0.03542 0.42222 0.80699 
968	10	0.21866 0.67872 0.29378 0.12365 0.63579 0.63702 
969	10	0.36270 0.90252 0.29626 0.16961 0.64275 0.62848 
970	10	0.26188 0.68009 0.51326 0.08500 0.28716 0.81833 
971	10	0.04289 0.46200 0.57852 0.01474 0.18881 0.88535 
972	10	0.47797 0.74043 0.26542 0.26197 0.60766 0.51943 
973	10	0.35417 0.61031 0.53075 0.14770 0.42507 0.73244 
974	10	0.08084 0.62351 0.55965 0.02669 0.30257 0.85064 
975	10	0.06906 0.59055 0.51796 0.02739 0.26147 0.86087 
976	10	0.01707 0.61386 0.58326 0.00393 0.12739 0.94440 
977	10	0.04400 0.72240 0.34176 0.02481 0.32480 0.83484 
978	10	0.07526 0.61091 0.47598 0.01788 0.17751 0.87087 
979	10	0.14287 0.67287 0.52490 0.03979 0.27592 0.84429 
980	10	0.13874 0.74927 0.25409 0.05858 0.46333 0.75461 
981	10	0.02546 0.48068 0.86756 0.00000 0.04600 1.00000 
982	10	0.19787 0.83351 0.28205 0.09790 0.62533 0.70622 
983	10	0.23383 0.61541 0.64434 0.07595 0.30301 0.82733 
984	10	0.08431 0.71779 0.27533 0.05313 0.46274 0.73761 
985	10	0.06434 0.52548 0.48498 0.02759 0.25026 0.83234 
986	10	0.18542 0.79591 0.27065 0.07473 0.45982 0.73206 
987	10	0.21320 0.69028 0.23132 0.08815 0.54616 0.67338 
988	10	0.02003 0.61037 0.48755 0.01745 0.28485 0.86889 
989	10	0.01664 0.54392 0.55778 0.01335 0.19518 0.89582 
990	10	0.04234 0.60186 0.61804 0.01224 0.22726 0.92535 
991	10	0.11315 0.75078 0.36767 0.04949 0.45703 0.77253 
992	10	0.07862 0.72723 0.41732 0.02488 0.29132 0.85907 
993	10	0.15633 0.77112 0.50317 0.04745 0.31426 0.83593 
994	10	0.25502 0.67293 0.49351 0.09511 0.44659 0.75993 
995	10	0.45572 0.89224 0.17587 0.24020 0.62190 0.54592 
996	10	0.18050 0.86142 0.20649 0.07652 0.54373 0.69941 
997	10	0.36995 0.73851 0.30334 0.19134 0.66553 0.56871 
998	10	0.05902 0.64021 0.68441 0.01678 0.23285 0.91269 
999	10	0.13546 0.78053 0.28474 0.05238 0.37983 0.74322 
