1000	10	6
0	1	0.00286 0.81356 0.15025 0.00092 0.18366 0.85636 
1	1	0.01894 0.90212 0.08911 0.00301 0.37563 0.76471 
2	1	0.02366 0.71674 0.41211 0.00158 0.19439 0.89496 
3	1	0.01438 0.96271 0.05461 0.00235 0.37757 0.77465 
4	1	0.01718 0.81204 0.36719 0.00189 0.15633 0.87354 
5	1	0.00939 0.70892 0.35129 0.00054 0.08811 0.93245 
6	1	0.02272 0.66098 0.31605 0.00198 0.16374 0.86343 
7	1	0.04053 0.92575 0.13909 0.00551 0.29392 0.78986 
8	1	0.02193 0.75932 0.25001 0.00115 0.09636 0.87807 
9	1	0.01175 0.88259 0.13131 0.00281 0.38298 0.75593 
10	1	0.00880 0.90702 0.14175 0.00096 0.20059 0.87164 
11	1	0.01267 0.78898 0.25254 0.00071 0.12397 0.90825 
12	1	0.01193 0.87503 0.17744 0.00209 0.23912 0.83116 
13	1	0.00445 0.74742 0.30223 0.00084 0.10173 0.90449 
14	1	0.01644 0.82299 0.18243 0.00087 0.13488 0.87654 
15	1	0.00932 0.90262 0.18772 0.00198 0.24951 0.84233 
16	1	0.03407 0.87988 0.09571 0.00543 0.28835 0.75620 
17	1	0.02500 0.83843 0.18947 0.00376 0.24227 0.79213 
18	1	0.10715 0.87549 0.17176 0.02236 0.40856 0.70177 
19	1	0.00887 0.60483 0.37043 0.00052 0.06993 0.92148 
20	1	0.03514 0.87627 0.13386 0.00335 0.25036 0.81990 
21	1	0.01497 0.95433 0.06843 0.00189 0.30570 0.80745 
22	1	0.00939 0.82078 0.23311 0.00099 0.18230 0.89161 
23	1	0.01589 0.84063 0.29502 0.00143 0.17571 0.89818 
24	1	0.17037 0.89675 0.17268 0.03435 0.38424 0.72735 
25	1	0.01493 0.77773 0.29143 0.00072 0.10793 0.92613 
26	1	0.02533 0.84320 0.23901 0.00180 0.21398 0.86475 
27	1	0.04515 0.94640 0.07236 0.00457 0.39067 0.76259 
28	1	0.06831 0.86690 0.24289 0.00723 0.23968 0.84309 
29	1	0.07322 0.86129 0.18737 0.00791 0.31436 0.79566 
30	1	0.00090 0.57814 0.29306 0.00035 0.04531 0.90996 
31	1	0.00173 0.45987 0.70549 0.00005 0.00210 1.00000 
32	1	0.04738 0.84534 0.20266 0.00530 0.27451 0.80100 
33	1	0.00615 0.68680 0.26337 0.00163 0.23186 0.84454 
34	1	0.00195 0.75218 0.27807 0.00036 0.11439 0.91605 
35	1	0.03118 0.85379 0.17449 0.00336 0.31160 0.80127 
36	1	0.01343 0.91967 0.08465 0.00269 0.31809 0.77005 
37	1	0.00777 0.77061 0.24174 0.00155 0.18141 0.85608 
38	1	0.05647 0.88125 0.12147 0.00979 0.36109 0.73593 
39	1	0.02782 0.94023 0.15479 0.00469 0.34709 0.77566 
40	1	0.01625 0.90528 0.16921 0.00396 0.33023 0.76341 
41	1	0.01939 0.90357 0.21490 0.00301 0.29442 0.81334 
42	1	0.04203 0.86705 0.12138 0.00551 0.31084 0.75929 
43	1	0.03538 0.91426 0.20820 0.00618 0.37744 0.76907 
44	1	0.09529 0.99671 0.02876 0.02055 0.56958 0.57743 
45	1	0.08195 0.79985 0.17670 0.01733 0.41660 0.68745 
46	1	0.18666 0.78747 0.17712 0.04249 0.44948 0.63619 
47	1	0.00681 0.75023 0.37290 0.00030 0.07752 0.95084 
48	1	0.01148 0.74004 0.22997 0.00202 0.20437 0.83128 
49	1	0.00449 0.71993 0.39926 0.00115 0.19020 0.88178 
50	1	0.00783 0.84099 0.18875 0.00147 0.23029 0.84248 
51	1	0.00487 0.64723 0.45928 0.00052 0.07233 0.94163 
52	1	0.00046 0.76286 0.30859 0.00017 0.06930 0.94963 
53	1	0.01324 0.81491 0.23318 0.00073 0.11864 0.91211 
54	1	0.01763 0.79283 0.36313 0.00205 0.20356 0.88048 
55	1	0.01601 0.85200 0.22096 0.00325 0.28017 0.80884 
56	1	0.00927 0.69663 0.36212 0.00091 0.10290 0.91404 
57	1	0.23112 0.84676 0.18506 0.05552 0.37420 0.70189 
58	1	0.00710 0.78848 0.21032 0.00135 0.17672 0.85954 
59	1	0.00836 0.76008 0.33153 0.00129 0.15330 0.89002 
60	1	0.00587 0.75356 0.28670 0.00093 0.14917 0.88365 
61	1	0.00172 0.59353 0.42828 0.00016 0.02960 0.96156 
62	1	0.03470 0.90698 0.14220 0.00445 0.28659 0.77372 
63	1	0.02082 0.53845 1.00000 0.00210 0.12335 0.95112 
64	1	0.00683 0.74297 0.41350 0.00073 0.10896 0.93383 
65	1	0.06457 0.93433 0.12141 0.01736 0.50041 0.63436 
66	1	0.06802 0.84646 0.15347 0.01248 0.33641 0.74559 
67	1	0.02412 0.82038 0.16058 0.00252 0.27309 0.81020 
68	1	0.02274 0.84444 0.16699 0.00320 0.31734 0.79716 
69	1	0.04754 0.75260 0.19568 0.00973 0.29587 0.69843 
70	1	0.00227 0.50570 0.36633 0.00048 0.06346 0.92338 
71	1	0.00235 0.86690 0.14038 0.00090 0.22717 0.85593 
72	1	0.02068 0.85041 0.18807 0.00219 0.20320 0.85716 
73	1	0.06190 0.83725 0.20713 0.01161 0.33149 0.70329 
74	1	0.04093 0.96103 0.03015 0.00578 0.42959 0.69844 
75	1	0.00247 0.80180 0.24818 0.00056 0.14611 0.90332 
76	1	0.00762 0.73169 0.34099 0.00149 0.16306 0.87272 
77	1	0.00352 0.80221 0.22690 0.00054 0.14102 0.89869 
78	1	0.03761 0.75020 0.22020 0.00476 0.23746 0.79010 
79	1	0.07789 0.86468 0.09730 0.02188 0.58927 0.54455 
80	1	0.00338 0.74145 0.34300 0.00053 0.11470 0.91841 
81	1	0.05281 0.85094 0.18879 0.00613 0.27264 0.78851 
82	1	0.00893 0.66176 0.33811 0.00151 0.13807 0.87453 
83	1	0.07305 0.87170 0.14345 0.00929 0.33445 0.75077 
84	1	0.01236 0.69494 0.43694 0.00216 0.16148 0.88731 
85	1	0.03107 0.68799 0.28809 0.00346 0.21561 0.81465 
86	1	0.01615 0.77589 0.29626 0.00105 0.12205 0.92596 
87	1	0.02862 0.62866 0.39420 0.00159 0.09408 0.90684 
88	1	0.00963 0.66602 0.27344 0.00136 0.17567 0.86841 
89	1	0.00184 0.36572 0.68217 0.00048 0.03532 0.94312 
90	1	0.00383 0.75494 0.35614 0.00048 0.08524 0.93065 
91	1	0.01393 0.80667 0.25824 0.00142 0.17899 0.87794 
92	1	0.00916 0.90524 0.08039 0.00245 0.35675 0.76868 
93	1	0.00749 0.85112 0.24512 0.00104 0.18685 0.89216 
94	1	0.00955 0.82112 0.23480 0.00112 0.17221 0.88282 
95	1	0.04077 0.96993 0.08402 0.00839 0.43311 0.70762 
96	1	0.00292 0.86108 0.19963 0.00069 0.18193 0.88743 
97	1	0.00425 0.88543 0.08309 0.00159 0.25573 0.80408 
98	1	0.00307 0.78539 0.14043 0.00119 0.18714 0.83130 
99	1	0.02566 0.70867 0.28249 0.00215 0.18775 0.85557 
100	2	0.01406 0.56010 0.48600 0.00157 0.17153 0.87997 
101	2	0.01464 0.70098 0.21165 0.00370 0.36119 0.74434 
102	2	0.01910 0.64079 0.15646 0.00560 0.39428 0.72499 
103	2	0.01328 0.87500 0.10238 0.00383 0.36475 0.71987 
104	2	0.00825 0.57815 0.21787 0.00201 0.24368 0.80334 
105	2	0.01305 0.85865 0.08581 0.00313 0.33256 0.73709 
106	2	0.01021 0.59189 0.29777 0.00481 0.39616 0.73797 
107	2	0.01118 0.38075 0.56441 0.00382 0.24698 0.85176 
108	2	0.00619 0.61121 0.19263 0.00213 0.15615 0.79797 
109	2	0.05703 0.70087 0.43230 0.00458 0.14775 0.89305 
110	2	0.04693 0.40394 0.37140 0.00720 0.26347 0.81650 
111	2	0.01561 0.85167 0.11872 0.00317 0.35307 0.76922 
112	2	0.01644 0.91031 0.07202 0.00349 0.37890 0.76183 
113	2	0.01433 0.59689 0.29452 0.00133 0.13032 0.88985 
114	2	0.01222 0.78565 0.32523 0.00096 0.12663 0.90111 
115	2	0.01042 0.86767 0.18344 0.00160 0.25344 0.84233 
116	2	0.01797 0.53861 0.36324 0.00333 0.24258 0.83463 
117	2	0.02965 0.55496 0.42031 0.00561 0.27167 0.79261 
118	2	0.00242 0.67867 0.30468 0.00092 0.17047 0.87668 
119	2	0.03702 0.79798 0.24765 0.00705 0.34591 0.74551 
120	2	0.04050 0.75520 0.14375 0.00719 0.38350 0.70799 
121	2	0.04279 0.72751 0.25118 0.01130 0.39095 0.68172 
122	2	0.02997 0.64716 0.29456 0.00504 0.27821 0.75865 
123	2	0.01243 0.76768 0.10555 0.00373 0.25540 0.72323 
124	2	0.04902 0.87172 0.18998 0.00616 0.30545 0.79186 
125	2	0.02971 0.88869 0.07016 0.00743 0.36860 0.71703 
126	2	0.02221 0.88484 0.02880 0.00938 0.58416 0.58525 
127	2	0.02119 0.80217 0.06693 0.00551 0.31490 0.68348 
128	2	0.02060 0.77058 0.29684 0.00309 0.24435 0.83524 
129	2	0.03279 0.76978 0.18042 0.00370 0.21363 0.80216 
130	2	0.01037 0.88156 0.10442 0.00324 0.36707 0.74715 
131	2	0.01907 0.95947 0.02938 0.00610 0.47555 0.66609 
132	2	0.00958 0.77066 0.18094 0.00274 0.31563 0.80785 
133	2	0.01034 0.87062 0.12007 0.00217 0.29430 0.79245 
134	2	0.00311 0.65530 0.24525 0.00052 0.08904 0.89635 
135	2	0.01771 0.81796 0.12048 0.00522 0.45073 0.74149 
136	2	0.01166 0.68299 0.19568 0.00364 0.33300 0.76158 
137	2	0.04581 0.65605 0.14806 0.01832 0.51766 0.59257 
138	2	0.03611 0.80916 0.08752 0.01389 0.54789 0.60380 
139	2	0.01130 0.62948 0.25903 0.00235 0.16047 0.80271 
140	2	0.01157 0.57928 0.55410 0.00095 0.13500 0.92405 
141	2	0.01199 0.73116 0.18918 0.00499 0.35919 0.75608 
142	2	0.00869 0.68314 0.19726 0.00321 0.30331 0.79161 
143	2	0.01087 0.93048 0.03445 0.00442 0.46553 0.66986 
144	2	0.06216 0.80416 0.29062 0.00647 0.18968 0.86518 
145	2	0.01015 0.89344 0.10158 0.00188 0.22757 0.79734 
146	2	0.02051 0.73940 0.12746 0.00451 0.27551 0.70059 
147	2	0.01371 0.52719 0.30354 0.00190 0.17967 0.86624 
148	2	0.06339 0.82282 0.14649 0.00693 0.30977 0.74687 
149	2	0.02248 0.55246 0.13125 0.00954 0.47534 0.62522 
150	2	0.01372 0.70667 0.19542 0.00330 0.34525 0.77819 
151	2	0.02347 0.56955 0.16556 0.00751 0.39530 0.71987 
152	2	0.01442 0.87084 0.05782 0.00702 0.34078 0.59870 
153	2	0.00108 0.65999 0.37199 0.00014 0.03714 0.95388 
154	2	0.02681 0.81184 0.17049 0.00327 0.27880 0.81442 
155	2	0.02140 0.78087 0.09145 0.00762 0.40072 0.66547 
156	2	0.06120 0.52155 0.16617 0.01895 0.48976 0.61233 
157	2	0.02415 0.65246 0.13743 0.00649 0.39564 0.69996 
158	2	0.06029 0.62390 0.27812 0.01372 0.34421 0.69300 
159	2	0.02833 0.71036 0.18261 0.00739 0.34678 0.71763 
160	2	0.00552 0.79752 0.30253 0.00061 0.11825 0.91368 
161	2	0.11820 0.64092 0.05146 0.03140 0.61665 0.49810 
162	2	0.01184 0.86644 0.10471 0.00436 0.46300 0.71432 
163	2	0.00690 0.82593 0.07996 0.00299 0.26038 0.73802 
164	2	0.00598 0.63404 0.23367 0.00188 0.14750 0.79623 
165	2	0.07365 0.56554 0.23246 0.01068 0.38348 0.69915 
166	2	0.03720 0.71380 0.21971 0.00679 0.35628 0.78425 
167	2	0.00484 0.81209 0.15273 0.00094 0.13676 0.83871 
168	2	0.04102 0.87213 0.13007 0.00863 0.36011 0.74611 
169	2	0.05452 0.75619 0.21886 0.01257 0.41554 0.73509 
170	2	0.00777 0.70025 0.26913 0.00083 0.15099 0.88571 
171	2	0.02498 0.59203 0.24341 0.00244 0.20739 0.82997 
172	2	0.02542 0.18413 0.31725 0.00603 0.29915 0.77276 
173	2	0.11061 0.79718 0.12617 0.02017 0.41295 0.67069 
174	2	0.00930 0.44040 0.35283 0.00153 0.18343 0.84440 
175	2	0.00922 0.68131 0.31974 0.00129 0.16693 0.89467 
176	2	0.01333 0.63269 0.24934 0.00282 0.22715 0.81100 
177	2	0.06271 0.70016 0.18671 0.01943 0.42428 0.68716 
178	2	0.01253 0.69883 0.29249 0.00348 0.28627 0.82464 
179	2	0.03741 0.79231 0.14654 0.00552 0.27085 0.77220 
180	2	0.03847 0.66263 0.12084 0.00975 0.40738 0.65150 
181	2	0.04862 0.60916 0.27701 0.01586 0.44696 0.68846 
182	2	0.01005 0.73116 0.28605 0.00165 0.12582 0.84608 
183	2	0.03564 0.66403 0.15330 0.00920 0.41982 0.67634 
184	2	0.01445 0.41557 0.32236 0.00427 0.30111 0.75487 
185	2	0.01374 0.69178 0.17429 0.00325 0.24286 0.75750 
186	2	0.02483 0.66273 0.07034 0.01108 0.55350 0.58936 
187	2	0.01816 0.81289 0.16972 0.00401 0.35482 0.75103 
188	2	0.01698 0.85383 0.14194 0.00354 0.39870 0.76807 
189	2	0.02277 0.90157 0.10340 0.00491 0.41863 0.72067 
190	2	0.00665 0.88668 0.13222 0.00165 0.29795 0.82520 
191	2	0.10799 0.26708 0.29430 0.03763 0.49916 0.61865 
192	2	0.04975 0.62725 0.18532 0.01234 0.43657 0.65895 
193	2	0.02654 0.46896 0.61403 0.00270 0.14114 0.90681 
194	2	0.04444 0.66240 0.18611 0.01433 0.57566 0.64399 
195	2	0.02997 0.59718 0.25853 0.00960 0.44895 0.70845 
196	2	0.02131 0.51139 0.67371 0.00124 0.07276 0.94037 
197	2	0.01542 0.76174 0.16346 0.00411 0.35405 0.74047 
198	2	0.00839 0.75651 0.21998 0.00289 0.27858 0.76361 
199	2	0.01172 0.94956 0.05334 0.00302 0.34291 0.71849 
200	3	0.02266 0.59369 0.31744 0.00594 0.31821 0.77867 
201	3	0.05567 0.86373 0.24817 0.00927 0.40320 0.71605 
202	3	0.03074 0.72460 0.29347 0.01051 0.45786 0.72808 
203	3	0.02382 0.63898 0.49146 0.00355 0.18084 0.87743 
204	3	0.01279 0.47203 0.42293 0.00254 0.19218 0.87711 
205	3	0.02191 0.48358 0.43291 0.00769 0.45294 0.74714 
206	3	0.11215 0.77290 0.33808 0.01463 0.21812 0.83922 
207	3	0.07853 0.94219 0.14490 0.01500 0.45905 0.70707 
208	3	0.09315 0.93064 0.10738 0.01382 0.38058 0.73173 
209	3	0.05296 0.80933 0.37215 0.00699 0.20316 0.85265 
210	3	0.03147 0.74726 0.46945 0.00364 0.17226 0.88068 
211	3	0.05255 0.61811 0.69611 0.00635 0.22309 0.88668 
212	3	0.05687 0.59830 0.54677 0.00425 0.12621 0.91591 
213	3	0.04731 0.75892 0.20196 0.01892 0.67183 0.59254 
214	3	0.03711 0.78675 0.17166 0.01375 0.65210 0.62307 
215	3	0.10208 0.79919 0.23383 0.01679 0.54369 0.67619 
216	3	0.07387 0.60568 0.85467 0.00943 0.20456 0.82296 
217	3	0.02166 0.75681 0.43133 0.00311 0.18936 0.87321 
218	3	0.02091 0.51871 0.60900 0.00211 0.21428 0.88192 
219	3	0.01509 0.71598 0.36909 0.00327 0.28149 0.83875 
220	3	0.09175 0.83172 0.11802 0.02367 0.69949 0.57182 
221	3	0.00492 0.46453 0.75194 0.00012 0.00398 0.99898 
222	3	0.01334 0.49517 0.49295 0.00244 0.17023 0.86804 
223	3	0.04876 0.86788 0.28871 0.01049 0.33179 0.71960 
224	3	0.03106 0.82676 0.15473 0.01070 0.64904 0.61599 
225	3	0.02488 0.71545 0.39134 0.00351 0.22100 0.84467 
226	3	0.02099 0.74283 0.38800 0.00375 0.24349 0.87264 
227	3	0.21829 0.72110 0.28159 0.05164 0.47517 0.67918 
228	3	0.14046 0.71118 0.38811 0.02433 0.34878 0.75031 
229	3	0.01606 0.71220 0.35773 0.00257 0.24618 0.85210 
230	3	0.02519 0.66705 0.46673 0.00251 0.21320 0.88708 
231	3	0.00319 0.45347 0.60294 0.00058 0.12574 0.93555 
232	3	0.02889 0.73166 0.26639 0.00537 0.31534 0.79025 
233	3	0.11713 0.82731 0.19840 0.01576 0.33737 0.78679 
234	3	0.50897 0.94069 0.03982 0.26671 0.92700 0.24825 
235	3	0.02491 0.71349 0.28551 0.00759 0.42114 0.74486 
236	3	0.02909 0.77895 0.15093 0.00267 0.24670 0.80292 
237	3	0.00155 0.58184 0.58268 0.00021 0.07714 0.96565 
238	3	0.02519 0.44673 0.57288 0.00154 0.13239 0.92794 
239	3	0.02443 0.60068 0.31564 0.00906 0.50486 0.71677 
240	3	0.00754 0.66498 0.43800 0.00085 0.13473 0.92497 
241	3	0.01556 0.54780 0.42929 0.00421 0.34789 0.80769 
242	3	0.02820 0.52605 0.28027 0.01113 0.54596 0.66596 
243	3	0.02010 0.51961 0.50845 0.00473 0.27206 0.84589 
244	3	0.05582 0.44295 0.55179 0.01328 0.35108 0.78760 
245	3	0.04506 0.53771 0.15956 0.00746 0.15255 0.66892 
246	3	0.02673 0.60695 0.45797 0.00254 0.18700 0.86517 
247	3	0.00516 0.53479 0.53628 0.00038 0.04219 0.95122 
248	3	0.03362 0.64424 0.34851 0.01215 0.49918 0.72206 
249	3	0.01907 0.58862 0.36199 0.00152 0.08892 0.89325 
250	3	0.18358 0.62400 0.40260 0.03623 0.30102 0.77410 
251	3	0.02485 0.55386 0.41739 0.00371 0.23565 0.82881 
252	3	0.05998 0.80765 0.28965 0.01317 0.41459 0.74179 
253	3	0.01872 0.71016 0.46152 0.00427 0.31120 0.81641 
254	3	0.08137 0.82063 0.34111 0.01049 0.25116 0.81845 
255	3	0.00375 0.51922 0.42094 0.00057 0.04229 0.90877 
256	3	0.11499 0.88430 0.22534 0.03032 0.40105 0.67892 
257	3	0.02307 0.77495 0.27714 0.00200 0.19427 0.85404 
258	3	0.05226 0.90269 0.17929 0.01541 0.46623 0.67030 
259	3	0.01912 0.75505 0.30452 0.00127 0.10775 0.92741 
260	3	0.00856 0.68231 0.27691 0.00064 0.06466 0.90148 
261	3	0.04512 0.60275 0.56091 0.00452 0.20102 0.88478 
262	3	0.04599 0.74561 0.47089 0.00657 0.30522 0.83190 
263	3	0.01639 0.72166 0.19085 0.00646 0.48898 0.69909 
264	3	0.02012 0.75181 0.19645 0.00859 0.55952 0.66076 
265	3	0.05256 0.85353 0.33318 0.00979 0.33775 0.74945 
266	3	0.01551 0.73242 0.29932 0.00126 0.14878 0.87141 
267	3	0.00055 0.73955 0.23177 0.00031 0.09232 0.91873 
268	3	0.05679 0.80487 0.16106 0.00672 0.33043 0.74605 
269	3	0.02795 0.68146 0.45019 0.00249 0.12899 0.89729 
270	3	0.02768 0.79313 0.24031 0.00598 0.38885 0.76144 
271	3	0.05144 0.76132 0.25160 0.01456 0.48448 0.71426 
272	3	0.06600 0.70333 0.35495 0.01598 0.43372 0.74022 
273	3	0.35245 0.62251 0.33283 0.12793 0.38685 0.62133 
274	3	0.34012 0.85184 0.18186 0.12815 0.52181 0.53061 
275	3	0.03032 0.46201 0.71412 0.00550 0.28341 0.84468 
276	3	0.26697 0.91791 0.18097 0.08452 0.48457 0.56755 
277	3	0.02342 0.56956 0.38840 0.00124 0.14654 0.90669 
278	3	0.03165 0.75862 0.27188 0.01005 0.44417 0.69823 
279	3	0.02468 0.78563 0.24896 0.00425 0.34796 0.78868 
280	3	0.02888 0.71049 0.29134 0.00666 0.39340 0.78322 
281	3	0.02171 0.77663 0.34514 0.00357 0.23149 0.83907 
282	3	0.00070 0.58211 0.40833 0.00012 0.00000 0.96161 
283	3	0.04250 0.88564 0.24170 0.00826 0.35789 0.77438 
284	3	0.01383 0.74213 0.41104 0.00164 0.16908 0.90625 
285	3	0.02894 0.62606 0.38185 0.00582 0.23522 0.84776 
286	3	0.03236 0.59118 0.40927 0.00659 0.28191 0.80845 
287	3	0.02320 0.70607 0.36672 0.00238 0.16521 0.89381 
288	3	0.03459 0.52795 0.44482 0.00653 0.27470 0.83331 
289	3	0.02324 0.64002 0.29819 0.00445 0.30432 0.81377 
290	3	0.01569 0.85945 0.20600 0.00329 0.24744 0.80211 
291	3	0.00269 0.62109 0.30507 0.00036 0.07109 0.92599 
292	3	0.06883 0.86723 0.25994 0.01230 0.43921 0.74253 
293	3	0.03328 0.58389 0.29446 0.01257 0.44389 0.72855 
294	3	0.04253 0.86047 0.18304 0.01242 0.45721 0.72107 
295	3	0.35170 0.90221 0.07868 0.12668 0.47558 0.57421 
296	3	0.00257 0.87552 0.12135 0.00065 0.17297 0.87363 
297	3	0.28207 0.96675 0.06931 0.08414 0.47134 0.62904 
298	3	0.03535 0.65864 0.31933 0.00911 0.36415 0.76725 
299	3	0.03653 0.82893 0.26667 0.00862 0.46713 0.73512 
300	4	0.02797 0.66138 0.42471 0.00494 0.28274 0.79328 
301	4	0.03380 0.83416 0.26365 0.00690 0.35281 0.71792 
302	4	0.01534 0.65052 0.53866 0.00274 0.24952 0.84861 
303	4	0.11719 0.54480 0.56043 0.01730 0.29653 0.76746 
304	4	0.09591 0.80341 0.26608 0.01423 0.41793 0.68327 
305	4	0.01424 0.63735 0.51688 0.00232 0.22347 0.85303 
306	4	0.08866 0.76857 0.46741 0.01688 0.31917 0.76638 
307	4	0.01353 0.50066 0.68183 0.00054 0.07956 0.95531 
308	4	0.01636 0.68503 0.51540 0.00240 0.23828 0.85302 
309	4	0.01474 0.83497 0.28417 0.00301 0.38352 0.79896 
310	4	0.03305 0.57614 0.72066 0.00572 0.24918 0.81827 
311	4	0.01339 0.71066 0.41384 0.00265 0.32811 0.80744 
312	4	0.01484 0.67858 0.45989 0.00149 0.23547 0.87572 
313	4	0.01759 0.79572 0.39279 0.00289 0.30409 0.82742 
314	4	0.01160 0.76356 0.39690 0.00208 0.25837 0.82323 
315	4	0.02391 0.65178 0.58434 0.00265 0.21825 0.85473 
316	4	0.05081 0.86875 0.29726 0.00792 0.35243 0.72936 
317	4	0.03579 0.39161 0.52549 0.00633 0.23459 0.77676 
318	4	0.02048 0.62063 0.39409 0.00271 0.21179 0.81324 
319	4	0.00974 0.60517 0.44410 0.00194 0.20243 0.85663 
320	4	0.04632 0.73933 0.52275 0.00687 0.26789 0.79400 
321	4	0.03776 0.49760 0.84051 0.00467 0.23820 0.82938 
322	4	0.03426 0.70380 0.51014 0.00556 0.22657 0.77628 
323	4	0.02377 0.70090 0.57281 0.00379 0.23862 0.80804 
324	4	0.11666 0.68688 0.41953 0.01609 0.32797 0.76635 
325	4	0.01986 0.66582 0.60484 0.00287 0.22741 0.84758 
326	4	0.05910 0.67981 0.41390 0.00655 0.31497 0.78769 
327	4	0.07452 0.67121 0.55807 0.01279 0.28228 0.76804 
328	4	0.02500 0.64067 0.40594 0.00376 0.24135 0.82149 
329	4	0.05550 0.60981 0.63184 0.00593 0.19796 0.82501 
330	4	0.05182 0.78759 0.36250 0.00918 0.37152 0.73460 
331	4	0.01703 0.75685 0.33038 0.00263 0.25566 0.84189 
332	4	0.06960 0.78780 0.35565 0.00916 0.37477 0.78280 
333	4	0.02188 0.67791 0.47449 0.00337 0.27653 0.85261 
334	4	0.09717 0.76407 0.48066 0.01631 0.32814 0.75880 
335	4	0.05854 0.73846 0.58689 0.00870 0.34924 0.77836 
336	4	0.01986 0.66594 0.52888 0.00207 0.15940 0.88055 
337	4	0.03809 0.75813 0.40234 0.00611 0.33249 0.78268 
338	4	0.01571 0.65726 0.40852 0.00300 0.27373 0.84647 
339	4	0.03829 0.74919 0.36236 0.00595 0.30751 0.77299 
340	4	0.01778 0.64708 0.55632 0.00256 0.22647 0.86130 
341	4	0.04697 0.76279 0.39295 0.00570 0.30930 0.76589 
342	4	0.03036 0.69408 0.58684 0.00481 0.27685 0.79487 
343	4	0.02059 0.48218 0.59232 0.00363 0.21844 0.86393 
344	4	0.06202 0.71385 0.29948 0.00927 0.32436 0.73321 
345	4	0.03417 0.67924 0.54640 0.00506 0.29011 0.81309 
346	4	0.06457 0.76660 0.36177 0.00800 0.31192 0.76565 
347	4	0.02863 0.65940 0.43027 0.00471 0.30297 0.81898 
348	4	0.01983 0.62101 0.52369 0.00172 0.15475 0.89865 
349	4	0.01121 0.55031 0.44506 0.00150 0.18695 0.87642 
350	4	0.01233 0.62674 0.36558 0.00169 0.22827 0.85552 
351	4	0.05317 0.69720 0.59934 0.00719 0.26267 0.79193 
352	4	0.03709 0.67452 0.52929 0.00343 0.20208 0.87307 
353	4	0.03094 0.65711 0.44040 0.00381 0.19431 0.83954 
354	4	0.02036 0.79735 0.27732 0.00404 0.33146 0.79236 
355	4	0.01146 0.47544 0.59565 0.00114 0.11357 0.92544 
356	4	0.07699 0.79687 0.36843 0.01067 0.29358 0.78328 
357	4	0.09874 0.79439 0.38518 0.01996 0.39041 0.71558 
358	4	0.06814 0.71152 0.37805 0.00861 0.28289 0.76205 
359	4	0.00751 0.66360 0.40094 0.00160 0.23481 0.85909 
360	4	0.01231 0.64282 0.39979 0.00091 0.09456 0.88663 
361	4	0.09473 0.78860 0.36693 0.01823 0.33763 0.74947 
362	4	0.04737 0.73400 0.51552 0.00548 0.26358 0.81242 
363	4	0.05910 0.70373 0.46870 0.01123 0.38359 0.75986 
364	4	0.05546 0.83337 0.34171 0.01390 0.42367 0.73751 
365	4	0.01057 0.27580 0.74459 0.00065 0.05454 0.97190 
366	4	0.03162 0.62725 0.37345 0.00368 0.20085 0.80770 
367	4	0.01128 0.66016 0.61989 0.00221 0.22758 0.87449 
368	4	0.05231 0.70099 0.47776 0.01301 0.39723 0.71053 
369	4	0.00698 0.41682 0.73914 0.00087 0.05126 0.90712 
370	4	0.01209 0.59375 0.41605 0.00168 0.20475 0.87064 
371	4	0.05329 0.65017 0.54252 0.01076 0.40501 0.73690 
372	4	0.07045 0.61972 0.71038 0.00849 0.24723 0.79379 
373	4	0.08122 0.80899 0.28661 0.01256 0.43477 0.73575 
374	4	0.05490 0.78793 0.42159 0.00515 0.24283 0.84153 
375	4	0.03823 0.75266 0.33472 0.00639 0.31152 0.76649 
376	4	0.03609 0.78819 0.30377 0.00663 0.31889 0.73407 
377	4	0.01850 0.63258 0.41827 0.00249 0.24900 0.84583 
378	4	0.03115 0.78002 0.36663 0.00743 0.38772 0.76292 
379	4	0.00883 0.62202 0.47728 0.00179 0.21982 0.87919 
380	4	0.02689 0.74530 0.38832 0.00576 0.36163 0.78215 
381	4	0.02056 0.67454 0.59149 0.00232 0.22004 0.85290 
382	4	0.01395 0.77360 0.39889 0.00354 0.36008 0.79410 
383	4	0.04591 0.66065 0.57826 0.00488 0.17329 0.86765 
384	4	0.04197 0.65288 0.52559 0.00591 0.28710 0.83892 
385	4	0.07860 0.86965 0.22914 0.01487 0.49666 0.63746 
386	4	0.05673 0.75385 0.46182 0.01044 0.39973 0.74455 
387	4	0.02730 0.71103 0.44503 0.00313 0.27627 0.83969 
388	4	0.03150 0.69225 0.38638 0.00471 0.29892 0.81388 
389	4	0.01722 0.80164 0.29458 0.00226 0.27869 0.84572 
390	4	0.05190 0.64963 0.58750 0.00688 0.23908 0.77868 
391	4	0.00892 0.81055 0.32967 0.00209 0.25461 0.83144 
392	4	0.07722 0.74602 0.47465 0.00942 0.32330 0.79494 
393	4	0.01002 0.62157 0.48709 0.00113 0.11546 0.90513 
394	4	0.01786 0.59619 0.48559 0.00169 0.15405 0.87231 
395	4	0.00837 0.48562 0.72334 0.00063 0.07940 0.93992 
396	4	0.02539 0.68408 0.42394 0.00181 0.17010 0.87969 
397	4	0.01878 0.61724 0.49400 0.00250 0.16964 0.83655 
398	4	0.04180 0.60495 0.54516 0.00562 0.23322 0.79755 
399	4	0.01074 0.54502 0.65893 0.00095 0.15551 0.92641 
400	5	0.76916 0.79775 0.18483 0.59839 0.88195 0.15057 
401	5	0.77188 0.83145 0.18290 0.60018 0.79747 0.21868 
402	5	0.54012 0.90301 0.09890 0.31880 0.70880 0.34276 
403	5	0.65734 0.78746 0.15003 0.47107 0.87245 0.13950 
404	5	0.65616 0.85592 0.15934 0.45986 0.80617 0.21277 
405	5	0.61579 0.85768 0.14939 0.39134 0.81497 0.25959 
406	5	0.62746 0.83311 0.18214 0.41893 0.82558 0.22572 
407	5	0.46806 0.79046 0.14069 0.33939 0.85864 0.19948 
408	5	0.55794 0.90725 0.15687 0.31283 0.59614 0.41847 
409	5	0.78696 0.77557 0.30974 0.63152 0.85623 0.17042 
410	5	0.45707 0.86659 0.28032 0.23041 0.75119 0.33084 
411	5	0.39860 0.83432 0.16135 0.22034 0.70774 0.35646 
412	5	0.44269 0.89814 0.10731 0.22801 0.74554 0.33234 
413	5	0.45958 0.68639 0.24750 0.33075 0.86293 0.18834 
414	5	0.39093 0.80938 0.28379 0.23313 0.77100 0.30788 
415	5	0.25680 0.72838 0.26398 0.12574 0.79152 0.31761 
416	5	0.86135 0.66201 0.32059 0.74223 0.87813 0.12065 
417	5	0.39596 0.75201 0.26875 0.27039 0.81870 0.26811 
418	5	0.69901 0.79950 0.24879 0.49328 0.80907 0.23576 
419	5	0.84943 0.78553 0.27572 0.72042 0.82656 0.17042 
420	5	1.00000 0.80527 0.12357 1.00000 0.97245 0.00000 
421	5	0.69887 0.72170 0.25032 0.49507 0.83744 0.18981 
422	5	0.41617 0.84298 0.27942 0.19533 0.65232 0.39847 
423	5	0.44225 0.64407 0.22995 0.25493 0.91804 0.16828 
424	5	0.36890 0.84869 0.18194 0.16712 0.67263 0.38558 
425	5	0.13480 0.68128 0.23626 0.05507 0.61816 0.37581 
426	5	0.40598 0.89039 0.20108 0.22051 0.69748 0.36595 
427	5	0.76214 0.77585 0.19451 0.67547 0.95018 0.05671 
428	5	0.44134 0.85874 0.18670 0.24949 0.73421 0.33978 
429	5	0.50776 0.90411 0.08085 0.39143 0.88993 0.14384 
430	5	0.30638 0.81770 0.15527 0.21272 0.79479 0.28503 
431	5	0.36534 0.74273 0.13944 0.26605 0.89859 0.15282 
432	5	0.59679 0.83837 0.17537 0.39928 0.79140 0.25105 
433	5	0.55952 0.81491 0.18020 0.37509 0.78120 0.25607 
434	5	0.36970 0.74387 0.15288 0.24406 0.89130 0.17221 
435	5	0.65524 0.75336 0.16911 0.45395 0.83034 0.19539 
436	5	0.83803 0.86094 0.16385 0.69998 0.78334 0.19579 
437	5	0.78473 0.85838 0.11041 0.61583 0.79826 0.19803 
438	5	0.64540 0.83956 0.18624 0.43970 0.79138 0.24466 
439	5	0.87250 0.67032 0.15996 0.76542 0.92002 0.07244 
440	5	0.82351 0.86215 0.17623 0.67862 0.79351 0.20059 
441	5	0.69400 0.81869 0.15967 0.48587 0.75715 0.27039 
442	5	0.67288 0.84096 0.17747 0.47439 0.81989 0.20404 
443	5	0.54688 0.88328 0.15151 0.31702 0.72640 0.33823 
444	5	0.50464 0.84085 0.15276 0.28809 0.70773 0.30545 
445	5	0.55403 0.81238 0.23776 0.32863 0.74778 0.29006 
446	5	0.53399 0.85648 0.13458 0.37967 0.83469 0.21013 
447	5	0.47141 0.86284 0.15045 0.30010 0.80533 0.26262 
448	5	0.87488 0.82053 0.17043 0.76619 0.85255 0.13927 
449	5	0.75192 0.90544 0.15211 0.56451 0.72172 0.27004 
450	5	0.48762 0.86467 0.11395 0.29183 0.81871 0.23859 
451	5	0.47027 0.83486 0.15266 0.28417 0.74951 0.28775 
452	5	0.80328 0.85715 0.18867 0.64348 0.75456 0.22280 
453	5	0.85162 0.79967 0.18320 0.73452 0.90687 0.09286 
454	5	0.85535 0.86206 0.14270 0.73583 0.86434 0.13231 
455	5	0.58180 0.91993 0.17260 0.34269 0.63068 0.40640 
456	5	0.60517 0.86761 0.13547 0.50223 0.92483 0.09611 
457	5	0.65192 0.88127 0.12754 0.43966 0.82820 0.22395 
458	5	0.63616 0.76985 0.26929 0.40553 0.63670 0.37828 
459	5	0.69790 0.80176 0.23014 0.48752 0.70251 0.29882 
460	5	0.80745 0.81407 0.16394 0.67557 0.91621 0.08850 
461	5	0.41448 0.88737 0.15470 0.23754 0.68382 0.36916 
462	5	0.74662 0.85232 0.16936 0.55789 0.76166 0.22893 
463	5	0.75493 0.79456 0.13837 0.58858 0.86376 0.14999 
464	5	0.93414 0.85426 0.17435 0.87448 0.91943 0.05537 
465	5	0.47442 0.83469 0.19277 0.30177 0.81767 0.21342 
466	5	0.53021 0.76693 0.18035 0.30679 0.80315 0.25517 
467	5	0.88338 0.83600 0.15334 0.78077 0.91131 0.09453 
468	5	0.80261 0.87341 0.13032 0.64521 0.82284 0.17236 
469	5	0.68337 0.84120 0.08534 0.53083 1.00000 0.05156 
470	5	0.77808 0.87361 0.15063 0.60693 0.79349 0.22459 
471	5	0.70923 0.88359 0.15543 0.50450 0.75123 0.24521 
472	5	0.87219 0.83687 0.15078 0.76005 0.85394 0.12495 
473	5	0.67560 0.87871 0.12618 0.52109 0.85479 0.19502 
474	5	0.90524 0.79267 0.14315 0.81759 0.88786 0.09753 
475	5	0.59978 0.85768 0.29804 0.36655 0.74833 0.30275 
476	5	0.74589 0.81733 0.15075 0.55728 0.78888 0.21999 
477	5	0.76178 0.84560 0.09690 0.60621 0.89663 0.10174 
478	5	0.45539 0.82826 0.14202 0.24806 0.76602 0.27137 
479	5	0.42123 0.84011 0.15696 0.30173 0.78458 0.25209 
480	5	0.56496 0.86725 0.13546 0.40528 0.85954 0.17919 
481	5	0.87760 0.80403 0.14764 0.78056 0.93471 0.05632 
482	5	0.42373 0.89055 0.12212 0.23204 0.72917 0.32702 
483	5	0.74832 0.81237 0.15032 0.57885 0.87223 0.14148 
484	5	0.79329 0.87076 0.13087 0.63202 0.84561 0.16845 
485	5	0.39051 0.85465 0.21753 0.20194 0.63611 0.41186 
486	5	0.61226 0.85012 0.21329 0.38091 0.73086 0.31373 
487	5	0.67375 0.82112 0.17609 0.47994 0.84924 0.18989 
488	5	0.78246 0.86691 0.13303 0.61833 0.85848 0.16349 
489	5	0.83605 0.85745 0.14824 0.71420 0.89993 0.09041 
490	5	0.79425 0.86614 0.11092 0.63130 0.79772 0.20094 
491	5	0.60067 0.87520 0.13072 0.44175 0.86499 0.16458 
492	5	0.35132 0.87933 0.14766 0.18855 0.71950 0.30353 
493	5	0.53662 0.82314 0.10612 0.31150 0.79481 0.21574 
494	5	0.70357 0.82856 0.12262 0.51576 0.86135 0.13435 
495	5	0.74291 0.87446 0.11518 0.55530 0.80704 0.21099 
496	5	0.77843 0.79389 0.14967 0.61656 0.88622 0.11970 
497	5	0.74671 0.88034 0.10209 0.55920 0.78638 0.23180 
498	5	0.80606 0.83558 0.12442 0.65634 0.90479 0.12118 
499	5	0.55500 0.86734 0.15223 0.37189 0.81139 0.22778 
500	6	0.02400 0.85729 0.21852 0.00331 0.25561 0.83839 
501	6	0.01700 0.75840 0.31498 0.00079 0.08536 0.93901 
502	6	0.03060 0.74648 0.37338 0.00358 0.23806 0.87774 
503	6	0.00339 0.82706 0.19560 0.00044 0.11075 0.90888 
504	6	0.01275 0.73721 0.27584 0.00150 0.17472 0.87630 
505	6	0.27695 0.95082 0.10860 0.08269 0.40808 0.61593 
506	6	0.01027 0.82104 0.18853 0.00106 0.16150 0.86664 
507	6	0.09467 0.89079 0.15443 0.01615 0.39168 0.73503 
508	6	0.07207 0.84727 0.22290 0.01087 0.28965 0.78429 
509	6	0.00746 0.79913 0.13750 0.00163 0.17725 0.82766 
510	6	0.00375 0.71540 0.20955 0.00088 0.12885 0.86722 
511	6	0.03526 0.87859 0.14676 0.00375 0.20374 0.77977 
512	6	0.00073 0.59069 0.36306 0.00009 0.01796 0.96088 
513	6	0.01986 0.56161 0.31863 0.00141 0.13458 0.88988 
514	6	0.00381 0.72880 0.10981 0.00152 0.16982 0.79960 
515	6	0.01742 0.75041 0.20591 0.00153 0.11283 0.84548 
516	6	0.00596 0.83973 0.23353 0.00096 0.20753 0.87939 
517	6	0.01419 0.89457 0.19367 0.00250 0.26868 0.83578 
518	6	0.00029 0.75738 0.24983 0.00021 0.06905 0.93322 
519	6	0.00237 0.72987 0.25348 0.00050 0.13749 0.90000 
520	6	0.00192 0.87857 0.13473 0.00076 0.18545 0.86240 
521	6	0.02547 0.81209 0.19025 0.00228 0.17604 0.84163 
522	6	0.09491 0.89998 0.12105 0.01076 0.25793 0.78345 
523	6	0.06308 0.84672 0.16222 0.01191 0.37052 0.73902 
524	6	0.02548 0.87602 0.18990 0.00351 0.24292 0.83673 
525	6	0.01299 0.72705 0.24510 0.00123 0.14879 0.88540 
526	6	0.01368 0.67638 0.40436 0.00112 0.12585 0.92721 
527	6	0.02133 0.80850 0.23242 0.00255 0.20973 0.85525 
528	6	0.00164 0.87766 0.14505 0.00062 0.16813 0.87883 
529	6	0.02673 0.76839 0.16963 0.00234 0.20777 0.82314 
530	6	0.03282 0.92432 0.09960 0.00448 0.32611 0.78669 
531	6	0.00198 0.60650 0.24301 0.00048 0.05085 0.89592 
532	6	0.04374 0.75073 0.16454 0.00791 0.33801 0.75033 
533	6	0.02113 0.68644 0.30356 0.00273 0.15733 0.87097 
534	6	0.00193 0.82584 0.18454 0.00054 0.12360 0.89518 
535	6	0.01057 0.85796 0.13557 0.00110 0.16245 0.85295 
536	6	0.00742 0.72785 0.10583 0.00306 0.30696 0.74199 
537	6	0.01988 0.73336 0.25049 0.00168 0.15455 0.88027 
538	6	0.00514 0.64684 0.37793 0.00048 0.10247 0.92846 
539	6	0.03718 0.78252 0.23009 0.00541 0.23012 0.81662 
540	6	0.13257 0.58907 0.38814 0.03410 0.35146 0.73448 
541	6	0.00296 0.80370 0.11429 0.00115 0.14170 0.82602 
542	6	0.00664 0.75878 0.28606 0.00068 0.13130 0.91365 
543	6	0.00075 0.77694 0.25254 0.00031 0.10848 0.91857 
544	6	0.01369 0.84739 0.13581 0.00194 0.22564 0.82591 
545	6	0.01827 0.48047 0.36613 0.00144 0.12843 0.89338 
546	6	0.00386 0.79820 0.21383 0.00088 0.14610 0.86571 
547	6	0.09459 0.74543 0.18183 0.02139 0.30214 0.72340 
548	6	0.06023 0.93980 0.07355 0.00773 0.40862 0.73455 
549	6	0.00301 0.84519 0.23733 0.00044 0.12072 0.91558 
550	6	0.10527 0.93194 0.10664 0.01843 0.32619 0.72421 
551	6	0.00407 0.81265 0.22628 0.00082 0.16859 0.88780 
552	6	0.08569 0.50229 0.46166 0.01693 0.26294 0.81672 
553	6	0.04059 0.90710 0.11647 0.00867 0.43190 0.70842 
554	6	0.04191 0.89423 0.12153 0.00347 0.22948 0.80268 
555	6	0.01912 0.84747 0.20066 0.00151 0.19109 0.86669 
556	6	0.21380 0.62562 0.39609 0.05896 0.39755 0.69356 
557	6	0.00273 0.73669 0.26709 0.00036 0.08707 0.93055 
558	6	0.00111 0.65774 0.29793 0.00036 0.04628 0.91476 
559	6	0.01836 0.80304 0.20424 0.00343 0.28006 0.84061 
560	6	0.00269 0.71733 0.28932 0.00046 0.11654 0.91800 
561	6	0.03286 0.94725 0.06890 0.00722 0.48344 0.69589 
562	6	0.00499 0.82038 0.11873 0.00137 0.16723 0.81616 
563	6	0.00352 0.25640 0.61120 0.00014 0.00895 0.97264 
564	6	0.04415 0.81376 0.20122 0.00368 0.19108 0.84440 
565	6	0.11140 0.77617 0.12340 0.02615 0.52981 0.62271 
566	6	0.00827 0.90827 0.11467 0.00080 0.19420 0.85871 
567	6	0.00375 0.82995 0.18779 0.00043 0.11184 0.90737 
568	6	0.00292 0.84756 0.11285 0.00080 0.14791 0.84805 
569	6	0.00160 0.78849 0.20140 0.00048 0.13761 0.89186 
570	6	0.06451 0.86137 0.10851 0.01672 0.37379 0.68176 
571	6	0.00245 0.54710 0.40331 0.00050 0.10674 0.93074 
572	6	0.00123 0.74011 0.23434 0.00032 0.06730 0.92460 
573	6	0.10987 0.55043 0.45783 0.02313 0.30633 0.78837 
574	6	0.00149 0.84992 0.16705 0.00052 0.13642 0.88653 
575	6	0.01206 0.76067 0.20417 0.00116 0.11637 0.85501 
576	6	0.00411 0.78563 0.13534 0.00092 0.13684 0.84526 
577	6	0.01184 0.59220 0.33167 0.00142 0.17139 0.88241 
578	6	0.03265 0.82498 0.28191 0.00414 0.22736 0.85591 
579	6	0.04447 0.95076 0.07110 0.00735 0.35156 0.72144 
580	6	0.03797 0.79465 0.22759 0.00212 0.11999 0.88569 
581	6	0.00173 0.74097 0.37176 0.00020 0.03817 0.95775 
582	6	0.02343 0.90122 0.12556 0.00534 0.32350 0.77382 
583	6	0.00170 0.70576 0.32965 0.00023 0.06014 0.94860 
584	6	0.04562 0.88787 0.13800 0.00944 0.37042 0.72311 
585	6	0.03840 0.96781 0.08199 0.00901 0.45050 0.69019 
586	6	0.03739 0.88544 0.16234 0.01270 0.41987 0.69536 
587	6	0.00154 0.76167 0.18918 0.00043 0.09583 0.90397 
588	6	0.00711 0.74691 0.21133 0.00067 0.11590 0.89382 
589	6	0.04367 0.86163 0.20341 0.00923 0.37612 0.72910 
590	6	0.06181 0.91471 0.09551 0.00872 0.34337 0.76087 
591	6	0.01564 0.94214 0.09881 0.00309 0.33736 0.78650 
592	6	0.04506 0.86699 0.18453 0.01138 0.37922 0.71044 
593	6	0.02133 0.88421 0.14425 0.00634 0.36027 0.73020 
594	6	0.00248 0.72692 0.19116 0.00067 0.10538 0.88238 
595	6	0.04367 0.86381 0.19483 0.01126 0.40664 0.70847 
596	6	0.03499 0.96047 0.10442 0.00896 0.38983 0.71989 
597	6	0.03388 0.86644 0.14773 0.00324 0.19636 0.84848 
598	6	0.03624 0.86559 0.14065 0.00834 0.41098 0.72914 
599	6	0.09082 0.93054 0.11631 0.03540 0.56176 0.54803 
600	7	0.08704 0.96538 0.05105 0.01714 0.54351 0.59476 
601	7	0.01892 0.89713 0.04769 0.00397 0.40196 0.68706 
602	7	0.03592 0.82784 0.04857 0.01049 0.51065 0.58766 
603	7	0.24178 0.84016 0.06790 0.06703 0.54825 0.52929 
604	7	0.25980 0.97782 0.05480 0.13001 0.73826 0.39336 
605	7	0.01427 0.89936 0.09679 0.00376 0.35891 0.71799 
606	7	0.06375 0.93330 0.08403 0.01189 0.49271 0.65439 
607	7	0.04817 0.96370 0.04531 0.00917 0.46100 0.69644 
608	7	0.02668 0.86877 0.05959 0.00827 0.44374 0.63239 
609	7	0.21141 0.96817 0.06206 0.05591 0.61438 0.53850 
610	7	0.13407 0.92889 0.04027 0.02941 0.53471 0.57842 
611	7	0.25999 0.97118 0.06593 0.10083 0.65496 0.46110 
612	7	0.09273 0.97112 0.05125 0.02894 0.53908 0.59890 
613	7	0.30606 0.93202 0.10210 0.13706 0.65093 0.42923 
614	7	0.09145 0.93862 0.06474 0.01958 0.51695 0.62244 
615	7	0.25522 0.97123 0.06116 0.08350 0.60832 0.51262 
616	7	0.07921 0.89314 0.00000 0.03470 0.70789 0.40147 
617	7	0.33499 0.95880 0.09286 0.14146 0.65992 0.44694 
618	7	0.03920 0.90667 0.04659 0.00988 0.43063 0.63539 
619	7	0.01792 0.90169 0.07305 0.00252 0.29565 0.76132 
620	7	0.07352 0.87146 0.07131 0.01527 0.45984 0.63278 
621	7	0.09215 0.91793 0.05363 0.02105 0.48459 0.60891 
622	7	0.16915 0.84976 0.13619 0.06859 0.62357 0.50232 
623	7	0.05622 0.94855 0.05417 0.01026 0.54085 0.62120 
624	7	0.04068 0.90623 0.06502 0.00521 0.37370 0.71778 
625	7	0.42255 0.97603 0.07524 0.24394 0.81139 0.30508 
626	7	0.07610 0.78723 0.05490 0.02034 0.51344 0.56250 
627	7	0.22770 0.98295 0.06304 0.07226 0.67487 0.47291 
628	7	0.08624 0.96324 0.05753 0.02026 0.59197 0.58991 
629	7	0.20609 0.89326 0.05795 0.05038 0.54323 0.57252 
630	7	0.14394 0.89633 0.06088 0.02688 0.47192 0.62659 
631	7	0.07928 0.94128 0.08722 0.02716 0.63419 0.58211 
632	7	0.05050 0.94356 0.08707 0.01414 0.49861 0.63608 
633	7	0.24184 0.97955 0.05573 0.06609 0.59189 0.56072 
634	7	0.04718 0.92940 0.02684 0.01002 0.46701 0.61873 
635	7	0.05860 0.88700 0.06885 0.01282 0.52430 0.62247 
636	7	0.08036 0.96297 0.04506 0.01608 0.44204 0.65821 
637	7	0.27095 0.84631 0.08309 0.07705 0.53352 0.56661 
638	7	0.09865 0.96262 0.07572 0.02100 0.46412 0.64632 
639	7	0.05361 0.90692 0.04051 0.01438 0.60704 0.59027 
640	7	0.07900 0.82126 0.06999 0.02762 0.60387 0.55825 
641	7	0.10544 0.95551 0.06471 0.02244 0.61738 0.58167 
642	7	0.10720 0.97043 0.06962 0.02916 0.58956 0.57864 
643	7	0.06978 0.91822 0.00736 0.01701 0.55359 0.52346 
644	7	0.18266 0.96033 0.06174 0.04738 0.61860 0.50689 
645	7	0.12631 0.87360 0.05073 0.03592 0.59986 0.53735 
646	7	0.03314 0.82697 0.09271 0.00605 0.38668 0.70626 
647	7	0.25711 0.97895 0.05017 0.09781 0.69849 0.44642 
648	7	0.28712 0.96070 0.03600 0.11963 0.63455 0.45769 
649	7	0.40864 0.89744 0.10168 0.20688 0.72266 0.36681 
650	7	0.05519 0.94625 0.00456 0.02020 0.69115 0.45977 
651	7	0.08842 0.94075 0.09165 0.01945 0.51389 0.62318 
652	7	0.04029 0.91928 0.04473 0.01143 0.50361 0.60451 
653	7	0.28920 0.92026 0.10180 0.09585 0.60628 0.52234 
654	7	0.00768 0.84799 0.09954 0.00203 0.29554 0.77660 
655	7	0.15568 0.95486 0.04099 0.04202 0.59654 0.52182 
656	7	0.27824 0.98547 0.04185 0.14579 0.74282 0.37586 
657	7	0.04297 0.79412 0.01451 0.01590 0.49423 0.49598 
658	7	0.24773 0.97054 0.07120 0.09472 0.69649 0.42838 
659	7	0.14818 0.91986 0.04931 0.07466 0.66091 0.43135 
660	7	0.42482 0.96037 0.04257 0.32032 0.78978 0.26314 
661	7	0.26707 0.92891 0.12062 0.08434 0.54522 0.53753 
662	7	0.16946 0.81758 0.05257 0.05583 0.67745 0.39195 
663	7	0.20622 0.84391 0.03900 0.06068 0.67553 0.45635 
664	7	0.34719 0.91026 0.11497 0.20435 0.73099 0.33685 
665	7	0.14221 0.95442 0.04091 0.04275 0.62982 0.51089 
666	7	0.06743 0.94350 0.05097 0.01792 0.51585 0.61822 
667	7	0.05694 0.96558 0.03006 0.00790 0.43615 0.67104 
668	7	0.03012 0.84374 0.05687 0.00876 0.45798 0.62586 
669	7	0.01956 0.87747 0.03104 0.00642 0.44618 0.62146 
670	7	0.10236 0.92274 0.13047 0.01944 0.52819 0.63211 
671	7	0.13289 0.91803 0.11449 0.04741 0.49844 0.57998 
672	7	0.02588 0.88543 0.09602 0.00392 0.31766 0.76560 
673	7	0.05146 0.76513 0.06773 0.00918 0.35605 0.65945 
674	7	0.04938 0.92104 0.06300 0.00754 0.42262 0.68168 
675	7	0.10293 0.94632 0.07058 0.02522 0.57818 0.56788 
676	7	0.01081 0.91661 0.04195 0.00433 0.43388 0.68224 
677	7	0.07858 0.94450 0.00073 0.03070 0.80556 0.40870 
678	7	0.13638 0.95687 0.00211 0.08738 0.90551 0.26959 
679	7	0.14304 0.96897 0.03418 0.05385 0.76521 0.46848 
680	7	0.02372 0.93393 0.02227 0.00634 0.52153 0.62403 
681	7	0.06836 0.91776 0.02388 0.02932 0.81198 0.42012 
682	7	0.04100 0.94578 0.00813 0.01711 0.74050 0.47952 
683	7	0.03221 0.81071 0.12649 0.00674 0.46170 0.70305 
684	7	0.21925 0.92864 0.06148 0.11094 0.67925 0.43704 
685	7	0.06734 0.91792 0.11262 0.01593 0.47990 0.62225 
686	7	0.05538 0.87695 0.06168 0.01462 0.45597 0.62136 
687	7	0.03926 0.82232 0.11961 0.01289 0.47239 0.63872 
688	7	0.27913 0.72057 0.08193 0.10162 0.64014 0.37025 
689	7	0.17478 0.90080 0.15288 0.03485 0.38812 0.69701 
690	7	0.03411 0.75145 0.14241 0.00404 0.23609 0.77101 
691	7	0.04893 0.84358 0.04528 0.01284 0.48031 0.61533 
692	7	0.03364 0.97247 0.05967 0.00594 0.42609 0.70721 
693	7	0.00681 0.71385 0.13659 0.00249 0.22258 0.77029 
694	7	0.01371 0.96102 0.02721 0.00276 0.36535 0.73502 
695	7	0.00631 0.93239 0.02041 0.00303 0.35844 0.69558 
696	7	0.06449 0.94450 0.02429 0.01698 0.55377 0.58495 
697	7	0.03601 0.80159 0.06586 0.00782 0.39952 0.66570 
698	7	0.01448 0.92228 0.05070 0.00488 0.38754 0.69902 
699	7	0.01786 0.81364 0.06641 0.00328 0.26348 0.72399 
700	8	0.00461 0.53442 0.42133 0.00142 0.08907 0.84129 
701	8	0.00142 0.67096 0.19038 0.00057 0.07129 0.87151 
702	8	0.00248 0.63174 0.21945 0.00042 0.04548 0.89840 
703	8	0.00199 0.61422 0.23407 0.00055 0.05907 0.89455 
704	8	0.01299 0.71070 0.12156 0.00394 0.27360 0.74525 
705	8	0.00092 0.50847 0.43378 0.00019 0.01888 0.94582 
706	8	0.00281 0.51436 0.20802 0.00076 0.07928 0.85250 
707	8	0.01218 0.57718 0.18132 0.00363 0.18858 0.77445 
708	8	0.00079 0.46300 0.39643 0.00019 0.02110 0.94653 
709	8	0.00865 0.84413 0.15079 0.00325 0.22783 0.73485 
710	8	0.01471 0.83981 0.16643 0.00375 0.28942 0.73859 
711	8	0.00408 0.49184 0.24277 0.00117 0.08741 0.84417 
712	8	0.00169 0.62651 0.29661 0.00042 0.06387 0.90769 
713	8	0.00255 0.75786 0.16324 0.00093 0.08765 0.83347 
714	8	0.03071 0.86809 0.09620 0.00612 0.36785 0.71236 
715	8	0.03933 0.82680 0.09806 0.01010 0.39775 0.66299 
716	8	0.00386 0.74258 0.21640 0.00127 0.15266 0.84397 
717	8	0.00866 0.77117 0.37382 0.00193 0.19402 0.80381 
718	8	0.00090 0.52060 0.22659 0.00059 0.03465 0.85686 
719	8	0.00475 0.71769 0.16728 0.00155 0.13496 0.81241 
720	8	0.00166 0.46556 0.27982 0.00056 0.03024 0.89530 
721	8	0.00887 0.82564 0.15442 0.00263 0.26510 0.75702 
722	8	0.00553 0.63187 0.21632 0.00251 0.17500 0.74970 
723	8	0.00937 0.80449 0.15077 0.00270 0.24047 0.76429 
724	8	0.00521 0.78225 0.17606 0.00176 0.20574 0.79500 
725	8	0.00455 0.65674 0.27817 0.00120 0.15673 0.85205 
726	8	0.01145 0.67643 0.21452 0.00204 0.15779 0.81333 
727	8	0.00304 0.70211 0.12242 0.00110 0.12716 0.81433 
728	8	0.00167 0.66125 0.18757 0.00055 0.05824 0.88645 
729	8	0.00583 0.55182 0.32618 0.00103 0.11316 0.87698 
730	8	0.00381 0.70894 0.21639 0.00119 0.10284 0.83637 
731	8	0.00711 0.66471 0.26320 0.00093 0.07463 0.86696 
732	8	0.00236 0.56291 0.23407 0.00070 0.03688 0.87022 
733	8	0.03680 0.80788 0.11294 0.00545 0.35555 0.67536 
734	8	0.00475 0.58790 0.33142 0.00114 0.09673 0.86686 
735	8	0.00377 0.72245 0.20113 0.00095 0.10782 0.85228 
736	8	0.00251 0.73751 0.20625 0.00107 0.11064 0.84163 
737	8	0.00813 0.66270 0.18370 0.00124 0.11215 0.83812 
738	8	0.00449 0.81006 0.10019 0.00166 0.15174 0.78986 
739	8	0.00511 0.54229 0.31530 0.00145 0.11403 0.85160 
740	8	0.01740 0.82931 0.12240 0.00304 0.20244 0.77480 
741	8	0.00248 0.57705 0.17273 0.00106 0.08434 0.83202 
742	8	0.00299 0.64210 0.15878 0.00109 0.08522 0.81482 
743	8	0.01078 0.51596 0.23647 0.00276 0.12509 0.81642 
744	8	0.00680 0.64316 0.20468 0.00172 0.13464 0.81753 
745	8	0.00602 0.58250 0.25716 0.00178 0.15985 0.83009 
746	8	0.00451 0.76845 0.08458 0.00192 0.18652 0.76715 
747	8	0.01024 0.56936 0.30410 0.00202 0.10435 0.86257 
748	8	0.00399 0.70008 0.12046 0.00125 0.13174 0.80569 
749	8	0.00346 0.55374 0.19559 0.00144 0.11783 0.81507 
750	8	0.01092 0.46187 0.19235 0.00360 0.14742 0.76206 
751	8	0.00222 0.48378 0.24701 0.00080 0.03348 0.86336 
752	8	0.00781 0.57912 0.21080 0.00256 0.15108 0.79346 
753	8	0.01229 0.64353 0.18161 0.00311 0.22093 0.79482 
754	8	0.00117 0.72228 0.21628 0.00063 0.12646 0.88024 
755	8	0.00212 0.45594 0.36889 0.00068 0.03395 0.89884 
756	8	0.00699 0.52163 0.24103 0.00207 0.12944 0.82622 
757	8	0.00251 0.20643 0.18921 0.00145 0.05810 0.79644 
758	8	0.01151 0.64051 0.24650 0.00230 0.15727 0.83743 
759	8	0.00531 0.75830 0.15918 0.00155 0.13270 0.80961 
760	8	0.00940 0.46795 0.24126 0.00255 0.10938 0.80902 
761	8	0.00196 0.38918 0.36216 0.00054 0.03770 0.90504 
762	8	0.00449 0.60443 0.13520 0.00132 0.10614 0.80722 
763	8	0.00816 0.42658 0.27417 0.00078 0.03823 0.85443 
764	8	0.00311 0.67357 0.26371 0.00077 0.07450 0.87518 
765	8	0.01781 0.62618 0.21962 0.00404 0.27620 0.77783 
766	8	0.00392 0.49867 0.19992 0.00148 0.11839 0.80994 
767	8	0.00169 0.70597 0.17657 0.00065 0.06608 0.85970 
768	8	0.00658 0.36263 0.29171 0.00161 0.05556 0.84152 
769	8	0.00189 0.58854 0.19301 0.00078 0.06754 0.84045 
770	8	0.00343 0.42743 0.20893 0.00108 0.04797 0.82008 
771	8	0.09557 0.81445 0.12292 0.01269 0.22394 0.71375 
772	8	0.00211 0.76134 0.12883 0.00084 0.09080 0.83247 
773	8	0.00339 0.65805 0.12299 0.00127 0.11822 0.80517 
774	8	0.00296 0.59098 0.16833 0.00109 0.08528 0.83109 
775	8	0.00320 0.74590 0.27329 0.00056 0.11792 0.89935 
776	8	0.00253 0.45082 0.31113 0.00065 0.04203 0.89084 
777	8	0.01074 0.40791 0.34819 0.00174 0.12164 0.86130 
778	8	0.01586 0.42890 0.28386 0.00392 0.16423 0.79996 
779	8	0.01936 0.69453 0.20115 0.00211 0.13327 0.80995 
780	8	0.00504 0.00000 0.32413 0.00137 0.03128 0.83874 
781	8	0.00463 0.66516 0.17250 0.00127 0.09575 0.80853 
782	8	0.00221 0.65122 0.25738 0.00083 0.11953 0.87305 
783	8	0.00272 0.57151 0.39644 0.00067 0.08608 0.90537 
784	8	0.02791 0.82467 0.11781 0.00424 0.20216 0.74710 
785	8	0.00668 0.66456 0.09674 0.00198 0.18572 0.77053 
786	8	0.00337 0.63732 0.18393 0.00092 0.07893 0.83152 
787	8	0.00677 0.76661 0.16729 0.00192 0.20882 0.78729 
788	8	0.00702 0.53666 0.33713 0.00122 0.09658 0.88693 
789	8	0.00695 0.35491 0.29258 0.00167 0.05818 0.83845 
790	8	0.00567 0.42267 0.35028 0.00130 0.11633 0.87083 
791	8	0.00377 0.44189 0.22780 0.00091 0.04210 0.83823 
792	8	0.01136 0.69732 0.19923 0.00176 0.11406 0.82201 
793	8	0.00678 0.65761 0.21859 0.00147 0.12999 0.84282 
794	8	0.01252 0.73308 0.21250 0.00229 0.23761 0.83091 
795	8	0.00155 0.45654 0.23720 0.00060 0.02889 0.85683 
796	8	0.00643 0.76626 0.08880 0.00219 0.19613 0.76835 
797	8	0.00301 0.70774 0.11599 0.00108 0.13254 0.81945 
798	8	0.00936 0.64720 0.27815 0.00132 0.09523 0.84682 
799	8	0.00425 0.64912 0.19076 0.00135 0.09156 0.82476 
800	9	0.02757 0.67626 0.43357 0.00264 0.21094 0.87155 
801	9	0.02787 0.76806 0.41881 0.00256 0.21951 0.88292 
802	9	0.13819 0.83127 0.25021 0.02111 0.22434 0.81236 
803	9	0.00830 0.87244 0.13189 0.00117 0.19348 0.83771 
804	9	0.01751 0.60804 0.28160 0.00609 0.41120 0.73701 
805	9	0.01765 0.71753 0.20618 0.00432 0.28586 0.78320 
806	9	0.01650 0.89587 0.13908 0.00178 0.26610 0.84321 
807	9	0.03358 0.92160 0.08317 0.00975 0.49213 0.67981 
808	9	0.10577 0.96320 0.07283 0.01983 0.52431 0.64013 
809	9	0.05320 0.56085 0.41973 0.01134 0.32526 0.76804 
810	9	0.46137 0.95603 0.05555 0.30340 0.88475 0.24405 
811	9	0.05684 0.92611 0.09007 0.02395 0.61649 0.58515 
812	9	0.02778 0.81272 0.15573 0.00725 0.39109 0.73718 
813	9	0.01295 0.77952 0.17110 0.00278 0.23325 0.79605 
814	9	0.01823 0.84959 0.21801 0.00170 0.24393 0.85260 
815	9	0.01478 0.73107 0.37464 0.00205 0.28412 0.83768 
816	9	0.01906 0.95189 0.09399 0.00532 0.40029 0.70179 
817	9	0.18217 0.72189 0.29460 0.04241 0.47441 0.65240 
818	9	0.02026 0.88438 0.23232 0.00291 0.24432 0.85447 
819	9	0.11282 0.06718 0.74745 0.02715 0.34664 0.72094 
820	9	0.05166 0.93648 0.05593 0.00895 0.50773 0.67727 
821	9	0.02253 0.88467 0.15411 0.00280 0.30103 0.80304 
822	9	0.02318 0.90393 0.14864 0.00359 0.39711 0.76690 
823	9	0.01490 0.83798 0.14970 0.00184 0.26715 0.82779 
824	9	0.00716 0.88234 0.17245 0.00143 0.28210 0.83509 
825	9	0.01607 0.95045 0.08031 0.00281 0.34780 0.77709 
826	9	0.01362 0.89719 0.16648 0.00285 0.35259 0.77443 
827	9	0.02500 0.90063 0.21131 0.00412 0.36237 0.77390 
828	9	0.02968 0.64058 0.30323 0.00855 0.45436 0.73739 
829	9	0.01507 0.92379 0.11669 0.00299 0.32494 0.78572 
830	9	0.00596 0.76424 0.16667 0.00107 0.18284 0.84930 
831	9	0.02521 0.98507 0.04294 0.00756 0.62653 0.62779 
832	9	0.05046 0.81516 0.32294 0.00716 0.39284 0.75696 
833	9	0.02332 0.88272 0.12899 0.00922 0.48712 0.65717 
834	9	0.03191 0.78151 0.19512 0.00933 0.47921 0.68174 
835	9	0.01710 0.89646 0.13657 0.00369 0.37876 0.74242 
836	9	0.00995 0.95837 0.07720 0.00229 0.29750 0.78439 
837	9	0.00714 0.61968 0.25924 0.00095 0.15159 0.87536 
838	9	0.00428 0.79896 0.29513 0.00138 0.23217 0.86223 
839	9	0.03657 0.83650 0.12851 0.00773 0.35436 0.68089 
840	9	0.03266 0.78342 0.36856 0.00317 0.26543 0.87292 
841	9	0.02982 0.62798 0.76316 0.00416 0.28936 0.85398 
842	9	0.06208 0.94392 0.05609 0.01137 0.49304 0.64817 
843	9	0.04321 0.96112 0.09313 0.01234 0.49496 0.65102 
844	9	0.06176 0.71904 0.28342 0.01424 0.47009 0.69541 
845	9	0.04865 0.80787 0.15478 0.00708 0.23909 0.75518 
846	9	0.03348 0.85219 0.07610 0.01495 0.59196 0.58654 
847	9	0.00960 0.79494 0.26135 0.00303 0.29159 0.78643 
848	9	0.02311 0.81165 0.16327 0.00437 0.31357 0.75919 
849	9	0.00902 0.68701 0.46217 0.00133 0.21465 0.88922 
850	9	0.01423 0.98459 0.02277 0.00354 0.37677 0.71199 
851	9	0.03691 0.85419 0.26188 0.00533 0.25415 0.77673 
852	9	0.04953 0.96167 0.09587 0.01112 0.58170 0.62621 
853	9	0.19702 0.84624 0.16129 0.04472 0.45357 0.64611 
854	9	0.01498 0.69555 0.38806 0.00239 0.20887 0.86795 
855	9	0.03266 0.75289 0.38057 0.00324 0.19995 0.85520 
856	9	0.10446 0.83821 0.16006 0.01706 0.44806 0.68618 
857	9	0.02151 0.92250 0.15432 0.00656 0.38823 0.72045 
858	9	0.01283 0.67266 0.38508 0.00309 0.30807 0.82634 
859	9	0.00680 0.71785 0.41669 0.00148 0.27807 0.87785 
860	9	0.00286 0.83223 0.20448 0.00074 0.17129 0.88094 
861	9	0.02343 0.85888 0.15320 0.00720 0.42353 0.72961 
862	9	0.01089 0.79148 0.22194 0.00124 0.20831 0.85178 
863	9	0.01650 0.84084 0.15849 0.00369 0.32917 0.74328 
864	9	0.01246 0.78035 0.29850 0.00157 0.19401 0.89754 
865	9	0.06300 0.97446 0.04160 0.01237 0.41993 0.59660 
866	9	0.03902 0.90708 0.13982 0.00879 0.35055 0.72763 
867	9	0.16468 0.97168 0.05388 0.04470 0.59697 0.49502 
868	9	0.03941 0.94343 0.10531 0.01028 0.51305 0.66577 
869	9	0.03083 0.84174 0.28705 0.00342 0.21429 0.81070 
870	9	0.01789 0.76759 0.16470 0.00338 0.27758 0.77844 
871	9	0.02809 0.85369 0.11459 0.00891 0.53563 0.69104 
872	9	0.01430 0.69057 0.37307 0.00267 0.20638 0.83423 
873	9	0.03927 0.86090 0.21895 0.00364 0.27693 0.83167 
874	9	0.01454 0.87613 0.14160 0.00279 0.26764 0.78965 
875	9	0.01118 0.55842 0.27448 0.00308 0.28269 0.80419 
876	9	0.05449 0.73817 0.21679 0.01796 0.49343 0.66114 
877	9	0.01202 0.73059 0.37441 0.00241 0.27080 0.85454 
878	9	0.01465 0.74660 0.17508 0.00355 0.25903 0.80088 
879	9	0.01862 0.67277 0.39339 0.00297 0.25022 0.85526 
880	9	0.01559 0.61950 0.45271 0.00455 0.35173 0.78861 
881	9	0.01637 0.80782 0.18821 0.00319 0.35195 0.79044 
882	9	0.02244 0.59486 0.25073 0.00257 0.15643 0.85224 
883	9	0.00795 0.59506 0.28734 0.00151 0.14950 0.84868 
884	9	0.01490 1.00000 0.00871 0.00474 0.54312 0.66316 
885	9	0.02381 0.56338 0.74383 0.00226 0.13617 0.89467 
886	9	0.05214 0.91894 0.11781 0.00667 0.34374 0.74304 
887	9	0.01343 0.81752 0.27231 0.00137 0.14735 0.88839 
888	9	0.01310 0.93912 0.05042 0.00267 0.32448 0.75212 
889	9	0.01690 0.66521 0.30031 0.00370 0.24118 0.82134 
890	9	0.03893 0.89266 0.20387 0.00478 0.30734 0.79797 
891	9	0.00608 0.77492 0.24595 0.00073 0.16602 0.89294 
892	9	0.04938 0.65423 0.18978 0.00843 0.32024 0.67758 
893	9	0.04732 0.79531 0.30016 0.00575 0.27041 0.80297 
894	9	0.02228 0.82555 0.14014 0.00350 0.39392 0.75968 
895	9	0.02863 0.74790 0.23406 0.00189 0.17534 0.87207 
896	9	0.01298 0.78187 0.29941 0.00127 0.15114 0.90184 
897	9	0.02723 0.67683 0.21316 0.00936 0.50199 0.67952 
898	9	0.01031 0.75942 0.22240 0.00152 0.15262 0.82899 
899	9	0.00312 0.87558 0.13841 0.00074 0.16600 0.87507 
900	10	0.00000 0.66949 0.44572 0.00000 0.00783 0.98257 
901	10	0.05619 0.78077 0.26637 0.00468 0.20758 0.85404 
902	10	0.12622 0.88962 0.19019 0.03598 0.39162 0.71620 
903	10	0.02723 0.78656 0.46127 0.00411 0.23585 0.84849 
904	10	0.09629 0.91102 0.19928 0.01517 0.33080 0.70614 
905	10	0.02460 0.77002 0.35354 0.00247 0.22132 0.86000 
906	10	0.00642 0.65821 0.41129 0.00080 0.08300 0.92004 
907	10	0.02359 0.76248 0.27837 0.00155 0.17269 0.87474 
908	10	0.03065 0.72164 0.24166 0.00376 0.21687 0.81086 
909	10	0.08100 0.86618 0.22271 0.01960 0.40188 0.71006 
910	10	0.01421 0.66353 0.48735 0.00135 0.17598 0.91796 
911	10	0.00815 0.78375 0.37020 0.00105 0.15262 0.89565 
912	10	0.02618 0.88248 0.12964 0.00651 0.48012 0.70922 
913	10	0.03700 0.76273 0.36874 0.01142 0.40149 0.71067 
914	10	0.01068 0.57107 0.46586 0.00096 0.17078 0.91926 
915	10	0.01275 0.78139 0.27270 0.00107 0.20622 0.88598 
916	10	0.01471 0.69693 0.32817 0.00195 0.13795 0.86889 
917	10	0.01290 0.59544 0.39326 0.00172 0.22506 0.88142 
918	10	0.12041 0.59990 0.54785 0.02045 0.23048 0.76908 
919	10	0.00390 0.64979 0.45673 0.00027 0.10903 0.95437 
920	10	0.00299 0.79316 0.27147 0.00060 0.17756 0.89339 
921	10	0.05156 0.54885 0.43814 0.01000 0.28646 0.77547 
922	10	0.01936 0.66204 0.42633 0.00122 0.08987 0.92443 
923	10	0.01818 0.81824 0.26805 0.00318 0.23458 0.80464 
924	10	0.08300 0.57141 0.43595 0.01671 0.23855 0.78188 
925	10	0.12980 0.77682 0.25831 0.02230 0.28127 0.71770 
926	10	0.00869 0.71559 0.41931 0.00094 0.17263 0.92132 
927	10	0.00898 0.78554 0.33369 0.00087 0.16063 0.91212 
928	10	0.27986 0.74756 0.22685 0.09894 0.50616 0.57068 
929	10	0.08268 0.85315 0.18306 0.02216 0.47382 0.69053 
930	10	0.00749 0.60389 0.41665 0.00065 0.03815 0.93328 
931	10	0.04556 0.74248 0.38726 0.00443 0.13105 0.88184 
932	10	0.00386 0.69842 0.33290 0.00050 0.14121 0.91446 
933	10	0.01196 0.84193 0.23891 0.00162 0.28729 0.85172 
934	10	0.03715 0.64414 0.46584 0.00276 0.11888 0.91775 
935	10	0.03453 0.39640 0.52022 0.00265 0.08527 0.88356 
936	10	0.00553 0.74197 0.30801 0.00060 0.11993 0.90961 
937	10	0.01997 0.65156 0.47527 0.00208 0.17948 0.88628 
938	10	0.03033 0.80897 0.21003 0.00416 0.30815 0.81897 
939	10	0.00786 0.65665 0.42697 0.00061 0.07674 0.93864 
940	10	0.03641 0.69136 0.38880 0.00278 0.16468 0.87577 
941	10	0.02606 0.81327 0.30093 0.00140 0.09817 0.91899 
942	10	0.00533 0.59798 0.47214 0.00036 0.04785 0.95534 
943	10	0.06994 0.29995 0.47683 0.01308 0.24859 0.74625 
944	10	0.02268 0.68941 0.44275 0.00154 0.17769 0.89626 
945	10	0.00358 0.59789 0.49828 0.00015 0.04530 0.97297 
946	10	0.01531 0.70808 0.47515 0.00141 0.11684 0.92939 
947	10	0.00960 0.84181 0.22686 0.00183 0.29897 0.83860 
948	10	0.03825 0.63763 0.29100 0.00915 0.34266 0.73149 
949	10	0.18641 0.68379 0.36109 0.04288 0.32548 0.73548 
950	10	0.43615 0.76320 0.24671 0.19243 0.47365 0.57244 
951	10	0.43406 0.73694 0.25339 0.19509 0.49717 0.52849 
952	10	0.60291 0.62023 0.19395 0.36449 0.56789 0.41517 
953	10	0.12272 0.52109 0.37222 0.02236 0.29842 0.71044 
954	10	0.08010 0.63588 0.43619 0.01626 0.24963 0.74887 
955	10	0.05284 0.63434 0.55189 0.00780 0.20472 0.83462 
956	10	0.01622 0.71182 0.35727 0.00138 0.14804 0.89579 
957	10	0.00111 0.83258 0.20063 0.00045 0.16511 0.90370 
958	10	0.08205 0.79048 0.29631 0.01733 0.32203 0.70470 
959	10	0.16211 0.84909 0.17686 0.04449 0.41389 0.65139 
960	10	0.02212 0.77435 0.33858 0.00182 0.21029 0.85643 
961	10	0.07823 0.89077 0.19156 0.02035 0.43706 0.67945 
962	10	0.02051 0.79223 0.31531 0.00165 0.22480 0.88595 
963	10	0.08478 0.75574 0.28717 0.01715 0.27181 0.73981 
964	10	0.13477 0.51708 0.34599 0.02165 0.18577 0.75873 
965	10	0.09742 0.62418 0.54169 0.01539 0.24735 0.80657 
966	10	0.01857 0.67558 0.30356 0.00122 0.15027 0.88293 
967	10	0.04423 0.82712 0.21558 0.00302 0.18982 0.87554 
968	10	0.06305 0.62410 0.28369 0.01313 0.40888 0.68214 
969	10	0.30672 0.88741 0.24003 0.10594 0.53843 0.55404 
970	10	0.31261 0.73831 0.26492 0.10293 0.36685 0.63136 
971	10	0.01490 0.42437 0.42320 0.00142 0.09971 0.88383 
972	10	0.15406 0.81385 0.29184 0.03310 0.46088 0.70484 
973	10	0.21618 0.61370 0.51699 0.08730 0.39693 0.66150 
974	10	0.00507 0.61573 0.47882 0.00055 0.14327 0.93504 
975	10	0.01835 0.56692 0.41845 0.00167 0.13822 0.88796 
976	10	0.00865 0.64324 0.44008 0.00067 0.07029 0.93205 
977	10	0.00746 0.73279 0.34801 0.00060 0.11762 0.92783 
978	10	0.05820 0.57376 0.47091 0.00530 0.10938 0.87331 
979	10	0.07649 0.62700 0.35237 0.01075 0.20671 0.79555 
980	10	0.02458 0.77680 0.17744 0.00258 0.27089 0.82600 
981	10	0.04685 0.44779 0.58486 0.00336 0.07848 0.90536 
982	10	0.12814 0.82591 0.20673 0.03518 0.60534 0.61262 
983	10	0.27273 0.48015 0.45197 0.09387 0.38170 0.62330 
984	10	0.00401 0.72500 0.25033 0.00095 0.19951 0.86208 
985	10	0.00154 0.52612 0.52471 0.00020 0.06042 0.96461 
986	10	0.03076 0.82986 0.27862 0.00318 0.25927 0.86327 
987	10	0.01497 0.71209 0.24809 0.00213 0.25338 0.83156 
988	10	0.00896 0.64347 0.42391 0.00075 0.13891 0.91340 
989	10	0.00434 0.56412 0.44261 0.00065 0.07066 0.90889 
990	10	0.01022 0.62042 0.39781 0.00084 0.12027 0.90782 
991	10	0.02247 0.72260 0.39283 0.00257 0.24170 0.83871 
992	10	0.03010 0.75484 0.35763 0.00166 0.13316 0.92834 
993	10	0.03442 0.77044 0.47161 0.00393 0.17729 0.88657 
994	10	0.13045 0.71177 0.37632 0.03886 0.45282 0.63021 
995	10	0.15470 0.89349 0.18065 0.05077 0.45328 0.65201 
996	10	0.02375 0.89571 0.17451 0.00435 0.32263 0.77695 
997	10	0.16391 0.77860 0.34344 0.03777 0.44782 0.69635 
998	10	0.08212 0.63241 0.50119 0.01124 0.22653 0.80202 
999	10	0.00871 0.78478 0.33904 0.00122 0.12178 0.89473 
