1000	10	6
0	1	0.00082 0.81332 0.15046 0.00029 0.12928 0.87474 
1	1	0.01267 0.90219 0.08909 0.00112 0.29441 0.79177 
2	1	0.01177 0.71690 0.41209 0.00054 0.14886 0.90675 
3	1	0.00753 0.96265 0.05469 0.00086 0.29395 0.79669 
4	1	0.00546 0.81209 0.36819 0.00060 0.11546 0.89017 
5	1	0.00428 0.70844 0.35129 0.00019 0.06539 0.94237 
6	1	0.01109 0.66101 0.31569 0.00068 0.12648 0.87711 
7	1	0.02858 0.92566 0.13901 0.00273 0.24380 0.80222 
8	1	0.01092 0.75897 0.24974 0.00043 0.06794 0.89255 
9	1	0.00600 0.88275 0.13110 0.00090 0.29276 0.78853 
10	1	0.00344 0.90695 0.14165 0.00032 0.14644 0.88894 
11	1	0.01003 0.78883 0.25241 0.00035 0.08909 0.92275 
12	1	0.00631 0.87490 0.17729 0.00068 0.17701 0.85133 
13	1	0.00130 0.74735 0.29970 0.00025 0.06854 0.92003 
14	1	0.00773 0.82322 0.18224 0.00032 0.09963 0.89605 
15	1	0.00264 0.90251 0.18772 0.00062 0.18368 0.86068 
16	1	0.01490 0.87988 0.09570 0.00183 0.21820 0.78522 
17	1	0.02240 0.83833 0.18799 0.00167 0.18678 0.81804 
18	1	0.04927 0.87562 0.17192 0.00879 0.34731 0.73010 
19	1	0.00423 0.60440 0.37049 0.00020 0.05131 0.93213 
20	1	0.01673 0.87640 0.13393 0.00116 0.18677 0.84546 
21	1	0.00941 0.95431 0.06841 0.00070 0.22807 0.82572 
22	1	0.00632 0.82064 0.23302 0.00038 0.13631 0.90595 
23	1	0.00678 0.84037 0.29488 0.00050 0.13376 0.90786 
24	1	0.12513 0.89699 0.17260 0.02034 0.33686 0.74222 
25	1	0.00611 0.77744 0.29120 0.00027 0.08070 0.93614 
26	1	0.01803 0.84331 0.23655 0.00082 0.16132 0.88246 
27	1	0.02675 0.94638 0.07246 0.00192 0.31208 0.78199 
28	1	0.03661 0.86661 0.24285 0.00303 0.20465 0.85716 
29	1	0.04584 0.86139 0.18732 0.00345 0.25141 0.81381 
30	1	0.00029 0.57799 0.29307 0.00011 0.03050 0.92603 
31	1	0.00058 0.46002 0.70539 0.00002 0.00201 1.00000 
32	1	0.02749 0.84530 0.20237 0.00207 0.21659 0.81884 
33	1	0.00201 0.68680 0.26327 0.00050 0.16563 0.86381 
34	1	0.00041 0.75244 0.27835 0.00010 0.07493 0.93368 
35	1	0.02012 0.85417 0.17449 0.00130 0.24111 0.82532 
36	1	0.00551 0.91964 0.08454 0.00091 0.24212 0.78901 
37	1	0.00298 0.77047 0.24127 0.00048 0.13218 0.87629 
38	1	0.04104 0.88141 0.12142 0.00434 0.29230 0.76404 
39	1	0.01348 0.94024 0.15476 0.00167 0.27656 0.79859 
40	1	0.00851 0.90545 0.16905 0.00127 0.25107 0.79521 
41	1	0.00952 0.90344 0.21486 0.00103 0.22758 0.83088 
42	1	0.02266 0.86712 0.12133 0.00208 0.24610 0.78775 
43	1	0.02294 0.91420 0.20885 0.00248 0.30639 0.79460 
44	1	0.04505 0.99668 0.02875 0.00818 0.46500 0.61998 
45	1	0.06674 0.80064 0.17710 0.00850 0.34735 0.71937 
46	1	0.09982 0.78851 0.17708 0.01876 0.38577 0.67159 
47	1	0.00351 0.74991 0.37280 0.00009 0.05202 0.95988 
48	1	0.00411 0.73987 0.23004 0.00062 0.14667 0.85352 
49	1	0.00159 0.71940 0.39949 0.00036 0.13838 0.89432 
50	1	0.00240 0.84099 0.18867 0.00044 0.16504 0.86681 
51	1	0.00194 0.64746 0.45937 0.00016 0.05267 0.94975 
52	1	0.00011 0.76288 0.30846 0.00005 0.04897 0.95990 
53	1	0.01301 0.81460 0.23309 0.00044 0.08722 0.92037 
54	1	0.01244 0.79232 0.36313 0.00076 0.16151 0.89105 
55	1	0.00759 0.85207 0.22093 0.00106 0.21580 0.83389 
56	1	0.00402 0.69658 0.36163 0.00030 0.07861 0.92443 
57	1	0.15740 0.84731 0.18504 0.03021 0.33027 0.72703 
58	1	0.00253 0.78854 0.21046 0.00040 0.12366 0.88298 
59	1	0.00506 0.75978 0.33134 0.00042 0.11348 0.89999 
60	1	0.00468 0.75314 0.28661 0.00032 0.11243 0.89948 
61	1	0.00023 0.59315 0.42834 0.00005 0.01668 0.96684 
62	1	0.02934 0.90668 0.14215 0.00249 0.22825 0.78795 
63	1	0.01169 0.53833 1.00000 0.00075 0.10331 0.94971 
64	1	0.00220 0.74264 0.41308 0.00024 0.08230 0.94037 
65	1	0.04797 0.93439 0.12125 0.00726 0.41074 0.66816 
66	1	0.04057 0.84688 0.15338 0.00509 0.27211 0.77230 
67	1	0.01367 0.82042 0.16237 0.00095 0.20781 0.83860 
68	1	0.01205 0.84422 0.16892 0.00110 0.24662 0.82635 
69	1	0.01683 0.75303 0.19605 0.00315 0.22523 0.73483 
70	1	0.00100 0.50529 0.36622 0.00016 0.04436 0.93102 
71	1	0.00139 0.86613 0.14008 0.00028 0.16167 0.87958 
72	1	0.01510 0.85034 0.18793 0.00089 0.15512 0.87305 
73	1	0.02714 0.83726 0.20734 0.00427 0.26910 0.72981 
74	1	0.01812 0.96101 0.03014 0.00211 0.33631 0.73213 
75	1	0.00080 0.80178 0.24571 0.00017 0.10018 0.91870 
76	1	0.00272 0.73145 0.34109 0.00049 0.11737 0.88415 
77	1	0.00117 0.80211 0.22676 0.00016 0.09471 0.91765 
78	1	0.01616 0.74996 0.21996 0.00164 0.18127 0.81205 
79	1	0.03397 0.86437 0.09713 0.00747 0.49020 0.59178 
80	1	0.00183 0.74132 0.34297 0.00016 0.07895 0.93110 
81	1	0.03069 0.85108 0.18868 0.00250 0.21918 0.81459 
82	1	0.00279 0.66231 0.33981 0.00045 0.09973 0.89437 
83	1	0.03481 0.87184 0.14330 0.00335 0.26500 0.77940 
84	1	0.00498 0.69561 0.43686 0.00067 0.12141 0.90097 
85	1	0.01559 0.68817 0.28777 0.00130 0.16657 0.83525 
86	1	0.01073 0.77563 0.29609 0.00047 0.09777 0.93274 
87	1	0.01661 0.62844 0.39860 0.00060 0.06945 0.92214 
88	1	0.00483 0.66609 0.27338 0.00047 0.13254 0.88298 
89	1	0.00055 0.36608 0.68233 0.00014 0.02489 0.94894 
90	1	0.00110 0.75525 0.35609 0.00015 0.06046 0.94190 
91	1	0.00593 0.80680 0.25804 0.00046 0.13274 0.89509 
92	1	0.00397 0.90523 0.08136 0.00074 0.26448 0.80524 
93	1	0.00361 0.85097 0.24509 0.00034 0.14067 0.90617 
94	1	0.00478 0.82073 0.23462 0.00039 0.12886 0.90014 
95	1	0.02187 0.96984 0.08412 0.00346 0.35268 0.73866 
96	1	0.00106 0.86091 0.19953 0.00021 0.12691 0.90656 
97	1	0.00162 0.88533 0.08321 0.00051 0.18749 0.82895 
98	1	0.00100 0.78544 0.14047 0.00036 0.13002 0.85747 
99	1	0.01807 0.70912 0.28012 0.00091 0.14394 0.87376 
100	2	0.00287 0.56013 0.48794 0.00029 0.12354 0.93200 
101	2	0.00497 0.70115 0.21169 0.00129 0.27880 0.76761 
102	2	0.00778 0.64118 0.15664 0.00205 0.31926 0.75349 
103	2	0.00745 0.87518 0.10228 0.00134 0.28139 0.75150 
104	2	0.00284 0.57593 0.22053 0.00063 0.18706 0.83282 
105	2	0.00417 0.85856 0.08562 0.00096 0.24596 0.77432 
106	2	0.00436 0.59059 0.30047 0.00174 0.29855 0.76040 
107	2	0.00577 0.38026 0.55976 0.00147 0.19842 0.85868 
108	2	0.00214 0.61166 0.19273 0.00065 0.11122 0.82619 
109	2	0.02335 0.70085 0.43366 0.00161 0.11693 0.90169 
110	2	0.02214 0.40353 0.36837 0.00260 0.21979 0.83689 
111	2	0.00704 0.85174 0.11856 0.00113 0.27603 0.79423 
112	2	0.00603 0.91057 0.07187 0.00129 0.29109 0.79025 
113	2	0.00754 0.59597 0.29563 0.00045 0.09910 0.90528 
114	2	0.00472 0.78452 0.32864 0.00033 0.09803 0.91691 
115	2	0.00410 0.86759 0.18338 0.00056 0.19360 0.86018 
116	2	0.01002 0.53800 0.36370 0.00130 0.19879 0.84885 
117	2	0.01427 0.55661 0.42336 0.00210 0.22042 0.81027 
118	2	0.00115 0.67835 0.30481 0.00028 0.12238 0.89313 
119	2	0.01577 0.79730 0.24880 0.00253 0.27932 0.77216 
120	2	0.01478 0.75535 0.14530 0.00181 0.29556 0.78067 
121	2	0.02417 0.72809 0.25409 0.00452 0.33162 0.70884 
122	2	0.00767 0.64807 0.29630 0.00107 0.20991 0.82326 
123	2	0.00490 0.76814 0.10537 0.00119 0.18490 0.75902 
124	2	0.02886 0.87188 0.19004 0.00251 0.24545 0.81067 
125	2	0.02294 0.88870 0.07020 0.00282 0.29411 0.75194 
126	2	0.00910 0.88526 0.02882 0.00392 0.48256 0.60141 
127	2	0.00840 0.80183 0.06725 0.00172 0.23199 0.72528 
128	2	0.00822 0.77079 0.29709 0.00110 0.19408 0.84934 
129	2	0.01182 0.76967 0.18041 0.00121 0.16030 0.82276 
130	2	0.00287 0.88158 0.10429 0.00111 0.27909 0.76661 
131	2	0.00780 0.95956 0.02935 0.00214 0.37869 0.69665 
132	2	0.00546 0.77059 0.18077 0.00117 0.24608 0.82147 
133	2	0.00480 0.87054 0.12013 0.00073 0.22529 0.81521 
134	2	0.00186 0.65524 0.24540 0.00017 0.06140 0.91211 
135	2	0.00957 0.81796 0.12027 0.00213 0.38731 0.76089 
136	2	0.00674 0.68296 0.19571 0.00135 0.25361 0.77276 
137	2	0.02376 0.65590 0.14961 0.00632 0.42816 0.63803 
138	2	0.01349 0.80939 0.08749 0.00533 0.44149 0.63424 
139	2	0.00256 0.62931 0.26113 0.00043 0.11271 0.86852 
140	2	0.00402 0.57887 0.55573 0.00032 0.10055 0.93236 
141	2	0.00611 0.73104 0.18913 0.00202 0.27729 0.77153 
142	2	0.00420 0.68294 0.19728 0.00115 0.22737 0.81335 
143	2	0.00426 0.93051 0.03452 0.00148 0.35896 0.70557 
144	2	0.04250 0.80440 0.29082 0.00334 0.16903 0.87188 
145	2	0.00472 0.89360 0.10153 0.00074 0.16962 0.80167 
146	2	0.00863 0.73959 0.12726 0.00167 0.20864 0.73345 
147	2	0.00619 0.52682 0.30370 0.00073 0.13466 0.87927 
148	2	0.02711 0.82289 0.14650 0.00258 0.24260 0.75736 
149	2	0.00779 0.55289 0.13164 0.00315 0.38587 0.66530 
150	2	0.00465 0.70657 0.19373 0.00105 0.26854 0.80651 
151	2	0.01122 0.56936 0.16569 0.00272 0.32993 0.74599 
152	2	0.00695 0.87091 0.05786 0.00237 0.24927 0.64021 
153	2	0.00069 0.65990 0.37232 0.00005 0.02507 0.95803 
154	2	0.01216 0.81208 0.17045 0.00116 0.22036 0.83427 
155	2	0.00766 0.78006 0.09234 0.00238 0.30816 0.70823 
156	2	0.02754 0.51981 0.16683 0.00710 0.41586 0.65200 
157	2	0.01156 0.65195 0.13767 0.00232 0.30931 0.73538 
158	2	0.03092 0.62353 0.27799 0.00502 0.28334 0.70956 
159	2	0.01010 0.71062 0.18233 0.00267 0.28350 0.74661 
160	2	0.00277 0.79729 0.30294 0.00021 0.08463 0.92641 
161	2	0.06392 0.64074 0.05141 0.01369 0.54868 0.54110 
162	2	0.00457 0.86641 0.10465 0.00158 0.35150 0.73748 
163	2	0.00215 0.82606 0.07996 0.00095 0.18227 0.77012 
164	2	0.00267 0.63386 0.23398 0.00060 0.10373 0.82055 
165	2	0.03773 0.56471 0.23476 0.00455 0.31860 0.72841 
166	2	0.02146 0.71352 0.22152 0.00272 0.30128 0.80755 
167	2	0.00131 0.81120 0.15391 0.00028 0.09352 0.86837 
168	2	0.02474 0.87203 0.13009 0.00366 0.30976 0.76924 
169	2	0.03517 0.75656 0.21903 0.00540 0.36495 0.75128 
170	2	0.00428 0.70026 0.26932 0.00031 0.11244 0.90252 
171	2	0.00988 0.59209 0.24362 0.00084 0.16499 0.85057 
172	2	0.01028 0.18361 0.31729 0.00226 0.25272 0.78773 
173	2	0.07513 0.79688 0.12637 0.01070 0.35236 0.69000 
174	2	0.00407 0.44002 0.35251 0.00048 0.13684 0.86194 
175	2	0.00415 0.68109 0.31966 0.00056 0.12975 0.89495 
176	2	0.00417 0.63240 0.24921 0.00093 0.17361 0.83046 
177	2	0.03387 0.70081 0.18645 0.00786 0.38037 0.71593 
178	2	0.00493 0.69832 0.29236 0.00118 0.22228 0.84366 
179	2	0.03129 0.79233 0.14653 0.00293 0.21915 0.79577 
180	2	0.01844 0.66220 0.12094 0.00345 0.32125 0.68404 
181	2	0.02680 0.60928 0.27673 0.00686 0.38829 0.70492 
182	2	0.00428 0.73120 0.28603 0.00054 0.08988 0.85986 
183	2	0.01929 0.66410 0.15326 0.00379 0.35360 0.69146 
184	2	0.00545 0.41561 0.32259 0.00137 0.22786 0.77982 
185	2	0.00390 0.69325 0.17546 0.00063 0.16961 0.82786 
186	2	0.01017 0.66330 0.07127 0.00415 0.44931 0.63529 
187	2	0.00921 0.81298 0.16975 0.00161 0.27485 0.76493 
188	2	0.00997 0.85365 0.14216 0.00149 0.32429 0.78620 
189	2	0.00918 0.90158 0.10337 0.00195 0.33653 0.73773 
190	2	0.00305 0.88673 0.13226 0.00054 0.22873 0.84737 
191	2	0.06278 0.26673 0.29410 0.01645 0.45538 0.63965 
192	2	0.01989 0.62654 0.18564 0.00443 0.36312 0.69114 
193	2	0.01160 0.46881 0.61396 0.00104 0.11975 0.91193 
194	2	0.01929 0.66153 0.18648 0.00576 0.49164 0.66505 
195	2	0.01161 0.59770 0.25832 0.00402 0.38567 0.71188 
196	2	0.01497 0.50996 0.67582 0.00053 0.05860 0.94678 
197	2	0.00744 0.76152 0.16371 0.00139 0.27493 0.76688 
198	2	0.00368 0.75628 0.22012 0.00095 0.20664 0.78629 
199	2	0.00473 0.94960 0.05294 0.00143 0.25689 0.69846 
200	3	0.01289 0.59293 0.31762 0.00275 0.26097 0.78551 
201	3	0.02788 0.86370 0.24902 0.00362 0.34288 0.73872 
202	3	0.01521 0.72336 0.29635 0.00453 0.38914 0.74083 
203	3	0.01343 0.63842 0.49393 0.00146 0.14186 0.88686 
204	3	0.00652 0.47199 0.42419 0.00118 0.14873 0.88386 
205	3	0.01322 0.48348 0.42932 0.00332 0.38337 0.75601 
206	3	0.07578 0.77241 0.33820 0.00726 0.18279 0.84477 
207	3	0.05282 0.94218 0.14363 0.00760 0.38452 0.73575 
208	3	0.07341 0.93052 0.10855 0.00881 0.31217 0.76225 
209	3	0.03807 0.80919 0.36897 0.00458 0.18040 0.86170 
210	3	0.01820 0.74718 0.46540 0.00154 0.14164 0.89076 
211	3	0.03127 0.61785 0.70364 0.00295 0.19772 0.88795 
212	3	0.02334 0.59946 0.54874 0.00157 0.10843 0.92421 
213	3	0.02614 0.75900 0.20198 0.00919 0.61367 0.59659 
214	3	0.01583 0.78646 0.17364 0.00552 0.57295 0.64882 
215	3	0.08863 0.79957 0.23506 0.01097 0.46331 0.68632 
216	3	0.02730 0.60551 0.85783 0.00303 0.17508 0.86570 
217	3	0.00830 0.75724 0.43513 0.00115 0.15009 0.88494 
218	3	0.01891 0.51778 0.61427 0.00101 0.17739 0.89388 
219	3	0.00728 0.71645 0.36986 0.00123 0.22401 0.85238 
220	3	0.03527 0.83289 0.11859 0.00764 0.61721 0.62605 
221	3	0.00207 0.46411 0.75376 0.00005 0.00656 0.99898 
222	3	0.00554 0.49508 0.49609 0.00073 0.11592 0.91343 
223	3	0.01945 0.86808 0.28872 0.00286 0.27254 0.78279 
224	3	0.02082 0.82611 0.15636 0.00505 0.54841 0.62965 
225	3	0.01356 0.71491 0.39128 0.00130 0.17831 0.85893 
226	3	0.01207 0.74183 0.38951 0.00147 0.20259 0.88161 
227	3	0.19710 0.72276 0.28223 0.04116 0.42499 0.68727 
228	3	0.07871 0.71119 0.39178 0.01007 0.28885 0.76762 
229	3	0.00642 0.71243 0.35917 0.00099 0.18427 0.86469 
230	3	0.01247 0.66721 0.46859 0.00094 0.16496 0.89688 
231	3	0.00108 0.45343 0.60321 0.00018 0.09599 0.94187 
232	3	0.00694 0.73255 0.26692 0.00139 0.24522 0.84731 
233	3	0.09865 0.82724 0.20031 0.01088 0.28397 0.80657 
234	3	0.54580 0.94081 0.03979 0.30700 0.92818 0.14323 
235	3	0.01456 0.71322 0.28544 0.00376 0.34967 0.74324 
236	3	0.01684 0.77961 0.15153 0.00098 0.18671 0.83329 
237	3	0.00046 0.58190 0.58362 0.00006 0.05179 0.97097 
238	3	0.02247 0.44738 0.57426 0.00085 0.10506 0.93356 
239	3	0.01167 0.60069 0.31681 0.00378 0.43267 0.72995 
240	3	0.00394 0.66534 0.43964 0.00027 0.10127 0.93578 
241	3	0.00707 0.54794 0.43037 0.00190 0.27739 0.81295 
242	3	0.01237 0.52666 0.28104 0.00509 0.44885 0.67717 
243	3	0.01406 0.51920 0.51102 0.00220 0.22136 0.85104 
244	3	0.03312 0.44389 0.55288 0.00673 0.32827 0.79297 
245	3	0.01895 0.53493 0.16159 0.00231 0.10866 0.71734 
246	3	0.01020 0.60608 0.46131 0.00062 0.15006 0.91539 
247	3	0.00352 0.53433 0.54214 0.00013 0.03164 0.95996 
248	3	0.01643 0.64354 0.35027 0.00548 0.44794 0.72671 
249	3	0.00906 0.58895 0.36263 0.00053 0.06725 0.91085 
250	3	0.12294 0.62395 0.40685 0.01827 0.26257 0.79362 
251	3	0.00895 0.55379 0.41900 0.00107 0.17458 0.87925 
252	3	0.03012 0.80754 0.29066 0.00528 0.35598 0.75979 
253	3	0.00822 0.70942 0.46632 0.00174 0.24686 0.82697 
254	3	0.03671 0.82083 0.34315 0.00490 0.22709 0.83420 
255	3	0.00089 0.51796 0.42429 0.00006 0.02567 0.96190 
256	3	0.05159 0.88451 0.22614 0.01241 0.35440 0.73276 
257	3	0.01004 0.77516 0.27901 0.00071 0.15009 0.87694 
258	3	0.02102 0.90293 0.17944 0.00532 0.37946 0.70031 
259	3	0.01200 0.75514 0.30511 0.00050 0.08239 0.93840 
260	3	0.00610 0.68221 0.27826 0.00021 0.04285 0.92101 
261	3	0.02832 0.60256 0.55625 0.00186 0.16927 0.89493 
262	3	0.02404 0.74533 0.47316 0.00271 0.25744 0.84164 
263	3	0.00819 0.72216 0.19278 0.00257 0.37921 0.71935 
264	3	0.01635 0.75090 0.19724 0.00388 0.44649 0.67329 
265	3	0.02579 0.85355 0.33377 0.00299 0.28899 0.80760 
266	3	0.00934 0.73246 0.30107 0.00033 0.10563 0.92712 
267	3	0.00036 0.73937 0.23207 0.00009 0.05975 0.93598 
268	3	0.02784 0.80519 0.16219 0.00238 0.26171 0.78019 
269	3	0.01237 0.68174 0.45098 0.00082 0.09713 0.90849 
270	3	0.01337 0.79316 0.24066 0.00258 0.32584 0.77548 
271	3	0.02685 0.76102 0.25154 0.00602 0.42705 0.72945 
272	3	0.04644 0.70331 0.35832 0.00754 0.39801 0.75434 
273	3	0.27370 0.62257 0.33668 0.08088 0.36274 0.64418 
274	3	0.23387 0.85263 0.18240 0.06694 0.46459 0.56571 
275	3	0.01637 0.46127 0.71548 0.00236 0.24705 0.84979 
276	3	0.24171 0.91773 0.17938 0.06462 0.44246 0.59281 
277	3	0.01453 0.56941 0.38892 0.00050 0.11543 0.91787 
278	3	0.00978 0.75921 0.27295 0.00315 0.34323 0.74877 
279	3	0.00769 0.78531 0.24905 0.00178 0.27522 0.80016 
280	3	0.01531 0.71056 0.29168 0.00285 0.35399 0.79336 
281	3	0.01163 0.77641 0.34536 0.00139 0.19352 0.84827 
282	3	0.00066 0.58197 0.40805 0.00005 0.00057 0.96953 
283	3	0.02623 0.88578 0.24161 0.00408 0.31929 0.78619 
284	3	0.00744 0.74206 0.41086 0.00066 0.13625 0.91057 
285	3	0.01570 0.62552 0.38218 0.00244 0.21013 0.85784 
286	3	0.01852 0.59072 0.40963 0.00290 0.23358 0.81535 
287	3	0.01345 0.70535 0.37028 0.00098 0.13624 0.90593 
288	3	0.02290 0.52762 0.44483 0.00308 0.23508 0.83962 
289	3	0.01324 0.64083 0.29853 0.00186 0.25560 0.82716 
290	3	0.00736 0.85938 0.20613 0.00128 0.19560 0.82248 
291	3	0.00108 0.62102 0.30485 0.00011 0.04928 0.93780 
292	3	0.03145 0.86720 0.25779 0.00519 0.37901 0.75998 
293	3	0.01978 0.58313 0.29470 0.00537 0.39873 0.74492 
294	3	0.01724 0.86055 0.18297 0.00486 0.39216 0.74152 
295	3	0.31647 0.90282 0.07909 0.10399 0.44534 0.59445 
296	3	0.00122 0.87539 0.12141 0.00020 0.11910 0.89635 
297	3	0.19002 0.96680 0.06955 0.04349 0.40696 0.66374 
298	3	0.01693 0.65905 0.31952 0.00367 0.30837 0.78056 
299	3	0.01695 0.82870 0.26683 0.00352 0.39734 0.74609 
300	4	0.01297 0.66120 0.42121 0.00174 0.22304 0.81662 
301	4	0.00686 0.83446 0.26451 0.00139 0.26405 0.78963 
302	4	0.00963 0.65035 0.53419 0.00091 0.19774 0.86446 
303	4	0.05921 0.54544 0.56123 0.00640 0.24030 0.78268 
304	4	0.06695 0.80365 0.26653 0.00587 0.32499 0.75315 
305	4	0.00608 0.63717 0.51262 0.00077 0.17446 0.86998 
306	4	0.06520 0.76767 0.46961 0.00835 0.27907 0.81297 
307	4	0.00447 0.50027 0.67643 0.00017 0.06276 0.96202 
308	4	0.00271 0.68481 0.51737 0.00043 0.17534 0.90677 
309	4	0.01095 0.83487 0.28499 0.00112 0.30648 0.81950 
310	4	0.00790 0.57601 0.72361 0.00123 0.19170 0.86941 
311	4	0.00517 0.70943 0.41852 0.00084 0.25208 0.83132 
312	4	0.00481 0.67803 0.46470 0.00048 0.18210 0.89294 
313	4	0.00619 0.79557 0.38954 0.00093 0.23861 0.84812 
314	4	0.00468 0.76267 0.40001 0.00065 0.19435 0.84649 
315	4	0.01015 0.65157 0.57954 0.00097 0.17304 0.86861 
316	4	0.01453 0.86874 0.29814 0.00183 0.26823 0.79217 
317	4	0.01187 0.39065 0.52585 0.00141 0.18243 0.83859 
318	4	0.00478 0.62003 0.39528 0.00052 0.15384 0.87402 
319	4	0.00488 0.60461 0.44922 0.00061 0.14878 0.87547 
320	4	0.01031 0.73917 0.52446 0.00148 0.20896 0.84987 
321	4	0.00786 0.49763 0.84266 0.00093 0.17956 0.88105 
322	4	0.00614 0.70388 0.51090 0.00105 0.16794 0.83736 
323	4	0.00503 0.70086 0.57440 0.00072 0.17413 0.86733 
324	4	0.04656 0.68699 0.42114 0.00454 0.25785 0.82781 
325	4	0.00715 0.66596 0.60655 0.00064 0.17817 0.89762 
326	4	0.02780 0.68010 0.41509 0.00164 0.24316 0.84562 
327	4	0.08012 0.67128 0.55890 0.00925 0.24331 0.80713 
328	4	0.01851 0.64043 0.40246 0.00111 0.18502 0.87826 
329	4	0.02673 0.61014 0.63292 0.00199 0.15824 0.87605 
330	4	0.02308 0.78766 0.36335 0.00243 0.29829 0.79520 
331	4	0.00692 0.75629 0.33408 0.00092 0.20394 0.86300 
332	4	0.05040 0.78768 0.35710 0.00425 0.30877 0.80369 
333	4	0.01005 0.67759 0.47082 0.00123 0.22783 0.86690 
334	4	0.03006 0.76341 0.48309 0.00377 0.26457 0.81899 
335	4	0.02694 0.73832 0.58204 0.00322 0.29804 0.79751 
336	4	0.00490 0.66589 0.53089 0.00039 0.11256 0.93128 
337	4	0.01723 0.75841 0.40317 0.00190 0.27188 0.83331 
338	4	0.01137 0.65714 0.40512 0.00110 0.22165 0.86346 
339	4	0.01573 0.74901 0.35937 0.00192 0.23891 0.80050 
340	4	0.00686 0.64689 0.55176 0.00081 0.17574 0.87636 
341	4	0.01403 0.76306 0.39348 0.00137 0.23073 0.82795 
342	4	0.01320 0.69374 0.58868 0.00122 0.20999 0.85057 
343	4	0.00381 0.48254 0.59539 0.00074 0.16671 0.91259 
344	4	0.02740 0.71382 0.29977 0.00313 0.25939 0.75832 
345	4	0.01158 0.67854 0.55157 0.00161 0.22846 0.83171 
346	4	0.03978 0.76609 0.36261 0.00305 0.24670 0.82575 
347	4	0.01236 0.66076 0.43178 0.00186 0.25532 0.83251 
348	4	0.00968 0.62066 0.52956 0.00061 0.12325 0.91256 
349	4	0.00402 0.55066 0.44657 0.00048 0.13965 0.89146 
350	4	0.00449 0.62623 0.36946 0.00053 0.17494 0.87693 
351	4	0.02180 0.69715 0.60061 0.00222 0.21229 0.84159 
352	4	0.01640 0.67441 0.53499 0.00128 0.16723 0.88570 
353	4	0.00939 0.65728 0.44183 0.00096 0.15392 0.89315 
354	4	0.01001 0.79660 0.28046 0.00145 0.26385 0.81634 
355	4	0.00475 0.47594 0.59742 0.00037 0.09136 0.93610 
356	4	0.04219 0.79661 0.36983 0.00446 0.25233 0.80335 
357	4	0.04187 0.79415 0.38697 0.00650 0.31991 0.77502 
358	4	0.02243 0.71191 0.37853 0.00217 0.22221 0.82204 
359	4	0.00290 0.66314 0.40181 0.00051 0.17646 0.87684 
360	4	0.00423 0.64221 0.40513 0.00028 0.07081 0.90814 
361	4	0.05157 0.78829 0.36911 0.00559 0.27636 0.80553 
362	4	0.01080 0.73397 0.51691 0.00112 0.19807 0.86793 
363	4	0.03186 0.70377 0.47041 0.00418 0.32756 0.80956 
364	4	0.04075 0.83320 0.33886 0.00589 0.37297 0.75831 
365	4	0.00391 0.27529 0.73864 0.00022 0.04836 0.97478 
366	4	0.01307 0.62784 0.37739 0.00118 0.15206 0.83395 
367	4	0.00468 0.65992 0.61480 0.00074 0.17804 0.88675 
368	4	0.01638 0.70114 0.47909 0.00324 0.32941 0.77120 
369	4	0.00150 0.41674 0.74078 0.00014 0.03437 0.95398 
370	4	0.00395 0.59350 0.42050 0.00052 0.15704 0.88824 
371	4	0.02756 0.64923 0.54830 0.00391 0.32984 0.76251 
372	4	0.01885 0.61970 0.71250 0.00164 0.18745 0.84866 
373	4	0.04646 0.80881 0.28429 0.00538 0.36831 0.76027 
374	4	0.02925 0.78766 0.42668 0.00206 0.19498 0.85960 
375	4	0.02247 0.75293 0.33556 0.00220 0.24911 0.82144 
376	4	0.00838 0.78860 0.30396 0.00146 0.24792 0.80042 
377	4	0.00895 0.63231 0.42039 0.00082 0.19231 0.86591 
378	4	0.01278 0.77966 0.36703 0.00274 0.32408 0.78189 
379	4	0.00447 0.62178 0.47327 0.00057 0.17071 0.89307 
380	4	0.01366 0.74478 0.39037 0.00208 0.29926 0.80338 
381	4	0.00707 0.67438 0.59381 0.00048 0.15970 0.90505 
382	4	0.00741 0.77358 0.40050 0.00124 0.28889 0.81470 
383	4	0.02342 0.66001 0.58107 0.00179 0.14399 0.91162 
384	4	0.01818 0.65194 0.53101 0.00224 0.24096 0.85267 
385	4	0.03570 0.86978 0.22979 0.00385 0.39980 0.70960 
386	4	0.02148 0.75426 0.46282 0.00264 0.32437 0.80459 
387	4	0.01275 0.71090 0.44126 0.00107 0.22332 0.85705 
388	4	0.01375 0.69171 0.39045 0.00171 0.23912 0.83347 
389	4	0.00681 0.80158 0.29519 0.00081 0.22017 0.86368 
390	4	0.00945 0.64880 0.59008 0.00130 0.17768 0.84029 
391	4	0.00387 0.81037 0.33385 0.00067 0.19578 0.85423 
392	4	0.03465 0.74591 0.47067 0.00339 0.26177 0.81574 
393	4	0.00300 0.62138 0.48301 0.00034 0.08366 0.92047 
394	4	0.00447 0.59650 0.48663 0.00030 0.11151 0.92646 
395	4	0.00485 0.48539 0.71745 0.00022 0.06083 0.94894 
396	4	0.01520 0.68389 0.42047 0.00073 0.13442 0.89459 
397	4	0.01328 0.61731 0.49417 0.00068 0.12617 0.89027 
398	4	0.01078 0.60570 0.54599 0.00107 0.17146 0.85791 
399	4	0.00561 0.54468 0.65354 0.00034 0.11807 0.93390 
400	5	0.77376 0.79847 0.18323 0.60276 0.87644 0.14970 
401	5	0.57200 0.83178 0.18138 0.36660 0.78187 0.25778 
402	5	0.56514 0.90202 0.09881 0.34300 0.70492 0.32952 
403	5	0.41525 0.78606 0.15008 0.23963 0.83304 0.19238 
404	5	0.45682 0.85603 0.15794 0.25958 0.77560 0.25167 
405	5	0.45912 0.85790 0.14810 0.23788 0.78013 0.30054 
406	5	0.45395 0.83334 0.18299 0.24797 0.79929 0.26807 
407	5	0.22935 0.78934 0.14065 0.16837 0.82471 0.24785 
408	5	0.30738 0.90750 0.15731 0.11949 0.54047 0.50644 
409	5	0.70718 0.77630 0.30722 0.52016 0.86625 0.18211 
410	5	0.32291 0.86650 0.28276 0.13392 0.70973 0.36445 
411	5	0.32323 0.83427 0.16335 0.17512 0.68854 0.36859 
412	5	0.24290 0.89795 0.10732 0.11214 0.70584 0.37156 
413	5	0.47264 0.68365 0.24849 0.32121 0.85929 0.18526 
414	5	0.29264 0.80953 0.28148 0.12866 0.73474 0.34861 
415	5	0.11809 0.72820 0.26203 0.05448 0.73427 0.36742 
416	5	0.63974 0.66389 0.32127 0.43420 0.83379 0.19229 
417	5	0.32106 0.75141 0.27045 0.18870 0.81560 0.28346 
418	5	0.63341 0.79992 0.25094 0.41082 0.80032 0.25178 
419	5	0.36507 0.78659 0.27592 0.27053 0.79158 0.26601 
420	5	1.00000 0.80496 0.12401 1.00000 0.98210 0.00000 
421	5	0.53357 0.72092 0.25115 0.30095 0.78431 0.25996 
422	5	0.13511 0.84331 0.27956 0.05552 0.58726 0.48048 
423	5	0.23853 0.64274 0.23148 0.11673 0.86285 0.22604 
424	5	0.20310 0.84913 0.18307 0.07697 0.61975 0.42988 
425	5	0.05861 0.68155 0.23902 0.01782 0.50157 0.43618 
426	5	0.40855 0.89006 0.19943 0.19757 0.67847 0.37812 
427	5	0.77053 0.77692 0.19679 0.64645 0.97430 0.05300 
428	5	0.21577 0.85855 0.18508 0.12188 0.71399 0.37859 
429	5	0.36493 0.90435 0.08127 0.27401 0.88219 0.16659 
430	5	0.27787 0.81767 0.15707 0.14106 0.77646 0.30705 
431	5	0.39204 0.74245 0.13998 0.23028 0.87974 0.17290 
432	5	0.46626 0.83871 0.17586 0.27615 0.77043 0.27151 
433	5	0.48787 0.81543 0.18136 0.29099 0.76822 0.27385 
434	5	0.39671 0.74405 0.15341 0.22879 0.87604 0.18876 
435	5	0.33584 0.75441 0.16988 0.21868 0.81180 0.23465 
436	5	0.38117 0.86149 0.16450 0.27903 0.74559 0.29384 
437	5	0.45293 0.85871 0.11096 0.26912 0.75197 0.29375 
438	5	0.65231 0.83895 0.18800 0.44152 0.78843 0.24272 
439	5	0.72725 0.67138 0.15860 0.55953 0.91873 0.10387 
440	5	0.43066 0.86175 0.17729 0.25007 0.76186 0.30311 
441	5	0.69542 0.81944 0.15826 0.48722 0.75118 0.26788 
442	5	0.40305 0.84143 0.17791 0.24431 0.80265 0.24017 
443	5	0.36689 0.88306 0.15295 0.17502 0.69886 0.37539 
444	5	0.29819 0.84071 0.15491 0.13688 0.65502 0.35318 
445	5	0.34738 0.81159 0.23885 0.15054 0.70842 0.36202 
446	5	0.34783 0.85637 0.13633 0.20346 0.81067 0.25719 
447	5	0.46033 0.86333 0.15126 0.28813 0.80199 0.26036 
448	5	0.58959 0.82071 0.16903 0.43975 0.85423 0.18143 
449	5	0.69401 0.90631 0.15272 0.48505 0.71214 0.30645 
450	5	0.25424 0.86497 0.11483 0.13504 0.76903 0.29446 
451	5	0.31408 0.83467 0.15465 0.15443 0.70585 0.33067 
452	5	0.60103 0.85845 0.18888 0.38539 0.72246 0.29578 
453	5	0.83945 0.79896 0.18528 0.71078 0.90977 0.09822 
454	5	0.56544 0.86176 0.14152 0.41389 0.86262 0.17864 
455	5	0.32325 0.91985 0.17415 0.17254 0.61087 0.44543 
456	5	0.42095 0.86770 0.13678 0.31113 0.92455 0.13173 
457	5	0.45284 0.88183 0.12825 0.24937 0.80343 0.26808 
458	5	0.64975 0.77083 0.26702 0.42269 0.63433 0.36952 
459	5	0.72457 0.80334 0.23178 0.52483 0.70197 0.28856 
460	5	0.80207 0.81329 0.16588 0.65414 0.91747 0.09436 
461	5	0.33054 0.88755 0.15569 0.15954 0.65448 0.39625 
462	5	0.59220 0.85254 0.16964 0.36496 0.71916 0.30155 
463	5	0.75473 0.79454 0.13933 0.57873 0.85876 0.15771 
464	5	0.41264 0.85466 0.17479 0.34106 0.90158 0.15238 
465	5	0.31269 0.83429 0.19325 0.17169 0.79562 0.26446 
466	5	0.29931 0.76704 0.17875 0.14905 0.76339 0.29723 
467	5	0.56894 0.83683 0.15399 0.38497 0.88601 0.17852 
468	5	0.51156 0.87427 0.13073 0.30080 0.78196 0.26544 
469	5	0.47243 0.84167 0.08605 0.32715 1.00000 0.08581 
470	5	0.59237 0.87387 0.14935 0.38610 0.78083 0.26237 
471	5	0.67723 0.88452 0.15588 0.45970 0.72711 0.28449 
472	5	0.74217 0.83834 0.15118 0.55936 0.83151 0.18139 
473	5	0.38143 0.87873 0.12506 0.28587 0.86713 0.22711 
474	5	0.70147 0.79370 0.14440 0.53428 0.87040 0.14277 
475	5	0.48289 0.85786 0.30072 0.25000 0.72169 0.33528 
476	5	0.72461 0.81921 0.15133 0.52588 0.76273 0.25144 
477	5	0.45908 0.84571 0.09805 0.30410 0.86016 0.16700 
478	5	0.21074 0.82850 0.14283 0.09140 0.70873 0.34409 
479	5	0.25454 0.84017 0.15898 0.15877 0.74667 0.29877 
480	5	0.41269 0.86710 0.13427 0.23912 0.83925 0.22337 
481	5	0.88488 0.80572 0.14837 0.78888 0.94515 0.05805 
482	5	0.23053 0.89055 0.12368 0.11887 0.69261 0.36730 
483	5	0.62160 0.81198 0.15120 0.40644 0.85056 0.19433 
484	5	0.64082 0.87112 0.12971 0.43997 0.83549 0.20442 
485	5	0.27427 0.85498 0.21851 0.11440 0.60302 0.44452 
486	5	0.63260 0.85062 0.21147 0.40238 0.71509 0.31059 
487	5	0.54636 0.82051 0.17464 0.32641 0.83037 0.22600 
488	5	0.78846 0.86784 0.13253 0.62439 0.85342 0.16309 
489	5	0.35628 0.85765 0.14870 0.22087 0.84746 0.21258 
490	5	0.51140 0.86601 0.11168 0.30239 0.76230 0.28702 
491	5	0.35279 0.87523 0.12956 0.24308 0.84903 0.20845 
492	5	0.25464 0.87899 0.14801 0.13569 0.68429 0.33904 
493	5	0.17278 0.82275 0.10658 0.09178 0.71478 0.31555 
494	5	0.33260 0.82806 0.12313 0.17706 0.81632 0.22519 
495	5	0.50791 0.87499 0.11604 0.31981 0.78635 0.25789 
496	5	0.55155 0.79403 0.15031 0.32793 0.83111 0.21223 
497	5	0.77462 0.88166 0.10255 0.60080 0.78598 0.22174 
498	5	0.68432 0.83649 0.12529 0.48903 0.88903 0.15437 
499	5	0.58395 0.86698 0.15396 0.37884 0.80879 0.22447 
500	6	0.00995 0.85708 0.21850 0.00127 0.20828 0.84492 
501	6	0.00850 0.75802 0.31486 0.00032 0.06807 0.94499 
502	6	0.01528 0.74635 0.37340 0.00157 0.20180 0.87710 
503	6	0.00172 0.82703 0.19556 0.00018 0.08316 0.90372 
504	6	0.00595 0.73706 0.27586 0.00054 0.13439 0.88685 
505	6	0.13626 0.95042 0.10871 0.03609 0.36617 0.65160 
506	6	0.00459 0.82110 0.18857 0.00037 0.11630 0.88436 
507	6	0.05426 0.89127 0.15439 0.00711 0.34739 0.75489 
508	6	0.03712 0.84656 0.22307 0.00463 0.24852 0.80305 
509	6	0.00248 0.79995 0.13752 0.00050 0.12900 0.85589 
510	6	0.00162 0.71543 0.20952 0.00028 0.09097 0.88619 
511	6	0.01549 0.87824 0.14683 0.00141 0.15942 0.80859 
512	6	0.00043 0.59076 0.36320 0.00003 0.01158 0.97239 
513	6	0.00765 0.56133 0.31873 0.00054 0.11004 0.89383 
514	6	0.00107 0.72909 0.10996 0.00048 0.11812 0.82537 
515	6	0.00821 0.74971 0.20584 0.00051 0.08310 0.86994 
516	6	0.00365 0.83999 0.23357 0.00030 0.15273 0.89769 
517	6	0.00584 0.89455 0.19374 0.00083 0.20695 0.85485 
518	6	0.00039 0.75736 0.25015 0.00007 0.04591 0.94567 
519	6	0.00108 0.72984 0.25374 0.00016 0.09749 0.91562 
520	6	0.00060 0.87866 0.13464 0.00023 0.12972 0.88742 
521	6	0.01041 0.81194 0.19021 0.00080 0.12941 0.86181 
522	6	0.04648 0.89957 0.12100 0.00434 0.21020 0.81092 
523	6	0.03773 0.84617 0.16251 0.00575 0.32320 0.75118 
524	6	0.01388 0.87621 0.18975 0.00144 0.19901 0.85269 
525	6	0.00702 0.72696 0.24521 0.00044 0.11314 0.90195 
526	6	0.00434 0.67636 0.40441 0.00041 0.10037 0.93545 
527	6	0.01101 0.80849 0.23236 0.00102 0.16445 0.86813 
528	6	0.00060 0.87757 0.14515 0.00019 0.11739 0.89821 
529	6	0.02060 0.76823 0.16974 0.00104 0.16042 0.84431 
530	6	0.01580 0.92427 0.09963 0.00192 0.27137 0.80617 
531	6	0.00113 0.60640 0.24312 0.00016 0.03405 0.90970 
532	6	0.02078 0.75082 0.16459 0.00310 0.28300 0.76801 
533	6	0.00965 0.68619 0.30342 0.00132 0.13911 0.84106 
534	6	0.00063 0.82579 0.18466 0.00018 0.08645 0.90522 
535	6	0.00488 0.85792 0.13534 0.00037 0.11778 0.86900 
536	6	0.00496 0.72815 0.10613 0.00110 0.23477 0.76339 
537	6	0.01033 0.73312 0.25040 0.00064 0.11885 0.89434 
538	6	0.00170 0.64650 0.37788 0.00015 0.07407 0.93866 
539	6	0.01544 0.78238 0.23039 0.00204 0.19198 0.83294 
540	6	0.06797 0.59064 0.38881 0.01602 0.32978 0.74466 
541	6	0.00163 0.80374 0.11419 0.00036 0.09725 0.85300 
542	6	0.00452 0.75864 0.28590 0.00025 0.09909 0.92475 
543	6	0.00073 0.77699 0.25258 0.00009 0.07472 0.93460 
544	6	0.01301 0.84730 0.13584 0.00077 0.16683 0.84701 
545	6	0.00871 0.47949 0.36956 0.00059 0.10239 0.90861 
546	6	0.00167 0.79818 0.21533 0.00012 0.09667 0.92715 
547	6	0.04915 0.74492 0.18229 0.00885 0.26718 0.73479 
548	6	0.02787 0.93977 0.07350 0.00329 0.34853 0.75852 
549	6	0.00102 0.84514 0.23725 0.00014 0.08536 0.92670 
550	6	0.06822 0.93224 0.10696 0.00904 0.28351 0.75525 
551	6	0.00236 0.81260 0.22603 0.00028 0.12531 0.89921 
552	6	0.03890 0.50336 0.46214 0.00666 0.23791 0.82742 
553	6	0.01632 0.90699 0.11650 0.00336 0.35657 0.71685 
554	6	0.02438 0.89415 0.12135 0.00151 0.18336 0.82375 
555	6	0.00889 0.84720 0.20060 0.00056 0.14304 0.87939 
556	6	0.11072 0.62531 0.39632 0.02641 0.37349 0.70728 
557	6	0.00150 0.73671 0.26717 0.00013 0.06180 0.94046 
558	6	0.00052 0.65765 0.29798 0.00012 0.03098 0.92558 
559	6	0.00902 0.80294 0.20397 0.00140 0.24572 0.84450 
560	6	0.00103 0.71752 0.28977 0.00014 0.08436 0.93296 
561	6	0.01675 0.94725 0.06898 0.00299 0.42078 0.72098 
562	6	0.00348 0.82016 0.11866 0.00046 0.11812 0.83985 
563	6	0.00110 0.25639 0.60589 0.00005 0.01094 0.97370 
564	6	0.02389 0.81360 0.20110 0.00142 0.14863 0.86179 
565	6	0.05191 0.77648 0.12346 0.01175 0.48167 0.64508 
566	6	0.00360 0.90827 0.11348 0.00030 0.14190 0.86500 
567	6	0.00266 0.83012 0.18752 0.00018 0.08350 0.90822 
568	6	0.00172 0.84751 0.11273 0.00026 0.10170 0.86978 
569	6	0.00110 0.78839 0.20136 0.00016 0.09796 0.90803 
570	6	0.03963 0.86152 0.10832 0.00849 0.32854 0.67723 
571	6	0.00115 0.54646 0.40369 0.00016 0.07816 0.94146 
572	6	0.00040 0.73985 0.23446 0.00011 0.04502 0.93380 
573	6	0.05618 0.55087 0.45818 0.00979 0.28464 0.80011 
574	6	0.00085 0.84985 0.16851 0.00016 0.09002 0.91032 
575	6	0.00645 0.76009 0.20422 0.00040 0.09030 0.87580 
576	6	0.00249 0.78564 0.13542 0.00029 0.09360 0.86871 
577	6	0.00546 0.59158 0.33170 0.00052 0.13338 0.89705 
578	6	0.01439 0.82468 0.28223 0.00157 0.18918 0.85967 
579	6	0.02295 0.95068 0.07126 0.00319 0.28821 0.74704 
580	6	0.02208 0.79428 0.22751 0.00093 0.09387 0.90048 
581	6	0.00055 0.74112 0.37208 0.00007 0.02555 0.96536 
582	6	0.00946 0.90101 0.12600 0.00180 0.25020 0.80230 
583	6	0.00056 0.70593 0.32974 0.00008 0.04251 0.95929 
584	6	0.01807 0.88777 0.13823 0.00315 0.29365 0.75835 
585	6	0.01828 0.96773 0.08201 0.00322 0.36190 0.72063 
586	6	0.01643 0.88521 0.16229 0.00439 0.34587 0.72516 
587	6	0.00100 0.76154 0.18916 0.00014 0.06619 0.92009 
588	6	0.00493 0.74689 0.21119 0.00022 0.08154 0.91300 
589	6	0.01656 0.86142 0.20325 0.00307 0.30085 0.75789 
590	6	0.03621 0.91460 0.09558 0.00340 0.27526 0.79182 
591	6	0.00636 0.94209 0.09876 0.00104 0.26123 0.81296 
592	6	0.02165 0.86698 0.18414 0.00413 0.31131 0.73712 
593	6	0.01020 0.88421 0.14417 0.00209 0.27919 0.76030 
594	6	0.00084 0.72698 0.19093 0.00021 0.07296 0.90301 
595	6	0.01906 0.86356 0.19471 0.00384 0.33236 0.73811 
596	6	0.01893 0.96034 0.10451 0.00333 0.31374 0.74521 
597	6	0.02021 0.86667 0.14895 0.00131 0.15232 0.87234 
598	6	0.01306 0.86548 0.14061 0.00297 0.33648 0.75559 
599	6	0.04753 0.93028 0.11609 0.01208 0.46554 0.59514 
600	7	0.03733 0.96542 0.05081 0.00786 0.45590 0.58588 
601	7	0.00582 0.89733 0.04756 0.00138 0.30638 0.71476 
602	7	0.01476 0.82816 0.04854 0.00390 0.41028 0.61330 
603	7	0.17268 0.83946 0.06799 0.03954 0.48473 0.49567 
604	7	0.13373 0.97774 0.05497 0.05600 0.65831 0.43824 
605	7	0.00822 0.89934 0.09679 0.00177 0.27540 0.69338 
606	7	0.03183 0.93336 0.08389 0.00575 0.41077 0.65291 
607	7	0.03267 0.96371 0.04532 0.00415 0.37717 0.70803 
608	7	0.01176 0.86876 0.05952 0.00355 0.35515 0.62858 
609	7	0.22719 0.96812 0.06202 0.05958 0.55484 0.48959 
610	7	0.04815 0.92924 0.04030 0.00961 0.42583 0.62439 
611	7	0.13210 0.97105 0.06601 0.04582 0.58310 0.47427 
612	7	0.06398 0.97112 0.05125 0.01529 0.47414 0.60478 
613	7	0.32834 0.93173 0.10217 0.13909 0.62978 0.38967 
614	7	0.06072 0.93857 0.06476 0.01162 0.45205 0.59961 
615	7	0.14156 0.97116 0.06107 0.04672 0.56445 0.48882 
616	7	0.02800 0.89395 0.00000 0.01435 0.60874 0.42983 
617	7	0.35953 0.95881 0.09296 0.14386 0.62598 0.42441 
618	7	0.04287 0.90702 0.04665 0.01182 0.38678 0.49446 
619	7	0.00846 0.90167 0.07307 0.00194 0.23447 0.67152 
620	7	0.03106 0.87146 0.07141 0.00770 0.38686 0.60716 
621	7	0.05347 0.91800 0.05367 0.01193 0.41280 0.58122 
622	7	0.10856 0.84975 0.13624 0.03518 0.56243 0.51285 
623	7	0.03058 0.94853 0.05416 0.00499 0.44672 0.62038 
624	7	0.02028 0.90620 0.06506 0.00288 0.30503 0.65660 
625	7	0.45328 0.97598 0.07542 0.23616 0.78924 0.29203 
626	7	0.08243 0.78786 0.05490 0.01359 0.44388 0.55590 
627	7	0.13923 0.98285 0.06317 0.03556 0.60046 0.49130 
628	7	0.03970 0.96324 0.05748 0.00967 0.50200 0.57615 
629	7	0.15785 0.89374 0.05811 0.02988 0.46985 0.60182 
630	7	0.06935 0.89643 0.06083 0.01353 0.40771 0.59269 
631	7	0.06927 0.94131 0.08715 0.01905 0.58493 0.53601 
632	7	0.02063 0.94356 0.08705 0.00516 0.40902 0.66110 
633	7	0.16901 0.97954 0.05574 0.04052 0.53486 0.48808 
634	7	0.01873 0.92950 0.02681 0.00435 0.37559 0.60586 
635	7	0.03332 0.88697 0.06881 0.00585 0.44434 0.62175 
636	7	0.05456 0.96294 0.04511 0.01128 0.37749 0.61732 
637	7	0.22610 0.84726 0.08336 0.05626 0.48305 0.50179 
638	7	0.04325 0.96258 0.07566 0.00963 0.38532 0.63981 
639	7	0.04805 0.90717 0.04041 0.01060 0.54746 0.53782 
640	7	0.03968 0.82135 0.06989 0.01136 0.52472 0.57749 
641	7	0.11382 0.95556 0.06472 0.01820 0.54198 0.56511 
642	7	0.05261 0.97037 0.06960 0.01203 0.50239 0.60751 
643	7	0.02493 0.91866 0.00739 0.00677 0.44996 0.53814 
644	7	0.14409 0.96042 0.06174 0.02876 0.53776 0.52764 
645	7	0.05342 0.87405 0.05082 0.01409 0.51635 0.58334 
646	7	0.01260 0.82681 0.09277 0.00307 0.31103 0.66222 
647	7	0.16940 0.97894 0.05022 0.05089 0.62872 0.47035 
648	7	0.14007 0.96055 0.03602 0.06296 0.59186 0.46955 
649	7	0.29196 0.89732 0.10169 0.11636 0.67820 0.38677 
650	7	0.02479 0.94646 0.00462 0.00863 0.58633 0.48473 
651	7	0.04799 0.94068 0.09154 0.00956 0.42874 0.63618 
652	7	0.01551 0.91920 0.04469 0.00401 0.40007 0.64084 
653	7	0.31053 0.92014 0.10172 0.10316 0.56105 0.48302 
654	7	0.00368 0.84806 0.09957 0.00073 0.22145 0.79063 
655	7	0.08893 0.95483 0.04103 0.01989 0.52063 0.52563 
656	7	0.13955 0.98542 0.04190 0.06355 0.67072 0.41860 
657	7	0.01526 0.79506 0.01429 0.00683 0.39402 0.50037 
658	7	0.11742 0.97052 0.07124 0.04731 0.62894 0.43541 
659	7	0.12472 0.91972 0.04936 0.05695 0.61633 0.39250 
660	7	0.45552 0.95987 0.04298 0.33737 0.79259 0.22650 
661	7	0.21519 0.92898 0.12074 0.05387 0.47464 0.55602 
662	7	0.09341 0.81782 0.05256 0.02981 0.59556 0.41167 
663	7	0.10047 0.84333 0.03908 0.03778 0.62200 0.37712 
664	7	0.28232 0.90999 0.11489 0.14694 0.71377 0.31225 
665	7	0.07597 0.95441 0.04096 0.02070 0.56062 0.52546 
666	7	0.03791 0.94348 0.05102 0.00854 0.44467 0.61444 
667	7	0.01992 0.96568 0.02996 0.00324 0.35243 0.66794 
668	7	0.00981 0.84379 0.05688 0.00337 0.36161 0.63563 
669	7	0.00718 0.87768 0.03103 0.00260 0.35067 0.62586 
670	7	0.04970 0.92268 0.13043 0.00995 0.44801 0.63031 
671	7	0.07204 0.91802 0.11468 0.01820 0.41242 0.61891 
672	7	0.02852 0.88532 0.09601 0.00336 0.26504 0.67862 
673	7	0.02800 0.76570 0.06781 0.00441 0.28742 0.65228 
674	7	0.03248 0.92101 0.06289 0.00367 0.33508 0.69400 
675	7	0.04747 0.94639 0.07050 0.01150 0.49331 0.58274 
676	7	0.00352 0.91670 0.04190 0.00140 0.32985 0.72069 
677	7	0.03375 0.94500 0.00072 0.01270 0.70510 0.44430 
678	7	0.07706 0.95691 0.00217 0.03829 0.82540 0.31887 
679	7	0.08226 0.96899 0.03419 0.02740 0.70641 0.47871 
680	7	0.00761 0.93393 0.02227 0.00205 0.40449 0.67110 
681	7	0.03554 0.91792 0.02389 0.01264 0.72207 0.44764 
682	7	0.01917 0.94601 0.00814 0.00712 0.63849 0.50445 
683	7	0.01491 0.81065 0.12658 0.00290 0.38420 0.70540 
684	7	0.16541 0.92900 0.06157 0.05803 0.61944 0.47942 
685	7	0.03176 0.91782 0.11270 0.00594 0.38762 0.65328 
686	7	0.02865 0.87724 0.06170 0.00575 0.36893 0.64636 
687	7	0.01828 0.82224 0.11984 0.00443 0.38603 0.68163 
688	7	0.18861 0.72176 0.08202 0.05209 0.54944 0.41167 
689	7	0.11895 0.90130 0.15294 0.01815 0.33048 0.72298 
690	7	0.01250 0.75140 0.14255 0.00135 0.17466 0.79531 
691	7	0.02005 0.84389 0.04519 0.00493 0.39004 0.62568 
692	7	0.01995 0.97243 0.05979 0.00289 0.34237 0.68994 
693	7	0.00293 0.71360 0.13653 0.00079 0.16124 0.79749 
694	7	0.00494 0.96116 0.02719 0.00093 0.27499 0.76551 
695	7	0.00249 0.93262 0.02035 0.00103 0.26520 0.72350 
696	7	0.02490 0.94456 0.02424 0.00629 0.45387 0.60643 
697	7	0.01624 0.80162 0.06582 0.00263 0.30776 0.70310 
698	7	0.00528 0.92226 0.05063 0.00186 0.29965 0.70742 
699	7	0.01022 0.81387 0.06643 0.00121 0.19627 0.74118 
700	8	0.00196 0.53535 0.42162 0.00044 0.06133 0.86308 
701	8	0.00047 0.67122 0.19283 0.00017 0.04618 0.89881 
702	8	0.00103 0.63158 0.21955 0.00013 0.02934 0.91833 
703	8	0.00081 0.61390 0.23422 0.00018 0.04030 0.90549 
704	8	0.00512 0.71072 0.12162 0.00121 0.20556 0.78113 
705	8	0.00029 0.51067 0.43341 0.00006 0.01335 0.95966 
706	8	0.00110 0.51394 0.20845 0.00024 0.05479 0.87968 
707	8	0.00368 0.57682 0.18123 0.00112 0.13584 0.80077 
708	8	0.00043 0.46293 0.39692 0.00006 0.01307 0.95734 
709	8	0.00329 0.84399 0.15073 0.00099 0.15952 0.76904 
710	8	0.00511 0.83991 0.16624 0.00123 0.21669 0.76888 
711	8	0.00159 0.49205 0.24298 0.00037 0.06045 0.86330 
712	8	0.00102 0.62622 0.29654 0.00014 0.04554 0.92210 
713	8	0.00099 0.75752 0.16354 0.00029 0.05849 0.86167 
714	8	0.01093 0.86787 0.09628 0.00210 0.29108 0.73881 
715	8	0.01573 0.82677 0.09803 0.00327 0.31299 0.70358 
716	8	0.00149 0.74251 0.21670 0.00041 0.10934 0.85949 
717	8	0.00318 0.77103 0.37257 0.00060 0.14160 0.83048 
718	8	0.00056 0.51990 0.23060 0.00018 0.02135 0.88749 
719	8	0.00181 0.71802 0.16708 0.00048 0.09339 0.83707 
720	8	0.00063 0.46554 0.28004 0.00017 0.01963 0.91124 
721	8	0.00347 0.82546 0.15299 0.00085 0.19632 0.78086 
722	8	0.00218 0.63184 0.21605 0.00077 0.11709 0.78248 
723	8	0.00326 0.80431 0.15065 0.00084 0.17636 0.79493 
724	8	0.00198 0.78227 0.17580 0.00055 0.14732 0.82087 
725	8	0.00157 0.65665 0.27841 0.00036 0.11374 0.87608 
726	8	0.00366 0.67589 0.21476 0.00069 0.11630 0.82489 
727	8	0.00128 0.70241 0.12179 0.00040 0.08829 0.82403 
728	8	0.00077 0.66119 0.18780 0.00017 0.03758 0.90670 
729	8	0.00183 0.55148 0.32594 0.00032 0.07988 0.89029 
730	8	0.00103 0.70867 0.21636 0.00036 0.06976 0.86246 
731	8	0.00303 0.66452 0.26375 0.00040 0.05039 0.84947 
732	8	0.00082 0.56283 0.23394 0.00022 0.02337 0.89059 
733	8	0.01808 0.80823 0.11288 0.00196 0.27080 0.70822 
734	8	0.00253 0.58771 0.33116 0.00037 0.06706 0.88073 
735	8	0.00105 0.72233 0.20133 0.00029 0.07506 0.87415 
736	8	0.00081 0.73730 0.20640 0.00032 0.07540 0.86862 
737	8	0.00262 0.66237 0.18347 0.00039 0.08200 0.86390 
738	8	0.00155 0.81021 0.10015 0.00062 0.10565 0.79408 
739	8	0.00191 0.54188 0.31525 0.00043 0.07930 0.87332 
740	8	0.01335 0.82909 0.12262 0.00112 0.15249 0.80484 
741	8	0.00113 0.57699 0.17258 0.00038 0.05775 0.84141 
742	8	0.00137 0.64268 0.15862 0.00034 0.05650 0.84731 
743	8	0.00374 0.51620 0.23611 0.00082 0.08815 0.84173 
744	8	0.00266 0.64339 0.20463 0.00061 0.09427 0.82319 
745	8	0.00199 0.58235 0.25692 0.00056 0.11390 0.84915 
746	8	0.00194 0.76838 0.08457 0.00066 0.13099 0.78512 
747	8	0.00337 0.56899 0.30411 0.00064 0.07463 0.87619 
748	8	0.00144 0.70012 0.12034 0.00049 0.09121 0.80460 
749	8	0.00144 0.55367 0.19583 0.00043 0.08014 0.84504 
750	8	0.00373 0.46274 0.19190 0.00109 0.10432 0.79481 
751	8	0.00108 0.48353 0.24702 0.00025 0.02102 0.88555 
752	8	0.00271 0.57993 0.21011 0.00076 0.10629 0.82398 
753	8	0.00483 0.64365 0.18166 0.00095 0.15815 0.82280 
754	8	0.00028 0.72230 0.21630 0.00019 0.08476 0.89795 
755	8	0.00078 0.45586 0.36881 0.00021 0.01738 0.91370 
756	8	0.00218 0.52137 0.24105 0.00064 0.08746 0.84758 
757	8	0.00114 0.20570 0.18948 0.00053 0.03448 0.80242 
758	8	0.00404 0.64053 0.24656 0.00073 0.11293 0.85661 
759	8	0.00137 0.75849 0.15893 0.00047 0.09138 0.83912 
760	8	0.00344 0.46757 0.24128 0.00088 0.07729 0.81779 
761	8	0.00052 0.38911 0.36184 0.00017 0.02100 0.92037 
762	8	0.00170 0.60457 0.13503 0.00042 0.07147 0.83642 
763	8	0.00303 0.42724 0.27466 0.00024 0.02577 0.88259 
764	8	0.00112 0.67364 0.26370 0.00024 0.05059 0.89267 
765	8	0.00551 0.62665 0.21952 0.00129 0.20749 0.80291 
766	8	0.00183 0.49897 0.20007 0.00045 0.08182 0.84022 
767	8	0.00108 0.70608 0.17639 0.00021 0.04304 0.88008 
768	8	0.00228 0.36275 0.29156 0.00050 0.03811 0.86320 
769	8	0.00066 0.58876 0.19303 0.00024 0.04422 0.86886 
770	8	0.00150 0.42705 0.20957 0.00033 0.03020 0.85339 
771	8	0.06781 0.81467 0.12193 0.00622 0.17897 0.74630 
772	8	0.00110 0.76118 0.12896 0.00026 0.06000 0.86001 
773	8	0.00150 0.65818 0.12283 0.00040 0.08015 0.83256 
774	8	0.00112 0.59084 0.16820 0.00037 0.05784 0.84610 
775	8	0.00145 0.74573 0.27366 0.00017 0.07788 0.91655 
776	8	0.00119 0.45271 0.30962 0.00020 0.02268 0.91146 
777	8	0.00316 0.40770 0.34811 0.00058 0.08657 0.86972 
778	8	0.00476 0.43209 0.28322 0.00115 0.11517 0.82950 
779	8	0.00895 0.69505 0.20109 0.00067 0.09159 0.83548 
780	8	0.00173 0.00000 0.32439 0.00040 0.01579 0.86485 
781	8	0.00186 0.66494 0.17268 0.00039 0.06126 0.83857 
782	8	0.00065 0.65120 0.25741 0.00025 0.07860 0.89166 
783	8	0.00081 0.57116 0.39613 0.00021 0.06097 0.91539 
784	8	0.01265 0.82511 0.11761 0.00138 0.14980 0.78048 
785	8	0.00225 0.66449 0.09691 0.00059 0.13057 0.80912 
786	8	0.00103 0.63754 0.18404 0.00028 0.05305 0.86051 
787	8	0.00319 0.76651 0.16737 0.00058 0.14918 0.81825 
788	8	0.00261 0.53630 0.33679 0.00038 0.06977 0.90306 
789	8	0.00275 0.35504 0.29239 0.00052 0.03906 0.85812 
790	8	0.00201 0.42281 0.35021 0.00041 0.08497 0.88446 
791	8	0.00167 0.44208 0.22750 0.00029 0.02701 0.86669 
792	8	0.00365 0.69742 0.19927 0.00056 0.08067 0.83887 
793	8	0.00259 0.65763 0.21888 0.00047 0.09115 0.86002 
794	8	0.00364 0.73334 0.21232 0.00069 0.17503 0.85555 
795	8	0.00066 0.45639 0.23690 0.00019 0.01775 0.88370 
796	8	0.00228 0.76641 0.08876 0.00070 0.13870 0.79984 
797	8	0.00092 0.70769 0.11509 0.00034 0.09018 0.84482 
798	8	0.00514 0.64763 0.27801 0.00043 0.07011 0.86953 
799	8	0.00133 0.64912 0.19091 0.00044 0.06201 0.84502 
800	9	0.00715 0.67660 0.43548 0.00061 0.16018 0.92031 
801	9	0.02074 0.76790 0.42332 0.00111 0.17585 0.89333 
802	9	0.12831 0.83123 0.25022 0.01756 0.19671 0.82142 
803	9	0.00592 0.87288 0.13202 0.00040 0.14416 0.86594 
804	9	0.00752 0.60771 0.28215 0.00230 0.34020 0.75737 
805	9	0.00955 0.71627 0.20902 0.00169 0.21100 0.80362 
806	9	0.00760 0.89517 0.14120 0.00060 0.20500 0.86815 
807	9	0.01585 0.92133 0.08345 0.00392 0.41060 0.71019 
808	9	0.07292 0.96331 0.07296 0.01090 0.45179 0.66828 
809	9	0.02049 0.56009 0.42258 0.00368 0.27188 0.81698 
810	9	0.49166 0.95618 0.05566 0.29241 0.89270 0.24464 
811	9	0.02389 0.92564 0.09151 0.00988 0.55412 0.61886 
812	9	0.01379 0.81216 0.15654 0.00313 0.32829 0.75669 
813	9	0.00504 0.77910 0.17149 0.00097 0.17153 0.82228 
814	9	0.01185 0.84946 0.21818 0.00068 0.18033 0.87126 
815	9	0.00642 0.73048 0.37492 0.00070 0.22417 0.85439 
816	9	0.00785 0.95159 0.09431 0.00178 0.31680 0.73889 
817	9	0.09690 0.72240 0.29517 0.01845 0.41975 0.67696 
818	9	0.01068 0.88462 0.23252 0.00107 0.19173 0.87354 
819	9	0.03673 0.06735 0.75056 0.00793 0.31894 0.76875 
820	9	0.02710 0.93641 0.05554 0.00363 0.42797 0.71232 
821	9	0.01109 0.88461 0.15500 0.00095 0.23059 0.83195 
822	9	0.01776 0.90381 0.14845 0.00138 0.31037 0.79339 
823	9	0.00541 0.83755 0.14984 0.00057 0.20087 0.85521 
824	9	0.00441 0.88193 0.17349 0.00051 0.21282 0.85770 
825	9	0.00926 0.95006 0.08111 0.00102 0.27189 0.80853 
826	9	0.00627 0.89680 0.16753 0.00100 0.27552 0.80283 
827	9	0.01260 0.90049 0.21128 0.00149 0.28825 0.79095 
828	9	0.01903 0.63973 0.30609 0.00337 0.38072 0.75478 
829	9	0.00665 0.92379 0.11817 0.00104 0.25323 0.81491 
830	9	0.00339 0.76436 0.16659 0.00035 0.13297 0.87362 
831	9	0.01516 0.98507 0.04288 0.00298 0.51897 0.66279 
832	9	0.02555 0.81507 0.32438 0.00270 0.32363 0.77713 
833	9	0.01372 0.88218 0.13040 0.00322 0.39111 0.69235 
834	9	0.00861 0.78200 0.19606 0.00242 0.36456 0.74432 
835	9	0.00649 0.89624 0.13753 0.00123 0.28175 0.77578 
836	9	0.00553 0.95846 0.07691 0.00076 0.22076 0.81589 
837	9	0.00377 0.61955 0.25705 0.00030 0.10865 0.89544 
838	9	0.00162 0.79878 0.29497 0.00044 0.17506 0.87616 
839	9	0.00611 0.83687 0.12900 0.00148 0.25714 0.75887 
840	9	0.03121 0.78319 0.36922 0.00186 0.21396 0.87640 
841	9	0.01943 0.62769 0.75700 0.00161 0.24614 0.86159 
842	9	0.03807 0.94393 0.05560 0.00488 0.41504 0.68122 
843	9	0.02371 0.96087 0.09363 0.00480 0.41814 0.68950 
844	9	0.02221 0.71868 0.28491 0.00409 0.38958 0.75244 
845	9	0.01961 0.80983 0.15399 0.00197 0.19157 0.82252 
846	9	0.01418 0.85192 0.07579 0.00521 0.49280 0.62696 
847	9	0.00403 0.79394 0.26169 0.00095 0.21967 0.81352 
848	9	0.01820 0.81168 0.16319 0.00173 0.25260 0.78530 
849	9	0.00358 0.68714 0.46706 0.00043 0.16388 0.90358 
850	9	0.00574 0.98470 0.02264 0.00119 0.28432 0.74879 
851	9	0.01104 0.85442 0.26217 0.00122 0.19699 0.84044 
852	9	0.03984 0.96160 0.09579 0.00529 0.47757 0.65303 
853	9	0.18498 0.84560 0.16121 0.03771 0.40214 0.65010 
854	9	0.00665 0.69558 0.38784 0.00089 0.15693 0.87936 
855	9	0.01071 0.75244 0.38267 0.00074 0.14621 0.90990 
856	9	0.08927 0.83845 0.15850 0.01100 0.36725 0.69749 
857	9	0.01130 0.92239 0.15419 0.00260 0.31211 0.74259 
858	9	0.00527 0.67232 0.38525 0.00121 0.24902 0.83411 
859	9	0.00290 0.71715 0.41698 0.00053 0.21875 0.88852 
860	9	0.00149 0.83203 0.20520 0.00023 0.11892 0.90112 
861	9	0.01242 0.85879 0.15319 0.00299 0.35601 0.75007 
862	9	0.00629 0.79081 0.22232 0.00043 0.15239 0.87248 
863	9	0.00520 0.84097 0.15827 0.00124 0.25618 0.77079 
864	9	0.00595 0.78015 0.29840 0.00065 0.14822 0.90525 
865	9	0.03414 0.97461 0.04150 0.00573 0.34174 0.61104 
866	9	0.01870 0.90681 0.13961 0.00314 0.28992 0.75743 
867	9	0.07052 0.97163 0.05382 0.02324 0.53997 0.49666 
868	9	0.02052 0.94336 0.10516 0.00422 0.43991 0.69170 
869	9	0.01406 0.84178 0.29062 0.00119 0.16624 0.83482 
870	9	0.00816 0.76804 0.16454 0.00113 0.21726 0.80459 
871	9	0.01684 0.85434 0.11506 0.00278 0.45495 0.75186 
872	9	0.00662 0.69003 0.37684 0.00093 0.15691 0.85366 
873	9	0.02253 0.86064 0.21901 0.00152 0.21213 0.84312 
874	9	0.00649 0.87626 0.14169 0.00090 0.20247 0.81840 
875	9	0.00558 0.55855 0.27422 0.00119 0.21432 0.82285 
876	9	0.01747 0.73799 0.21808 0.00507 0.39970 0.71904 
877	9	0.00605 0.72991 0.37897 0.00086 0.21466 0.86847 
878	9	0.00637 0.74636 0.17487 0.00137 0.18376 0.82056 
879	9	0.00798 0.67268 0.39529 0.00114 0.19932 0.86749 
880	9	0.00942 0.61969 0.45658 0.00198 0.26911 0.80008 
881	9	0.00728 0.80744 0.18856 0.00120 0.27127 0.81174 
882	9	0.00842 0.59506 0.25083 0.00101 0.12156 0.86203 
883	9	0.00204 0.59527 0.28847 0.00025 0.10072 0.90933 
884	9	0.00851 1.00000 0.00871 0.00178 0.42616 0.69924 
885	9	0.00587 0.56351 0.74642 0.00064 0.09762 0.93239 
886	9	0.03413 0.91882 0.11776 0.00308 0.28419 0.74592 
887	9	0.00522 0.81709 0.27313 0.00047 0.11646 0.90541 
888	9	0.00564 0.93907 0.05042 0.00167 0.26283 0.68399 
889	9	0.01014 0.66595 0.30090 0.00137 0.18408 0.83804 
890	9	0.02926 0.89260 0.20372 0.00196 0.23988 0.82226 
891	9	0.00376 0.77490 0.24666 0.00025 0.12237 0.90994 
892	9	0.02860 0.65466 0.19013 0.00317 0.24807 0.72018 
893	9	0.02406 0.79528 0.30058 0.00157 0.20729 0.86355 
894	9	0.01565 0.82573 0.13996 0.00148 0.30693 0.77736 
895	9	0.02224 0.74797 0.23393 0.00092 0.13620 0.88370 
896	9	0.00662 0.78204 0.30034 0.00044 0.11144 0.91604 
897	9	0.01980 0.67705 0.21313 0.00434 0.42253 0.67380 
898	9	0.00329 0.75983 0.22296 0.00024 0.10365 0.89680 
899	9	0.00086 0.87537 0.13842 0.00022 0.11487 0.89773 
900	10	0.00000 0.66934 0.44575 0.00000 0.00000 0.98579 
901	10	0.03199 0.78152 0.26689 0.00200 0.16126 0.87133 
902	10	0.13494 0.88924 0.19041 0.02539 0.34979 0.71903 
903	10	0.01698 0.78635 0.45756 0.00152 0.18920 0.86351 
904	10	0.06067 0.91094 0.19964 0.00658 0.26980 0.76901 
905	10	0.00841 0.76996 0.35377 0.00077 0.16494 0.87435 
906	10	0.00217 0.65771 0.41116 0.00025 0.05855 0.92998 
907	10	0.01567 0.76207 0.27835 0.00066 0.13632 0.88118 
908	10	0.01179 0.72162 0.24182 0.00127 0.16664 0.82009 
909	10	0.06028 0.86621 0.22263 0.01090 0.35671 0.71833 
910	10	0.00603 0.66325 0.48751 0.00052 0.14714 0.92321 
911	10	0.00389 0.78347 0.37494 0.00033 0.11223 0.91229 
912	10	0.00796 0.88282 0.12999 0.00172 0.39846 0.77166 
913	10	0.01983 0.76302 0.36892 0.00388 0.32304 0.73629 
914	10	0.00707 0.57075 0.46598 0.00036 0.13492 0.92462 
915	10	0.00936 0.78130 0.27306 0.00046 0.16167 0.88192 
916	10	0.00641 0.69655 0.32881 0.00060 0.09550 0.88589 
917	10	0.00567 0.59529 0.39325 0.00067 0.18607 0.88360 
918	10	0.04103 0.59916 0.54962 0.00505 0.17973 0.82710 
919	10	0.00105 0.64957 0.45294 0.00008 0.08038 0.96433 
920	10	0.00155 0.79288 0.26905 0.00019 0.12871 0.91036 
921	10	0.02451 0.54864 0.43854 0.00362 0.23478 0.79586 
922	10	0.01546 0.66195 0.42696 0.00054 0.06441 0.93503 
923	10	0.00504 0.81855 0.26836 0.00061 0.17171 0.86775 
924	10	0.06285 0.57117 0.44067 0.00910 0.20127 0.80049 
925	10	0.05962 0.77719 0.25887 0.00685 0.22377 0.78557 
926	10	0.00434 0.71507 0.41979 0.00034 0.13510 0.93196 
927	10	0.00407 0.78555 0.33712 0.00028 0.11981 0.92713 
928	10	0.27839 0.74690 0.22921 0.08628 0.47247 0.58659 
929	10	0.04184 0.85362 0.18360 0.00952 0.41631 0.71816 
930	10	0.00258 0.60313 0.41940 0.00019 0.02152 0.94763 
931	10	0.02720 0.74241 0.38865 0.00174 0.10164 0.89762 
932	10	0.00102 0.69821 0.33274 0.00019 0.10392 0.91025 
933	10	0.01004 0.84188 0.23869 0.00065 0.22529 0.86157 
934	10	0.02563 0.64468 0.46614 0.00125 0.09649 0.92581 
935	10	0.02052 0.39560 0.51986 0.00112 0.06946 0.87805 
936	10	0.00214 0.74176 0.30741 0.00018 0.08185 0.92420 
937	10	0.00850 0.65137 0.47687 0.00069 0.13635 0.90006 
938	10	0.01194 0.80858 0.21009 0.00145 0.24282 0.84074 
939	10	0.00309 0.65649 0.42743 0.00019 0.05433 0.94704 
940	10	0.01572 0.69134 0.38915 0.00096 0.12694 0.87914 
941	10	0.01401 0.81296 0.30092 0.00056 0.07300 0.90514 
942	10	0.00269 0.59784 0.47207 0.00016 0.03874 0.94584 
943	10	0.06286 0.29968 0.47723 0.00698 0.21230 0.76768 
944	10	0.01095 0.68867 0.44282 0.00054 0.13730 0.90779 
945	10	0.00113 0.59821 0.49857 0.00005 0.03217 0.97885 
946	10	0.00533 0.70823 0.47581 0.00044 0.08955 0.93664 
947	10	0.00434 0.84173 0.22488 0.00057 0.22455 0.86229 
948	10	0.01650 0.63790 0.29096 0.00345 0.28817 0.74035 
949	10	0.14031 0.68340 0.35808 0.02485 0.29842 0.75414 
950	10	0.42385 0.76485 0.24706 0.18105 0.45457 0.56419 
951	10	0.36471 0.73849 0.25362 0.14313 0.47919 0.53821 
952	10	0.46730 0.61527 0.19437 0.23925 0.55789 0.44203 
953	10	0.07606 0.52207 0.37373 0.00967 0.24763 0.73892 
954	10	0.02673 0.63583 0.43669 0.00397 0.19775 0.81188 
955	10	0.02250 0.63423 0.54726 0.00272 0.16986 0.85146 
956	10	0.00709 0.71176 0.35416 0.00045 0.11289 0.91226 
957	10	0.00064 0.83246 0.20049 0.00014 0.11486 0.91841 
958	10	0.03202 0.79052 0.29744 0.00576 0.25312 0.73624 
959	10	0.09291 0.84968 0.17730 0.02037 0.36446 0.68264 
960	10	0.00407 0.77455 0.33945 0.00029 0.14942 0.91555 
961	10	0.03369 0.89070 0.19398 0.00759 0.36647 0.71026 
962	10	0.00986 0.79250 0.31561 0.00061 0.17382 0.89954 
963	10	0.06873 0.75593 0.28797 0.00848 0.22891 0.76265 
964	10	0.11735 0.51715 0.34555 0.01525 0.16115 0.76516 
965	10	0.03572 0.62385 0.54372 0.00530 0.21143 0.85584 
966	10	0.00817 0.67554 0.30457 0.00041 0.10944 0.90321 
967	10	0.03170 0.82723 0.21584 0.00150 0.14601 0.88668 
968	10	0.01398 0.62466 0.28477 0.00256 0.30876 0.75286 
969	10	0.17769 0.88699 0.24081 0.05248 0.48494 0.61184 
970	10	0.28253 0.73916 0.26600 0.08324 0.35007 0.64828 
971	10	0.00475 0.42326 0.42310 0.00044 0.07437 0.89822 
972	10	0.10047 0.81431 0.29115 0.01871 0.43099 0.69797 
973	10	0.19093 0.61457 0.51986 0.06368 0.38521 0.66438 
974	10	0.00206 0.61525 0.47881 0.00018 0.11027 0.94126 
975	10	0.00877 0.56658 0.41876 0.00067 0.10397 0.89550 
976	10	0.00316 0.64294 0.44490 0.00020 0.05127 0.94539 
977	10	0.00269 0.73248 0.34814 0.00019 0.08187 0.93535 
978	10	0.02628 0.57395 0.47117 0.00221 0.09171 0.87142 
979	10	0.04133 0.62670 0.35305 0.00406 0.16397 0.81878 
980	10	0.01104 0.77672 0.17737 0.00096 0.20723 0.84652 
981	10	0.02467 0.44777 0.58730 0.00131 0.06556 0.91671 
982	10	0.07127 0.82616 0.20767 0.01676 0.57369 0.63111 
983	10	0.19015 0.48169 0.45246 0.05156 0.35803 0.64537 
984	10	0.00176 0.72487 0.25050 0.00032 0.14605 0.87418 
985	10	0.00058 0.52584 0.52506 0.00007 0.04419 0.96287 
986	10	0.01306 0.82942 0.27855 0.00131 0.21676 0.87754 
987	10	0.01413 0.71192 0.24794 0.00104 0.20454 0.82347 
988	10	0.00459 0.64320 0.42347 0.00029 0.10843 0.91345 
989	10	0.00031 0.56432 0.44454 0.00007 0.03932 0.96184 
990	10	0.00425 0.61981 0.40206 0.00028 0.08656 0.92568 
991	10	0.01659 0.72249 0.39471 0.00081 0.17979 0.89258 
992	10	0.01536 0.75491 0.35852 0.00084 0.10906 0.93909 
993	10	0.01647 0.77027 0.46764 0.00140 0.14000 0.89940 
994	10	0.06062 0.71165 0.37720 0.01496 0.39969 0.68445 
995	10	0.09439 0.89367 0.18246 0.02392 0.41380 0.67872 
996	10	0.00597 0.89589 0.17509 0.00084 0.24193 0.84343 
997	10	0.11304 0.77772 0.34363 0.01938 0.39354 0.71317 
998	10	0.04002 0.63263 0.50299 0.00458 0.19049 0.82191 
999	10	0.00650 0.78473 0.33906 0.00044 0.09029 0.90313 
