1000	10	6
0	1	0.08859 0.79241 0.21585 0.04872 0.50192 0.71322 
1	1	0.10566 0.91784 0.11527 0.06981 0.72235 0.64276 
2	1	0.04863 0.76555 0.31884 0.02578 0.40671 0.82543 
3	1	0.17028 0.96079 0.07143 0.09356 0.77861 0.59003 
4	1	0.09814 0.79480 0.35342 0.03161 0.31721 0.83618 
5	1	0.09157 0.72355 0.27320 0.02698 0.33258 0.82438 
6	1	0.07210 0.68594 0.39984 0.02723 0.30482 0.81406 
7	1	0.06772 0.89712 0.17919 0.03956 0.54813 0.73648 
8	1	0.09696 0.69509 0.25851 0.03564 0.34900 0.79259 
9	1	0.13379 0.90654 0.09041 0.06915 0.71062 0.66547 
10	1	0.04331 0.88451 0.11271 0.04259 0.58213 0.72744 
11	1	0.10336 0.79064 0.17583 0.03828 0.45966 0.76219 
12	1	0.02620 0.85511 0.17736 0.02706 0.51109 0.79419 
13	1	0.02115 0.73199 0.31484 0.01212 0.27976 0.87319 
14	1	0.17500 0.79738 0.18316 0.07166 0.49060 0.67143 
15	1	0.03494 0.88455 0.17902 0.02835 0.53349 0.79121 
16	1	0.13672 0.89907 0.13207 0.06356 0.59779 0.67841 
17	1	0.13655 0.83681 0.25474 0.05133 0.47577 0.74781 
18	1	0.20205 0.90158 0.19227 0.07461 0.57025 0.70934 
19	1	0.10955 0.60809 0.29906 0.03967 0.31228 0.78949 
20	1	0.12396 0.89567 0.15949 0.05487 0.57335 0.70479 
21	1	0.14203 0.94928 0.08960 0.07489 0.71383 0.64619 
22	1	0.08237 0.83824 0.16879 0.03449 0.50308 0.76570 
23	1	0.05600 0.84921 0.21985 0.03322 0.44554 0.78444 
24	1	0.17436 0.92632 0.18717 0.07613 0.61830 0.68348 
25	1	0.08678 0.77355 0.22513 0.03377 0.41001 0.78546 
26	1	0.06912 0.86553 0.17671 0.02945 0.50131 0.78673 
27	1	0.16481 0.95139 0.08859 0.07814 0.74074 0.62951 
28	1	0.09251 0.87461 0.19467 0.04585 0.47994 0.75208 
29	1	0.07851 0.90026 0.17842 0.04748 0.56400 0.73138 
30	1	0.06048 0.50118 0.36308 0.02799 0.23875 0.81789 
31	1	0.02038 0.52028 0.56568 0.01081 0.07318 0.89622 
32	1	0.08296 0.85393 0.23447 0.04982 0.51902 0.74426 
33	1	0.28354 0.72248 0.19590 0.12099 0.59013 0.64986 
34	1	0.15733 0.75559 0.20762 0.05914 0.47271 0.71940 
35	1	0.09097 0.85525 0.22123 0.04647 0.53891 0.74900 
36	1	0.12346 0.89573 0.11999 0.05932 0.64019 0.68372 
37	1	0.04893 0.77589 0.22464 0.02348 0.42296 0.81369 
38	1	0.12139 0.90852 0.10301 0.06316 0.64491 0.69052 
39	1	0.14738 0.95003 0.14869 0.06350 0.63917 0.70008 
40	1	0.07210 0.92078 0.12701 0.04510 0.61004 0.72340 
41	1	0.07213 0.92196 0.19139 0.04821 0.58926 0.72467 
42	1	0.09366 0.89545 0.16676 0.05480 0.58973 0.69934 
43	1	0.19392 0.92224 0.15489 0.08235 0.63207 0.68877 
44	1	0.24638 1.00000 0.03095 0.12834 0.84829 0.53641 
45	1	0.19490 0.84776 0.16681 0.08183 0.61603 0.69264 
46	1	0.24911 0.83506 0.16709 0.10935 0.61548 0.65539 
47	1	0.03678 0.75665 0.27999 0.02046 0.33698 0.82707 
48	1	0.07366 0.75397 0.29211 0.03482 0.42867 0.77669 
49	1	0.10518 0.73530 0.31240 0.03685 0.44036 0.80922 
50	1	0.06051 0.84602 0.20112 0.03597 0.51467 0.75393 
51	1	0.03324 0.67304 0.41838 0.01598 0.20364 0.87111 
52	1	0.08970 0.75400 0.24704 0.03628 0.36607 0.78610 
53	1	0.09215 0.78375 0.17411 0.04735 0.46136 0.74067 
54	1	0.02697 0.80455 0.26820 0.01955 0.41033 0.83677 
55	1	0.08945 0.87120 0.23427 0.03479 0.50239 0.77467 
56	1	0.03539 0.70930 0.42220 0.01530 0.25097 0.85527 
57	1	0.16789 0.86433 0.22313 0.06089 0.53612 0.72995 
58	1	0.04528 0.76450 0.20657 0.03090 0.43082 0.78814 
59	1	0.08814 0.78607 0.27392 0.03380 0.40220 0.80240 
60	1	0.02533 0.74367 0.26354 0.01973 0.37740 0.83382 
61	1	0.05036 0.61036 0.35422 0.01845 0.24010 0.85021 
62	1	0.07567 0.87534 0.18861 0.04972 0.55761 0.71729 
63	1	0.07248 0.61383 0.91454 0.00993 0.12164 0.97638 
64	1	0.04234 0.77639 0.31144 0.02307 0.32909 0.82847 
65	1	0.16778 0.93708 0.13408 0.07178 0.68711 0.68385 
66	1	0.15223 0.89811 0.16857 0.07501 0.61919 0.67907 
67	1	0.06374 0.84561 0.19985 0.04172 0.55331 0.74318 
68	1	0.19733 0.86221 0.20552 0.07580 0.59231 0.69940 
69	1	0.10234 0.73173 0.31545 0.04584 0.40039 0.75757 
70	1	0.12452 0.51837 0.27509 0.05413 0.35862 0.74679 
71	1	0.17707 0.84545 0.12222 0.08464 0.62407 0.65264 
72	1	0.05008 0.88922 0.18559 0.03244 0.49754 0.76011 
73	1	0.36039 0.80914 0.17580 0.18923 0.63650 0.54850 
74	1	0.14099 0.95322 0.02854 0.10229 0.80366 0.56900 
75	1	0.10778 0.81546 0.19127 0.04108 0.46870 0.76458 
76	1	0.05384 0.75398 0.27874 0.02075 0.38403 0.83039 
77	1	0.05868 0.81605 0.18024 0.03920 0.50641 0.75263 
78	1	0.05417 0.74207 0.22211 0.03234 0.43433 0.77775 
79	1	0.41966 0.88052 0.05867 0.28453 0.86680 0.36817 
80	1	0.01722 0.71744 0.31676 0.01512 0.34236 0.86042 
81	1	0.07657 0.85685 0.19209 0.03330 0.47495 0.78367 
82	1	0.05598 0.69124 0.34786 0.02047 0.30347 0.85423 
83	1	0.11253 0.90585 0.10575 0.06423 0.62423 0.68928 
84	1	0.03323 0.74283 0.36766 0.01772 0.31615 0.86285 
85	1	0.06813 0.77049 0.22510 0.03393 0.44505 0.78607 
86	1	0.03189 0.73724 0.25007 0.03146 0.37049 0.77960 
87	1	0.01670 0.68604 0.42776 0.00633 0.17926 0.92626 
88	1	0.10365 0.62865 0.25059 0.05169 0.43634 0.75829 
89	1	0.04664 0.43174 0.62112 0.01305 0.06163 0.90221 
90	1	0.03090 0.78572 0.32674 0.01419 0.23637 0.88216 
91	1	0.05790 0.84385 0.19471 0.02567 0.45671 0.80642 
92	1	0.17232 0.88906 0.05970 0.09839 0.75931 0.60543 
93	1	0.02768 0.86309 0.18222 0.02150 0.45801 0.80738 
94	1	0.06700 0.80953 0.18489 0.03792 0.48258 0.76043 
95	1	0.07600 0.95816 0.10403 0.05951 0.68374 0.68944 
96	1	0.06327 0.86081 0.14425 0.04107 0.55469 0.73713 
97	1	0.22081 0.86922 0.06536 0.11192 0.68751 0.59523 
98	1	0.18722 0.77799 0.10454 0.10848 0.61760 0.61451 
99	1	0.03808 0.78677 0.29005 0.02934 0.41020 0.78499 
100	2	0.05667 0.55785 0.44154 0.02616 0.33911 0.85732 
101	2	0.25837 0.73620 0.14386 0.14413 0.67353 0.54825 
102	2	0.23427 0.65709 0.11078 0.16091 0.71057 0.52297 
103	2	0.30078 0.86537 0.14250 0.14916 0.73295 0.55650 
104	2	0.29685 0.53387 0.17439 0.17034 0.67179 0.52192 
105	2	0.09368 0.86121 0.13092 0.05796 0.58733 0.67091 
106	2	0.33776 0.68130 0.24522 0.18499 0.70428 0.54917 
107	2	0.14059 0.33978 0.52653 0.06649 0.35428 0.77705 
108	2	0.61131 0.66637 0.11911 0.40086 0.72061 0.42089 
109	2	0.03293 0.72462 0.55463 0.01262 0.23643 0.91975 
110	2	0.10391 0.46417 0.40227 0.04600 0.39166 0.79545 
111	2	0.14710 0.76178 0.17089 0.06925 0.55881 0.70290 
112	2	0.10364 0.87510 0.06779 0.07859 0.71135 0.62745 
113	2	0.19587 0.54141 0.31175 0.07667 0.40485 0.72741 
114	2	0.03507 0.66747 0.51807 0.01006 0.19309 0.92727 
115	2	0.12621 0.83104 0.23682 0.06472 0.52280 0.74238 
116	2	0.11266 0.53717 0.36129 0.05211 0.42208 0.77714 
117	2	0.27321 0.49284 0.41437 0.12115 0.47310 0.66254 
118	2	0.15236 0.61617 0.31803 0.07197 0.50183 0.69215 
119	2	0.28442 0.80687 0.29984 0.13060 0.56120 0.66339 
120	2	0.24123 0.76570 0.10786 0.15079 0.68927 0.56246 
121	2	0.34064 0.71898 0.16986 0.17464 0.68698 0.56296 
122	2	0.22459 0.67730 0.20388 0.10566 0.57778 0.64147 
123	2	0.36940 0.70049 0.16105 0.19807 0.61636 0.48398 
124	2	0.12353 0.80789 0.19048 0.06170 0.57241 0.70835 
125	2	0.18982 0.84871 0.08588 0.10723 0.72352 0.55944 
126	2	0.51208 0.82873 0.03212 0.33625 0.89242 0.28271 
127	2	0.31365 0.76628 0.04788 0.20976 0.80641 0.43148 
128	2	0.17383 0.78389 0.34162 0.07242 0.45906 0.76213 
129	2	0.29316 0.72624 0.15965 0.12517 0.55193 0.64274 
130	2	0.23575 0.79075 0.14299 0.15574 0.72860 0.52810 
131	2	0.26425 0.90459 0.05597 0.18345 0.79837 0.46911 
132	2	0.14657 0.64417 0.29427 0.07104 0.53710 0.68557 
133	2	0.14554 0.74766 0.20585 0.08207 0.56522 0.67658 
134	2	0.10152 0.60522 0.22396 0.05764 0.43810 0.71504 
135	2	0.14043 0.81651 0.14682 0.08307 0.66522 0.64349 
136	2	0.24220 0.53404 0.16577 0.12496 0.67715 0.56876 
137	2	0.51635 0.62509 0.12474 0.33266 0.80228 0.41303 
138	2	0.59860 0.76935 0.05604 0.39704 0.83735 0.36015 
139	2	0.23775 0.60799 0.26427 0.13391 0.48666 0.59439 
140	2	0.08524 0.61885 0.48017 0.03412 0.33457 0.84636 
141	2	0.12057 0.72037 0.27641 0.07263 0.55817 0.70558 
142	2	0.14679 0.61742 0.26359 0.07232 0.49360 0.72685 
143	2	0.12744 0.93039 0.04460 0.10516 0.85109 0.53773 
144	2	0.12028 0.75228 0.25206 0.04938 0.39761 0.74206 
145	2	0.22400 0.90050 0.04436 0.13488 0.73135 0.54627 
146	2	0.29593 0.56053 0.14061 0.14192 0.61432 0.55635 
147	2	0.11170 0.56480 0.26798 0.05584 0.39931 0.74688 
148	2	0.13541 0.82894 0.12009 0.09881 0.65896 0.55831 
149	2	0.51868 0.52312 0.09479 0.34321 0.84954 0.37433 
150	2	0.32279 0.68616 0.18442 0.15499 0.66463 0.59698 
151	2	0.32997 0.57003 0.16972 0.15808 0.64978 0.58210 
152	2	0.82029 0.82178 0.01885 0.69178 0.91451 0.14897 
153	2	0.14128 0.61040 0.42243 0.03860 0.21925 0.84428 
154	2	0.21521 0.71700 0.14023 0.13514 0.65467 0.59183 
155	2	0.47010 0.72499 0.09354 0.27318 0.78746 0.42774 
156	2	0.59585 0.41294 0.13675 0.39109 0.73304 0.40031 
157	2	0.24216 0.63243 0.15038 0.13640 0.69106 0.53988 
158	2	0.46961 0.66318 0.25510 0.25714 0.61635 0.51538 
159	2	0.31512 0.68587 0.20155 0.17642 0.64514 0.50355 
160	2	0.08899 0.77023 0.34468 0.03137 0.30295 0.82776 
161	2	0.47910 0.59147 0.02054 0.37429 0.90558 0.28084 
162	2	0.27581 0.85312 0.09063 0.13366 0.77566 0.58089 
163	2	0.60457 0.79680 0.02841 0.40461 0.87193 0.32559 
164	2	0.23724 0.64573 0.24383 0.13961 0.51516 0.58229 
165	2	0.26565 0.52783 0.20479 0.18513 0.68298 0.54367 
166	2	0.16530 0.75592 0.19735 0.08808 0.57640 0.68727 
167	2	0.10478 0.71469 0.25246 0.04811 0.39060 0.76359 
168	2	0.17884 0.78444 0.17025 0.08593 0.55473 0.65726 
169	2	0.23107 0.72027 0.20146 0.10323 0.57645 0.67361 
170	2	0.09960 0.65080 0.27024 0.04987 0.40765 0.75698 
171	2	0.08560 0.58659 0.26686 0.05104 0.39850 0.74140 
172	2	0.21494 0.32553 0.24287 0.09940 0.48838 0.65346 
173	2	0.29137 0.75172 0.07061 0.16436 0.74318 0.50947 
174	2	0.19611 0.47268 0.36249 0.09670 0.40995 0.67348 
175	2	0.11874 0.63122 0.27561 0.04124 0.38843 0.77747 
176	2	0.22869 0.55292 0.20050 0.09889 0.49749 0.66003 
177	2	0.24517 0.78145 0.16880 0.13019 0.61674 0.60075 
178	2	0.15217 0.72774 0.22335 0.06289 0.54021 0.71746 
179	2	0.19366 0.85769 0.13285 0.08867 0.57182 0.63075 
180	2	0.39119 0.64154 0.09399 0.24376 0.79813 0.43825 
181	2	0.24915 0.70229 0.31717 0.10929 0.55658 0.66142 
182	2	0.10338 0.70569 0.47516 0.02475 0.21865 0.87227 
183	2	0.16171 0.65864 0.16431 0.11353 0.63606 0.56467 
184	2	0.36124 0.36112 0.25119 0.19389 0.65508 0.54332 
185	2	0.19511 0.67932 0.16798 0.11711 0.60940 0.59221 
186	2	0.41353 0.60125 0.06923 0.25964 0.84984 0.39308 
187	2	0.19042 0.78670 0.14081 0.10571 0.66956 0.60830 
188	2	0.10366 0.79905 0.17944 0.06056 0.62103 0.69825 
189	2	0.08717 0.84369 0.21411 0.04436 0.56411 0.75661 
190	2	0.09861 0.86112 0.17824 0.06985 0.62755 0.66032 
191	2	0.54027 0.29680 0.28799 0.33860 0.67301 0.44191 
192	2	0.47937 0.58504 0.16637 0.29009 0.73641 0.45678 
193	2	0.15640 0.47896 0.53385 0.06361 0.33764 0.78832 
194	2	0.31088 0.64216 0.13995 0.16813 0.77141 0.52087 
195	2	0.31715 0.68273 0.16421 0.18478 0.68749 0.51356 
196	2	0.09518 0.51012 0.65080 0.02590 0.15236 0.90159 
197	2	0.34177 0.71379 0.23742 0.16774 0.64080 0.60237 
198	2	0.33111 0.68121 0.26600 0.17430 0.65654 0.56312 
199	2	0.20708 0.91889 0.09292 0.11765 0.80135 0.50677 
200	3	0.19789 0.62027 0.41530 0.07529 0.42776 0.74255 
201	3	0.25224 0.81887 0.35288 0.09166 0.44103 0.74665 
202	3	0.50839 0.65438 0.29714 0.28489 0.61260 0.55967 
203	3	0.14639 0.61573 0.61440 0.04526 0.30312 0.84175 
204	3	0.17137 0.47556 0.44141 0.07995 0.39700 0.72781 
205	3	0.23394 0.51763 0.41279 0.10600 0.58201 0.68618 
206	3	0.03581 0.79937 0.36663 0.02982 0.37302 0.80596 
207	3	0.19726 0.94100 0.15917 0.09902 0.72095 0.64489 
208	3	0.13421 0.90083 0.18849 0.06983 0.63782 0.69344 
209	3	0.12612 0.78266 0.33741 0.04538 0.38012 0.78620 
210	3	0.12873 0.72569 0.49731 0.03520 0.27486 0.84234 
211	3	0.09854 0.66970 0.64645 0.03723 0.31350 0.84839 
212	3	0.04401 0.61236 0.58047 0.01927 0.21058 0.88780 
213	3	0.20848 0.76223 0.19212 0.14427 0.77483 0.56940 
214	3	0.30291 0.79427 0.16488 0.15173 0.77883 0.58835 
215	3	0.22534 0.77788 0.29401 0.11315 0.66624 0.65647 
216	3	0.12815 0.64584 0.78271 0.04362 0.25295 0.84676 
217	3	0.07233 0.76402 0.45816 0.04021 0.35030 0.82077 
218	3	0.18535 0.43704 0.75088 0.06113 0.31114 0.82935 
219	3	0.26823 0.71543 0.35297 0.10668 0.49743 0.70822 
220	3	0.19594 0.80362 0.10036 0.13709 0.83895 0.53693 
221	3	0.08912 0.49668 0.73632 0.02437 0.09388 0.89180 
222	3	0.08371 0.50457 0.47204 0.04002 0.33495 0.80750 
223	3	0.12270 0.82453 0.41557 0.05641 0.43105 0.79144 
224	3	0.22424 0.80296 0.18161 0.12399 0.77675 0.59704 
225	3	0.10266 0.72226 0.33864 0.04919 0.39957 0.78014 
226	3	0.07874 0.72417 0.38217 0.04060 0.41558 0.79955 
227	3	0.14206 0.73310 0.35040 0.08917 0.56585 0.71156 
228	3	0.16646 0.75286 0.43016 0.07222 0.43604 0.77627 
229	3	0.10609 0.73584 0.36938 0.04789 0.46336 0.79392 
230	3	0.06184 0.69801 0.48536 0.03069 0.37181 0.84812 
231	3	0.02933 0.51662 0.55472 0.01449 0.24949 0.89412 
232	3	0.10375 0.71932 0.27638 0.05160 0.48037 0.77045 
233	3	0.10527 0.84777 0.18572 0.05465 0.56834 0.73883 
234	3	0.34982 0.96808 0.06047 0.27252 0.99844 0.28544 
235	3	0.21722 0.66316 0.37018 0.09269 0.53931 0.71581 
236	3	0.12010 0.77122 0.16947 0.06494 0.56431 0.68826 
237	3	0.10120 0.62802 0.48435 0.03197 0.29174 0.83565 
238	3	0.12017 0.50161 0.55300 0.03301 0.27606 0.86487 
239	3	0.25531 0.59389 0.31578 0.14492 0.65219 0.61344 
240	3	0.03110 0.70478 0.40790 0.01746 0.32488 0.86138 
241	3	0.17802 0.50619 0.44011 0.10334 0.51796 0.70535 
242	3	0.31278 0.52541 0.26260 0.16525 0.69938 0.57647 
243	3	0.19050 0.55002 0.54238 0.06847 0.41629 0.79189 
244	3	0.18310 0.52551 0.51577 0.07245 0.43111 0.76651 
245	3	0.19219 0.14552 0.58280 0.06448 0.10870 0.72790 
246	3	0.14799 0.60916 0.34459 0.05134 0.42467 0.77538 
247	3	0.03100 0.50755 0.67841 0.00887 0.10170 0.93940 
248	3	0.30372 0.65071 0.32861 0.14016 0.61108 0.65253 
249	3	0.00000 0.56477 0.50014 0.00483 0.12467 0.92715 
250	3	0.05208 0.70271 0.46728 0.02715 0.34803 0.85505 
251	3	0.17015 0.55159 0.49484 0.05988 0.40891 0.80044 
252	3	0.38861 0.79592 0.26104 0.18475 0.60665 0.62691 
253	3	0.23780 0.66766 0.53364 0.08604 0.40842 0.79009 
254	3	0.13156 0.77468 0.36264 0.05141 0.37738 0.76976 
255	3	0.20009 0.51542 0.44107 0.06708 0.27770 0.76993 
256	3	0.28889 0.85733 0.19416 0.12500 0.59447 0.64760 
257	3	0.01889 0.72515 0.33041 0.02436 0.39361 0.82945 
258	3	0.21249 0.90599 0.16218 0.12389 0.68552 0.61501 
259	3	0.06754 0.74991 0.32056 0.02444 0.31411 0.84962 
260	3	0.05748 0.59417 0.42791 0.02282 0.20415 0.83826 
261	3	0.09545 0.59538 0.64906 0.02834 0.26744 0.89034 
262	3	0.14399 0.74491 0.48468 0.05212 0.44000 0.81358 
263	3	0.13323 0.70349 0.19320 0.09348 0.70828 0.64695 
264	3	0.21500 0.72150 0.19795 0.12434 0.75713 0.60724 
265	3	0.12872 0.82089 0.38447 0.04169 0.41016 0.81672 
266	3	0.09920 0.72878 0.27959 0.04636 0.43197 0.76420 
267	3	0.17061 0.71315 0.21919 0.06754 0.44098 0.70966 
268	3	0.12247 0.81774 0.24260 0.05789 0.53512 0.71841 
269	3	0.04786 0.70301 0.48547 0.01447 0.24089 0.90110 
270	3	0.16632 0.75091 0.27004 0.10719 0.60095 0.64278 
271	3	0.25443 0.70582 0.18914 0.14744 0.66880 0.57127 
272	3	0.16948 0.76549 0.29073 0.07749 0.55274 0.70792 
273	3	0.17261 0.67284 0.52301 0.06333 0.29883 0.80303 
274	3	0.44057 0.87937 0.19231 0.22404 0.62231 0.58370 
275	3	0.05297 0.48284 0.73240 0.03159 0.34060 0.83482 
276	3	0.30338 0.88668 0.28218 0.13174 0.53743 0.68254 
277	3	0.17296 0.60647 0.32997 0.06192 0.40597 0.75867 
278	3	0.32263 0.74978 0.28408 0.14354 0.60504 0.65721 
279	3	0.24409 0.74169 0.26976 0.09601 0.54269 0.69760 
280	3	0.18326 0.70607 0.27370 0.09163 0.52726 0.69890 
281	3	0.23239 0.76355 0.35800 0.08690 0.41611 0.74748 
282	3	0.02816 0.49607 0.40725 0.02049 0.15222 0.83577 
283	3	0.15997 0.83602 0.27022 0.05897 0.48747 0.75385 
284	3	0.12261 0.67890 0.38910 0.04228 0.34043 0.80214 
285	3	0.25548 0.56664 0.34445 0.10935 0.41205 0.68268 
286	3	0.35531 0.54152 0.38358 0.16583 0.47611 0.63845 
287	3	0.12966 0.63112 0.37494 0.04564 0.34092 0.79650 
288	3	0.32374 0.47481 0.37171 0.14240 0.46049 0.65980 
289	3	0.15527 0.65690 0.27745 0.09093 0.50227 0.68335 
290	3	0.22044 0.75031 0.27055 0.09479 0.43421 0.69100 
291	3	0.18288 0.63862 0.24353 0.06544 0.39609 0.73319 
292	3	0.16744 0.86665 0.20790 0.08268 0.61604 0.68472 
293	3	0.33860 0.55267 0.25156 0.17443 0.61944 0.59117 
294	3	0.41565 0.82006 0.16267 0.20681 0.68723 0.57832 
295	3	0.32734 0.89051 0.11865 0.16587 0.69436 0.56392 
296	3	0.13378 0.81549 0.11743 0.06431 0.56458 0.69334 
297	3	0.21451 0.96053 0.10932 0.10070 0.71750 0.62683 
298	3	0.35478 0.63447 0.28794 0.17224 0.55313 0.61627 
299	3	0.38491 0.77194 0.24848 0.18496 0.62470 0.60895 
300	4	0.05027 0.69217 0.52687 0.01728 0.36682 0.90091 
301	4	0.13017 0.79297 0.38983 0.04958 0.41895 0.79466 
302	4	0.03131 0.64837 0.62633 0.00887 0.27547 0.94482 
303	4	0.08011 0.69155 0.60394 0.02530 0.34985 0.88636 
304	4	0.14552 0.81778 0.33481 0.06188 0.56898 0.77487 
305	4	0.18178 0.65299 0.69732 0.05233 0.35269 0.83911 
306	4	0.07734 0.71859 0.47356 0.03077 0.36288 0.85662 
307	4	0.02838 0.51874 0.79872 0.00406 0.10353 0.98283 
308	4	0.13367 0.71242 0.48554 0.03870 0.38587 0.85805 
309	4	0.07065 0.83611 0.34097 0.03967 0.55116 0.78441 
310	4	0.14519 0.66049 0.67156 0.03289 0.27363 0.91824 
311	4	0.18005 0.65352 0.46451 0.06799 0.49739 0.78693 
312	4	0.06055 0.62140 0.57858 0.02302 0.32336 0.89055 
313	4	0.11930 0.77833 0.42733 0.04641 0.44824 0.82828 
314	4	0.06498 0.75242 0.48908 0.04091 0.41907 0.79901 
315	4	0.08722 0.68537 0.61192 0.02110 0.27637 0.91564 
316	4	0.04496 0.83340 0.40107 0.01749 0.35917 0.88654 
317	4	0.02622 0.46410 0.74038 0.00861 0.16472 0.95198 
318	4	0.08921 0.62399 0.50855 0.03007 0.34284 0.86937 
319	4	0.11137 0.61684 0.45398 0.04282 0.41188 0.81932 
320	4	0.03889 0.73989 0.54831 0.01452 0.29933 0.91584 
321	4	0.08207 0.51798 1.00000 0.02366 0.29343 0.89653 
322	4	0.01918 0.67057 0.73566 0.00611 0.17650 0.95900 
323	4	0.14305 0.68872 0.55833 0.04715 0.36499 0.82341 
324	4	0.09305 0.71943 0.45591 0.03869 0.45759 0.82988 
325	4	0.02833 0.66589 0.62503 0.01536 0.32005 0.91140 
326	4	0.08685 0.63677 0.53385 0.03487 0.38776 0.85361 
327	4	0.01332 0.72129 0.69977 0.00522 0.22807 0.97606 
328	4	0.17081 0.67544 0.41942 0.05432 0.40360 0.80681 
329	4	0.05286 0.60657 0.83386 0.00811 0.16242 0.97295 
330	4	0.05970 0.78151 0.43241 0.02599 0.42569 0.86556 
331	4	0.11978 0.65718 0.40511 0.04938 0.38486 0.81589 
332	4	0.04547 0.76624 0.35940 0.02657 0.48174 0.83105 
333	4	0.07719 0.70211 0.49281 0.03532 0.39187 0.86052 
334	4	0.15299 0.77392 0.43302 0.05309 0.42342 0.81935 
335	4	0.10286 0.76644 0.57619 0.03598 0.40224 0.86242 
336	4	0.09933 0.65524 0.53235 0.02344 0.28833 0.89316 
337	4	0.17074 0.73980 0.39384 0.05804 0.47254 0.78968 
338	4	0.29668 0.66104 0.34595 0.11954 0.53199 0.70431 
339	4	0.13388 0.75410 0.40329 0.05926 0.49830 0.78108 
340	4	0.07447 0.64782 0.69021 0.01844 0.29867 0.92064 
341	4	0.05597 0.77235 0.47646 0.02293 0.43675 0.87661 
342	4	0.07147 0.73004 0.52970 0.03140 0.43062 0.84613 
343	4	0.12500 0.49741 0.53032 0.04346 0.32755 0.82965 
344	4	0.05620 0.60925 0.45134 0.02645 0.33096 0.86001 
345	4	0.07875 0.72660 0.65987 0.02840 0.36490 0.88601 
346	4	0.07982 0.73447 0.44246 0.03678 0.42539 0.84670 
347	4	0.16291 0.60484 0.43844 0.07314 0.49225 0.76316 
348	4	0.03941 0.57002 0.70494 0.01194 0.21443 0.93639 
349	4	0.12912 0.58763 0.47807 0.05118 0.38664 0.81910 
350	4	0.10544 0.62409 0.51696 0.03192 0.35077 0.87559 
351	4	0.05203 0.72672 0.71602 0.01480 0.25987 0.94164 
352	4	0.05917 0.60002 0.64822 0.01534 0.18593 0.93633 
353	4	0.03731 0.62927 0.47392 0.02423 0.31729 0.86975 
354	4	0.10905 0.74095 0.31030 0.04914 0.49419 0.78194 
355	4	0.06264 0.54713 0.64963 0.01431 0.14434 0.93750 
356	4	0.06707 0.78286 0.50816 0.02568 0.35060 0.87679 
357	4	0.10980 0.76312 0.39418 0.05312 0.49957 0.79062 
358	4	0.07936 0.65763 0.56034 0.03125 0.31317 0.86057 
359	4	0.14545 0.60402 0.39062 0.07168 0.47994 0.75247 
360	4	0.02292 0.47266 0.89287 0.00592 0.06511 0.96606 
361	4	0.20013 0.77833 0.34149 0.10552 0.51630 0.72132 
362	4	0.07849 0.75125 0.51676 0.03010 0.39824 0.86478 
363	4	0.21486 0.68354 0.41308 0.07812 0.52925 0.76810 
364	4	0.03725 0.81824 0.34953 0.02789 0.45799 0.84823 
365	4	0.14344 0.39425 0.67485 0.03524 0.14360 0.89132 
366	4	0.14542 0.61278 0.57976 0.04463 0.27848 0.85268 
367	4	0.09779 0.67027 0.65893 0.02625 0.30604 0.90417 
368	4	0.20437 0.67951 0.45292 0.07216 0.46675 0.77777 
369	4	0.06005 0.42217 0.80718 0.00679 0.04786 0.98034 
370	4	0.12395 0.64468 0.40635 0.05102 0.41167 0.80892 
371	4	0.14432 0.69219 0.58966 0.05362 0.49458 0.80369 
372	4	0.01283 0.66981 0.75239 0.00467 0.21029 0.96852 
373	4	0.23241 0.75212 0.28986 0.09283 0.58401 0.71202 
374	4	0.09657 0.77106 0.39623 0.02992 0.37874 0.85541 
375	4	0.15902 0.77655 0.42461 0.05896 0.45038 0.82243 
376	4	0.10885 0.74266 0.41831 0.04188 0.37401 0.83824 
377	4	0.06877 0.60144 0.45861 0.03366 0.39736 0.84761 
378	4	0.15374 0.77049 0.38513 0.05814 0.47605 0.79648 
379	4	0.07325 0.65334 0.44403 0.03884 0.43074 0.82114 
380	4	0.21957 0.74133 0.41224 0.09223 0.51933 0.74490 
381	4	0.04500 0.65651 0.57123 0.01847 0.32199 0.90531 
382	4	0.10212 0.75183 0.42331 0.04209 0.52255 0.81794 
383	4	0.04532 0.67454 0.59157 0.01142 0.21720 0.92994 
384	4	0.25876 0.66391 0.45441 0.09041 0.41218 0.77658 
385	4	0.08902 0.84214 0.31631 0.04005 0.50104 0.79645 
386	4	0.19966 0.76423 0.49042 0.06822 0.52385 0.79286 
387	4	0.05499 0.69006 0.49813 0.01876 0.34900 0.87885 
388	4	0.08867 0.67917 0.49871 0.04003 0.39310 0.85355 
389	4	0.06107 0.80439 0.27038 0.03156 0.48361 0.81082 
390	4	0.09999 0.67561 0.49807 0.04462 0.38761 0.81346 
391	4	0.08198 0.74764 0.39064 0.02636 0.37845 0.84511 
392	4	0.11557 0.71150 0.57197 0.03442 0.38525 0.86672 
393	4	0.09672 0.62433 0.62754 0.02296 0.21312 0.90875 
394	4	0.06659 0.58348 0.62676 0.02573 0.29641 0.88607 
395	4	0.09340 0.51379 0.81358 0.01886 0.14094 0.94474 
396	4	0.07676 0.66509 0.57699 0.01451 0.23919 0.93385 
397	4	0.02900 0.57847 0.76736 0.00354 0.15385 0.98050 
398	4	0.10839 0.60996 0.74753 0.02473 0.23811 0.92436 
399	4	0.05449 0.57773 0.66210 0.01234 0.26162 0.93637 
400	5	0.90081 0.76927 0.13701 0.82022 0.90662 0.13065 
401	5	0.72801 0.79571 0.14024 0.57689 0.89087 0.23996 
402	5	0.58090 0.84950 0.10696 0.40386 0.88321 0.30981 
403	5	0.96672 0.75731 0.12755 0.93731 0.95557 0.04920 
404	5	0.76459 0.83351 0.11470 0.61531 0.89435 0.22739 
405	5	0.71613 0.84598 0.09570 0.54940 0.87018 0.26882 
406	5	0.70693 0.77288 0.16774 0.55231 0.87882 0.24848 
407	5	0.79235 0.74386 0.10751 0.67002 0.95168 0.15060 
408	5	0.47628 0.88769 0.12295 0.30616 0.77823 0.43040 
409	5	0.77126 0.75180 0.25328 0.62360 0.89631 0.22680 
410	5	0.79973 0.86718 0.22160 0.65498 0.85044 0.25444 
411	5	0.55807 0.79226 0.11620 0.43999 0.89040 0.27103 
412	5	0.71597 0.87981 0.07221 0.54742 0.88151 0.26128 
413	5	0.87944 0.64992 0.25171 0.78783 0.92630 0.11615 
414	5	0.72136 0.77978 0.23556 0.55219 0.83297 0.28700 
415	5	0.85181 0.72780 0.18619 0.73923 0.89230 0.16931 
416	5	0.88273 0.64531 0.27406 0.79142 0.90468 0.13932 
417	5	0.78722 0.72911 0.19624 0.64525 0.89522 0.21374 
418	5	0.80048 0.76756 0.21598 0.65926 0.87882 0.21350 
419	5	0.78079 0.75557 0.23309 0.63207 0.85301 0.23697 
420	5	0.97740 0.77548 0.09500 0.95720 0.96393 0.02990 
421	5	0.65484 0.68822 0.22087 0.52225 0.92667 0.21243 
422	5	0.57881 0.81689 0.20568 0.37460 0.76598 0.40367 
423	5	0.98365 0.66191 0.19954 0.96918 0.98406 0.01703 
424	5	0.70249 0.82351 0.12964 0.53218 0.85620 0.28156 
425	5	0.51393 0.68068 0.15958 0.34919 0.74691 0.32330 
426	5	0.75876 0.85543 0.16783 0.59380 0.78346 0.29425 
427	5	0.93395 0.73911 0.17647 0.87800 0.92384 0.09361 
428	5	0.69968 0.83142 0.13077 0.52875 0.86270 0.27727 
429	5	0.92784 0.89172 0.03833 0.86773 0.95670 0.07670 
430	5	0.78773 0.76771 0.12958 0.64894 0.89396 0.20056 
431	5	0.83114 0.73385 0.09312 0.72125 0.94880 0.12496 
432	5	0.72380 0.79323 0.16435 0.57274 0.88862 0.23337 
433	5	0.70130 0.72154 0.21971 0.53397 0.85444 0.27233 
434	5	0.96649 0.69528 0.12845 0.93712 0.95076 0.04329 
435	5	0.79368 0.69117 0.14566 0.66426 0.91286 0.17288 
436	5	0.67094 0.84435 0.10419 0.51004 0.89646 0.25561 
437	5	0.63887 0.82090 0.08661 0.50285 0.93482 0.21780 
438	5	0.73243 0.77196 0.18953 0.57450 0.86328 0.24349 
439	5	0.92845 0.63767 0.09986 0.86969 0.93824 0.07315 
440	5	0.80617 0.84569 0.11355 0.66505 0.83056 0.23628 
441	5	0.73720 0.79244 0.10395 0.57673 0.85853 0.24228 
442	5	0.77601 0.79655 0.16487 0.63135 0.87609 0.22055 
443	5	0.63614 0.84343 0.15680 0.47724 0.87684 0.28079 
444	5	0.64105 0.80210 0.13344 0.50527 0.91027 0.23190 
445	5	0.73815 0.78073 0.16249 0.56747 0.80877 0.29134 
446	5	0.73012 0.80553 0.13443 0.58680 0.91186 0.21029 
447	5	0.82922 0.82064 0.13208 0.70251 0.86337 0.19250 
448	5	0.78780 0.78845 0.10926 0.64318 0.86787 0.22328 
449	5	0.63925 0.88736 0.11029 0.45044 0.82980 0.32889 
450	5	0.74602 0.83932 0.07767 0.60301 0.92467 0.19964 
451	5	0.69370 0.80916 0.11146 0.55058 0.91420 0.22124 
452	5	0.63707 0.80955 0.18063 0.48890 0.88198 0.27118 
453	5	0.94254 0.77773 0.14044 0.89315 0.91469 0.09124 
454	5	0.77420 0.84148 0.11546 0.64192 0.93275 0.18815 
455	5	0.52819 0.88358 0.19355 0.34132 0.74889 0.44238 
456	5	0.90254 0.82960 0.12330 0.82526 0.94113 0.11800 
457	5	0.86130 0.85585 0.10770 0.75373 0.88547 0.16420 
458	5	0.57579 0.71472 0.21099 0.39475 0.76166 0.37368 
459	5	0.58812 0.71782 0.24006 0.42499 0.80866 0.33393 
460	5	0.95801 0.77156 0.11946 0.92118 0.92858 0.07000 
461	5	0.62288 0.83275 0.16622 0.45322 0.83636 0.32673 
462	5	0.57188 0.78320 0.18833 0.39595 0.84140 0.33943 
463	5	0.74045 0.72991 0.11583 0.62145 0.96857 0.15164 
464	5	0.92352 0.81695 0.15205 0.85908 0.92133 0.11718 
465	5	0.81572 0.79996 0.17306 0.68948 0.91130 0.19318 
466	5	0.68431 0.72827 0.14081 0.54827 0.92937 0.20617 
467	5	0.86347 0.80504 0.11820 0.76015 0.92602 0.14912 
468	5	0.68544 0.85170 0.08639 0.53410 0.91593 0.23661 
469	5	1.00000 0.81208 0.07395 1.00000 1.00000 0.00000 
470	5	0.69530 0.84651 0.10307 0.52091 0.86509 0.28513 
471	5	0.61629 0.85198 0.16485 0.46822 0.87480 0.27928 
472	5	0.80561 0.80070 0.11005 0.68053 0.93430 0.17148 
473	5	0.79575 0.86814 0.07907 0.65379 0.89645 0.22214 
474	5	0.81088 0.73299 0.11833 0.69468 0.94664 0.13916 
475	5	0.68783 0.83638 0.26025 0.50038 0.78189 0.35313 
476	5	0.71311 0.77896 0.09834 0.56150 0.92787 0.22352 
477	5	0.93460 0.80763 0.04841 0.88073 0.97685 0.04927 
478	5	0.80063 0.80266 0.12348 0.66575 0.89571 0.19775 
479	5	0.70336 0.79914 0.14547 0.55975 0.91471 0.22024 
480	5	0.79053 0.84794 0.08661 0.65185 0.90433 0.20537 
481	5	0.96241 0.78692 0.09019 0.92934 0.94544 0.05840 
482	5	0.65296 0.86786 0.08940 0.49745 0.90393 0.26277 
483	5	0.82807 0.78455 0.11578 0.70176 0.88571 0.18521 
484	5	0.74574 0.84820 0.08034 0.59249 0.91108 0.22207 
485	5	0.56475 0.78793 0.21969 0.41115 0.80221 0.34644 
486	5	0.56190 0.78635 0.21676 0.40715 0.80290 0.35009 
487	5	0.89899 0.80534 0.12996 0.81656 0.89835 0.14077 
488	5	0.90439 0.85061 0.09831 0.82617 0.91051 0.12476 
489	5	0.83484 0.82236 0.11249 0.71386 0.88609 0.17820 
490	5	0.69018 0.83790 0.07434 0.53687 0.92077 0.23534 
491	5	0.77539 0.84316 0.09219 0.63338 0.90658 0.20915 
492	5	0.62878 0.86451 0.11160 0.48020 0.89117 0.27570 
493	5	0.61924 0.77000 0.07489 0.52585 0.97058 0.17470 
494	5	0.76871 0.80593 0.07498 0.63808 0.94909 0.17310 
495	5	0.67953 0.85466 0.07437 0.53350 0.93203 0.21760 
496	5	0.72221 0.76034 0.10565 0.57513 0.90591 0.20567 
497	5	0.65398 0.83262 0.08923 0.51523 0.92531 0.22379 
498	5	0.84482 0.80995 0.09076 0.73282 0.92758 0.14864 
499	5	0.74786 0.82809 0.13081 0.58963 0.86529 0.25315 
500	6	0.23066 0.81881 0.18033 0.12246 0.60498 0.62630 
501	6	0.05600 0.74037 0.28596 0.03339 0.35332 0.79695 
502	6	0.18632 0.64423 0.37289 0.06966 0.38685 0.77041 
503	6	0.16607 0.78724 0.16701 0.06925 0.49968 0.71213 
504	6	0.17133 0.67022 0.26284 0.07563 0.46896 0.69778 
505	6	0.30176 0.92515 0.10824 0.14349 0.63851 0.56792 
506	6	0.23030 0.81884 0.13826 0.11447 0.60276 0.60527 
507	6	0.21263 0.87320 0.14002 0.10180 0.63377 0.63080 
508	6	0.22948 0.83329 0.18553 0.10274 0.53241 0.65370 
509	6	0.30164 0.79920 0.13269 0.13750 0.53689 0.61491 
510	6	0.16008 0.70905 0.19050 0.08499 0.50103 0.63478 
511	6	0.18166 0.81633 0.16431 0.08376 0.46066 0.65195 
512	6	0.04873 0.53242 0.37402 0.02154 0.19744 0.84517 
513	6	0.13285 0.51555 0.25139 0.07558 0.44363 0.67957 
514	6	0.25699 0.69756 0.09936 0.12607 0.64023 0.57244 
515	6	0.18033 0.71177 0.15965 0.07375 0.44511 0.68297 
516	6	0.09822 0.82772 0.22210 0.04371 0.50860 0.76441 
517	6	0.19013 0.90346 0.15672 0.08231 0.59159 0.69696 
518	6	0.10882 0.73972 0.23150 0.05376 0.40473 0.73320 
519	6	0.10677 0.72775 0.21417 0.05136 0.47663 0.74456 
520	6	0.12175 0.89548 0.16281 0.05956 0.57391 0.70165 
521	6	0.27557 0.80601 0.15783 0.12037 0.58296 0.62071 
522	6	0.15054 0.88255 0.09137 0.09220 0.61569 0.62755 
523	6	0.23426 0.82230 0.12965 0.15056 0.67300 0.54400 
524	6	0.06816 0.87061 0.15628 0.04603 0.50961 0.73110 
525	6	0.12928 0.71258 0.22662 0.06238 0.45140 0.73847 
526	6	0.09385 0.65417 0.33477 0.04222 0.33141 0.79694 
527	6	0.21259 0.81595 0.17964 0.11340 0.60251 0.63930 
528	6	0.09032 0.86664 0.14346 0.05053 0.54089 0.72613 
529	6	0.23567 0.72805 0.13717 0.13077 0.60001 0.54928 
530	6	0.13415 0.89968 0.09190 0.09321 0.65643 0.60243 
531	6	0.16110 0.60334 0.20883 0.08936 0.40643 0.61744 
532	6	0.35676 0.58267 0.15637 0.20342 0.66957 0.47536 
533	6	0.10615 0.62582 0.29907 0.06905 0.40552 0.66985 
534	6	0.13865 0.83389 0.15661 0.06141 0.51125 0.70542 
535	6	0.18718 0.80481 0.13243 0.08674 0.56177 0.65201 
536	6	0.25236 0.62152 0.10392 0.18041 0.72237 0.46657 
537	6	0.11420 0.73905 0.22036 0.05964 0.45361 0.74210 
538	6	0.15406 0.64058 0.30904 0.06088 0.41314 0.73575 
539	6	0.37287 0.75099 0.21560 0.17473 0.53369 0.59973 
540	6	0.35167 0.58517 0.28316 0.16030 0.50359 0.63443 
541	6	0.27483 0.76831 0.09265 0.15245 0.60144 0.55178 
542	6	0.11481 0.75147 0.23482 0.05812 0.44488 0.73073 
543	6	0.13936 0.77588 0.22881 0.06559 0.47864 0.71256 
544	6	0.25891 0.81493 0.12358 0.12762 0.62484 0.58444 
545	6	0.14375 0.45649 0.36334 0.06330 0.38129 0.73495 
546	6	0.18267 0.82671 0.18330 0.07451 0.53088 0.70024 
547	6	0.37142 0.58894 0.16677 0.21295 0.59316 0.47821 
548	6	0.18380 0.91180 0.06584 0.11769 0.74748 0.55076 
549	6	0.20035 0.84061 0.19109 0.07839 0.52266 0.69338 
550	6	0.24980 0.90996 0.10343 0.13897 0.67074 0.59117 
551	6	0.09114 0.77877 0.21851 0.04892 0.46651 0.75378 
552	6	0.28178 0.52247 0.33321 0.11460 0.41389 0.68563 
553	6	0.37495 0.85079 0.08316 0.25001 0.76600 0.43165 
554	6	0.25878 0.86277 0.09679 0.11737 0.62812 0.60883 
555	6	0.10178 0.86393 0.15159 0.05134 0.51885 0.72622 
556	6	0.41611 0.55239 0.29942 0.20679 0.52359 0.59695 
557	6	0.12598 0.74020 0.21559 0.06087 0.42593 0.73117 
558	6	0.27761 0.64474 0.24056 0.12257 0.42639 0.60569 
559	6	0.19895 0.68681 0.22678 0.08924 0.50397 0.67422 
560	6	0.13733 0.71129 0.25954 0.06463 0.44653 0.72608 
561	6	0.17211 0.93433 0.05768 0.14262 0.79838 0.51949 
562	6	0.30057 0.78696 0.11867 0.12747 0.55805 0.62977 
563	6	0.09167 0.34218 0.43198 0.03284 0.17455 0.81777 
564	6	0.22952 0.79915 0.17237 0.09912 0.55705 0.65104 
565	6	0.69253 0.63421 0.11545 0.50599 0.77179 0.30755 
566	6	0.11282 0.88345 0.08915 0.06106 0.63311 0.68166 
567	6	0.15496 0.79142 0.17484 0.06255 0.48554 0.72825 
568	6	0.32801 0.79871 0.08679 0.14934 0.63521 0.57680 
569	6	0.06876 0.80390 0.19941 0.04024 0.45862 0.76224 
570	6	0.31137 0.86073 0.08281 0.17974 0.68988 0.47926 
571	6	0.12289 0.59333 0.30874 0.05028 0.36933 0.75856 
572	6	0.15982 0.74160 0.20845 0.08899 0.47858 0.66887 
573	6	0.31271 0.55710 0.33611 0.13243 0.43676 0.67285 
574	6	0.24881 0.86437 0.17506 0.09995 0.54722 0.67175 
575	6	0.15387 0.69437 0.17597 0.06367 0.41232 0.70324 
576	6	0.14359 0.78082 0.13229 0.07704 0.54898 0.67636 
577	6	0.11705 0.59466 0.25946 0.07157 0.46660 0.71332 
578	6	0.17063 0.81609 0.20627 0.08477 0.46221 0.69351 
579	6	0.18743 0.93733 0.06231 0.14322 0.75005 0.52773 
580	6	0.10181 0.82061 0.16611 0.04622 0.43739 0.74414 
581	6	0.19431 0.72816 0.34178 0.06036 0.30138 0.78841 
582	6	0.16305 0.88049 0.08928 0.09321 0.68984 0.61713 
583	6	0.13472 0.72789 0.25103 0.05714 0.38624 0.75554 
584	6	0.23892 0.88610 0.09034 0.12281 0.67922 0.58500 
585	6	0.35117 0.97059 0.07340 0.16451 0.74407 0.58071 
586	6	0.43268 0.88816 0.10008 0.23103 0.74105 0.50527 
587	6	0.17259 0.73152 0.14774 0.06769 0.47823 0.69772 
588	6	0.21263 0.69457 0.15945 0.08986 0.50306 0.64492 
589	6	0.31897 0.86007 0.13629 0.15217 0.65784 0.58215 
590	6	0.20736 0.89342 0.08530 0.10241 0.66452 0.62388 
591	6	0.18498 0.92268 0.10558 0.09383 0.65955 0.65017 
592	6	0.42801 0.87350 0.10501 0.23069 0.72684 0.48935 
593	6	0.22189 0.88201 0.09138 0.14104 0.70193 0.56075 
594	6	0.16823 0.69141 0.14603 0.09746 0.52571 0.61690 
595	6	0.37158 0.86713 0.12463 0.18811 0.69565 0.54431 
596	6	0.36962 0.93322 0.15035 0.17440 0.66874 0.60633 
597	6	0.14126 0.83760 0.12470 0.07329 0.56946 0.66841 
598	6	0.21898 0.80740 0.12686 0.12004 0.69737 0.60402 
599	6	0.59668 0.93851 0.06781 0.39167 0.84174 0.38273 
600	7	0.23142 0.95659 0.06748 0.11700 0.80923 0.55041 
601	7	0.11379 0.82538 0.08662 0.07829 0.67609 0.61679 
602	7	0.19224 0.83464 0.08211 0.09413 0.67489 0.60837 
603	7	0.20624 0.88383 0.12927 0.09299 0.69272 0.61719 
604	7	0.41523 0.99107 0.06825 0.23034 0.89736 0.44450 
605	7	0.20259 0.87354 0.13783 0.10322 0.73248 0.60358 
606	7	0.10876 0.95133 0.08351 0.07772 0.78376 0.63012 
607	7	0.10346 0.95668 0.06479 0.06482 0.79413 0.64747 
608	7	0.15738 0.76475 0.15406 0.08025 0.62068 0.60958 
609	7	0.25504 0.95526 0.09344 0.13380 0.79741 0.54027 
610	7	0.22686 0.91023 0.07661 0.11754 0.75803 0.56049 
611	7	0.40668 0.97888 0.08974 0.21177 0.82020 0.51323 
612	7	0.20493 0.98902 0.04220 0.10837 0.79022 0.58974 
613	7	0.37537 0.97126 0.11446 0.18784 0.77554 0.52561 
614	7	0.14165 0.95790 0.07910 0.09390 0.78752 0.58699 
615	7	0.32550 0.98643 0.06771 0.17764 0.84327 0.48956 
616	7	0.23984 0.76190 0.05572 0.16876 0.77444 0.42773 
617	7	0.42133 0.97418 0.11653 0.22413 0.80974 0.50526 
618	7	0.14583 0.91426 0.10159 0.09526 0.70095 0.55869 
619	7	0.10785 0.91519 0.12138 0.07651 0.70960 0.61289 
620	7	0.16122 0.81741 0.11110 0.09953 0.65089 0.57288 
621	7	0.13289 0.92885 0.09552 0.07988 0.71342 0.63304 
622	7	0.37703 0.90831 0.14198 0.18549 0.77684 0.55065 
623	7	0.15880 0.93424 0.07260 0.10298 0.82879 0.56919 
624	7	0.10811 0.86630 0.09706 0.07811 0.67809 0.60640 
625	7	0.57199 0.99182 0.07561 0.37637 0.92804 0.34705 
626	7	0.11994 0.84658 0.14271 0.07527 0.66364 0.62943 
627	7	0.28420 0.99120 0.07183 0.15724 0.84178 0.51232 
628	7	0.10499 0.95657 0.07041 0.08804 0.82856 0.58136 
629	7	0.15825 0.93670 0.09304 0.06967 0.68370 0.67084 
630	7	0.13260 0.92884 0.09834 0.07395 0.72414 0.62722 
631	7	0.14768 0.95452 0.09181 0.11058 0.84159 0.55948 
632	7	0.08059 0.96090 0.07828 0.06376 0.69758 0.66190 
633	7	0.25831 0.97505 0.08246 0.13463 0.81707 0.53335 
634	7	0.18588 0.83419 0.09566 0.09553 0.67913 0.57810 
635	7	0.17870 0.95521 0.07338 0.09138 0.78180 0.60243 
636	7	0.15034 0.95560 0.10933 0.08664 0.72470 0.60004 
637	7	0.19364 0.89318 0.12435 0.10466 0.71046 0.59143 
638	7	0.18077 0.97642 0.09463 0.09707 0.74393 0.61241 
639	7	0.24535 0.88583 0.07467 0.12979 0.80326 0.52729 
640	7	0.54528 0.83898 0.05665 0.33271 0.81369 0.42904 
641	7	0.13439 0.94751 0.08253 0.10341 0.79826 0.56760 
642	7	0.17720 0.98038 0.07058 0.10159 0.81211 0.58148 
643	7	0.20251 0.85102 0.05935 0.12377 0.75363 0.51316 
644	7	0.18934 0.95417 0.08701 0.11427 0.76490 0.56801 
645	7	0.23733 0.90846 0.09943 0.11045 0.75343 0.60518 
646	7	0.21961 0.84181 0.11072 0.14077 0.72238 0.55712 
647	7	0.33949 0.98836 0.06216 0.18657 0.87187 0.48675 
648	7	0.40630 0.99503 0.03818 0.22469 0.84275 0.47295 
649	7	0.49426 0.94654 0.11788 0.28641 0.80299 0.46176 
650	7	0.19671 0.91949 0.02775 0.13241 0.82733 0.49513 
651	7	0.15498 0.94656 0.11080 0.08070 0.74568 0.63415 
652	7	0.15148 0.93990 0.06311 0.08783 0.76556 0.61440 
653	7	0.31776 0.92390 0.13546 0.14532 0.73624 0.59491 
654	7	0.11619 0.85245 0.12464 0.06113 0.60437 0.70229 
655	7	0.17572 0.95472 0.07198 0.11209 0.76055 0.57825 
656	7	0.42603 0.99425 0.04988 0.24942 0.87702 0.43149 
657	7	0.28955 0.69245 0.08229 0.16854 0.69385 0.45753 
658	7	0.37672 0.98072 0.08032 0.21583 0.87117 0.46221 
659	7	0.42556 0.93757 0.07096 0.22912 0.77260 0.49625 
660	7	0.33658 0.98185 0.07494 0.20098 0.78807 0.49625 
661	7	0.28212 0.94275 0.15869 0.12158 0.66184 0.64795 
662	7	0.21203 0.89288 0.05646 0.15304 0.77148 0.49293 
663	7	0.22327 0.92342 0.05891 0.15964 0.81686 0.47132 
664	7	0.62117 0.94588 0.11343 0.41697 0.83840 0.37362 
665	7	0.19116 0.98093 0.04031 0.12778 0.80519 0.55607 
666	7	0.15440 0.95271 0.10856 0.08932 0.76067 0.60272 
667	7	0.12749 0.90899 0.08860 0.08305 0.68788 0.59596 
668	7	0.20545 0.84929 0.09529 0.10651 0.69727 0.59221 
669	7	0.20734 0.83584 0.09351 0.12330 0.73233 0.53547 
670	7	0.11185 0.91989 0.18608 0.07735 0.72101 0.64932 
671	7	0.23246 0.94565 0.15126 0.11005 0.68681 0.62789 
672	7	0.15791 0.88246 0.13330 0.08264 0.65647 0.62118 
673	7	0.07729 0.80434 0.17611 0.05525 0.56735 0.67948 
674	7	0.11438 0.93946 0.07894 0.05653 0.72371 0.67990 
675	7	0.20855 0.93882 0.08750 0.10734 0.77538 0.58775 
676	7	0.17213 0.87343 0.05833 0.09655 0.76729 0.58918 
677	7	0.55983 0.92106 0.00000 0.36649 0.95727 0.31935 
678	7	0.34242 0.95059 0.00226 0.22319 0.93393 0.39767 
679	7	0.33404 0.95436 0.05217 0.16964 0.89545 0.49887 
680	7	0.16064 0.90551 0.03275 0.10857 0.81611 0.53717 
681	7	0.22705 0.96336 0.01650 0.18617 0.95715 0.41947 
682	7	0.33912 0.97437 0.00110 0.20408 0.94527 0.42963 
683	7	0.26930 0.83700 0.08820 0.13878 0.80127 0.55730 
684	7	0.36756 0.94881 0.09371 0.19338 0.77133 0.53681 
685	7	0.21113 0.90193 0.16813 0.08588 0.65610 0.67087 
686	7	0.22849 0.88998 0.07711 0.10645 0.72586 0.60291 
687	7	0.17970 0.89589 0.14278 0.08887 0.64879 0.65688 
688	7	0.27552 0.83769 0.15866 0.12653 0.58503 0.60239 
689	7	0.16689 0.93651 0.16325 0.09258 0.66214 0.65075 
690	7	0.07486 0.80547 0.22000 0.02972 0.42531 0.80280 
691	7	0.57589 0.74456 0.04021 0.36899 0.81449 0.37335 
692	7	0.13036 0.96864 0.07581 0.07374 0.72268 0.64215 
693	7	0.09956 0.78559 0.17324 0.05460 0.50829 0.69816 
694	7	0.17199 0.94811 0.04034 0.09030 0.76631 0.58433 
695	7	0.21044 0.90781 0.04099 0.11693 0.75196 0.53223 
696	7	0.22547 0.87697 0.04148 0.14840 0.78637 0.48281 
697	7	0.11696 0.83646 0.12703 0.07685 0.59682 0.63037 
698	7	0.12129 0.91632 0.06992 0.06316 0.68351 0.66825 
699	7	0.06214 0.84036 0.15622 0.03028 0.42992 0.77285 
700	8	0.09358 0.53628 0.37053 0.04628 0.27744 0.76418 
701	8	0.05614 0.60361 0.29167 0.02927 0.26327 0.79827 
702	8	0.15551 0.50180 0.27879 0.06158 0.32606 0.72992 
703	8	0.24081 0.60271 0.15803 0.10085 0.46310 0.63761 
704	8	0.32928 0.69131 0.13449 0.15361 0.59409 0.58281 
705	8	0.03706 0.50448 0.47620 0.01271 0.12220 0.89123 
706	8	0.09854 0.42656 0.36333 0.04227 0.23624 0.77291 
707	8	0.25190 0.62104 0.13553 0.12356 0.53767 0.60554 
708	8	0.08401 0.45558 0.39547 0.02955 0.22318 0.83614 
709	8	0.15079 0.80422 0.18672 0.07903 0.48325 0.66699 
710	8	0.18486 0.80908 0.14161 0.09759 0.60209 0.62909 
711	8	0.16390 0.49369 0.17649 0.09673 0.42611 0.63223 
712	8	0.05829 0.57152 0.33832 0.02786 0.26616 0.82748 
713	8	0.08847 0.55373 0.44800 0.02748 0.17365 0.82104 
714	8	0.21508 0.88086 0.12260 0.12451 0.67074 0.58426 
715	8	0.18619 0.83802 0.13659 0.10713 0.63361 0.60575 
716	8	0.35028 0.76417 0.15698 0.15999 0.55358 0.60251 
717	8	0.10523 0.78532 0.28339 0.05484 0.42709 0.73466 
718	8	0.07818 0.36966 0.48472 0.02228 0.06936 0.83947 
719	8	0.27561 0.67223 0.13812 0.15322 0.55942 0.53892 
720	8	0.26924 0.50563 0.16557 0.11653 0.41043 0.61323 
721	8	0.13291 0.82048 0.20323 0.07159 0.53510 0.66698 
722	8	0.28089 0.63625 0.22720 0.11777 0.45954 0.64543 
723	8	0.20692 0.82259 0.14921 0.08785 0.55799 0.67417 
724	8	0.12022 0.78781 0.15985 0.06465 0.50040 0.69676 
725	8	0.07278 0.70492 0.27309 0.03023 0.37320 0.80100 
726	8	0.32579 0.66706 0.18052 0.15007 0.53704 0.56696 
727	8	0.28908 0.59573 0.12163 0.14828 0.58398 0.50722 
728	8	0.08889 0.58423 0.17201 0.05726 0.38281 0.68960 
729	8	0.07876 0.55050 0.34802 0.03236 0.30515 0.81119 
730	8	0.04331 0.59447 0.38990 0.01815 0.19771 0.83940 
731	8	0.22354 0.64812 0.20635 0.09887 0.45902 0.58556 
732	8	0.10666 0.45043 0.32623 0.04837 0.22404 0.75971 
733	8	0.30458 0.81746 0.14678 0.14755 0.62748 0.57274 
734	8	0.14572 0.53432 0.35864 0.05485 0.32409 0.77006 
735	8	0.12058 0.61056 0.38119 0.03334 0.21635 0.82686 
736	8	0.03862 0.66367 0.32846 0.01881 0.23617 0.83493 
737	8	0.10206 0.58917 0.27667 0.04268 0.30311 0.75355 
738	8	0.58253 0.63482 0.09311 0.38363 0.70820 0.32978 
739	8	0.19318 0.47929 0.36526 0.07025 0.34481 0.75120 
740	8	0.13076 0.76766 0.24138 0.05285 0.37794 0.74047 
741	8	0.54258 0.42891 0.12939 0.33126 0.60840 0.39036 
742	8	0.16782 0.47335 0.33437 0.05559 0.24467 0.74682 
743	8	0.23229 0.52318 0.22274 0.09376 0.38975 0.67621 
744	8	0.29055 0.43457 0.28310 0.14078 0.46831 0.54028 
745	8	0.16808 0.58685 0.25819 0.07612 0.43512 0.71654 
746	8	0.52018 0.59781 0.07785 0.31789 0.71992 0.37588 
747	8	0.17688 0.52291 0.32393 0.06722 0.36592 0.74386 
748	8	0.20357 0.59695 0.10606 0.12039 0.57612 0.51187 
749	8	0.16231 0.43550 0.28624 0.07395 0.35018 0.70109 
750	8	0.28947 0.49553 0.18383 0.13638 0.47354 0.61276 
751	8	0.10922 0.38849 0.31896 0.04889 0.22041 0.73863 
752	8	0.21838 0.49215 0.30233 0.09407 0.38439 0.69034 
753	8	0.38879 0.65099 0.14402 0.19898 0.60105 0.55767 
754	8	0.08483 0.72078 0.17520 0.05461 0.47255 0.72147 
755	8	0.26548 0.51677 0.23607 0.11519 0.37174 0.64826 
756	8	0.41775 0.58205 0.16606 0.21517 0.54980 0.55021 
757	8	0.14669 0.14915 0.17510 0.10411 0.41536 0.52846 
758	8	0.16625 0.66559 0.23787 0.06578 0.41984 0.73808 
759	8	0.07269 0.65685 0.32813 0.02794 0.26089 0.81352 
760	8	0.23686 0.46134 0.22408 0.10298 0.39716 0.64387 
761	8	0.21844 0.33017 0.30041 0.08520 0.31658 0.69696 
762	8	0.12501 0.53346 0.23353 0.06050 0.35993 0.70362 
763	8	0.04955 0.28988 0.67662 0.01936 0.00000 0.87173 
764	8	0.37867 0.60088 0.24232 0.17256 0.45133 0.62325 
765	8	0.26755 0.64969 0.25526 0.12088 0.52083 0.67416 
766	8	0.23637 0.36136 0.38400 0.08205 0.26642 0.73381 
767	8	0.09727 0.57780 0.26808 0.05081 0.32262 0.74262 
768	8	0.15673 0.36917 0.30711 0.06688 0.27206 0.71721 
769	8	0.01380 0.44881 0.49957 0.01185 0.08259 0.87014 
770	8	0.10676 0.30974 0.42637 0.04518 0.14792 0.76088 
771	8	0.06357 0.66125 0.47295 0.02652 0.16966 0.81545 
772	8	0.13368 0.65982 0.22327 0.06126 0.37370 0.70472 
773	8	0.16253 0.60457 0.17988 0.07956 0.44576 0.66516 
774	8	0.16181 0.55838 0.14773 0.09654 0.43831 0.60565 
775	8	0.16484 0.75818 0.27150 0.04906 0.38619 0.79390 
776	8	0.27593 0.42424 0.27420 0.11232 0.36242 0.67003 
777	8	0.19778 0.44233 0.31173 0.07693 0.35022 0.72975 
778	8	0.26815 0.48601 0.30610 0.11212 0.40795 0.69276 
779	8	0.14648 0.62029 0.45041 0.03817 0.18718 0.83074 
780	8	0.24812 0.00000 0.31784 0.10048 0.25580 0.65391 
781	8	0.10696 0.49176 0.46381 0.03025 0.14176 0.82690 
782	8	0.12984 0.65549 0.26299 0.04900 0.37299 0.76892 
783	8	0.08931 0.56473 0.40027 0.02906 0.26324 0.84731 
784	8	0.15786 0.73643 0.33512 0.05025 0.29098 0.77764 
785	8	0.21464 0.63121 0.19838 0.08621 0.44520 0.67075 
786	8	0.03060 0.49528 0.47241 0.01476 0.11485 0.86397 
787	8	0.18270 0.76782 0.19148 0.07956 0.48962 0.69760 
788	8	0.18842 0.53520 0.29166 0.06725 0.34264 0.74569 
789	8	0.13310 0.35706 0.33145 0.05810 0.24067 0.73584 
790	8	0.18334 0.44230 0.34003 0.07248 0.33464 0.74437 
791	8	0.09565 0.35841 0.41720 0.04407 0.17305 0.76811 
792	8	0.06381 0.60223 0.48539 0.01550 0.10312 0.87096 
793	8	0.23034 0.66428 0.17223 0.11190 0.50634 0.63695 
794	8	0.15297 0.66483 0.28561 0.06547 0.46518 0.75412 
795	8	0.09849 0.29936 0.46831 0.03031 0.08553 0.81072 
796	8	0.23948 0.63191 0.12947 0.14335 0.59584 0.54679 
797	8	0.14826 0.62022 0.11239 0.08496 0.51445 0.61657 
798	8	0.02861 0.54610 0.54792 0.00842 0.08894 0.90516 
799	8	0.23884 0.56372 0.33343 0.08454 0.28867 0.73046 
800	9	0.05460 0.68129 0.49464 0.02637 0.34855 0.84617 
801	9	0.05892 0.78315 0.39529 0.02093 0.36919 0.86835 
802	9	0.11104 0.92049 0.16439 0.05055 0.51142 0.73918 
803	9	0.07335 0.80315 0.20789 0.03526 0.44253 0.77072 
804	9	0.17810 0.72142 0.18118 0.08375 0.58334 0.67903 
805	9	0.16333 0.67743 0.16403 0.08690 0.55192 0.65631 
806	9	0.12778 0.79333 0.19594 0.05832 0.54832 0.71582 
807	9	0.16533 0.88012 0.10709 0.10511 0.70459 0.62140 
808	9	0.12541 0.93924 0.13369 0.06905 0.65883 0.66754 
809	9	0.09330 0.67906 0.30903 0.03889 0.35018 0.80524 
810	9	0.28996 0.97548 0.09496 0.20948 0.85844 0.44609 
811	9	0.33117 0.94850 0.07796 0.18719 0.78839 0.52884 
812	9	0.16439 0.72743 0.24767 0.08978 0.52927 0.67912 
813	9	0.22433 0.70409 0.15591 0.10287 0.57024 0.63485 
814	9	0.11438 0.87519 0.13119 0.06037 0.59664 0.69589 
815	9	0.08263 0.73137 0.31505 0.04019 0.48134 0.78354 
816	9	0.19422 0.92688 0.12054 0.12390 0.67246 0.59374 
817	9	0.13854 0.82370 0.29549 0.05891 0.47842 0.76924 
818	9	0.07702 0.88889 0.26046 0.03531 0.44776 0.78707 
819	9	0.42414 0.19050 0.71600 0.20549 0.35948 0.65753 
820	9	0.48677 0.85195 0.13655 0.26975 0.72612 0.50731 
821	9	0.09326 0.86039 0.13833 0.06206 0.62151 0.70191 
822	9	0.11199 0.86140 0.12175 0.07489 0.69939 0.64849 
823	9	0.20990 0.75394 0.14150 0.10996 0.59818 0.62159 
824	9	0.11130 0.81902 0.26312 0.05350 0.54003 0.76647 
825	9	0.05033 0.87226 0.22820 0.03112 0.53092 0.79812 
826	9	0.11065 0.88124 0.15011 0.06081 0.60857 0.70782 
827	9	0.25992 0.90055 0.17935 0.10120 0.59930 0.69468 
828	9	0.15027 0.67006 0.23202 0.10256 0.64868 0.65611 
829	9	0.18468 0.90528 0.15665 0.06746 0.58563 0.73048 
830	9	0.09517 0.79224 0.15240 0.04998 0.49501 0.73409 
831	9	0.24172 0.99090 0.04918 0.11904 0.87621 0.54977 
832	9	0.15773 0.79652 0.37610 0.06113 0.46736 0.77831 
833	9	0.36589 0.86618 0.15856 0.18320 0.73035 0.57314 
834	9	0.11522 0.82595 0.15872 0.08179 0.69838 0.67038 
835	9	0.17393 0.89532 0.08158 0.10737 0.77269 0.57454 
836	9	0.06282 0.93184 0.12096 0.04707 0.58731 0.71029 
837	9	0.21878 0.60415 0.14898 0.13191 0.57429 0.56140 
838	9	0.09502 0.79360 0.22235 0.04592 0.52618 0.74573 
839	9	0.43525 0.81508 0.10178 0.24433 0.74468 0.45231 
840	9	0.14085 0.80434 0.32641 0.05490 0.46668 0.78918 
841	9	0.21389 0.71709 0.47769 0.07539 0.43823 0.76392 
842	9	0.14738 0.93847 0.08537 0.10330 0.73771 0.57694 
843	9	0.27036 0.94885 0.10524 0.14226 0.73100 0.54561 
844	9	0.28830 0.76522 0.17980 0.13465 0.63304 0.62261 
845	9	0.10637 0.67053 0.30799 0.04158 0.37025 0.78569 
846	9	0.43149 0.78458 0.15226 0.25247 0.77054 0.47166 
847	9	0.22294 0.82558 0.18357 0.09183 0.57971 0.64024 
848	9	0.23995 0.78360 0.19957 0.10194 0.53585 0.64670 
849	9	0.19726 0.68184 0.31005 0.07543 0.50756 0.71873 
850	9	0.32773 0.95500 0.03573 0.16875 0.80912 0.50985 
851	9	0.10508 0.81202 0.30280 0.03369 0.38713 0.81465 
852	9	0.16816 0.97414 0.10795 0.12307 0.79992 0.55170 
853	9	0.32817 0.85947 0.12766 0.16995 0.70901 0.54934 
854	9	0.14148 0.75975 0.34209 0.05491 0.39494 0.75325 
855	9	0.11233 0.78535 0.30994 0.04292 0.41188 0.80405 
856	9	0.09291 0.80279 0.24558 0.06016 0.57304 0.70393 
857	9	0.31056 0.90597 0.22849 0.13839 0.58169 0.62760 
858	9	0.26046 0.63364 0.34076 0.11526 0.50623 0.61884 
859	9	0.07311 0.73350 0.35133 0.04195 0.49547 0.75867 
860	9	0.15677 0.78057 0.23418 0.05763 0.45519 0.76979 
861	9	0.19684 0.90776 0.12426 0.09333 0.66428 0.63910 
862	9	0.13317 0.70520 0.22012 0.06359 0.52720 0.71354 
863	9	0.17666 0.82930 0.16822 0.08407 0.55961 0.63842 
864	9	0.13993 0.75629 0.30351 0.04613 0.40302 0.81188 
865	9	0.26617 0.93063 0.06828 0.18791 0.74873 0.40196 
866	9	0.29010 0.83615 0.18221 0.14730 0.62830 0.56037 
867	9	0.44379 0.95003 0.11496 0.32106 0.84035 0.29174 
868	9	0.26243 0.95994 0.07754 0.12653 0.76758 0.58120 
869	9	0.10811 0.81834 0.30958 0.04999 0.42789 0.73716 
870	9	0.12840 0.74436 0.19920 0.07387 0.55725 0.64411 
871	9	0.15460 0.81171 0.10236 0.10947 0.74188 0.60010 
872	9	0.17408 0.71386 0.21641 0.07639 0.50527 0.66797 
873	9	0.15042 0.84807 0.19163 0.05671 0.55695 0.73966 
874	9	0.13638 0.83701 0.13828 0.06591 0.55164 0.68345 
875	9	0.14662 0.61197 0.16156 0.08672 0.59253 0.64568 
876	9	0.24121 0.79267 0.21541 0.11676 0.64316 0.64739 
877	9	0.18765 0.68957 0.29083 0.07694 0.47683 0.73163 
878	9	0.22638 0.70163 0.16300 0.12801 0.61562 0.56829 
879	9	0.13872 0.68717 0.27265 0.06689 0.52508 0.71117 
880	9	0.21041 0.71872 0.38539 0.08166 0.52368 0.70507 
881	9	0.13069 0.81024 0.13539 0.07684 0.68044 0.66489 
882	9	0.19875 0.51373 0.29252 0.08481 0.45225 0.66924 
883	9	0.08774 0.56388 0.29544 0.04280 0.40109 0.78054 
884	9	0.14313 0.99479 0.02393 0.10147 0.87600 0.56001 
885	9	0.06148 0.56107 0.65160 0.02336 0.23245 0.88658 
886	9	0.42184 0.85296 0.07350 0.21976 0.67994 0.51474 
887	9	0.06992 0.79952 0.27746 0.02167 0.29430 0.84845 
888	9	0.33791 0.86744 0.05200 0.18837 0.80170 0.42826 
889	9	0.19434 0.72663 0.21373 0.07632 0.50173 0.71899 
890	9	0.04354 0.89548 0.16961 0.03636 0.55741 0.75600 
891	9	0.11182 0.74755 0.24781 0.05084 0.43347 0.78025 
892	9	0.21412 0.63686 0.22066 0.10741 0.55362 0.63021 
893	9	0.04293 0.78286 0.36323 0.02467 0.41582 0.84670 
894	9	0.09213 0.78164 0.21910 0.06500 0.58849 0.68077 
895	9	0.15025 0.73725 0.27967 0.06820 0.46128 0.69124 
896	9	0.04165 0.74979 0.45321 0.01932 0.30169 0.86255 
897	9	0.42929 0.67297 0.18153 0.23973 0.74739 0.44948 
898	9	0.10182 0.68898 0.23325 0.04262 0.37249 0.75126 
899	9	0.18867 0.75173 0.17376 0.07654 0.52517 0.67527 
900	10	0.06087 0.62398 0.48460 0.01190 0.14474 0.91421 
901	10	0.06530 0.78221 0.26270 0.04273 0.43236 0.78163 
902	10	0.18053 0.89296 0.23583 0.06397 0.54547 0.73679 
903	10	0.05293 0.78413 0.55434 0.02480 0.34068 0.88027 
904	10	0.12617 0.89615 0.21120 0.05214 0.51465 0.73965 
905	10	0.08014 0.73918 0.40581 0.02465 0.38232 0.86057 
906	10	0.00111 0.59731 0.48529 0.00636 0.19991 0.91653 
907	10	0.10682 0.65382 0.39305 0.03602 0.39029 0.82051 
908	10	0.08634 0.62726 0.34655 0.04026 0.40193 0.79065 
909	10	0.21550 0.86744 0.23809 0.10287 0.62057 0.63137 
910	10	0.02623 0.63728 0.61223 0.01752 0.26942 0.87793 
911	10	0.06346 0.73049 0.40717 0.03227 0.32849 0.82860 
912	10	0.15552 0.85265 0.15603 0.07404 0.66277 0.68893 
913	10	0.58019 0.71437 0.35519 0.36081 0.62729 0.50655 
914	10	0.03558 0.57518 0.43706 0.02460 0.36658 0.84705 
915	10	0.09772 0.74467 0.19867 0.05228 0.53436 0.72079 
916	10	0.22361 0.64323 0.36909 0.07203 0.38725 0.78102 
917	10	0.12332 0.54510 0.38683 0.04927 0.41219 0.78385 
918	10	0.09734 0.67152 0.69202 0.02104 0.22811 0.92788 
919	10	0.02652 0.60447 0.50075 0.01825 0.28893 0.88328 
920	10	0.06080 0.74627 0.29992 0.02758 0.44015 0.81909 
921	10	0.07667 0.60588 0.42755 0.02970 0.36134 0.83655 
922	10	0.00775 0.62748 0.49729 0.00857 0.22554 0.91140 
923	10	0.01454 0.71271 0.44862 0.01330 0.31773 0.89153 
924	10	0.19083 0.63199 0.46224 0.05542 0.33891 0.81864 
925	10	0.14627 0.74659 0.40219 0.04282 0.37183 0.83378 
926	10	0.09911 0.67529 0.50735 0.02912 0.32461 0.83819 
927	10	0.10714 0.76949 0.33292 0.04021 0.42398 0.80702 
928	10	0.43177 0.73547 0.36306 0.21272 0.58427 0.62931 
929	10	0.25429 0.84425 0.20913 0.10080 0.64718 0.68393 
930	10	0.00400 0.52946 0.51548 0.00667 0.14309 0.90975 
931	10	0.00310 0.71030 0.59799 0.00182 0.15786 0.96925 
932	10	0.09155 0.65518 0.35233 0.05189 0.43439 0.72711 
933	10	0.06619 0.81535 0.30030 0.03862 0.51210 0.77467 
934	10	0.01189 0.68528 0.49184 0.00554 0.22555 0.93582 
935	10	0.02572 0.39425 0.57405 0.01331 0.17276 0.89112 
936	10	0.05522 0.67654 0.49942 0.02147 0.28609 0.85419 
937	10	0.01299 0.65347 0.57620 0.00810 0.26590 0.93406 
938	10	0.11234 0.73731 0.23928 0.06121 0.57471 0.72936 
939	10	0.03050 0.61671 0.55390 0.00806 0.16769 0.93394 
940	10	0.02182 0.70054 0.45565 0.01034 0.29741 0.90260 
941	10	0.13451 0.72170 0.25487 0.04902 0.40583 0.75771 
942	10	0.04088 0.56962 0.40118 0.01690 0.20379 0.86080 
943	10	0.05747 0.51288 0.61147 0.02200 0.21845 0.88499 
944	10	0.14563 0.67554 0.47266 0.04428 0.34317 0.83071 
945	10	0.03285 0.60145 0.47324 0.01286 0.20700 0.89934 
946	10	0.04168 0.73617 0.54035 0.00567 0.17136 0.95865 
947	10	0.24181 0.82277 0.26087 0.09478 0.59476 0.69051 
948	10	0.15362 0.65619 0.30845 0.06186 0.47918 0.73767 
949	10	0.20777 0.67517 0.45928 0.06608 0.39736 0.80341 
950	10	0.35820 0.83866 0.19372 0.16306 0.61882 0.62167 
951	10	0.39510 0.74814 0.30136 0.18254 0.53438 0.64441 
952	10	0.49955 0.64506 0.31713 0.27481 0.56928 0.56463 
953	10	0.07047 0.53973 0.62883 0.01915 0.21102 0.90402 
954	10	0.10082 0.63400 0.69819 0.02030 0.21152 0.92376 
955	10	0.05449 0.67681 0.69791 0.01234 0.18702 0.93392 
956	10	0.05964 0.67255 0.56525 0.01098 0.24602 0.93918 
957	10	0.13667 0.78777 0.20334 0.05679 0.51044 0.73762 
958	10	0.03943 0.79960 0.41587 0.02072 0.29929 0.86314 
959	10	0.21651 0.86578 0.24329 0.07552 0.49685 0.75015 
960	10	0.05295 0.73559 0.43896 0.02161 0.37535 0.88171 
961	10	0.27151 0.88757 0.17584 0.15289 0.68372 0.59380 
962	10	0.10570 0.77408 0.32751 0.04005 0.46236 0.80985 
963	10	0.20342 0.72393 0.43726 0.05669 0.26562 0.84606 
964	10	0.12130 0.40305 0.55765 0.03157 0.18275 0.84911 
965	10	0.08434 0.67565 0.62683 0.02284 0.30331 0.90033 
966	10	0.01591 0.68524 0.41702 0.01084 0.29583 0.90397 
967	10	0.09205 0.84251 0.22785 0.03542 0.47554 0.80699 
968	10	0.21866 0.64861 0.28608 0.12365 0.64912 0.63702 
969	10	0.36270 0.88891 0.29285 0.16961 0.65854 0.62848 
970	10	0.26188 0.63848 0.53085 0.08500 0.28302 0.81833 
971	10	0.04289 0.42335 0.55576 0.01474 0.21092 0.88535 
972	10	0.47797 0.73937 0.27336 0.26197 0.61050 0.51942 
973	10	0.35417 0.60124 0.51662 0.14770 0.42221 0.73241 
974	10	0.08084 0.61139 0.57031 0.02669 0.29981 0.85063 
975	10	0.06906 0.54684 0.49438 0.02739 0.27391 0.86084 
976	10	0.01707 0.58562 0.56498 0.00393 0.13879 0.94440 
977	10	0.04400 0.69314 0.32421 0.02481 0.37033 0.83485 
978	10	0.07526 0.59219 0.44491 0.01788 0.21528 0.87087 
979	10	0.14287 0.63203 0.51001 0.03979 0.29751 0.84430 
980	10	0.13874 0.72197 0.23978 0.05858 0.51256 0.75461 
981	10	0.02546 0.43806 0.85894 0.00000 0.02912 1.00000 
982	10	0.19787 0.81922 0.27423 0.09790 0.63738 0.70622 
983	10	0.23383 0.61212 0.64856 0.07595 0.29087 0.82733 
984	10	0.08431 0.68435 0.26287 0.05313 0.50870 0.73761 
985	10	0.06434 0.49444 0.44914 0.02759 0.28036 0.83234 
986	10	0.18542 0.79299 0.25098 0.07473 0.50182 0.73207 
987	10	0.21320 0.65396 0.20892 0.08815 0.59185 0.67338 
988	10	0.02003 0.57188 0.46366 0.01745 0.31182 0.86889 
989	10	0.01664 0.49978 0.53289 0.01335 0.22094 0.89582 
990	10	0.04234 0.57222 0.61277 0.01224 0.24248 0.92535 
991	10	0.11315 0.73090 0.35330 0.04949 0.48520 0.77253 
992	10	0.07862 0.70947 0.40404 0.02488 0.31871 0.85907 
993	10	0.15633 0.75572 0.49287 0.04745 0.33337 0.83594 
994	10	0.25502 0.65389 0.47308 0.09511 0.45391 0.75993 
995	10	0.45572 0.88104 0.17594 0.24020 0.64994 0.54590 
996	10	0.18050 0.84500 0.20873 0.07652 0.57200 0.69939 
997	10	0.36995 0.72927 0.28737 0.19134 0.67591 0.56871 
998	10	0.05902 0.62381 0.67779 0.01678 0.22173 0.91269 
999	10	0.13546 0.76003 0.28757 0.05238 0.41028 0.74322 
