600	6	6
0	1	0.15607 0.91779 0.12485 0.02894 0.47448 0.66956 
1	1	0.05608 0.97114 0.06174 0.01101 0.68455 0.57684 
2	1	0.20835 0.94692 0.10843 0.04813 0.49632 0.61079 
3	1	0.13421 0.86419 0.19613 0.01894 0.26119 0.78557 
4	1	0.20120 0.91786 0.17128 0.04258 0.34925 0.70508 
5	1	0.21594 0.95961 0.13631 0.05830 0.61409 0.54406 
6	1	0.21408 0.91543 0.15058 0.05318 0.57177 0.59772 
7	1	0.11318 0.85737 0.23690 0.01367 0.24297 0.79838 
8	1	0.24581 0.95266 0.14709 0.06341 0.50294 0.63907 
9	1	0.13197 0.98732 0.09731 0.02450 0.55467 0.61121 
10	1	0.09400 0.97735 0.10453 0.01708 0.49518 0.66763 
11	1	0.11311 0.90421 0.09108 0.02701 0.78589 0.49279 
12	1	0.21934 0.94428 0.19235 0.05159 0.53910 0.62096 
13	1	0.06334 0.92525 0.09324 0.01743 0.69903 0.52322 
14	1	0.01737 0.83223 0.16771 0.00280 0.26957 0.77276 
15	1	0.20631 0.94794 0.13942 0.05208 0.61665 0.59490 
16	1	0.06348 0.86441 0.18456 0.00516 0.29292 0.79394 
17	1	0.07886 0.87013 0.17946 0.00723 0.26750 0.81158 
18	1	0.20993 0.97466 0.07844 0.05071 0.64475 0.59590 
19	1	0.28471 0.92953 0.22827 0.08399 0.52571 0.61369 
20	1	0.25769 0.93326 0.12157 0.06759 0.43503 0.67929 
21	1	0.25914 0.98847 0.08150 0.06856 0.46834 0.66099 
22	1	0.23132 0.94956 0.07791 0.05869 0.74156 0.51930 
23	1	0.25373 0.94515 0.10703 0.06767 0.53214 0.59700 
24	1	0.10388 0.93068 0.07227 0.01759 0.67002 0.58205 
25	1	0.18296 0.91039 0.25492 0.03495 0.41404 0.73412 
26	1	0.11463 0.89562 0.26846 0.01466 0.35732 0.77944 
27	1	0.11706 0.91497 0.20009 0.01672 0.44352 0.69098 
28	1	0.11574 0.92240 0.16711 0.01597 0.43341 0.68707 
29	1	0.23236 0.96214 0.15727 0.05558 0.45577 0.67692 
30	1	0.05514 0.98310 0.04464 0.02790 0.83838 0.45344 
31	1	0.25062 0.93812 0.21471 0.06393 0.38099 0.70727 
32	1	0.22267 0.96389 0.10018 0.05522 0.52957 0.58404 
33	1	0.24990 0.92765 0.18789 0.06481 0.43801 0.69458 
34	1	0.27244 0.90288 0.27348 0.07544 0.41473 0.68949 
35	1	0.28616 0.94725 0.20773 0.08411 0.54303 0.59670 
36	1	0.18184 0.99374 0.09408 0.04049 0.56137 0.56269 
37	1	0.54332 0.85745 0.14719 0.31142 0.73368 0.30405 
38	1	0.24619 0.92244 0.18657 0.06370 0.52492 0.65309 
39	1	0.17772 0.96093 0.10429 0.03734 0.49700 0.68178 
40	1	0.24211 0.96339 0.13910 0.06990 0.58415 0.58456 
41	1	0.20525 0.92679 0.11477 0.04355 0.35691 0.71818 
42	1	0.11741 0.98165 0.04930 0.02417 0.65869 0.51813 
43	1	0.15364 0.93702 0.08566 0.04179 0.57134 0.57376 
44	1	0.11885 0.93885 0.17377 0.01678 0.41116 0.74884 
45	1	0.27335 0.97699 0.10249 0.08074 0.51345 0.61220 
46	1	0.27285 0.97153 0.14930 0.08414 0.55284 0.57736 
47	1	0.22093 0.93371 0.18323 0.05644 0.44595 0.61591 
48	1	0.16727 0.96961 0.05873 0.07680 0.89614 0.33469 
49	1	0.27143 0.91208 0.17902 0.07639 0.49206 0.64966 
50	1	0.27175 0.95450 0.14358 0.07549 0.52674 0.62283 
51	1	0.27419 0.92590 0.19109 0.07736 0.47254 0.65245 
52	1	0.35992 0.89880 0.20294 0.14000 0.57441 0.53395 
53	1	0.05015 0.95710 0.06276 0.00814 0.43687 0.66128 
54	1	0.16660 0.82765 0.18655 0.02880 0.29231 0.74009 
55	1	0.03159 0.90519 0.06426 0.01179 0.60544 0.58670 
56	1	0.26017 0.92036 0.25885 0.06971 0.50695 0.63919 
57	1	0.25730 0.93777 0.20862 0.06727 0.40176 0.70044 
58	1	0.29172 0.95972 0.18606 0.09105 0.58190 0.55858 
59	1	0.08338 0.90475 0.07461 0.01773 0.64805 0.53435 
60	1	0.22699 0.92255 0.11325 0.05999 0.57749 0.57930 
61	1	0.22856 0.96076 0.11681 0.06005 0.61862 0.53174 
62	1	0.27804 0.95738 0.13281 0.07850 0.43731 0.67184 
63	1	0.27432 0.95852 0.12844 0.07759 0.48881 0.64413 
64	1	0.22326 0.95183 0.13032 0.05152 0.48540 0.65512 
65	1	0.06474 0.88043 0.16700 0.01342 0.48929 0.68400 
66	1	0.21295 0.93666 0.08109 0.05973 0.70577 0.51667 
67	1	0.27438 0.99557 0.07197 0.07689 0.48905 0.61285 
68	1	0.13020 0.97595 0.09655 0.02357 0.48315 0.64865 
69	1	0.11925 0.94915 0.12198 0.02391 0.51642 0.63212 
70	1	0.15362 0.94835 0.07775 0.07431 0.80389 0.34805 
71	1	0.08880 0.96503 0.09670 0.04050 0.73684 0.43165 
72	1	0.22047 0.87710 0.18298 0.05731 0.59511 0.59727 
73	1	0.12957 0.94833 0.14240 0.02170 0.46479 0.65982 
74	1	0.11005 0.95890 0.07656 0.04774 0.70348 0.40739 
75	1	0.16804 0.81415 0.26387 0.02897 0.26675 0.80077 
76	1	0.25165 0.94097 0.17649 0.06436 0.38263 0.72089 
77	1	0.31475 0.95181 0.15636 0.11610 0.55019 0.56416 
78	1	0.20730 0.88825 0.34551 0.04863 0.41831 0.69934 
79	1	0.24496 0.86708 0.26340 0.06108 0.34838 0.72221 
80	1	0.16745 0.85943 0.24455 0.02902 0.28205 0.75985 
81	1	0.28827 0.95101 0.16776 0.08445 0.48975 0.64257 
82	1	0.28111 0.93638 0.17537 0.08074 0.46374 0.65651 
83	1	0.01790 0.92696 0.14934 0.00235 0.26096 0.81628 
84	1	0.22589 0.92118 0.13478 0.05337 0.48265 0.65043 
85	1	0.26154 0.98994 0.10723 0.07151 0.52339 0.60910 
86	1	0.15168 0.93149 0.13351 0.02414 0.35556 0.75837 
87	1	0.12456 0.99040 0.08621 0.02248 0.53838 0.63227 
88	1	0.27008 0.93774 0.20401 0.07787 0.57842 0.59208 
89	1	0.11788 0.99251 0.02598 0.01886 0.63457 0.61279 
90	1	0.25602 0.88254 0.24820 0.06784 0.50554 0.66138 
91	1	0.03371 0.87534 0.08866 0.00263 0.28289 0.77156 
92	1	0.25213 0.89934 0.22078 0.06552 0.47544 0.65793 
93	1	0.24895 0.90657 0.17823 0.06315 0.42851 0.69665 
94	1	0.16530 0.91369 0.19281 0.03015 0.41280 0.71534 
95	1	0.16601 0.95367 0.09662 0.02968 0.40347 0.70127 
96	1	0.22548 0.94803 0.19335 0.05294 0.42834 0.70951 
97	1	0.14363 0.91194 0.23233 0.02347 0.34587 0.77803 
98	1	0.16295 0.94322 0.20471 0.03010 0.43705 0.72129 
99	1	0.71950 0.94779 0.14000 0.52133 0.78533 0.24080 
100	2	0.26720 0.90815 0.28935 0.07361 0.43914 0.65739 
101	2	0.04347 0.89515 0.11975 0.01328 0.53425 0.66058 
102	2	0.00757 0.73714 0.22692 0.00132 0.17307 0.81656 
103	2	0.07777 0.64750 0.39066 0.02345 0.52669 0.62970 
104	2	0.59470 0.85120 0.38906 0.35467 0.56703 0.45061 
105	2	0.13430 0.77995 0.35646 0.03435 0.48660 0.55492 
106	2	0.65673 0.84291 0.39406 0.43363 0.65642 0.35394 
107	2	0.02270 0.69936 0.15627 0.00489 0.41030 0.71005 
108	2	0.00213 0.81510 0.23010 0.00052 0.12479 0.87287 
109	2	0.00161 0.67919 0.25869 0.00033 0.13309 0.90334 
110	2	0.01786 0.87855 0.17294 0.00112 0.14680 0.87923 
111	2	0.02094 0.63772 0.29304 0.00279 0.25792 0.81486 
112	2	0.43384 0.67500 0.74229 0.19376 0.50519 0.52916 
113	2	0.03660 0.70187 0.16446 0.00478 0.40421 0.73951 
114	2	0.08605 0.40994 0.16879 0.01718 0.40164 0.60553 
115	2	0.00431 0.68173 0.28855 0.00085 0.24993 0.85905 
116	2	0.25499 0.89497 0.16102 0.06875 0.52981 0.62907 
117	2	0.20560 0.84850 0.14454 0.05105 0.43027 0.58594 
118	2	0.03034 0.87448 0.28368 0.00401 0.38758 0.79435 
119	2	0.00899 0.76860 0.38717 0.00090 0.27173 0.86310 
120	2	0.19616 0.86913 0.18239 0.04046 0.30663 0.73365 
121	2	0.01024 0.77842 0.41745 0.00095 0.27058 0.86921 
122	2	0.01262 0.88336 0.06316 0.00301 0.39398 0.74435 
123	2	0.00157 0.54564 0.49364 0.00020 0.07356 0.95270 
124	2	0.57495 0.75588 0.36218 0.33354 0.62824 0.37618 
125	2	0.44903 0.95507 0.22550 0.20428 0.52182 0.51416 
126	2	0.07314 0.91100 0.19537 0.02037 0.54712 0.62518 
127	2	0.00043 0.75382 0.30655 0.00013 0.09273 0.93974 
128	2	0.16327 0.62230 0.87618 0.04497 0.43156 0.62030 
129	2	0.01243 0.40836 0.56082 0.00258 0.29554 0.84046 
130	2	0.22327 0.89626 0.21093 0.05103 0.30439 0.76124 
131	2	0.09580 0.78672 0.16467 0.03265 0.52105 0.62177 
132	2	0.05328 0.76735 0.21989 0.01498 0.50297 0.61884 
133	2	0.00952 0.78794 0.00949 0.00324 0.30780 0.66912 
134	2	0.01174 0.70300 0.29070 0.00157 0.20275 0.84054 
135	2	0.01476 0.49071 0.18787 0.00510 0.38702 0.70059 
136	2	0.17651 0.84086 0.25553 0.03444 0.52665 0.68117 
137	2	0.49095 0.02357 0.45997 0.24452 0.57036 0.44801 
138	2	0.41409 0.89638 0.29284 0.18073 0.50509 0.49594 
139	2	0.23326 0.42420 0.41355 0.11704 0.64447 0.43707 
140	2	0.04858 0.93546 0.08688 0.00698 0.40046 0.73714 
141	2	0.16641 0.86471 0.49899 0.05205 0.38971 0.64351 
142	2	0.15768 0.99269 0.03439 0.02794 0.43453 0.65595 
143	2	0.01394 0.98994 0.06290 0.00382 0.51032 0.69284 
144	2	0.12563 0.74803 0.24598 0.02570 0.37574 0.69960 
145	2	0.02020 0.84610 0.35255 0.00240 0.17310 0.87475 
146	2	0.00486 0.73220 0.42559 0.00091 0.22372 0.85465 
147	2	0.01901 0.87064 0.28875 0.00117 0.14111 0.90556 
148	2	0.18847 0.88298 0.29212 0.04478 0.48016 0.67477 
149	2	0.03654 0.77259 0.23728 0.00705 0.39672 0.74338 
150	2	0.49873 0.85965 0.40378 0.25092 0.51031 0.51945 
151	2	0.14112 0.92361 0.18954 0.02176 0.28780 0.77337 
152	2	0.00019 0.68581 0.22414 0.00014 0.05388 0.91824 
153	2	0.00170 0.72739 0.25035 0.00032 0.07318 0.89429 
154	2	0.02243 0.71774 0.46619 0.00144 0.16248 0.88585 
155	2	0.03994 0.80189 0.39763 0.00953 0.39707 0.71907 
156	2	0.11116 0.66711 0.50235 0.01741 0.37661 0.72056 
157	2	0.00585 0.70858 0.52174 0.00049 0.10035 0.91116 
158	2	0.47455 0.93333 0.21122 0.22805 0.56726 0.47924 
159	2	0.13198 0.73229 0.41195 0.03097 0.33865 0.72596 
160	2	0.03471 0.80682 0.08608 0.00649 0.36578 0.71182 
161	2	0.01284 0.69824 0.36946 0.00119 0.17269 0.87820 
162	2	0.00200 0.63662 0.53847 0.00020 0.08037 0.95348 
163	2	0.12233 0.78205 0.11394 0.02209 0.39466 0.66028 
164	2	0.21786 0.83879 0.04734 0.07617 0.63761 0.46940 
165	2	0.03188 0.84784 0.27089 0.00509 0.33307 0.77747 
166	2	0.05810 0.90711 0.14966 0.01173 0.51695 0.69746 
167	2	0.11884 0.92195 0.21800 0.02765 0.53866 0.62627 
168	2	0.27424 0.87357 0.28643 0.07971 0.45595 0.65120 
169	2	0.01378 0.81360 0.32796 0.00238 0.18966 0.83077 
170	2	0.40675 0.61846 0.67783 0.16667 0.40762 0.62430 
171	2	0.05295 0.92607 0.16798 0.00458 0.25952 0.78633 
172	2	0.00379 0.61253 0.30209 0.00070 0.17973 0.88058 
173	2	0.60316 0.71468 0.44200 0.36828 0.70153 0.32383 
174	2	0.00550 0.87289 0.17886 0.00044 0.15386 0.89338 
175	2	0.53080 0.93825 0.23014 0.28417 0.58285 0.45852 
176	2	0.01349 0.86355 0.41355 0.00176 0.19146 0.85335 
177	2	0.01860 0.77518 0.48358 0.00131 0.17908 0.88414 
178	2	0.09656 0.90555 0.16286 0.03324 0.62402 0.54402 
179	2	0.45973 0.95135 0.15348 0.21860 0.54772 0.49070 
180	2	0.04247 0.74455 0.45580 0.00245 0.12696 0.91282 
181	2	0.00329 0.77349 0.19988 0.00055 0.14696 0.86516 
182	2	0.01355 0.66101 0.29008 0.00112 0.16189 0.86445 
183	2	0.00878 0.84265 0.22676 0.00126 0.25102 0.84047 
184	2	0.56271 0.82690 0.13370 0.32249 0.72735 0.30888 
185	2	0.44055 0.84694 0.45160 0.19871 0.57570 0.49681 
186	2	0.02402 0.77295 0.14848 0.00549 0.43693 0.69473 
187	2	0.39289 0.56629 0.57501 0.16327 0.55590 0.53149 
188	2	0.27663 0.82106 0.28779 0.09023 0.45237 0.58566 
189	2	0.22770 0.93237 0.32198 0.05607 0.40442 0.64962 
190	2	0.13044 0.90706 0.30397 0.01974 0.40245 0.72886 
191	2	0.40724 0.91439 0.21485 0.16883 0.49707 0.53525 
192	2	0.07286 0.96412 0.10417 0.00685 0.29225 0.80309 
193	2	0.03088 0.92237 0.14037 0.00179 0.22113 0.85974 
194	2	0.23474 0.88659 0.34600 0.06729 0.46405 0.63105 
195	2	0.08507 0.89453 0.14703 0.02034 0.45247 0.64010 
196	2	0.22734 0.73790 0.28459 0.06490 0.40668 0.63356 
197	2	0.15516 0.95381 0.15049 0.03122 0.39573 0.71524 
198	2	0.02668 0.83036 0.32440 0.00534 0.28371 0.80396 
199	2	0.45727 0.54818 0.45517 0.21170 0.49539 0.54996 
200	3	0.13562 0.64571 0.35177 0.03503 0.48594 0.60248 
201	3	0.83212 0.76143 0.13154 0.69579 0.87378 0.11459 
202	3	0.05429 0.93213 0.11681 0.01041 0.36462 0.68300 
203	3	0.05861 0.82889 0.28846 0.01893 0.61645 0.58495 
204	3	0.78230 0.88823 0.09208 0.62441 0.90831 0.11413 
205	3	0.89950 0.66050 0.12036 0.80950 0.88146 0.10316 
206	3	0.05423 0.84620 0.08719 0.01088 0.47783 0.68973 
207	3	0.03152 0.71498 0.40077 0.00432 0.39336 0.78822 
208	3	0.05128 0.72998 0.22089 0.00757 0.46468 0.70072 
209	3	0.03576 0.78646 0.29335 0.00493 0.34929 0.80182 
210	3	0.51621 0.78677 0.11839 0.27206 0.62961 0.41117 
211	3	0.55571 0.83422 0.45440 0.31067 0.57424 0.46268 
212	3	0.03909 0.84534 0.17483 0.00297 0.26864 0.82198 
213	3	0.04925 0.88784 0.08611 0.01029 0.39382 0.67091 
214	3	0.05291 0.73621 0.39565 0.00949 0.57757 0.65553 
215	3	0.03439 0.71822 0.13330 0.00700 0.36947 0.69650 
216	3	0.00465 0.87405 0.22278 0.00097 0.18554 0.86163 
217	3	0.69361 0.85512 0.11450 0.48354 0.75457 0.29292 
218	3	0.00481 0.59417 0.55825 0.00040 0.09393 0.93878 
219	3	0.11827 0.79219 0.26753 0.03356 0.52955 0.58301 
220	3	0.00474 0.81085 0.15462 0.00129 0.28637 0.80326 
221	3	0.02340 0.56790 0.93761 0.00097 0.06657 0.95669 
222	3	0.33197 0.83472 0.06055 0.14291 0.71338 0.30254 
223	3	0.02696 0.94045 0.16128 0.00249 0.29003 0.82871 
224	3	0.04265 0.56310 0.17862 0.01402 0.55198 0.63335 
225	3	0.18976 0.92370 0.08053 0.04011 0.58202 0.59683 
226	3	0.16954 0.87966 0.16541 0.06689 0.59049 0.37870 
227	3	0.26258 0.88720 0.38545 0.07233 0.55752 0.59517 
228	3	0.01966 0.81381 0.17330 0.00347 0.35601 0.73024 
229	3	0.01680 0.80958 0.09854 0.00455 0.51850 0.69726 
230	3	0.02744 0.82177 0.20762 0.00717 0.38367 0.71569 
231	3	0.01488 0.73038 0.19613 0.00375 0.26253 0.75886 
232	3	0.05781 0.57587 0.23918 0.01162 0.48652 0.64319 
233	3	0.06084 0.68232 0.46975 0.00727 0.15165 0.88284 
234	3	0.02420 0.87332 0.12517 0.00479 0.39037 0.73144 
235	3	0.01569 0.38321 0.19316 0.00327 0.27197 0.73247 
236	3	0.03970 0.80415 0.04986 0.01171 0.59245 0.60743 
237	3	0.08781 0.79545 0.22930 0.03150 0.61525 0.57674 
238	3	0.14859 0.91557 0.25267 0.02644 0.37250 0.72336 
239	3	0.00761 0.75745 0.18708 0.00114 0.25210 0.83066 
240	3	0.03962 0.93369 0.06322 0.00419 0.34079 0.70426 
241	3	0.09985 0.93166 0.18948 0.02772 0.49359 0.53610 
242	3	0.00422 0.85720 0.13728 0.00117 0.28105 0.81375 
243	3	0.44379 0.90872 0.21938 0.23806 0.78802 0.33360 
244	3	0.21134 0.87132 0.14325 0.05564 0.54231 0.55518 
245	3	0.02587 0.93882 0.05807 0.00680 0.50660 0.65924 
246	3	0.01878 0.80471 0.21271 0.00337 0.46321 0.74925 
247	3	0.16770 0.77393 0.38512 0.03159 0.30710 0.75309 
248	3	0.02700 0.87455 0.13121 0.00441 0.50787 0.71326 
249	3	0.04259 0.78611 0.12735 0.01258 0.56385 0.62857 
250	3	0.00271 0.84733 0.15401 0.00072 0.21803 0.84472 
251	3	0.23382 0.68926 0.10454 0.07569 0.53074 0.41958 
252	3	0.08763 0.92916 0.03749 0.02419 0.76473 0.50417 
253	3	0.00634 0.64555 0.25299 0.00094 0.18395 0.86261 
254	3	0.01607 0.62891 0.10713 0.00511 0.34332 0.68908 
255	3	0.02398 0.44606 0.13345 0.00428 0.24082 0.69351 
256	3	0.01557 0.61452 0.36350 0.00346 0.33003 0.79007 
257	3	0.60721 0.89442 0.18711 0.37505 0.70212 0.33380 
258	3	0.81940 0.63434 0.11148 0.67198 0.84689 0.16909 
259	3	0.09769 0.72557 0.06487 0.02595 0.47769 0.56292 
260	3	0.00540 0.28976 0.80180 0.00077 0.13743 0.92077 
261	3	0.97243 0.33332 0.00850 0.94567 0.96731 0.01391 
262	3	0.13134 0.88098 0.06915 0.02234 0.63750 0.58432 
263	3	0.00609 0.67209 0.16125 0.00259 0.31489 0.73916 
264	3	0.02305 0.83847 0.36206 0.00487 0.34981 0.74757 
265	3	0.00778 0.73120 0.20594 0.00152 0.21353 0.81360 
266	3	0.34114 0.98081 0.17269 0.14922 0.69344 0.40254 
267	3	0.08864 0.64104 0.08721 0.01942 0.56854 0.57049 
268	3	0.65410 0.67567 0.00139 0.43031 0.74334 0.26313 
269	3	0.31685 0.89834 0.23977 0.10457 0.54454 0.55854 
270	3	0.32084 0.91651 0.20999 0.10799 0.58190 0.54896 
271	3	0.43588 0.98840 0.01563 0.19502 0.82946 0.36401 
272	3	0.37599 0.99563 0.03444 0.14893 0.75783 0.42896 
273	3	0.86834 0.92299 0.09173 0.75500 0.89262 0.11871 
274	3	0.06852 0.57371 0.07439 0.01859 0.59182 0.57880 
275	3	0.00617 0.66342 0.22490 0.00098 0.20221 0.82705 
276	3	0.04247 0.67405 0.22455 0.01133 0.52094 0.66812 
277	3	0.05075 0.63781 0.21268 0.01371 0.59184 0.62488 
278	3	0.00339 0.68943 0.21669 0.00102 0.20612 0.81309 
279	3	0.00494 0.19352 0.18744 0.00105 0.08361 0.78912 
280	3	0.04601 0.68277 0.33918 0.01040 0.32488 0.73806 
281	3	0.00676 0.88933 0.09803 0.00111 0.25929 0.80739 
282	3	0.02246 0.84446 0.05988 0.00565 0.49946 0.67163 
283	3	0.62291 0.52744 0.37345 0.39035 0.66559 0.35256 
284	3	0.02239 0.66924 0.18798 0.00715 0.46267 0.65035 
285	3	0.01824 0.60665 0.26536 0.00193 0.25102 0.82994 
286	3	0.01375 0.96384 0.03023 0.00346 0.48331 0.71728 
287	3	0.02669 0.86087 0.12851 0.00716 0.66147 0.62228 
288	3	0.02103 0.85363 0.09373 0.00512 0.44660 0.69989 
289	3	0.04701 0.45981 0.22564 0.00942 0.45191 0.68633 
290	3	0.03466 0.82263 0.06867 0.00819 0.51023 0.61533 
291	3	0.01748 0.66852 0.05079 0.00583 0.34024 0.64569 
292	3	0.01804 0.78387 0.20616 0.00643 0.59681 0.64673 
293	3	0.01216 0.66225 0.34837 0.00204 0.28104 0.82227 
294	3	0.01460 0.64733 0.08534 0.00448 0.32443 0.67291 
295	3	0.02923 0.72405 0.23003 0.00662 0.56828 0.67448 
296	3	0.01074 0.81075 0.36500 0.00264 0.36962 0.76364 
297	3	0.14283 0.94705 0.04396 0.02767 0.73893 0.53906 
298	3	0.09735 0.97976 0.02434 0.01798 0.68842 0.53771 
299	3	0.12756 0.67792 0.17107 0.04589 0.68408 0.51113 
300	4	0.02469 0.92046 0.02700 0.00718 0.51226 0.67287 
301	4	0.00173 0.45004 0.54118 0.00052 0.04911 0.89798 
302	4	0.02450 0.13443 0.18080 0.00795 0.40015 0.63597 
303	4	0.02180 0.47796 0.25265 0.00387 0.35824 0.78077 
304	4	0.07387 0.93091 0.21267 0.01812 0.41900 0.70432 
305	4	0.01337 0.88000 0.15715 0.00203 0.32567 0.78833 
306	4	0.17956 0.66209 0.72813 0.03300 0.22014 0.83109 
307	4	0.22650 0.99518 0.03154 0.06799 0.50098 0.60487 
308	4	0.02346 0.68724 0.21221 0.00275 0.30664 0.78180 
309	4	0.00082 0.27286 0.94027 0.00006 0.00318 0.97622 
310	4	0.04466 0.57591 0.56331 0.00583 0.24091 0.82518 
311	4	0.00152 0.81694 0.18769 0.00028 0.11764 0.90204 
312	4	0.00135 0.42349 0.75676 0.00007 0.02076 0.97622 
313	4	0.02054 0.60362 0.24104 0.00533 0.34275 0.72876 
314	4	0.05513 0.77933 0.10132 0.01442 0.46259 0.64515 
315	4	0.01671 0.77372 0.18379 0.00448 0.34490 0.68378 
316	4	0.01257 0.88611 0.20856 0.00256 0.39252 0.77631 
317	4	0.00229 0.89338 0.13092 0.00036 0.11387 0.88192 
318	4	0.00488 0.56377 0.29743 0.00070 0.11365 0.85882 
319	4	0.72053 0.98488 0.11284 0.52025 0.73963 0.28037 
320	4	0.00459 0.90342 0.11671 0.00137 0.17191 0.79500 
321	4	0.01338 0.71315 0.20256 0.00179 0.22691 0.81373 
322	4	0.47899 0.86693 0.28382 0.23346 0.53883 0.50218 
323	4	0.35788 0.88303 0.34737 0.13195 0.43246 0.61357 
324	4	0.05157 0.68669 0.20426 0.00679 0.33934 0.76816 
325	4	0.02644 0.60456 0.14637 0.00758 0.48074 0.68278 
326	4	0.00134 0.81746 0.20690 0.00024 0.10933 0.91401 
327	4	0.01248 0.90700 0.09985 0.00201 0.25531 0.79270 
328	4	0.49382 0.77307 0.36222 0.24799 0.51251 0.48271 
329	4	0.18698 0.68956 0.25360 0.05464 0.46220 0.60837 
330	4	0.00408 0.75413 0.15423 0.00057 0.14044 0.85988 
331	4	0.01750 0.62548 0.28133 0.00228 0.21485 0.82696 
332	4	0.00325 0.57418 0.49555 0.00077 0.15708 0.88138 
333	4	0.05140 0.63872 0.20471 0.01704 0.46962 0.58975 
334	4	0.02383 0.59824 0.18282 0.00363 0.30609 0.77478 
335	4	0.20193 0.98601 0.05713 0.04375 0.52305 0.64188 
336	4	0.01386 0.73465 0.09023 0.00513 0.40724 0.69621 
337	4	0.03742 0.67482 0.17012 0.00511 0.28639 0.75834 
338	4	0.03604 0.68733 0.36591 0.00553 0.33840 0.77808 
339	4	0.01950 0.92859 0.08527 0.00271 0.27487 0.77870 
340	4	0.30808 0.75710 0.31872 0.09860 0.40937 0.62605 
341	4	0.00000 0.60776 0.22844 0.00017 0.05276 0.91077 
342	4	0.03655 0.79418 0.21780 0.00741 0.47556 0.66035 
343	4	0.04564 0.76399 0.39684 0.00558 0.37742 0.73314 
344	4	0.00045 0.75002 0.13991 0.00038 0.12523 0.86885 
345	4	0.01176 0.55655 0.18900 0.00366 0.32451 0.70918 
346	4	0.11440 0.46993 0.11459 0.03939 0.70753 0.42113 
347	4	0.04130 0.73528 0.40786 0.00796 0.66348 0.61557 
348	4	0.00010 0.55032 0.31031 0.00011 0.02450 0.92577 
349	4	0.01723 0.56086 0.38186 0.00328 0.27538 0.83647 
350	4	0.01847 0.65272 0.24915 0.00433 0.35680 0.77880 
351	4	0.08068 0.51856 0.48821 0.00686 0.11099 0.89917 
352	4	0.08298 0.46636 0.34572 0.01144 0.31260 0.70767 
353	4	0.22262 0.78788 0.64408 0.05181 0.31744 0.72776 
354	4	0.36548 0.78721 0.06501 0.17484 0.82470 0.28993 
355	4	0.33992 0.88952 0.05991 0.11728 0.45922 0.58032 
356	4	0.02920 0.65098 0.18913 0.00297 0.21212 0.81395 
357	4	0.00442 0.37407 0.26653 0.00114 0.14888 0.80836 
358	4	0.00197 0.71478 0.33984 0.00024 0.10034 0.93156 
359	4	0.03007 0.88262 0.11365 0.00405 0.40304 0.77163 
360	4	0.02142 0.73913 0.00000 0.00651 0.35298 0.57948 
361	4	0.02310 0.87551 0.09117 0.00507 0.42015 0.72638 
362	4	0.00845 0.71583 0.14666 0.00141 0.22189 0.82655 
363	4	0.04031 0.61088 0.16438 0.01281 0.55750 0.60687 
364	4	0.00141 0.00630 0.58298 0.00032 0.03830 0.91197 
365	4	0.04477 0.71329 0.17814 0.00564 0.31912 0.71762 
366	4	0.04659 0.56751 0.42355 0.00957 0.34052 0.73295 
367	4	0.01441 0.74904 0.28115 0.00319 0.14474 0.80908 
368	4	0.06594 0.55961 0.29191 0.01858 0.58037 0.58596 
369	4	0.00679 0.67530 0.10305 0.00177 0.29198 0.76731 
370	4	0.08448 0.59950 0.80444 0.00823 0.12714 0.86881 
371	4	0.03219 0.91487 0.18201 0.00496 0.29417 0.78971 
372	4	0.00102 0.44890 0.87350 0.00000 0.00000 1.00000 
373	4	0.21007 0.75012 0.18810 0.05256 0.64983 0.52900 
374	4	0.00487 0.00000 0.88281 0.00060 0.09963 0.93945 
375	4	0.09989 0.82142 0.16982 0.01283 0.38398 0.72776 
376	4	0.09039 0.71775 0.12350 0.02760 0.63775 0.48764 
377	4	0.00486 0.67289 0.47654 0.00049 0.05906 0.91322 
378	4	0.13537 0.79192 0.00986 0.03926 0.56478 0.48850 
379	4	0.01871 0.76046 0.09529 0.00584 0.41031 0.63806 
380	4	0.03434 0.70420 0.06042 0.00796 0.42793 0.65231 
381	4	0.02677 0.79447 0.37192 0.00214 0.18436 0.86611 
382	4	0.01198 0.77492 0.18541 0.00085 0.14920 0.86946 
383	4	0.01226 0.32552 0.61638 0.00132 0.22874 0.84087 
384	4	0.02287 0.58699 0.13381 0.00566 0.40820 0.71972 
385	4	0.01133 0.78368 0.36465 0.00129 0.13432 0.84311 
386	4	0.01882 0.79923 0.09200 0.00185 0.25005 0.79338 
387	4	0.12176 0.82381 0.37996 0.01598 0.24878 0.77923 
388	4	0.01386 0.63432 0.28601 0.00176 0.17814 0.86315 
389	4	0.05684 0.83168 0.10471 0.00876 0.33934 0.75842 
390	4	0.01237 0.87413 0.11728 0.00183 0.33420 0.79852 
391	4	0.00742 0.83299 0.18883 0.00101 0.22585 0.87232 
392	4	0.04736 0.65256 0.15718 0.01399 0.62594 0.61838 
393	4	0.06241 0.71744 0.16540 0.00784 0.37100 0.71896 
394	4	0.00342 0.81720 0.07431 0.00097 0.19370 0.80615 
395	4	0.01076 0.50927 0.23458 0.00121 0.10841 0.81685 
396	4	0.01710 0.87651 0.08699 0.00410 0.24529 0.72240 
397	4	0.06014 0.88408 0.08950 0.01139 0.41299 0.69972 
398	4	0.00388 0.48500 0.37905 0.00041 0.03554 0.88974 
399	4	0.18986 0.79337 0.28892 0.04220 0.40369 0.67960 
400	5	0.81565 0.77913 0.39972 0.66613 0.79174 0.20118 
401	5	0.81331 0.77554 0.42474 0.66253 0.78791 0.20191 
402	5	0.77682 0.79837 0.40435 0.60460 0.75957 0.24517 
403	5	0.76930 0.79497 0.38767 0.59329 0.74951 0.24624 
404	5	0.79631 0.80197 0.38218 0.63644 0.78558 0.20816 
405	5	0.80577 0.82166 0.33186 0.65081 0.79119 0.20316 
406	5	0.76441 0.74163 0.41683 0.58584 0.74936 0.23843 
407	5	0.74191 0.79242 0.36779 0.55242 0.72720 0.26384 
408	5	0.76935 0.79637 0.41547 0.59361 0.75839 0.24172 
409	5	0.76753 0.81696 0.43564 0.59137 0.76301 0.22672 
410	5	0.77136 0.77020 0.41779 0.59755 0.76374 0.22415 
411	5	0.80404 0.80697 0.38783 0.64757 0.78379 0.20960 
412	5	0.76543 0.79370 0.42962 0.58830 0.76083 0.22967 
413	5	0.79202 0.81163 0.44146 0.62897 0.77823 0.20325 
414	5	0.78858 0.69985 0.50751 0.62365 0.77524 0.20569 
415	5	0.76954 0.76657 0.40043 0.59440 0.76175 0.23046 
416	5	0.77453 0.76968 0.41071 0.60166 0.76218 0.22731 
417	5	0.77490 0.77135 0.40298 0.60277 0.77131 0.22320 
418	5	0.78065 0.83565 0.36947 0.61057 0.76336 0.23098 
419	5	0.75239 0.80595 0.39161 0.56902 0.75413 0.24113 
420	5	0.79985 0.81371 0.38786 0.64144 0.79098 0.20238 
421	5	0.81145 0.75761 0.40954 0.65997 0.78905 0.19748 
422	5	0.78874 0.79324 0.36042 0.62384 0.78081 0.21426 
423	5	0.78934 0.77132 0.39723 0.62519 0.77876 0.21048 
424	5	0.50988 0.75849 0.49715 0.27482 0.65770 0.38769 
425	5	0.00461 0.40259 0.45874 0.00091 0.15137 0.86203 
426	5	0.17317 0.78883 0.32251 0.05612 0.68664 0.49366 
427	5	0.19389 0.77214 0.38649 0.08887 0.71339 0.43402 
428	5	0.43996 0.79442 0.54121 0.21403 0.63709 0.41943 
429	5	0.04690 0.73872 0.46584 0.00640 0.28287 0.78908 
430	5	0.61738 0.80112 0.53667 0.38597 0.64522 0.35708 
431	5	0.46964 0.75487 0.58847 0.22931 0.62997 0.42416 
432	5	0.14570 0.83318 0.40595 0.02228 0.33231 0.79908 
433	5	0.69328 0.77505 0.59262 0.48285 0.69389 0.30551 
434	5	0.14579 0.76986 0.43217 0.02204 0.27464 0.80178 
435	5	0.44084 0.71501 0.55171 0.23074 0.65094 0.39107 
436	5	0.52405 0.70817 0.59021 0.28334 0.67456 0.38150 
437	5	0.31999 0.67416 0.49672 0.12945 0.69358 0.43987 
438	5	0.17841 0.72203 0.33326 0.07814 0.70506 0.44502 
439	5	0.17617 0.72955 0.42368 0.07233 0.68658 0.46327 
440	5	0.17538 0.75063 0.33507 0.07217 0.65207 0.47074 
441	5	0.14007 0.74515 0.38025 0.05903 0.66305 0.49040 
442	5	0.53662 0.79501 0.39899 0.29617 0.73872 0.35313 
443	5	0.29340 0.80087 0.34594 0.15008 0.71997 0.38235 
444	5	0.26017 0.78136 0.33053 0.14154 0.72861 0.38677 
445	5	0.35697 0.87374 0.18719 0.20581 0.75791 0.33116 
446	5	0.52413 0.81891 0.40451 0.28398 0.68780 0.38451 
447	5	0.77241 0.76145 0.51169 0.59813 0.74873 0.24172 
448	5	0.54842 0.78055 0.55200 0.30964 0.67149 0.36466 
449	5	0.06413 0.75216 0.64275 0.00697 0.28125 0.77308 
450	5	0.38460 0.78325 0.45528 0.16190 0.61384 0.45586 
451	5	0.13237 0.81328 0.45831 0.02093 0.33262 0.74200 
452	5	0.47730 0.75513 0.47558 0.25630 0.68329 0.37257 
453	5	0.19862 0.85037 0.38977 0.04060 0.31849 0.71896 
454	5	0.38130 0.71089 0.35975 0.18010 0.73523 0.37735 
455	5	0.13723 0.83963 0.35475 0.02566 0.41856 0.64055 
456	5	0.15157 0.72046 0.34982 0.04364 0.62735 0.54800 
457	5	0.08639 0.76027 0.42133 0.01236 0.35076 0.70168 
458	5	0.48100 0.73457 0.35109 0.23809 0.69325 0.41374 
459	5	0.16038 0.71740 0.32052 0.06224 0.70253 0.47367 
460	5	0.06481 0.77326 0.34160 0.01038 0.39842 0.66890 
461	5	0.14853 0.70599 0.28169 0.04385 0.67010 0.52035 
462	5	0.15244 0.71484 0.31080 0.04505 0.66653 0.52607 
463	5	0.18560 0.71101 0.33287 0.05867 0.67137 0.49507 
464	5	0.07894 0.79057 0.38681 0.02351 0.47190 0.60700 
465	5	0.16426 0.72856 0.31030 0.06180 0.68047 0.48236 
466	5	0.03355 0.74206 0.34869 0.00825 0.40248 0.66683 
467	5	0.53581 0.79710 0.43528 0.29440 0.66535 0.39383 
468	5	0.34178 0.85751 0.26332 0.15599 0.73805 0.39477 
469	5	0.38785 0.87474 0.44891 0.15267 0.49287 0.57339 
470	5	0.08741 0.82373 0.56139 0.01407 0.26459 0.78781 
471	5	0.38166 0.90384 0.42459 0.14946 0.54394 0.48236 
472	5	0.45467 0.91268 0.28069 0.20923 0.62491 0.48771 
473	5	0.45485 0.92207 0.26355 0.20978 0.63443 0.47690 
474	5	0.33620 0.80814 0.34041 0.11844 0.64303 0.50060 
475	5	0.00997 0.53586 0.29529 0.00115 0.16211 0.82850 
476	5	0.02801 0.81619 0.40297 0.00144 0.20940 0.86782 
477	5	0.01228 0.70214 0.31646 0.00136 0.21520 0.86380 
478	5	0.44174 0.87767 0.33056 0.19592 0.47831 0.59267 
479	5	0.34590 0.78213 0.48260 0.12050 0.37394 0.68169 
480	5	0.20946 0.84651 0.43463 0.04488 0.31910 0.75600 
481	5	0.24464 0.84679 0.36858 0.08072 0.39112 0.63075 
482	5	0.41287 0.88555 0.44589 0.18735 0.65775 0.36132 
483	5	0.51707 0.87406 0.58010 0.27159 0.65020 0.38347 
484	5	0.43249 0.89950 0.29231 0.19177 0.54573 0.50027 
485	5	0.49383 0.90404 0.40000 0.25201 0.65628 0.40108 
486	5	0.44717 0.89190 0.49916 0.20695 0.65128 0.40708 
487	5	0.46218 0.85964 0.31491 0.21496 0.54309 0.53137 
488	5	0.41870 0.90149 0.48776 0.18782 0.66670 0.38406 
489	5	0.39840 0.91422 0.37954 0.17224 0.67848 0.36889 
490	5	0.45734 0.86756 0.54374 0.22312 0.64326 0.40801 
491	5	0.45881 0.87640 0.52553 0.21849 0.65800 0.39903 
492	5	0.50129 0.87192 0.52139 0.25912 0.65382 0.40162 
493	5	0.36000 0.84583 0.62386 0.14791 0.62536 0.41298 
494	5	0.44432 0.83440 0.62655 0.21077 0.65276 0.40790 
495	5	0.54818 0.91006 0.43866 0.30518 0.71891 0.34436 
496	5	0.10601 0.86364 0.29259 0.01194 0.19505 0.83957 
497	5	0.11826 0.77651 0.36569 0.01505 0.22752 0.79933 
498	5	0.27441 0.91520 0.17625 0.08122 0.54867 0.57769 
499	5	0.77015 0.76547 0.59561 0.59471 0.76167 0.22366 
500	6	0.45536 0.93161 0.04022 0.21082 0.66299 0.43496 
501	6	0.02956 0.91027 0.17217 0.00244 0.31272 0.82859 
502	6	0.01273 0.86065 0.17028 0.00138 0.17689 0.82544 
503	6	0.36621 0.97606 0.04526 0.19924 0.84265 0.29035 
504	6	0.36757 0.86052 0.20053 0.14364 0.52017 0.55722 
505	6	0.48707 0.80198 0.22139 0.24011 0.56236 0.50403 
506	6	0.74372 0.92339 0.06418 0.55719 0.91063 0.15105 
507	6	0.68288 1.00000 0.08621 0.46835 0.74638 0.28264 
508	6	0.58770 0.96474 0.15196 0.34655 0.63928 0.38621 
509	6	0.04224 0.94520 0.02879 0.00707 0.62375 0.63442 
510	6	0.14257 0.86475 0.22032 0.02267 0.37306 0.76325 
511	6	0.44328 0.71489 0.35239 0.19833 0.47793 0.56123 
512	6	0.70483 0.94706 0.17569 0.49767 0.74790 0.31411 
513	6	0.02906 0.88632 0.05951 0.00538 0.40067 0.70066 
514	6	0.18252 0.76657 0.34954 0.04568 0.43273 0.68298 
515	6	0.09379 0.79085 0.52266 0.01819 0.32224 0.76304 
516	6	0.06782 0.75458 0.25916 0.01282 0.40127 0.71636 
517	6	0.26954 0.89773 0.14634 0.07443 0.43805 0.65759 
518	6	0.17779 0.79829 0.48787 0.03467 0.37442 0.68400 
519	6	0.00153 0.78434 0.14962 0.00059 0.14020 0.85081 
520	6	0.62949 0.90709 0.27710 0.39705 0.66574 0.40529 
521	6	0.00571 0.78953 0.16162 0.00147 0.31205 0.80202 
522	6	0.01286 0.81047 0.14912 0.00305 0.33104 0.73485 
523	6	0.01073 0.67437 0.34844 0.00272 0.27296 0.75779 
524	6	0.00587 0.77510 0.36989 0.00068 0.24922 0.88484 
525	6	0.08409 0.89640 0.28773 0.01600 0.36964 0.75747 
526	6	0.64363 0.58631 0.36901 0.41578 0.67087 0.37397 
527	6	0.64326 0.87033 0.29815 0.41503 0.65903 0.37784 
528	6	0.08782 0.74209 0.11038 0.01720 0.45988 0.66918 
529	6	0.13089 0.87772 0.17335 0.03506 0.51187 0.60033 
530	6	0.25105 0.86760 0.27263 0.06884 0.51129 0.60317 
531	6	0.02969 0.89669 0.03936 0.00510 0.46768 0.68747 
532	6	0.01811 0.65397 0.39402 0.00359 0.31208 0.78268 
533	6	0.02351 0.77875 0.50224 0.00302 0.35884 0.81752 
534	6	0.01449 0.82541 0.16129 0.00206 0.34043 0.77969 
535	6	0.38330 0.70600 0.09205 0.14934 0.49583 0.55788 
536	6	0.00218 0.80534 0.24135 0.00055 0.12928 0.87450 
537	6	0.40976 0.64697 0.13129 0.16957 0.49603 0.54107 
538	6	0.10816 0.73731 0.05210 0.04122 0.65699 0.52126 
539	6	0.93847 0.88489 0.10139 0.88112 0.93057 0.07770 
540	6	0.02056 0.85208 0.09762 0.00431 0.27418 0.73403 
541	6	0.44440 0.84186 0.41199 0.19943 0.53522 0.53550 
542	6	0.41564 0.81274 0.45040 0.17428 0.50295 0.57054 
543	6	0.59773 0.63211 0.42891 0.35834 0.61905 0.42743 
544	6	0.55084 0.62160 0.52340 0.30457 0.57222 0.48041 
545	6	0.39037 0.44866 0.80359 0.15386 0.42686 0.61124 
546	6	0.39193 0.78088 0.66533 0.15572 0.50129 0.56828 
547	6	0.42648 0.73312 0.69666 0.18386 0.49612 0.54782 
548	6	0.61373 0.41662 0.69967 0.37778 0.61381 0.41651 
549	6	0.61443 0.60247 0.48473 0.37867 0.60654 0.41096 
550	6	0.41480 0.54832 0.55141 0.17345 0.44274 0.59004 
551	6	0.39346 0.69387 0.49349 0.15606 0.46230 0.61657 
552	6	0.42152 0.36639 0.53821 0.17907 0.45157 0.56348 
553	6	0.48135 0.83353 0.52418 0.23350 0.56936 0.48772 
554	6	0.36881 0.53848 1.00000 0.13763 0.38374 0.64533 
555	6	0.56343 0.65162 0.53027 0.31863 0.59439 0.46260 
556	6	0.43184 0.37492 0.92572 0.18869 0.47057 0.54824 
557	6	0.38106 0.52420 0.70108 0.14629 0.41987 0.64532 
558	6	0.45080 0.39782 0.64997 0.20506 0.49788 0.52522 
559	6	0.48357 0.59018 0.50060 0.23621 0.57667 0.48619 
560	6	0.30539 0.91994 0.13859 0.10831 0.50466 0.56829 
561	6	0.05812 0.87517 0.15666 0.00861 0.37946 0.71343 
562	6	0.09575 0.88552 0.13255 0.01737 0.39607 0.64717 
563	6	0.01556 0.83074 0.19562 0.00305 0.35431 0.78881 
564	6	0.05263 0.74703 0.20356 0.00670 0.35354 0.76839 
565	6	0.91004 0.99415 0.07115 0.82823 0.90175 0.09868 
566	6	0.94532 0.93854 0.09457 0.89380 0.94793 0.06541 
567	6	0.07758 0.88972 0.19964 0.01550 0.39065 0.74298 
568	6	0.05479 0.96507 0.01501 0.01114 0.52458 0.64350 
569	6	0.00642 0.84987 0.11654 0.00173 0.22255 0.77457 
570	6	0.10045 0.83672 0.23862 0.02066 0.43116 0.69712 
571	6	1.00000 0.90627 0.05783 1.00000 1.00000 0.00000 
572	6	0.07425 0.96312 0.08919 0.02195 0.64371 0.60209 
573	6	0.00610 0.79671 0.13135 0.00114 0.21762 0.81460 
574	6	0.78416 0.65405 0.27941 0.61573 0.76982 0.23794 
575	6	0.01692 0.85669 0.22609 0.00127 0.19829 0.84108 
576	6	0.26960 0.91855 0.17303 0.12695 0.60953 0.51004 
577	6	0.02297 0.69209 0.33939 0.00337 0.35072 0.78656 
578	6	0.00529 0.85598 0.29520 0.00037 0.17129 0.91037 
579	6	0.58057 0.84583 0.39469 0.33889 0.64731 0.40367 
580	6	0.46055 0.79529 0.34832 0.21334 0.51651 0.53846 
581	6	0.00416 0.90774 0.14781 0.00083 0.26638 0.85029 
582	6	0.55939 0.89514 0.16474 0.31669 0.66042 0.40078 
583	6	0.00724 0.70259 0.33927 0.00069 0.21512 0.86575 
584	6	0.01804 0.95116 0.03243 0.00778 0.66265 0.60260 
585	6	0.20630 0.89292 0.03533 0.04557 0.48975 0.62864 
586	6	0.15252 0.89899 0.18144 0.02531 0.41659 0.71975 
587	6	0.07780 0.87374 0.11474 0.01488 0.50365 0.65958 
588	6	0.02095 0.72707 0.21372 0.00342 0.33246 0.79266 
589	6	0.02628 0.96576 0.01474 0.00661 0.49899 0.64592 
590	6	0.32835 0.78483 0.59095 0.10897 0.41400 0.67789 
591	6	0.32532 0.88107 0.14521 0.12705 0.57348 0.51828 
592	6	0.55673 0.98987 0.15295 0.31445 0.77815 0.30934 
593	6	0.02481 0.81039 0.16409 0.00300 0.17391 0.80112 
594	6	0.05904 0.85659 0.26296 0.01642 0.55223 0.59867 
595	6	0.49004 0.93959 0.18816 0.24244 0.61494 0.44397 
596	6	0.75184 0.86197 0.21099 0.56577 0.76858 0.27527 
597	6	0.79007 0.90128 0.14891 0.62550 0.81558 0.23264 
598	6	0.78764 0.84112 0.16893 0.62209 0.80889 0.23006 
599	6	0.04873 0.66939 0.19738 0.00925 0.43633 0.65291 
