600	6	6
0	1	0.40449 0.82552 0.16999 0.20931 0.69418 0.53509 
1	1	0.50502 0.95080 0.08909 0.38044 0.89141 0.33600 
2	1	0.23901 0.83948 0.21488 0.13594 0.62428 0.59294 
3	1	0.11251 0.74155 0.32067 0.05813 0.40844 0.72928 
4	1	0.21955 0.83431 0.22437 0.08477 0.42982 0.69560 
5	1	0.28853 0.91379 0.19794 0.13968 0.67517 0.60286 
6	1	0.51880 0.84124 0.19516 0.30880 0.71220 0.47720 
7	1	0.12287 0.77019 0.23561 0.06038 0.42095 0.72233 
8	1	0.49978 0.89552 0.15739 0.28186 0.67353 0.50461 
9	1	0.45082 0.96476 0.13579 0.24700 0.72404 0.47813 
10	1	0.38771 0.93466 0.15174 0.19091 0.68440 0.58025 
11	1	0.69680 0.86799 0.11501 0.53787 0.91141 0.25659 
12	1	0.30792 0.92085 0.27892 0.14471 0.62267 0.63068 
13	1	0.43151 0.89272 0.12299 0.35391 0.86965 0.34815 
14	1	0.09805 0.80581 0.20754 0.03546 0.41300 0.79032 
15	1	0.43801 0.92299 0.16125 0.23617 0.70461 0.54884 
16	1	0.06777 0.81013 0.24520 0.04039 0.43098 0.77915 
17	1	0.14483 0.82547 0.20409 0.05640 0.48469 0.74450 
18	1	0.44235 0.94494 0.08489 0.22927 0.76036 0.52685 
19	1	0.54519 0.89707 0.25305 0.32106 0.71176 0.50910 
20	1	0.25387 0.84470 0.14996 0.14811 0.71236 0.56735 
21	1	0.35827 0.92643 0.15520 0.15065 0.56043 0.65448 
22	1	0.27063 0.90407 0.10192 0.24165 0.89210 0.40788 
23	1	0.32241 0.86216 0.15014 0.20524 0.75330 0.51002 
24	1	0.31146 0.88699 0.09455 0.23757 0.88040 0.42615 
25	1	0.17406 0.87240 0.30495 0.06385 0.51144 0.76759 
26	1	0.12751 0.87132 0.31552 0.04809 0.47194 0.80071 
27	1	0.24517 0.88597 0.21285 0.12434 0.60242 0.63445 
28	1	0.22227 0.89145 0.21009 0.09436 0.59841 0.67965 
29	1	0.27872 0.89584 0.26940 0.10644 0.53908 0.71244 
30	1	0.52246 0.96979 0.06043 0.39111 0.89709 0.33151 
31	1	0.22803 0.87001 0.35050 0.07975 0.46419 0.76647 
32	1	0.54254 0.91967 0.12681 0.34176 0.77805 0.41935 
33	1	0.33831 0.86180 0.27206 0.14472 0.59201 0.64829 
34	1	0.24659 0.83589 0.30978 0.09306 0.50678 0.72430 
35	1	0.39880 0.91718 0.23168 0.19386 0.66547 0.59259 
36	1	0.39484 0.96440 0.16287 0.20022 0.66432 0.53382 
37	1	0.79042 0.82863 0.06308 0.63907 0.87852 0.22196 
38	1	0.47398 0.84754 0.20652 0.25119 0.68101 0.55374 
39	1	0.25963 0.92439 0.12544 0.10876 0.61202 0.65809 
40	1	0.49201 0.91230 0.16176 0.27342 0.69117 0.52541 
41	1	0.26242 0.85545 0.14813 0.14530 0.65520 0.57871 
42	1	0.34568 0.96826 0.09993 0.20318 0.84218 0.46934 
43	1	0.36394 0.83682 0.13230 0.19418 0.69454 0.52868 
44	1	0.13815 0.87550 0.26764 0.04979 0.44873 0.79688 
45	1	0.47768 0.93663 0.10903 0.26262 0.71704 0.51512 
46	1	0.47128 0.93107 0.15476 0.25289 0.67866 0.53988 
47	1	0.34176 0.88257 0.18369 0.16711 0.60696 0.56826 
48	1	0.90751 0.94842 0.04151 0.82897 0.94572 0.13452 
49	1	0.41832 0.85613 0.15422 0.20899 0.68921 0.55299 
50	1	0.26128 0.90857 0.18480 0.11044 0.65854 0.65406 
51	1	0.49427 0.88081 0.17316 0.27326 0.66479 0.53044 
52	1	0.52551 0.82998 0.16756 0.30858 0.69417 0.47543 
53	1	0.36944 0.89950 0.09463 0.20494 0.72398 0.46817 
54	1	0.12538 0.70736 0.21359 0.07046 0.48028 0.67078 
55	1	0.39404 0.87055 0.07040 0.24760 0.83536 0.41950 
56	1	0.27776 0.91522 0.25218 0.13867 0.68672 0.60491 
57	1	0.30296 0.87991 0.26125 0.11770 0.51531 0.71212 
58	1	0.47993 0.92256 0.17963 0.25879 0.68945 0.53612 
59	1	0.29517 0.87406 0.09886 0.19867 0.81327 0.47378 
60	1	0.31984 0.80058 0.18221 0.19329 0.71312 0.52351 
61	1	0.27447 0.89530 0.18039 0.17898 0.73882 0.53343 
62	1	0.25413 0.92488 0.16335 0.10804 0.60787 0.65808 
63	1	0.42886 0.92388 0.11983 0.21793 0.68311 0.55204 
64	1	0.32732 0.87707 0.15832 0.18025 0.73488 0.54164 
65	1	0.43078 0.83305 0.17651 0.23701 0.71367 0.49796 
66	1	0.65405 0.89405 0.10280 0.45801 0.83246 0.34048 
67	1	0.37896 0.95469 0.10773 0.18264 0.62962 0.55361 
68	1	0.45052 0.93053 0.17135 0.26121 0.72998 0.50549 
69	1	0.49612 0.89889 0.14572 0.27768 0.68757 0.51136 
70	1	0.89844 0.91929 0.09422 0.81293 0.92796 0.15264 
71	1	0.85074 0.94717 0.10841 0.73234 0.89836 0.19749 
72	1	0.57197 0.79997 0.19501 0.35355 0.71719 0.45608 
73	1	0.17151 0.88669 0.26825 0.08124 0.57857 0.70457 
74	1	0.78111 0.94383 0.07874 0.62444 0.88008 0.26262 
75	1	0.21093 0.74360 0.23092 0.10074 0.55091 0.65631 
76	1	0.23652 0.88732 0.21113 0.09102 0.54541 0.70421 
77	1	0.49212 0.90678 0.15274 0.26463 0.66201 0.54522 
78	1	0.19573 0.87556 0.35600 0.06635 0.49684 0.76842 
79	1	0.24291 0.86061 0.24124 0.10999 0.51759 0.65035 
80	1	0.12783 0.75527 0.25512 0.06369 0.42699 0.72009 
81	1	0.42936 0.90215 0.19910 0.21071 0.65283 0.59754 
82	1	0.37417 0.88881 0.19800 0.16868 0.59409 0.62744 
83	1	0.20867 0.89792 0.17644 0.07612 0.50681 0.72663 
84	1	0.44909 0.86159 0.15939 0.24641 0.70317 0.51170 
85	1	0.43896 0.96214 0.13711 0.22349 0.67068 0.55828 
86	1	0.16402 0.86883 0.21147 0.08911 0.57707 0.67517 
87	1	0.21765 0.98066 0.12781 0.10403 0.64451 0.67055 
88	1	0.48656 0.90614 0.24381 0.26770 0.70847 0.55081 
89	1	0.24021 0.95354 0.06794 0.17591 0.84355 0.49708 
90	1	0.40809 0.80472 0.26319 0.19759 0.63005 0.60011 
91	1	0.27406 0.81818 0.10940 0.12233 0.64285 0.60514 
92	1	0.34280 0.86674 0.21168 0.15437 0.64176 0.60433 
93	1	0.28732 0.84373 0.18044 0.12730 0.60272 0.63389 
94	1	0.42913 0.85008 0.21709 0.21638 0.61614 0.58477 
95	1	0.14357 0.86679 0.15593 0.07246 0.56321 0.68081 
96	1	0.37945 0.88408 0.27759 0.16149 0.51734 0.69381 
97	1	0.29450 0.81878 0.31399 0.10772 0.47042 0.73233 
98	1	0.29741 0.92575 0.23388 0.12221 0.62360 0.67384 
99	1	0.76295 0.90945 0.09494 0.59702 0.86251 0.27294 
100	2	0.42350 0.88701 0.34817 0.20036 0.59094 0.66153 
101	2	0.58767 0.87328 0.11399 0.36723 0.69802 0.42267 
102	2	0.11259 0.66554 0.27391 0.04237 0.40253 0.76682 
103	2	0.70863 0.58261 0.26355 0.51702 0.72421 0.35318 
104	2	0.59379 0.75327 0.37897 0.36898 0.59936 0.50459 
105	2	0.77245 0.71084 0.27204 0.60824 0.79835 0.28330 
106	2	0.68930 0.72472 0.41314 0.48840 0.66663 0.41862 
107	2	0.21866 0.63662 0.27447 0.10480 0.56579 0.64888 
108	2	0.16449 0.79045 0.26268 0.09526 0.55628 0.61016 
109	2	0.12120 0.61604 0.35278 0.05141 0.39799 0.75211 
110	2	0.08412 0.84012 0.30667 0.02706 0.31895 0.80918 
111	2	0.19416 0.55232 0.30009 0.08497 0.50438 0.65337 
112	2	0.64629 0.54209 0.60254 0.43207 0.63171 0.46072 
113	2	0.14186 0.77144 0.24708 0.06199 0.52498 0.75957 
114	2	0.18784 0.59645 0.38883 0.07242 0.39622 0.75814 
115	2	0.30118 0.62948 0.23345 0.13476 0.59361 0.60179 
116	2	0.25300 0.92208 0.31332 0.12842 0.68218 0.67147 
117	2	0.18783 0.76513 0.38946 0.05710 0.35236 0.80420 
118	2	0.18014 0.77773 0.44224 0.06879 0.55295 0.76367 
119	2	0.10687 0.66832 0.47554 0.05178 0.49656 0.78391 
120	2	0.25047 0.79764 0.15790 0.13128 0.57604 0.56402 
121	2	0.10150 0.69763 0.51216 0.04188 0.46817 0.81531 
122	2	0.35246 0.79939 0.14632 0.19118 0.73213 0.45157 
123	2	0.06622 0.55502 0.42116 0.02559 0.24863 0.84397 
124	2	0.42655 0.81121 0.67322 0.20212 0.51438 0.65283 
125	2	0.54289 0.90515 0.27465 0.31050 0.56599 0.56012 
126	2	0.66574 0.84812 0.24175 0.45766 0.69094 0.42997 
127	2	0.09183 0.74964 0.31880 0.02640 0.29980 0.83896 
128	2	0.22843 0.67565 0.87349 0.13687 0.63113 0.60729 
129	2	0.18692 0.40663 0.64642 0.05653 0.42105 0.83014 
130	2	0.33337 0.78114 0.24821 0.14231 0.51193 0.63361 
131	2	0.47848 0.78559 0.26143 0.27310 0.67841 0.45000 
132	2	0.57386 0.71386 0.18334 0.35830 0.71117 0.42493 
133	2	0.33095 0.72021 0.02495 0.25305 0.75099 0.34850 
134	2	0.18403 0.61676 0.31371 0.06696 0.45869 0.73288 
135	2	0.33522 0.50431 0.31023 0.22666 0.66936 0.52024 
136	2	0.27978 0.68623 0.27551 0.17704 0.72868 0.55598 
137	2	0.47689 0.08001 0.48425 0.25151 0.52017 0.57598 
138	2	0.54619 0.83296 0.22311 0.32179 0.60665 0.47464 
139	2	0.18672 0.54520 0.64976 0.10575 0.51363 0.72047 
140	2	0.30017 0.91483 0.09382 0.13556 0.67694 0.54793 
141	2	0.39320 0.79954 0.56877 0.17887 0.46653 0.65176 
142	2	0.39196 0.95855 0.07423 0.22947 0.81327 0.41134 
143	2	0.13068 0.94439 0.11143 0.08181 0.69888 0.65210 
144	2	0.16588 0.73405 0.35926 0.04342 0.34897 0.84988 
145	2	0.11015 0.78131 0.55937 0.02500 0.26193 0.89069 
146	2	0.05112 0.68077 0.53137 0.02426 0.39839 0.84975 
147	2	0.09668 0.82771 0.42750 0.02268 0.28160 0.87750 
148	2	0.55187 0.84125 0.25159 0.32484 0.64946 0.51899 
149	2	0.50034 0.73085 0.21306 0.27225 0.62837 0.54175 
150	2	0.59382 0.77307 0.43794 0.36666 0.58452 0.53960 
151	2	0.26057 0.88322 0.21424 0.09672 0.49512 0.70770 
152	2	0.11967 0.65136 0.25914 0.03669 0.26111 0.79283 
153	2	0.07867 0.65770 0.30659 0.02540 0.26066 0.82360 
154	2	0.10503 0.64872 0.70740 0.02271 0.24106 0.91729 
155	2	0.41934 0.73009 0.57572 0.20636 0.56703 0.65315 
156	2	0.14082 0.64373 0.65927 0.05437 0.43626 0.83672 
157	2	0.24530 0.63538 0.61084 0.08076 0.34178 0.80840 
158	2	0.54226 0.89032 0.26192 0.34657 0.76092 0.32565 
159	2	0.36642 0.60157 0.46314 0.17006 0.51370 0.64259 
160	2	0.50277 0.76657 0.11695 0.28570 0.69240 0.45019 
161	2	0.06846 0.66345 0.33824 0.03407 0.40209 0.77149 
162	2	0.14148 0.57676 0.57039 0.03908 0.26732 0.83551 
163	2	0.39702 0.77677 0.13682 0.18863 0.58478 0.56833 
164	2	0.70987 0.80674 0.06257 0.52955 0.85773 0.26683 
165	2	0.27796 0.80250 0.30800 0.11241 0.58167 0.69558 
166	2	0.54414 0.86610 0.12139 0.32670 0.78530 0.45463 
167	2	0.39348 0.89224 0.34949 0.18376 0.60170 0.64679 
168	2	0.54053 0.82713 0.31622 0.31310 0.62678 0.54554 
169	2	0.34734 0.79986 0.30980 0.14107 0.43827 0.68916 
170	2	0.48207 0.54428 0.59906 0.24889 0.48244 0.62651 
171	2	0.13332 0.82714 0.28619 0.05064 0.41931 0.76628 
172	2	0.21569 0.61783 0.34171 0.07407 0.42264 0.74967 
173	2	0.49571 0.76045 0.64290 0.26438 0.57609 0.59574 
174	2	0.10486 0.88153 0.18682 0.04689 0.46103 0.76999 
175	2	0.58519 0.87721 0.26643 0.35894 0.65811 0.50732 
176	2	0.18113 0.77739 0.62661 0.05123 0.30533 0.87558 
177	2	0.16019 0.75817 0.55855 0.04679 0.34403 0.86355 
178	2	0.35512 0.87964 0.21341 0.17689 0.69071 0.54592 
179	2	0.57260 0.92636 0.11695 0.34574 0.65524 0.48977 
180	2	0.09969 0.64125 0.68665 0.02071 0.21702 0.91811 
181	2	0.16075 0.71855 0.24382 0.06343 0.41759 0.70838 
182	2	0.12408 0.59344 0.27699 0.05377 0.44409 0.70184 
183	2	0.19455 0.76103 0.30106 0.07005 0.50917 0.71321 
184	2	0.39289 0.82893 0.33263 0.17811 0.54941 0.64010 
185	2	0.48234 0.74721 0.61201 0.25316 0.61089 0.61220 
186	2	0.60562 0.69568 0.19638 0.38775 0.73567 0.43177 
187	2	0.65037 0.46646 0.43318 0.44216 0.67212 0.40943 
188	2	0.23332 0.86255 0.50123 0.07226 0.36250 0.80834 
189	2	0.36381 0.84651 0.54735 0.15183 0.47018 0.71382 
190	2	0.22098 0.87085 0.36954 0.08841 0.65303 0.70197 
191	2	0.53022 0.89930 0.16701 0.30957 0.67018 0.46141 
192	2	0.12069 0.94416 0.12591 0.05204 0.50272 0.75768 
193	2	0.08689 0.88371 0.17950 0.03360 0.43989 0.78970 
194	2	0.52962 0.76631 0.48907 0.29557 0.54143 0.60303 
195	2	0.57927 0.83343 0.11914 0.36495 0.74248 0.39589 
196	2	0.18743 0.79851 0.53064 0.04840 0.30386 0.85651 
197	2	0.38101 0.91929 0.20206 0.17301 0.57959 0.61007 
198	2	0.50753 0.79342 0.33217 0.27517 0.54405 0.58465 
199	2	0.51470 0.59346 0.34878 0.29207 0.58885 0.47989 
200	3	0.67879 0.64728 0.29370 0.47577 0.71261 0.38966 
201	3	0.63896 0.84553 0.27315 0.42599 0.70513 0.43601 
202	3	0.21561 0.87464 0.20839 0.07741 0.49298 0.72135 
203	3	0.51107 0.80570 0.33389 0.33876 0.77482 0.42542 
204	3	0.68117 0.93067 0.17958 0.48454 0.79763 0.34851 
205	3	0.73187 0.82241 0.27611 0.54770 0.74780 0.37415 
206	3	0.34828 0.80727 0.12269 0.17292 0.70109 0.52575 
207	3	0.36208 0.61914 0.49411 0.15740 0.55234 0.68215 
208	3	0.29784 0.71816 0.27195 0.13789 0.65639 0.59533 
209	3	0.14031 0.82161 0.31849 0.04586 0.50684 0.80109 
210	3	0.73113 0.66581 0.05350 0.56420 0.84964 0.23510 
211	3	0.48794 0.88418 0.56052 0.26198 0.58620 0.58972 
212	3	0.17539 0.79678 0.12225 0.09476 0.60864 0.60552 
213	3	0.23499 0.90512 0.10563 0.11941 0.68377 0.58928 
214	3	0.40020 0.69217 0.41379 0.28879 0.79424 0.45343 
215	3	0.33618 0.65998 0.13198 0.16646 0.61806 0.55240 
216	3	0.13444 0.83375 0.18517 0.05752 0.48911 0.71682 
217	3	0.78692 0.79799 0.09173 0.63181 0.86099 0.25047 
218	3	0.23081 0.39432 0.57939 0.08233 0.39559 0.71524 
219	3	0.13246 0.84117 0.34322 0.05923 0.51186 0.75858 
220	3	0.30685 0.79968 0.19185 0.12421 0.57694 0.65857 
221	3	0.13988 0.50117 0.95984 0.03083 0.20033 0.91310 
222	3	0.21082 0.87642 0.13002 0.11200 0.58129 0.59670 
223	3	0.21241 0.90882 0.25875 0.08223 0.56327 0.69421 
224	3	0.49641 0.49432 0.18391 0.28524 0.68996 0.46208 
225	3	0.60518 0.94503 0.03138 0.40854 0.90153 0.32723 
226	3	0.39805 0.88626 0.20022 0.21288 0.54518 0.51035 
227	3	0.45347 0.87084 0.38899 0.24223 0.68986 0.55979 
228	3	0.07224 0.73973 0.34620 0.03361 0.42570 0.78744 
229	3	0.22235 0.77542 0.10432 0.13168 0.75972 0.56061 
230	3	0.31301 0.77255 0.32037 0.16413 0.56236 0.63073 
231	3	0.08637 0.75957 0.29489 0.03642 0.33771 0.78957 
232	3	0.53572 0.56350 0.17129 0.35847 0.83504 0.35999 
233	3	0.15770 0.49472 0.50503 0.06056 0.36951 0.76523 
234	3	0.41092 0.81069 0.13668 0.22018 0.68051 0.49130 
235	3	0.51000 0.35571 0.15633 0.29835 0.68043 0.44575 
236	3	0.59193 0.77032 0.07880 0.42586 0.88684 0.27702 
237	3	0.26804 0.88787 0.22543 0.10397 0.59453 0.70815 
238	3	0.09546 0.92875 0.30718 0.03001 0.42855 0.85007 
239	3	0.17537 0.68899 0.17526 0.10061 0.60400 0.64014 
240	3	0.08378 0.90253 0.11180 0.05192 0.56926 0.67387 
241	3	0.22444 0.92066 0.16278 0.16476 0.62477 0.47924 
242	3	0.11670 0.82777 0.11352 0.06738 0.57063 0.66403 
243	3	0.30068 0.95521 0.26066 0.16643 0.74535 0.57094 
244	3	0.50785 0.88407 0.16373 0.29200 0.70199 0.46233 
245	3	0.21969 0.94165 0.06518 0.12649 0.76801 0.56339 
246	3	0.16051 0.73988 0.23977 0.09516 0.71660 0.62327 
247	3	0.07948 0.79702 0.55622 0.01659 0.29387 0.93268 
248	3	0.13730 0.86308 0.20574 0.06009 0.60052 0.74319 
249	3	0.30900 0.74441 0.17669 0.14810 0.70191 0.58119 
250	3	0.13830 0.74823 0.21101 0.05991 0.51544 0.72466 
251	3	0.27908 0.70721 0.22567 0.13671 0.43122 0.61014 
252	3	0.36149 0.86712 0.06051 0.27947 0.93829 0.35513 
253	3	0.19392 0.59334 0.19777 0.11068 0.50548 0.58705 
254	3	0.37644 0.55522 0.12340 0.26738 0.74002 0.42038 
255	3	0.36367 0.50404 0.27192 0.19565 0.55537 0.46969 
256	3	0.18454 0.55008 0.36275 0.08338 0.54888 0.69188 
257	3	0.43858 0.91943 0.36462 0.21677 0.61024 0.60261 
258	3	0.80431 0.58626 0.09320 0.66599 0.90995 0.19883 
259	3	0.20154 0.79225 0.11551 0.11000 0.55745 0.61198 
260	3	0.19105 0.27472 0.86031 0.07040 0.36337 0.79650 
261	3	1.00000 0.28474 0.00000 1.00000 1.00000 0.00000 
262	3	0.49732 0.76680 0.06752 0.37476 0.93760 0.28920 
263	3	0.47410 0.54945 0.20583 0.26066 0.70532 0.50350 
264	3	0.25543 0.83643 0.33786 0.10175 0.57591 0.67822 
265	3	0.26957 0.64906 0.16906 0.12498 0.58248 0.58642 
266	3	0.28233 0.98045 0.19946 0.17016 0.63428 0.59072 
267	3	0.44604 0.71956 0.09738 0.31219 0.77764 0.35603 
268	3	0.65066 0.43276 0.08316 0.47456 0.82892 0.22734 
269	3	0.34105 0.85061 0.20412 0.19476 0.69373 0.53289 
270	3	0.37536 0.88676 0.14634 0.27763 0.77584 0.41094 
271	3	0.41751 0.98921 0.02443 0.37171 0.97923 0.23911 
272	3	0.40600 1.00000 0.06468 0.31511 0.93287 0.30075 
273	3	0.91106 0.88778 0.15605 0.84006 0.97868 0.05692 
274	3	0.75506 0.46239 0.04676 0.60252 0.86407 0.17590 
275	3	0.22453 0.68674 0.27654 0.08018 0.43834 0.73516 
276	3	0.36481 0.70041 0.19760 0.20571 0.68732 0.52395 
277	3	0.39282 0.58537 0.21736 0.21958 0.75671 0.52950 
278	3	0.29565 0.63085 0.13987 0.18926 0.69062 0.47092 
279	3	0.19101 0.06326 0.22010 0.09334 0.24712 0.58133 
280	3	0.41245 0.69881 0.28370 0.19194 0.51175 0.62671 
281	3	0.20787 0.80459 0.13877 0.13921 0.69759 0.53597 
282	3	0.31871 0.78781 0.07635 0.22346 0.80882 0.40747 
283	3	0.50884 0.57397 0.61942 0.27542 0.53634 0.60462 
284	3	0.52424 0.61213 0.18371 0.31415 0.74553 0.42302 
285	3	0.19792 0.55159 0.27666 0.09683 0.53777 0.64327 
286	3	0.20245 0.92471 0.06114 0.11305 0.74967 0.55293 
287	3	0.32933 0.80702 0.13097 0.23329 0.87127 0.43584 
288	3	0.14420 0.85731 0.11878 0.09248 0.67161 0.60496 
289	3	0.36031 0.50277 0.20001 0.19475 0.67303 0.50786 
290	3	0.36253 0.71752 0.11055 0.21435 0.82831 0.44581 
291	3	0.20909 0.53554 0.10596 0.15939 0.65374 0.48599 
292	3	0.40432 0.76654 0.19243 0.24385 0.84775 0.45950 
293	3	0.31030 0.64008 0.43019 0.12048 0.54624 0.72687 
294	3	0.79516 0.52494 0.06792 0.65056 0.87271 0.18940 
295	3	0.30445 0.63925 0.24233 0.21703 0.79676 0.50158 
296	3	0.38187 0.80288 0.43106 0.19866 0.67671 0.59537 
297	3	0.34065 0.86862 0.04179 0.24526 0.88343 0.39119 
298	3	0.29103 0.94858 0.02740 0.18711 0.87305 0.43887 
299	3	0.44758 0.72912 0.13801 0.26190 0.76720 0.43829 
300	4	0.34970 0.66846 0.10692 0.18527 0.56376 0.50002 
301	4	0.26902 0.33171 0.61191 0.10196 0.28520 0.72636 
302	4	0.51958 0.12450 0.15233 0.32613 0.68538 0.41089 
303	4	0.19875 0.34952 0.36233 0.07099 0.37261 0.74679 
304	4	0.24268 0.93884 0.19213 0.11612 0.62777 0.65033 
305	4	0.14067 0.80379 0.18840 0.06651 0.58087 0.68108 
306	4	0.22227 0.56722 0.73459 0.06645 0.37023 0.82366 
307	4	0.16320 0.99186 0.11145 0.07687 0.63681 0.64373 
308	4	0.13242 0.66991 0.27509 0.06288 0.50851 0.73087 
309	4	0.02187 0.16597 1.00000 0.00122 0.00000 0.99152 
310	4	0.18369 0.52751 0.65877 0.04589 0.27010 0.87561 
311	4	0.09424 0.78345 0.19549 0.03738 0.39081 0.75885 
312	4	0.09503 0.42702 0.61419 0.02902 0.15515 0.83865 
313	4	0.31901 0.62598 0.28339 0.13050 0.49005 0.69225 
314	4	0.15303 0.80170 0.18734 0.09218 0.50521 0.62827 
315	4	0.16144 0.71830 0.26180 0.09202 0.34717 0.64313 
316	4	0.11369 0.86073 0.27201 0.03808 0.48022 0.81499 
317	4	0.20997 0.84179 0.14834 0.07270 0.45122 0.70855 
318	4	0.11001 0.56068 0.30953 0.06000 0.33861 0.67523 
319	4	0.68565 0.96590 0.11018 0.48439 0.72967 0.40177 
320	4	0.19922 0.80306 0.17530 0.07415 0.39344 0.68668 
321	4	0.18345 0.52921 0.16888 0.10101 0.51079 0.62472 
322	4	0.60899 0.76995 0.21337 0.38863 0.66820 0.45478 
323	4	0.50846 0.77856 0.34294 0.27577 0.54400 0.58386 
324	4	0.11857 0.75744 0.24492 0.05669 0.49103 0.68695 
325	4	0.24062 0.55386 0.18095 0.11357 0.50622 0.58536 
326	4	0.13344 0.81766 0.18860 0.05005 0.39319 0.73546 
327	4	0.35215 0.92517 0.09476 0.15684 0.58984 0.62467 
328	4	0.53415 0.64882 0.21269 0.30726 0.58641 0.48328 
329	4	0.33530 0.56741 0.16845 0.22270 0.67132 0.46745 
330	4	0.13580 0.77724 0.22354 0.08959 0.49076 0.58941 
331	4	0.29948 0.70660 0.27442 0.14218 0.58796 0.54467 
332	4	0.37535 0.51743 0.46666 0.16372 0.48630 0.66976 
333	4	0.31297 0.74333 0.20963 0.13623 0.57472 0.64108 
334	4	0.24284 0.52805 0.17116 0.13174 0.52999 0.57040 
335	4	0.13337 0.98300 0.11762 0.08623 0.70844 0.62878 
336	4	0.39777 0.65558 0.12495 0.25825 0.73758 0.45122 
337	4	0.18141 0.69701 0.23738 0.07386 0.39628 0.70683 
338	4	0.06586 0.71897 0.51256 0.02506 0.38862 0.87809 
339	4	0.37593 0.94726 0.08314 0.17361 0.61423 0.61185 
340	4	0.19614 0.73734 0.52859 0.05729 0.38539 0.81340 
341	4	0.22035 0.51696 0.26830 0.08085 0.34081 0.65913 
342	4	0.17614 0.75628 0.20758 0.09278 0.60271 0.63432 
343	4	0.17512 0.69551 0.39954 0.07097 0.49646 0.72950 
344	4	0.25882 0.65449 0.19062 0.10788 0.49876 0.61009 
345	4	0.26754 0.50603 0.25917 0.16653 0.61041 0.55763 
346	4	0.64964 0.48368 0.15968 0.44669 0.76921 0.34534 
347	4	0.16637 0.68725 0.43390 0.09383 0.67972 0.62231 
348	4	0.06298 0.41383 0.38262 0.02806 0.18202 0.79507 
349	4	0.10661 0.54408 0.37507 0.03834 0.29630 0.80392 
350	4	0.13067 0.59716 0.27177 0.05921 0.38417 0.74188 
351	4	0.07949 0.72083 0.45735 0.02320 0.24673 0.86945 
352	4	0.24896 0.49686 0.50125 0.08979 0.40305 0.75052 
353	4	0.45136 0.65657 0.76817 0.21743 0.43748 0.69631 
354	4	0.64836 0.89334 0.07807 0.44617 0.80569 0.36961 
355	4	0.24813 0.89573 0.13827 0.09326 0.50678 0.68010 
356	4	0.23342 0.65497 0.27929 0.10017 0.49211 0.58976 
357	4	0.20984 0.45369 0.19801 0.13417 0.49498 0.55510 
358	4	0.06569 0.67854 0.30582 0.02800 0.33403 0.81326 
359	4	0.12996 0.87273 0.08368 0.07201 0.61892 0.63850 
360	4	0.37016 0.56450 0.02971 0.22496 0.67017 0.36393 
361	4	0.19372 0.51498 0.30338 0.11296 0.54064 0.56484 
362	4	0.24553 0.60578 0.13711 0.12295 0.56012 0.57993 
363	4	0.27238 0.44496 0.22438 0.15938 0.57332 0.58667 
364	4	0.17781 0.03254 0.43078 0.09123 0.30081 0.64903 
365	4	0.14384 0.79913 0.27056 0.05680 0.50629 0.74880 
366	4	0.32447 0.51718 0.28851 0.14088 0.56164 0.60845 
367	4	0.04973 0.72553 0.54439 0.01102 0.14913 0.93436 
368	4	0.31356 0.59490 0.18140 0.17994 0.66764 0.50984 
369	4	0.19042 0.71632 0.09376 0.11373 0.60610 0.56070 
370	4	0.11100 0.49997 0.73107 0.03029 0.24711 0.86126 
371	4	0.20353 0.90269 0.17730 0.07660 0.58154 0.68434 
372	4	0.17492 0.42232 0.85580 0.04860 0.15259 0.84371 
373	4	0.36094 0.75887 0.25186 0.16917 0.64267 0.61234 
374	4	0.07699 0.00000 0.78148 0.02429 0.14378 0.86379 
375	4	0.28190 0.84206 0.14545 0.11870 0.62322 0.62567 
376	4	0.41452 0.67393 0.11908 0.26269 0.79627 0.39869 
377	4	0.00000 0.60658 0.73266 0.00000 0.06553 1.00000 
378	4	0.45946 0.23270 0.25049 0.27494 0.61380 0.33246 
379	4	0.20526 0.72288 0.12280 0.11522 0.52717 0.59613 
380	4	0.43318 0.21499 0.26295 0.25488 0.53588 0.38495 
381	4	0.02280 0.84680 0.32865 0.01089 0.30015 0.90322 
382	4	0.09530 0.71959 0.18617 0.04471 0.37519 0.71446 
383	4	0.23089 0.43419 0.68907 0.08334 0.42633 0.79283 
384	4	0.31857 0.38605 0.27924 0.13801 0.51955 0.63324 
385	4	0.06863 0.73763 0.36115 0.02797 0.32358 0.81562 
386	4	0.27476 0.70393 0.16801 0.11713 0.51419 0.59302 
387	4	0.13277 0.75110 0.37877 0.04984 0.38388 0.77262 
388	4	0.13444 0.61239 0.30921 0.03976 0.31726 0.79293 
389	4	0.26300 0.76760 0.11505 0.12937 0.61479 0.56498 
390	4	0.16086 0.86193 0.13952 0.06345 0.55497 0.72497 
391	4	0.15571 0.81020 0.19908 0.04835 0.45883 0.77435 
392	4	0.35222 0.54520 0.21073 0.17247 0.59063 0.56222 
393	4	0.12343 0.79741 0.22803 0.04605 0.38662 0.79200 
394	4	0.18172 0.71077 0.13591 0.10004 0.53201 0.57132 
395	4	0.08364 0.53497 0.28729 0.03370 0.23934 0.78603 
396	4	0.37574 0.77662 0.11377 0.17875 0.58073 0.54578 
397	4	0.12559 0.87045 0.13627 0.07157 0.54285 0.66596 
398	4	0.03305 0.44459 0.64297 0.00896 0.09571 0.93727 
399	4	0.13864 0.82439 0.52637 0.04176 0.42014 0.82259 
400	5	0.79191 0.70590 0.38202 0.63669 0.76888 0.31898 
401	5	0.79251 0.68273 0.37830 0.63753 0.77402 0.31819 
402	5	0.75712 0.70160 0.35483 0.58404 0.74396 0.35616 
403	5	0.76136 0.70808 0.33210 0.59017 0.74289 0.35201 
404	5	0.78971 0.72130 0.33308 0.63319 0.76771 0.32092 
405	5	0.79407 0.77006 0.28506 0.63991 0.76712 0.31535 
406	5	0.76254 0.67184 0.36598 0.59297 0.75262 0.33737 
407	5	0.75497 0.73566 0.26501 0.58106 0.74579 0.34735 
408	5	0.76502 0.69438 0.35493 0.59572 0.75233 0.34747 
409	5	0.77117 0.73936 0.42022 0.60451 0.73562 0.35678 
410	5	0.79786 0.69845 0.33033 0.64576 0.76723 0.30972 
411	5	0.78193 0.75533 0.30164 0.62125 0.75972 0.32775 
412	5	0.77136 0.71249 0.42657 0.60509 0.73683 0.35053 
413	5	0.79276 0.75148 0.39630 0.63764 0.75627 0.32595 
414	5	0.79679 0.61249 0.52613 0.64452 0.76209 0.30994 
415	5	0.78122 0.70262 0.35132 0.62054 0.75552 0.32578 
416	5	0.78755 0.72163 0.33014 0.63002 0.76304 0.32012 
417	5	0.79367 0.69639 0.37328 0.63948 0.77186 0.31520 
418	5	0.76252 0.75506 0.38847 0.59182 0.73656 0.36050 
419	5	0.76523 0.75695 0.34871 0.59595 0.73484 0.35297 
420	5	0.79782 0.74928 0.32763 0.64564 0.77679 0.31264 
421	5	0.80351 0.69552 0.35694 0.65475 0.77064 0.30361 
422	5	0.78035 0.74530 0.31574 0.61935 0.76951 0.32275 
423	5	0.79558 0.70226 0.35424 0.64261 0.77219 0.30996 
424	5	0.74055 0.67241 0.42502 0.55932 0.70323 0.38258 
425	5	0.27624 0.41538 0.52571 0.10917 0.45322 0.71578 
426	5	0.51926 0.75084 0.29100 0.34482 0.74412 0.40631 
427	5	0.81459 0.72883 0.32849 0.67243 0.79086 0.28070 
428	5	0.71103 0.74123 0.49249 0.51747 0.69216 0.41952 
429	5	0.24257 0.66127 0.49506 0.11475 0.51862 0.69451 
430	5	0.70211 0.73610 0.46227 0.50513 0.69153 0.42461 
431	5	0.72641 0.69780 0.52371 0.53893 0.69157 0.40624 
432	5	0.21032 0.73470 0.49587 0.07337 0.47983 0.78235 
433	5	0.71947 0.70971 0.48200 0.52958 0.70554 0.39852 
434	5	0.10764 0.64850 0.50091 0.03529 0.38437 0.83743 
435	5	0.75430 0.62645 0.47056 0.57964 0.71428 0.36342 
436	5	0.74607 0.60049 0.57133 0.56743 0.70660 0.38392 
437	5	0.79057 0.60035 0.42317 0.63481 0.75690 0.31226 
438	5	0.83843 0.68327 0.24230 0.71118 0.81982 0.23893 
439	5	0.81411 0.66595 0.37552 0.67146 0.78221 0.29082 
440	5	0.80284 0.72127 0.25102 0.65415 0.78479 0.28156 
441	5	0.79362 0.71740 0.34846 0.63979 0.77528 0.30324 
442	5	0.81295 0.74437 0.34040 0.66977 0.79102 0.28677 
443	5	0.80516 0.71993 0.34316 0.65723 0.78216 0.30605 
444	5	0.80481 0.73123 0.27465 0.65678 0.78436 0.29545 
445	5	0.82778 0.81511 0.13647 0.69450 0.85384 0.23983 
446	5	0.75863 0.74440 0.40541 0.58585 0.73314 0.36544 
447	5	0.76307 0.67765 0.41595 0.59267 0.73017 0.35161 
448	5	0.73183 0.69481 0.55135 0.54646 0.69291 0.40572 
449	5	0.10130 0.71118 0.82268 0.02728 0.33222 0.89387 
450	5	0.74882 0.71495 0.37791 0.57173 0.72695 0.36152 
451	5	0.11833 0.76335 0.53421 0.04179 0.39808 0.83515 
452	5	0.76688 0.67716 0.38005 0.59848 0.74051 0.34135 
453	5	0.15428 0.76814 0.48340 0.04293 0.37238 0.84373 
454	5	0.84089 0.67880 0.28204 0.71484 0.81794 0.24730 
455	5	0.23364 0.73866 0.43406 0.09730 0.45343 0.68820 
456	5	0.70557 0.68624 0.27856 0.51615 0.74751 0.35929 
457	5	0.20152 0.64934 0.50953 0.07170 0.35470 0.74590 
458	5	0.80166 0.66880 0.27170 0.65293 0.78665 0.27896 
459	5	0.82397 0.69971 0.21938 0.68819 0.81624 0.24495 
460	5	0.18705 0.64532 0.47772 0.07051 0.40694 0.73145 
461	5	0.76157 0.68676 0.17767 0.59546 0.80755 0.28274 
462	5	0.75475 0.68115 0.22508 0.58539 0.79504 0.30247 
463	5	0.79483 0.67133 0.28015 0.64283 0.79298 0.28693 
464	5	0.25736 0.69442 0.52459 0.11176 0.48742 0.68881 
465	5	0.81723 0.70328 0.21585 0.67742 0.81836 0.25346 
466	5	0.20943 0.62794 0.46381 0.08153 0.41932 0.71172 
467	5	0.73348 0.72222 0.34212 0.54973 0.72815 0.37167 
468	5	0.82504 0.80588 0.22366 0.68933 0.82688 0.25978 
469	5	0.47391 0.79863 0.55363 0.24597 0.54960 0.62782 
470	5	0.19527 0.83308 0.49089 0.08205 0.41324 0.75609 
471	5	0.31531 0.85797 0.44717 0.14267 0.55971 0.64209 
472	5	0.37249 0.84342 0.26310 0.19867 0.70766 0.55946 
473	5	0.38618 0.85498 0.25152 0.21473 0.72188 0.54149 
474	5	0.68840 0.77909 0.30605 0.49706 0.76713 0.36993 
475	5	0.10747 0.58285 0.41973 0.03202 0.28886 0.84418 
476	5	0.14899 0.82599 0.32897 0.06095 0.46010 0.76748 
477	5	0.16788 0.63838 0.34163 0.06669 0.46182 0.74653 
478	5	0.38680 0.79928 0.36897 0.17129 0.54813 0.67407 
479	5	0.38902 0.74328 0.30805 0.17158 0.50938 0.65639 
480	5	0.20709 0.76808 0.48741 0.06153 0.42653 0.81828 
481	5	0.37122 0.76500 0.34435 0.15939 0.49527 0.65354 
482	5	0.35537 0.85644 0.32944 0.22059 0.64548 0.49782 
483	5	0.42739 0.83029 0.58874 0.21972 0.60272 0.59247 
484	5	0.43086 0.85376 0.37095 0.22943 0.69069 0.48971 
485	5	0.40525 0.87541 0.32615 0.21587 0.66251 0.54866 
486	5	0.37416 0.84890 0.51708 0.18499 0.60471 0.60966 
487	5	0.44069 0.74661 0.36185 0.23379 0.64658 0.57719 
488	5	0.36289 0.85406 0.55656 0.20712 0.62193 0.57679 
489	5	0.37587 0.88678 0.33802 0.27092 0.73096 0.42336 
490	5	0.38201 0.84069 0.44780 0.22360 0.64120 0.55471 
491	5	0.38928 0.85142 0.41930 0.21610 0.64853 0.54280 
492	5	0.43339 0.83544 0.44393 0.24133 0.64049 0.54821 
493	5	0.38659 0.80810 0.63470 0.24834 0.66222 0.50168 
494	5	0.38597 0.80234 0.48239 0.19361 0.62372 0.58620 
495	5	0.45923 0.88545 0.40173 0.25504 0.69779 0.51968 
496	5	0.19296 0.81510 0.32294 0.06456 0.40042 0.76604 
497	5	0.17005 0.69608 0.35236 0.06860 0.44047 0.74187 
498	5	0.28192 0.85541 0.16547 0.15631 0.68680 0.56240 
499	5	0.78038 0.69554 0.62013 0.61836 0.73339 0.35331 
500	6	0.75341 0.82769 0.08157 0.59314 0.89213 0.20207 
501	6	0.19520 0.88160 0.14753 0.10163 0.64609 0.63145 
502	6	0.11139 0.85242 0.16298 0.06115 0.49951 0.67154 
503	6	0.27654 0.98925 0.09256 0.17946 0.78399 0.52986 
504	6	0.63891 0.81545 0.12881 0.42727 0.72610 0.39105 
505	6	0.63477 0.69904 0.12951 0.42482 0.72959 0.38156 
506	6	0.59729 0.96741 0.09547 0.38371 0.82698 0.39331 
507	6	0.61435 0.98317 0.11672 0.39835 0.74814 0.44112 
508	6	0.54923 0.94871 0.09060 0.33731 0.74293 0.42655 
509	6	0.32942 0.91303 0.01644 0.25325 0.90694 0.37148 
510	6	0.15954 0.80850 0.16135 0.07308 0.57042 0.67075 
511	6	0.58420 0.60386 0.20305 0.36404 0.66889 0.43950 
512	6	0.66634 0.90662 0.23347 0.46013 0.74779 0.43157 
513	6	0.29998 0.86428 0.09155 0.13402 0.65459 0.60931 
514	6	0.56255 0.70319 0.22921 0.34125 0.69979 0.46617 
515	6	0.08366 0.84144 0.48035 0.04407 0.43399 0.79374 
516	6	0.57052 0.73416 0.25761 0.34624 0.68595 0.46827 
517	6	0.29146 0.81697 0.11460 0.15391 0.71903 0.54420 
518	6	0.59809 0.79065 0.49606 0.37642 0.66198 0.49671 
519	6	0.21269 0.76553 0.15408 0.11534 0.52068 0.61622 
520	6	0.60021 0.84196 0.25962 0.37991 0.73408 0.46663 
521	6	0.27307 0.77951 0.11271 0.14116 0.68298 0.57690 
522	6	0.40709 0.80523 0.22227 0.19199 0.63351 0.60637 
523	6	0.50793 0.67229 0.46930 0.27876 0.62883 0.58631 
524	6	0.08230 0.72671 0.40926 0.03601 0.45962 0.81529 
525	6	0.38924 0.83983 0.33256 0.18211 0.59616 0.62731 
526	6	0.62423 0.56461 0.41255 0.40512 0.69306 0.48352 
527	6	0.74115 0.80813 0.26306 0.56066 0.73783 0.36715 
528	6	0.47051 0.72904 0.08336 0.27695 0.76782 0.41407 
529	6	0.32243 0.85525 0.15256 0.18953 0.75097 0.50309 
530	6	0.47022 0.84611 0.13325 0.26662 0.76328 0.45583 
531	6	0.32315 0.85954 0.01872 0.20364 0.83644 0.44141 
532	6	0.17654 0.65231 0.40467 0.06070 0.47248 0.77366 
533	6	0.28748 0.72856 0.54369 0.11673 0.58844 0.71422 
534	6	0.21208 0.81515 0.27453 0.07969 0.54831 0.75261 
535	6	0.54180 0.68832 0.11140 0.32339 0.70292 0.42608 
536	6	0.13271 0.76000 0.25739 0.04778 0.41359 0.73588 
537	6	0.53153 0.62888 0.13119 0.31027 0.69274 0.45383 
538	6	0.37784 0.72316 0.04293 0.31882 0.84287 0.31290 
539	6	0.86649 0.77278 0.08303 0.75898 0.91669 0.17024 
540	6	0.53775 0.87139 0.07515 0.31773 0.78089 0.44174 
541	6	0.53473 0.80551 0.43819 0.30963 0.66253 0.53906 
542	6	0.48986 0.77500 0.49739 0.26475 0.62131 0.57471 
543	6	0.61220 0.41689 0.42289 0.40563 0.75727 0.39647 
544	6	0.56144 0.42771 0.43853 0.34051 0.69206 0.47817 
545	6	0.52357 0.38437 0.61137 0.29976 0.60167 0.51965 
546	6	0.45694 0.73139 0.77069 0.23356 0.59845 0.62358 
547	6	0.54431 0.71370 0.70610 0.31454 0.60246 0.55634 
548	6	0.67116 0.20418 0.56888 0.47151 0.72296 0.37949 
549	6	0.70592 0.46499 0.34859 0.51374 0.72142 0.36221 
550	6	0.52681 0.36625 0.41279 0.30522 0.63112 0.48912 
551	6	0.44218 0.55384 0.45471 0.23232 0.62790 0.56759 
552	6	0.61564 0.30310 0.29804 0.40750 0.67301 0.37862 
553	6	0.50411 0.77560 0.65799 0.27465 0.60786 0.58996 
554	6	0.53370 0.38946 0.79640 0.30174 0.53652 0.56993 
555	6	0.61145 0.48868 0.46687 0.39572 0.72783 0.44720 
556	6	0.62417 0.25746 0.77767 0.40747 0.64564 0.45669 
557	6	0.46737 0.32029 0.64199 0.24622 0.59676 0.56470 
558	6	0.65072 0.25820 0.50915 0.44426 0.72241 0.38760 
559	6	0.69364 0.51514 0.36894 0.49961 0.76724 0.35790 
560	6	0.54427 0.88229 0.09293 0.32145 0.72020 0.44291 
561	6	0.26671 0.84880 0.17610 0.13575 0.60133 0.59992 
562	6	0.47807 0.87181 0.14813 0.25500 0.64730 0.52229 
563	6	0.24685 0.79720 0.18846 0.14163 0.67120 0.60338 
564	6	0.25079 0.68982 0.23027 0.12503 0.61244 0.62104 
565	6	0.82081 0.97170 0.08668 0.68302 0.85206 0.25036 
566	6	0.88094 0.86851 0.08924 0.78332 0.93647 0.16433 
567	6	0.24982 0.92723 0.13969 0.10387 0.61338 0.64301 
568	6	0.45281 0.96224 0.02067 0.28719 0.85959 0.39544 
569	6	0.12679 0.77832 0.19501 0.04103 0.35761 0.76480 
570	6	0.18713 0.87143 0.22573 0.08048 0.61079 0.69064 
571	6	0.93071 0.86271 0.02732 0.87088 0.98109 0.08210 
572	6	0.37137 0.93515 0.10330 0.22225 0.79174 0.50855 
573	6	0.22482 0.79285 0.12356 0.10836 0.57730 0.60322 
574	6	0.80233 0.46049 0.18034 0.65544 0.83502 0.23997 
575	6	0.10420 0.83309 0.23629 0.05107 0.47974 0.73268 
576	6	0.56203 0.90057 0.10299 0.33931 0.74442 0.45978 
577	6	0.27638 0.67274 0.23677 0.12199 0.60953 0.62849 
578	6	0.12881 0.81147 0.35605 0.03835 0.40183 0.83231 
579	6	0.69891 0.82199 0.31989 0.50227 0.73531 0.39541 
580	6	0.54308 0.66197 0.29689 0.32343 0.70111 0.45950 
581	6	0.11718 0.86979 0.20660 0.06281 0.57369 0.71885 
582	6	0.39174 0.95108 0.22764 0.17518 0.58806 0.66410 
583	6	0.15222 0.73080 0.24518 0.06478 0.52917 0.67241 
584	6	0.30847 0.90371 0.06809 0.21001 0.88210 0.45427 
585	6	0.28268 0.84829 0.05919 0.18613 0.72241 0.48377 
586	6	0.24364 0.85716 0.13162 0.14132 0.71929 0.54709 
587	6	0.36691 0.86483 0.15684 0.18018 0.69978 0.57870 
588	6	0.17584 0.76523 0.20117 0.06958 0.51848 0.72532 
589	6	0.44145 0.94241 0.03946 0.23517 0.76181 0.48961 
590	6	0.34849 0.68822 0.68201 0.14626 0.54628 0.71382 
591	6	0.46314 0.79230 0.11232 0.28708 0.76542 0.41069 
592	6	0.54970 0.97967 0.16521 0.33203 0.80420 0.45045 
593	6	0.22899 0.82378 0.12900 0.09030 0.49365 0.65249 
594	6	0.39555 0.83344 0.34476 0.26911 0.72737 0.50878 
595	6	0.66628 0.94018 0.10663 0.47780 0.82492 0.30939 
596	6	0.69711 0.78702 0.15501 0.51116 0.83466 0.32013 
597	6	0.77332 0.83108 0.10489 0.61139 0.85532 0.27484 
598	6	0.77924 0.70611 0.14952 0.62262 0.86675 0.24940 
599	6	0.43978 0.71997 0.18865 0.24707 0.69181 0.50399 
