[1.5297108, 1.2068137, 0.32867748, 0, 0, 0, 0, 0, 0.065914415, 1.8495649, 4.8819299, 5.9566493, 3.0467811, 3.375982, 3.6318796, 5.0930972, 4.8916574, 5.9507518, 2.5849626;
  0.92239434, 1.0123144, 0.26312232, 0, 0, 0, 0, 0, 0.24749732, 3.3786306, 4.1235981, 5.851306, 3.4312971, 1.9482976, 4.2294559, 5.7838693, 4.1138706, 5.9030967, 2.5849626;
  1.8262378, 0.93218577, 0.19747628, 0, 0, 0, 0, 0, 0.96670771, 0.73448247, 5.3858657, 4.8017693, 2.9675477, 4.2797084, 3.9033499, 2.3961451, 5.4504333, 4.7861443, 2.5849626;
  2.3828611, 1.109769, 0.26312232, 0, 0, 0, 0, 0, 0, 0.19747628, 5.8962936, 4.6375442, 3.1213777, 3.854141, 3.1047876, 3.2301319, 5.9178162, 4.6394315, 2.5849626;
  2.2015281, 1.0726215, 0.26312232, 0, 0, 0, 0, 0, 0, 0.26312232, 5.7350516, 4.3943367, 3.2295904, 3.6503525, 3.2985122, 2.8704512, 5.724544, 4.3943367, 2.5849626;
  1.5559716, 0.94981444, 0.37851599, 0, 0, 0, 0, 0, 0, 1.9301672, 5.3492007, 4.9526219, 3.5159943, 2.9986255, 2.6191778, 5.1456676, 5.3648257, 4.9964471, 2.5849626;
  1.8105665, 1.3965713, 0.26312232, 0, 0, 0, 0, 0, 0, 2.3011756, 3.5334737, 5.8179884, 2.7445407, 2.4808779, 3.3280213, 5.3743181, 3.5490987, 5.8991632, 2.5849626;
  2.4205582, 1.0454675, 0.37851599, 0, 0, 0, 0, 0, 0, 0.065914415, 6.0327067, 4.2918286, 3.4570858, 3.796875, 3.0352831, 3.1183748, 6.0483317, 4.2546811, 2.5849626;
  1.7924783, 0.72190714, 0.37851599, 0, 0, 0, 0, 0, 0, 1.8992877, 5.3985634, 4.573494, 3.1959999, 3.422857, 2.3215454, 4.9424176, 5.3985634, 4.6144714, 2.5849626;
  1.3710504, 0.26617748, 0.19747628, 0, 0, 0, 0, 0, 0.29152992, 1.898856, 5.9665785, 3.8024113, 3.905504, 3.6205208, 1.9481723, 4.7340508, 5.9665785, 3.7340138, 2.5849626;
  1.7328968, 0.86758232, 0.26312232, 0, 0, 0, 0, 0, 0.31305248, 1.6688623, 5.2149053, 5.2080364, 3.5846641, 3.536062, 3.1191792, 4.58429, 5.262887, 5.2236614, 2.5849626;
  0.77545989, 1.2056668, 0.44388708, 0, 0, 0, 0, 0, 0, 3.4059446, 3.9995964, 5.4387817, 3.0386426, 2.1468024, 4.698216, 5.2602677, 3.9995964, 5.4915547, 2.5849626;
  1.2009161, 1.2675729, 0.32867748, 0, 0, 0, 0, 0, 0.18185128, 2.2093606, 4.7082872, 5.395967, 3.77091, 2.3076625, 3.6186452, 4.8232751, 4.7023897, 5.4737649, 2.5849626;
  0.99668944, 0.91571659, 0.37851599, 0, 0, 0, 0, 0, 0, 3.3512337, 4.0419068, 5.5634222, 3.0306008, 2.2360475, 4.4831953, 5.539052, 4.0262818, 5.5205789, 2.5849626;
  2.0766959, 0.98601717, 0.26312232, 0, 0, 0, 0, 0, 0.61580253, 0, 5.9611883, 3.7540853, 4.2107143, 3.788671, 2.91061, 2.6428213, 5.985559, 3.7540853, 2.5849626;
  1.4077604, 1.1130637, 0.37851599, 0, 0, 0, 0, 0, 0.13174008, 1.9871402, 4.4023781, 4.9395752, 3.2703202, 2.710283, 2.9107563, 5.0644369, 4.4454231, 4.9294739, 2.5849626;
  2.0075181, 1.0198488, 0.26312232, 0, 0, 0, 0, 0, 0.11611508, 0.13174008, 6.0354834, 3.8844929, 3.9430878, 3.8152399, 2.7663524, 3.1269102, 5.9486132, 3.9168501, 2.5849626;
  2.2426605, 1.328681, 0.26312232, 0, 0, 0, 0, 0, 0.13174008, 0.13174008, 5.8315244, 4.0545268, 3.3815527, 3.7788727, 2.9950845, 2.9350202, 5.8315244, 4.0545268, 2.5849626;
  1.5494545, 0.88320732, 0.26312232, 0, 0, 0, 0, 0, 0, 2.8873682, 5.1316509, 5.3470564, 3.1302867, 3.3100216, 3.3252945, 5.4444199, 5.1472759, 5.463109, 2.5849626;
  1.8148838, 1.0882465, 0.37851599, 0, 0, 0, 0, 0, 0, 1.4075862, 4.9643874, 5.0786386, 3.5757477, 2.9941084, 3.0228541, 4.790874, 4.9741144, 5.0942636, 2.5849626;
  1.9558194, 1.3652179, 0.26312232, 0, 0, 0, 0, 0, 0, 0.42826208, 5.0921087, 5.5914321, 2.8355346, 3.5017622, 3.8304286, 3.2562473, 5.1077337, 5.6346788, 2.5849626;
  2.1230357, 1.1038715, 0.26312232, 0, 0, 0, 0, 0, 0.24749732, 0.91839981, 5.4516087, 5.1452203, 3.9009523, 3.1725516, 3.2906721, 4.2455506, 5.4359837, 5.1522245, 2.5849626;
  0.99079186, 0.94191319, 0.26312232, 0, 0, 0, 0, 0, 1.1629883, 3.1012273, 4.568295, 6.0153193, 3.1027837, 3.8017743, 5.6214161, 4.6587453, 4.5946298, 5.9652696, 2.5849626;
  1.0279394, 1.0510988, 0.37851599, 0, 0, 0, 0, 0, 0, 1.332309, 5.1568565, 5.8541541, 3.0340495, 3.4415317, 4.6727476, 3.4770734, 5.1724815, 5.8444266, 2.5849626;
  1.1524454, 0.84975505, 0.26312232, 0, 0, 0, 0, 0, 1.2959751, 2.8778961, 4.6413455, 5.896419, 3.0210919, 3.9665124, 5.6295066, 3.9920347, 4.666698, 6.0024171, 2.5849626;
  2.0071869, 1.1954027, 0.42236453, 0, 0, 0, 0, 0, 0, 1.8123798, 5.4302664, 4.8991642, 3.4609866, 3.1384323, 4.4340539, 3.4136543, 5.4372711, 5.0010815, 2.5849626;
  2.1950231, 1.1416696, 0.44388708, 0, 0, 0, 0, 0, 0.18185128, 1.3420365, 5.3895621, 4.9067178, 3.5930011, 3.0159745, 4.1813478, 3.4053729, 5.3933921, 5.0278883, 2.5849626;
  1.5494545, 0.90093577, 0.37851599, 0, 0, 0, 0, 0, 0, 1.4513581, 5.520967, 5.4558649, 3.4634907, 3.3221023, 3.1179366, 4.6503654, 5.4994445, 5.3280172, 2.5849626;
  1.379184, 1.0767175, 0.26312232, 0, 0, 0, 0, 0, 0, 0.90166771, 5.5215669, 5.1933708, 3.5910697, 3.1412802, 4.2690754, 3.0802879, 5.4962144, 5.2922378, 2.5849626;
  1.842887, 1.1727158, 0.37851599, 0, 0, 0, 0, 0, 0.065914415, 1.0042238, 5.3532486, 5.1053944, 3.588516, 3.2925093, 3.4139514, 3.9046597, 5.3532486, 5.0891142, 2.5849626;
  1.2426046, 0.37851599, 0.37851599, 0, 0, 0, 0, 0, 0.11611508, 3.0679886, 4.6177964, 4.4326434, 3.3066964, 2.5654461, 1.8390179, 6.0692759, 4.6305733, 4.4736209, 2.5849626;
  1.9715537, 1.4426385, 0.44388708, 0, 0, 0, 0, 0, 0.13174008, 0.19747628, 5.6448045, 5.4273419, 3.572891, 3.2190995, 3.56633, 3.3423333, 5.6448045, 5.4311719, 2.5849626;
  1.2582296, 0.72245473, 0.32867748, 0, 0, 0, 0, 0, 0, 1.1711574, 5.4587936, 5.095305, 2.966759, 3.5490737, 2.629981, 4.8854227, 5.4587936, 5.1324525, 2.5849626;
  2.1187804, 1.4023656, 0.26312232, 0, 0, 0, 0, 0, 0.19747628, 1.1194965, 5.137423, 5.1907954, 3.529984, 3.0477319, 3.1134067, 4.1449838, 5.121798, 5.264616, 2.5849626;
  2.0846157, 0.94981444, 0.26312232, 0, 0, 0, 0, 0, 0.45049495, 0.19747628, 5.712297, 3.9125106, 3.58321, 3.9039669, 2.5065145, 3.3088598, 5.724092, 3.9260678, 2.5849626;
  1.4163316, 0.94191319, 0.37851599, 0, 0, 0, 0, 0, 0.60478467, 1.1332296, 5.4626236, 5.0420375, 4.3227539, 3.1071823, 2.9738057, 4.4912815, 5.4938736, 5.1167603, 2.5849626;
  1.5559716, 0.065914415, 0.19747628, 0, 0, 0, 0, 0, 0.75535947, 1.2052181, 5.7670817, 3.322118, 4.4280887, 3.3135245, 1.9441011, 4.0581741, 5.7729793, 3.337743, 2.5849626;
  0.79698247, 0.92239434, 0.26312232, 0, 0, 0, 0, 0, 0, 0.39414099, 4.2160444, 4.7343025, 1.2220385, 3.3457141, 3.1166148, 3.4968667, 4.2160444, 4.7343025, 2.5849626;
  1.8207814, 1.2908655, 0.32867748, 0, 0, 0, 0, 0, 0, 2.1048918, 4.9224477, 5.5724521, 3.1052995, 3.2312217, 3.2790573, 5.2974277, 4.9157701, 5.6184916, 2.5849626;
  2.1153584, 1.3064905, 0.32867748, 0, 0, 0, 0, 0, 0.24749732, 1.8418628, 5.0802922, 5.399704, 3.2683907, 3.2017124, 3.2478073, 4.798512, 5.1229053, 5.4486465, 2.5849626;
  1.5597869, 0.52747411, 0.19747628, 0, 0, 0, 0, 0, 0.13174008, 1.156644, 5.0519667, 4.4768968, 3.1166239, 3.3836417, 2.9732563, 3.9364035, 5.1098566, 4.4768968, 2.5849626;
  1.9376396, 1.6074586, 0.42236453, 0, 0, 0, 0, 0, 0.065914415, 0.13174008, 4.8740125, 5.9501734, 3.2870438, 3.0143914, 3.8125, 3.3594689, 4.895535, 5.9345484, 2.5849626;
  0.70682973, 0.76932973, 0.26312232, 0, 0, 0, 0, 0, 0.32867748, 2.5381689, 3.8781512, 6.0153193, 3.2792039, 1.9417844, 5.6425891, 4.4059577, 3.8781512, 6.1034775, 2.5849626;
  1.5287563, 1.1836954, 0.26312232, 0, 0, 0, 0, 0, 0, 1.4777677, 4.0155573, 5.6848555, 2.5132475, 3.1069179, 3.62883, 4.6426291, 4.0155573, 5.7377529, 2.5849626;
  2.1997657, 0.97039217, 0.26312232, 0, 0, 0, 0, 0, 0.065914415, 1.9158518, 5.1050324, 4.9625306, 3.5118377, 3.1256766, 2.7318056, 4.8877301, 5.1019826, 4.9196439, 2.5849626;
  1.7389779, 0.76932973, 0.26312232, 0, 0, 0, 0, 0, 0.11611508, 0.92161411, 5.1995625, 4.6059489, 3.1258655, 3.5524671, 2.4232576, 4.1597004, 5.2005229, 4.6204667, 2.5849626;
  1.9811997, 0.71065962, 0.26312232, 0, 0, 0, 0, 0, 0.18185128, 0.84975505, 5.5476069, 3.6178968, 3.811096, 3.3423374, 2.4967861, 3.4391179, 5.5520153, 3.6178968, 2.5849626;
  2.1087217, 0.66728467, 0.19747628, 0, 0, 0, 0, 0, 0, 0.70443225, 5.831851, 4.2775035, 3.3351722, 3.6799712, 2.7104416, 3.4843562, 5.837749, 4.2775035, 2.5849626;
  0.78495473, 0.50916505, 0.26312232, 0, 0, 0, 0, 0, 0, 1.9199878, 4.3164277, 3.9705899, 3.0507815, 2.6020648, 2.0714533, 4.8859639, 4.3789277, 3.9862149, 2.5849626;
  1.573536, 1.5915573, 0.32867748, 0, 0, 0, 0, 0, 0, 1.094144, 5.0930905, 5.0108075, 2.6611061, 3.6164222, 3.3075845, 4.0435739, 5.0930905, 5.0806947, 2.5849626;
  2.0768149, 1.1152979, 0.44388708, 0, 0, 0, 0, 0, 0.23187232, 1.3084017, 5.1541996, 5.3581643, 3.7307811, 3.3517792, 3.9870949, 3.8033786, 5.1091795, 5.4595952, 2.5849626;
  1.6722047, 0.98106444, 0.37851599, 0, 0, 0, 0, 0, 0, 1.4201615, 4.9602289, 5.426785, 2.8697789, 3.1119726, 3.2393887, 4.8197656, 4.9602289, 5.4483075, 2.5849626;
  1.3503159, 1.125394, 0.32867748, 0, 0, 0, 0, 0, 0, 0.70443225, 4.8146076, 4.9131041, 2.6050549, 3.5330122, 3.1783347, 3.6266189, 4.8146076, 4.8974791, 2.5849626;
  1.3117824, 0.91856444, 0.39414099, 0, 0, 0, 0, 0, 0, 1.7201868, 5.0549827, 4.8178644, 2.6359172, 3.6118121, 3.2264605, 4.307899, 5.0601001, 4.7768874, 2.5849626;
  1.4238229, 1.3013732, 0.26312232, 0, 0, 0, 0, 0, 0, 0.13174008, 4.6730881, 5.2828856, 2.6420271, 3.4784775, 3.675705, 2.7699792, 4.6574631, 5.2887831, 2.5849626;
  1.0279394, 1.3015457, 0.32867748, 0, 0, 0, 0, 0, 0, 2.7375205, 3.9520905, 5.7841959, 2.7143476, 2.7850096, 4.1018028, 5.1060467, 3.9520905, 5.876184, 2.5849626;
  1.0829408, 1.0673158, 0.44388708, 0, 0, 0, 0, 0, 0.69503462, 0.71133232, 5.4289789, 5.4624772, 4.1238437, 2.9397922, 3.7413757, 3.7077181, 5.3956614, 5.4409547, 2.5849626;
  2.1482682, 1.0016422, 0.32867748, 0, 0, 0, 0, 0, 0, 0.19747628, 5.327116, 4.0623097, 3.1239142, 3.5784943, 2.4771051, 3.4958861, 5.3278961, 4.0720372, 2.5849626;
  1.2916458, 0.76932973, 0.26312232, 0, 0, 0, 0, 0, 0.40673953, 1.1836954, 5.4777198, 4.8670197, 4.0704193, 3.2002313, 3.1113172, 3.9042375, 5.4561973, 4.8426495, 2.5849626;
  1.047269, 1.0550674, 0.26312232, 0, 0, 0, 0, 0, 0, 2.6093512, 4.049314, 5.1173587, 3.0997989, 2.2748144, 5.690423, 2.5030339, 4.0954089, 5.0958362, 2.5849626;
  1.514866, 1.4596335, 0.26312232, 0, 0, 0, 0, 0, 0, 1.8022581, 4.599031, 5.8935709, 2.8044646, 3.2710752, 3.8904097, 4.5922704, 4.5893035, 5.9246192, 2.5849626;
  1.5402821, 0.76932973, 0.32867748, 0, 0, 0, 0, 0, 0.18185128, 2.3912685, 5.1622553, 5.1948814, 3.4096692, 3.0150008, 4.8953686, 3.5129941, 5.1407328, 5.1264839, 2.5849626;
  1.8860779, 1.3227835, 0.32867748, 0, 0, 0, 0, 0, 0, 0.13174008, 5.136518, 5.345737, 3.4906421, 3.2148166, 3.3179669, 3.2044525, 5.1240678, 5.345737, 2.5849626;
  1.8583103, 0.85195732, 0.32867748, 0, 0, 0, 0, 0, 0, 1.1145549, 5.6350985, 4.9210567, 3.4499717, 3.5778196, 2.5605304, 4.4096231, 5.6350985, 4.9269543, 2.5849626;
  1.1993204, 0.86758232, 0.32867748, 0, 0, 0, 0, 0, 0, 1.4667705, 5.4438238, 5.6525183, 3.0483871, 3.6261497, 3.5789108, 4.5825462, 5.4438238, 5.6002202, 2.5849626;
  1.3221155, 1.3484685, 0.32867748, 0, 0, 0, 0, 0, 0, 2.2614732, 3.6100395, 5.6979041, 2.6942711, 2.7199671, 3.4646146, 5.1894913, 3.6143899, 5.7344732, 2.5849626;
  0.98106444, 1.1416696, 0.42236453, 0, 0, 0, 0, 0, 0.065914415, 2.4371417, 3.6063306, 5.6811934, 2.9262564, 2.2874315, 3.329107, 5.5917225, 3.6148579, 5.8152442, 2.5849626;
  2.0993195, 0.32867748, 0.26312232, 0, 0, 0, 0, 0, 0, 1.2280387, 5.868999, 4.2067313, 3.5431762, 3.7753525, 1.9902501, 4.1703115, 5.8608317, 4.2692313, 2.5849626;
  1.3386933, 0.73807973, 0.26312232, 0, 0, 0, 0, 0, 0.065914415, 1.7890903, 4.5847516, 5.534173, 3.1518729, 3.2152529, 3.4037044, 4.9678612, 4.546824, 5.565423, 2.5849626;
  1.3385208, 1.1583431, 0.26312232, 0, 0, 0, 0, 0, 0.19747628, 1.747607, 4.7464375, 5.6631608, 3.2669015, 3.1532276, 3.3984866, 4.7234678, 4.7679601, 5.5891924, 2.5849626;
  0.99079186, 0.37851599, 0.19747628, 0, 0, 0, 0, 0, 0, 1.2536887, 3.8766503, 4.1079621, 2.8618522, 2.6398265, 2.6474433, 3.9666831, 3.8766503, 4.1235871, 2.5849626;
  1.0123144, 0.065914415, 0.26312232, 0, 0, 0, 0, 0, 0.13174008, 1.7195672, 4.5785351, 3.6941721, 3.3430097, 2.7228429, 1.7938254, 4.7708077, 4.5844326, 3.6941721, 2.5849626;
  1.2433848, 1.2675729, 0.37851599, 0, 0, 0, 0, 0, 0, 2.1802924, 4.1229105, 5.5940499, 2.8428996, 2.8982847, 3.2832141, 5.2126036, 4.1229105, 5.6920066, 2.5849626;
  1.7901145, 1.094144, 0.26312232, 0, 0, 0, 0, 0, 0.53006345, 1.7085916, 5.0665169, 4.9330769, 4.2780862, 2.9085255, 4.6521273, 2.7608047, 5.0773511, 4.9671745, 2.5849626;
  0.91066319, 0.53720152, 0.065914415, 0, 0, 0, 0, 0, 0.065914415, 1.172269, 4.3549948, 3.8606589, 2.935739, 2.367764, 1.9501358, 3.8308649, 4.3872705, 3.8606589, 2.5849626;
  1.8064768, 1.8221447, 0.44388708, 0, 0, 0, 0, 0, 0, 0.19747628, 4.4388628, 5.5550861, 2.681428, 3.065119, 3.2655213, 3.8520098, 4.4388628, 5.5609837, 2.5849626;
  2.281549, 1.3156202, 0.32867748, 0, 0, 0, 0, 0, 0.37851599, 0.065914415, 5.3033452, 4.2175426, 3.6905839, 3.395437, 3.0561719, 2.9562173, 5.2818227, 4.2175426, 2.5849626;
  1.7443682, 1.3828455, 0.26312232, 0, 0, 0, 0, 0, 0.18185128, 0.83413005, 4.8710513, 5.1911564, 3.4155555, 3.0737715, 3.3106341, 3.6104312, 4.8543196, 5.2342014, 2.5849626;
  1.7986207, 1.4554794, 0.37851599, 0, 0, 0, 0, 0, 0.57434911, 0.13174008, 4.8282456, 5.5203333, 3.9472992, 2.870434, 3.4638345, 3.416981, 4.8594956, 5.5047083, 2.5849626;
  1.3034409, 1.7015034, 0.44388708, 0, 0, 0, 0, 0, 0.35699341, 0.19747628, 4.53897, 5.7947035, 3.5521266, 2.9945395, 3.6795347, 3.5534449, 4.53897, 5.7947035, 2.5849626;
  2.2688184, 1.078519, 0.26312232, 0, 0, 0, 0, 0, 0.23187232, 0.31305248, 5.894351, 3.857924, 3.3911636, 3.70841, 2.7818122, 3.0234647, 5.8756766, 3.8979194, 2.5849626;
  1.7292135, 0.74780715, 0.32867748, 0, 0, 0, 0, 0, 0.32867748, 0.86956865, 5.1837358, 5.4463768, 3.3795066, 3.6449296, 3.0523462, 4.6552043, 5.1711602, 5.4484448, 2.5849626;
  2.0743458, 1.3176799, 0.26312232, 0, 0, 0, 0, 0, 0.18185128, 1.1599387, 5.0315833, 5.40837, 3.2803953, 3.4981341, 3.6936336, 4.1143565, 5.0512185, 5.4416876, 2.5849626;
  2.2906191, 1.5990168, 0.42236453, 0, 0, 0, 0, 0, 0, 0.8304348, 5.1499987, 5.4851284, 3.2457395, 3.4443796, 3.3278749, 4.173893, 5.137423, 5.4636059, 2.5849626;
  1.2009161, 1.445514, 0.37851599, 0, 0, 0, 0, 0, 0, 1.6107275, 4.1071892, 5.868999, 3.0935745, 2.7121594, 3.5114896, 5.0538325, 4.1071892, 5.7634535, 2.5849626;
  1.2477911, 0.83413005, 0.32867748, 0, 0, 0, 0, 0, 0, 1.0602911, 5.2821617, 4.8667226, 3.675705, 2.6822956, 2.3623166, 4.4268122, 5.2821617, 4.8393025, 2.5849626;
  2.1231177, 1.7457606, 0.42236453, 0, 0, 0, 0, 0, 0.11611508, 0.31305248, 5.4004507, 5.6089659, 3.3620138, 3.5427396, 3.2353995, 3.978369, 5.4324808, 5.6526446, 2.5849626;
  1.519165, 1.2055556, 0.32867748, 0, 0, 0, 0, 0, 1.0610925, 1.790525, 5.4572349, 5.2220783, 4.6854591, 3.1402156, 3.498533, 4.4986486, 5.458015, 5.2482109, 2.5849626;
  1.2760208, 0.95476717, 0.37851599, 0, 0, 0, 0, 0, 0.33164099, 1.4081979, 5.2773933, 4.9792504, 3.7116368, 3.470407, 2.8283458, 4.7277565, 5.3468976, 4.953898, 2.5849626;
  1.3965713, 0.98106444, 0.26312232, 0, 0, 0, 0, 0, 0.42826208, 3.3108368, 4.1852908, 5.7401233, 3.1952536, 3.268209, 5.6333361, 4.4452424, 4.1161132, 5.8730884, 2.5849626;
  1.6971024, 1.062894, 0.37851599, 0, 0, 0, 0, 0, 0, 2.035557, 4.8869162, 5.5424342, 2.834954, 3.3827908, 3.0499558, 5.2785015, 4.8869162, 5.6695018, 2.5849626;
  1.9384198, 1.2224387, 0.26312232, 0, 0, 0, 0, 0, 0, 0.19747628, 5.3889284, 4.9901862, 3.3497002, 3.3415573, 3.8531678, 2.088583, 5.3986559, 4.9804587, 2.5849626;
  2.0151904, 1.1954027, 0.32867748, 0, 0, 0, 0, 0, 0, 0.69655472, 5.4026661, 5.2822051, 3.1929669, 3.3928237, 3.4318001, 4.211936, 5.433136, 5.3614159, 2.5849626;
  1.9937472, 1.3527677, 0.26312232, 0, 0, 0, 0, 0, 0, 0.52721554, 5.1499848, 5.5733075, 3.1840198, 3.3892124, 3.4473214, 3.9015942, 5.1499848, 5.5343976, 2.5849626;
  2.1594162, 1.1942383, 0.37851599, 0, 0, 0, 0, 0, 0, 1.4941874, 4.9852762, 5.6230102, 2.83483, 3.4871192, 3.4200091, 4.8849816, 4.9852762, 5.6542602, 2.5849626;
  1.9078652, 0.84975505, 0.26312232, 0, 0, 0, 0, 0, 0, 1.519809, 5.6872711, 4.5951796, 3.3415573, 3.7732847, 4.1551399, 3.0902562, 5.7028961, 4.6786952, 2.5849626;
  2.1978533, 1.2436637, 0.37851599, 0, 0, 0, 0, 0, 0.24749732, 1.3672205, 4.7027483, 4.8912559, 3.6001225, 2.8279173, 2.9448543, 4.4372215, 4.727447, 4.9381309, 2.5849626;
  2.5347023, 1.3858951, 0.37851599, 0, 0, 0, 0, 0, 0, 1.3287933, 4.6241913, 5.2108617, 3.0270619, 3.3257518, 3.375982, 4.2740779, 4.6445866, 5.1560211, 2.5849626;
  1.6230836, 1.9535956, 0.44388708, 0, 0, 0, 0, 0, 0.66728467, 1.0894735, 5.1047378, 5.2840924, 4.1305752, 2.7771914, 3.5239484, 4.5420761, 5.1047378, 5.2220998, 2.5849626;
  1.2738546, 0.53720152, 0.19747628, 0, 0, 0, 0, 0, 0, 0.26312232, 5.1083121, 3.279002, 3.2577908, 3.223562, 2.218117, 3.3431029, 5.1083121, 3.279002, 2.5849626;
  1.8894737, 1.0016422, 0.37851599, 0, 0, 0, 0, 0, 0.19747628, 0.39414099, 5.2810764, 5.0541596, 3.6218424, 3.2886043, 3.0743933, 3.8799021, 5.2810764, 5.0597515, 2.5849626;
  1.855217, 1.3083351, 0.45951208, 0, 0, 0, 0, 0, 0, 2.8573177, 5.2455592, 5.325963, 2.4488418, 3.3670347, 2.9326823, 5.3521833, 5.2455592, 5.4471335, 2.5849626;
  2.7732952, 1.652505, 0.37851599, 0, 0, 0, 0, 0, 0.31305248, 0, 5.9624219, 4.7947803, 3.7264097, 3.4885743, 3.442312, 2.7834172, 5.9291043, 4.7947803, 2.5849626;
  0.68290967, 1.1684079, 0.45951208, 0, 0, 0, 0, 0, 0, 2.1061997, 4.5708752, 5.0380096, 2.5280805, 3.0872033, 2.8269358, 5.1267552, 4.5590801, 5.0380096, 2.5849626;
  2.3481202, 0.52721554, 0.19747628, 0, 0, 0, 0, 0, 0, 0.19747628, 4.5556164, 4.8298144, 3.2645392, 2.8425393, 3.076407, 3.1752372, 4.5556164, 4.8298144, 2.5849626;
  1.1366475, 0.66728467, 0.19747628, 0, 0, 0, 0, 0, 0, 0.96343577, 4.3016143, 4.8876572, 2.6559703, 2.6275761, 2.719837, 4.0820861, 4.3016143, 4.9032822, 2.5849626;
  1.8598205, 0.065914415, 0.19747628, 0, 0, 0, 0, 0, 0, 0.19747628, 4.4438291, 4.4353557, 3.2038016, 2.8570571, 2.9665787, 3.0844359, 4.4438291, 4.4353557, 2.5849626;
  2.8496182, 0.065914415, 0, 0, 0, 0, 0, 0, 1.2068137, 1.00832, 5.6668329, 1.6145135, 3.376931, 4.1348486, 2.5854461, 0, 5.6980829, 1.6145135, 2.5849626;
  1.6816394, 2.3464415, 0.45951208, 0, 0, 0, 0, 0, 0, 0, 5.0115294, 5.6896992, 1.9774127, 3.3119581, 3.0837607, 3.4542756, 5.0115294, 5.6896992, 2.5849626;
  4.2018809, 3.092428, 0.13174008, 0, 0, 0, 0, 0, 0, 0, 5.5732861, 5.5590196, 3.405956, 3.1506214, 3.3097193, 2.8024929, 5.5732861, 5.5590196, 2.5849626;
  2.4630539, 2.1371408, 0.44388708, 0, 0, 0, 0, 0, 0.31305248, 0, 4.8379946, 5.4637308, 3.663424, 2.869066, 3.1107512, 3.1733434, 4.8379946, 5.4637308, 2.5849626;
  2.2496231, 2.2006083, 0.44388708, 0, 0, 0, 0, 0, 0, 2.1323035, 5.1792603, 5.7529459, 2.795105, 3.0135632, 5.3232365, 3.3996832, 5.1851578, 5.804431, 2.5849626;
  1.0142256, 0.24749732, 0.37851599, 0, 0, 0, 0, 0, 0.065914415, 0.26312232, 4.4804335, 4.5241899, 3.4581046, 2.6561463, 2.5452657, 3.7700548, 4.4804335, 4.5241899, 2.5849626;
  2.4534414, 0.4251425, 0.18185128, 0, 0, 0, 0, 0, 1.8062469, 0, 6.1521149, 3.8579907, 5.420157, 3.6606214, 2.9211929, 1.835714, 6.0880542, 3.8579907, 2.5849626;
  1.9288815, 0, 0, 0, 0, 0, 0, 0, 0.94781077, 0, 5.9117169, 2.0399106, 4.6594248, 3.1676145, 1.9076141, 0.54356444, 5.8863645, 2.0399106, 2.5849626;
  2.0613978, 2.1666498, 0.42236453, 0, 0, 0, 0, 0, 0.11611508, 0.93388641, 5.2136059, 5.8012562, 2.7887838, 3.2730432, 4.375371, 3.5980546, 5.214386, 5.8412519, 2.5849626;
  2.1690166, 1.2492824, 0.065914415, 0, 0, 0, 0, 0, 0.77593577, 0.38138708, 5.5404973, 4.8377419, 3.5826273, 3.9796565, 3.9887893, 1.9993467, 5.5435467, 4.9112568, 2.5849626;
  1.9179195, 0.42236453, 0.26312232, 0, 0, 0, 0, 0, 0.65506345, 0.19747628, 5.751637, 2.9409432, 4.1563582, 3.254812, 1.8622161, 2.88959, 5.751637, 2.9409432, 2.5849626;
  2.4216692, 1.5878894, 0.44388708, 0, 0, 0, 0, 0, 0.18185128, 2.5252616, 5.4260049, 5.3179073, 3.748596, 3.2151403, 4.7531767, 4.2619543, 5.4556189, 5.4526014, 2.5849626;
  3.134645, 2.4457755, 0.50916505, 0, 0, 0, 0, 0, 0.53979087, 1.0848926, 5.3570786, 5.2303162, 3.4646146, 3.8596978, 3.5159831, 3.926106, 5.3965669, 5.3972759, 2.5849626;
  1.8924528, 1.4659727, 0.26312232, 0, 0, 0, 0, 0, 0, 0.19747628, 4.8536739, 5.3305182, 1.883903, 3.3062971, 3.644455, 3.1336634, 4.8536739, 5.3148932, 2.5849626;
  3.3424859, 2.3726134, 0.44388708, 0, 0, 0, 0, 0, 0.26617748, 0.69120473, 5.4908242, 5.0773888, 3.6136413, 3.4968116, 3.538151, 3.5443499, 5.5259037, 5.1909208, 2.5849626;
  1.2536887, 1.6785898, 0.42236453, 0, 0, 0, 0, 0, 0.8616848, 1.9930384, 5.02249, 4.9806385, 2.4238493, 3.9392581, 4.8462038, 2.93292, 5.02249, 5.1505494, 2.5849626;
  3.4755218, 2.0820103, 0.44388708, 0, 0, 0, 0, 0, 0.16032873, 0, 5.8267341, 4.8337693, 3.9074917, 3.5670023, 3.3114142, 2.8971992, 5.7954841, 4.8337693, 2.5849626;
  1.104522, 1.1004883, 0.36289099, 0, 0, 0, 0, 0, 0.19747628, 0, 4.6947346, 4.4679317, 3.4847457, 3.219553, 3.1150522, 2.6069515, 4.6947346, 4.4679317, 2.5849626;
  1.7928052, 0.52747411, 0.26312232, 0, 0, 0, 0, 0, 0, 0.26312232, 5.5654459, 3.8678207, 3.4489896, 3.2540317, 2.1158297, 3.3753817, 5.5587683, 3.8678207, 2.5849626;
  2.2980585, 0.88320732, 0.37851599, 0, 0, 0, 0, 0, 0, 2.3449216, 5.130249, 4.7968359, 3.4638345, 3.2222743, 2.5879841, 5.4133582, 5.130249, 4.8905859, 2.5849626;
  3.2322979, 2.7603929, 0.44388708, 0, 0, 0, 0, 0, 0.065914415, 0, 4.2855554, 5.5148888, 3.265089, 2.7813268, 3.1634791, 3.3670347, 4.2855554, 5.5148888, 2.5849626;
  2.5650752, 1.2916458, 0.32867748, 0, 0, 0, 0, 0, 0.66728467, 0.26312232, 5.5740876, 4.5700884, 3.3294015, 3.8120427, 3.0926642, 3.2737226, 5.5643601, 4.5700884, 2.5849626;
  2.5882277, 1.485392, 0.37851599, 0, 0, 0, 0, 0, 2.1686437, 0, 5.6371999, 4.4739165, 4.8347516, 4.4117761, 2.9888813, 2.5378077, 5.662045, 4.4739165, 2.5849626;
  3.0642207, 2.1361802, 0.44388708, 0, 0, 0, 0, 0, 0, 0.42236453, 5.4342217, 4.9186854, 3.3126309, 3.1296868, 3.2578616, 3.6072938, 5.4342217, 4.924583, 2.5849626;
  1.1481435, 1.4559326, 0.39414099, 0, 0, 0, 0, 0, 0, 1.3659409, 4.506444, 5.2516642, 2.0642457, 2.8535907, 3.4152644, 3.71224, 4.522069, 5.3103342, 2.5849626;
  1.5639368, 1.0287961, 0.22597477, 0, 0, 0, 0, 0, 0, 1.9343677, 4.7960353, 5.2692475, 2.5730681, 3.1245525, 3.2174342, 4.7599564, 4.794148, 5.26335, 2.5849626;
  1.8308036, 0.60229087, 0, 0, 0, 0, 0, 0, 0.47470155, 0, 5.6453009, 1.7019031, 2.2365696, 4.3798013, 1.7019031, 0, 5.6140509, 1.7019031, 2.5849626;
  2.4720006, 1.919154, 0.45951208, 0, 0, 0, 0, 0, 0.065914415, 0.66608489, 5.6413016, 5.5994401, 3.5431762, 3.546453, 4.1227546, 3.2401357, 5.6666541, 5.5622926, 2.5849626;
  2.3587754, 0.95554739, 0, 0, 0, 0, 0, 0, 0.77976567, 0.32867748, 5.8337936, 3.8688765, 3.3146563, 4.3255105, 3.665637, 1.6032056, 5.8407984, 3.8532515, 2.5849626;
  1.4254333, 0.98106444, 0.26312232, 0, 0, 0, 0, 0, 1.9478999, 1.5067103, 5.1420455, 5.0324779, 2.8546627, 5.151989, 4.1941748, 4.5965071, 5.1509924, 4.9973764, 2.5849626;
  1.7265903, 0, 0, 0, 0, 0, 0, 0, 0.37851599, 0, 5.6543856, 2.4133859, 4.1581025, 2.9239028, 1.9278393, 2.2277725, 5.6700106, 2.4133859, 2.5849626;
  2.2298813, 0.065914415, 0.19747628, 0, 0, 0, 0, 0, 0, 0.26312232, 5.7073045, 3.6113687, 3.222038, 3.5705962, 2.3794353, 3.1737792, 5.7073045, 3.6113687, 2.5849626;
  0.96449465, 0, 0, 0, 0, 0, 0, 0, 0.89883232, 0, 5.0752597, 3.1800535, 4.2671685, 2.6178305, 2.2886689, 2.1166434, 5.0752597, 3.1800535, 2.5849626;
  1.817066, 1.8250312, 0.37851599, 0, 0, 0, 0, 0, 0.18185128, 1.300593, 4.860117, 4.8877392, 2.529315, 3.1145973, 3.13428, 3.6470089, 4.8800793, 4.9030371, 2.5849626;
  1.682438, 0.065914415, 0.35699341, 0, 0, 0, 0, 0, 0, 0.32867748, 5.8722286, 3.7763674, 3.83341, 3.144968, 2.0930374, 3.5172963, 5.8722286, 3.7763674, 2.5849626;
  0.89883232, 1.3058927, 0.26312232, 0, 0, 0, 0, 0, 0.11611508, 1.3245674, 4.4395857, 5.1258841, 1.9812812, 3.1874294, 3.2237306, 4.4289236, 4.4716163, 5.1863165, 2.5849626;
  1.8120904, 0.89883232, 0.26312232, 0, 0, 0, 0, 0, 1.728664, 1.7172709, 5.5826869, 5.1300149, 5.4124599, 2.8777995, 4.3365164, 4.0484796, 5.5260844, 5.1311436, 2.5849626;
  2.3472023, 1.0151783, 0.065914415, 0, 0, 0, 0, 0, 0.60229087, 0, 5.6691251, 4.1490192, 4.2447047, 3.2237637, 2.4909801, 2.6884995, 5.6632276, 4.1490192, 2.5849626;
  3.056226, 1.8211199, 0.44388708, 0, 0, 0, 0, 0, 0.50916505, 0.63943845, 5.6697035, 4.5834723, 4.1134644, 3.0564988, 2.6397507, 3.6757767, 5.6697035, 4.5834723, 2.5849626;
  2.4621263, 1.6799285, 0.37851599, 0, 0, 0, 0, 0, 0.065914415, 0.30344066, 5.581851, 5.0985351, 3.795471, 3.355123, 3.5217586, 3.5675716, 5.5982566, 5.1335936, 2.5849626;
  2.7318246, 1.86865, 0.45951208, 0, 0, 0, 0, 0, 0.49354008, 0.42826208, 5.3377824, 4.8619456, 3.9626372, 2.7481675, 2.9624219, 3.8136032, 5.3162594, 4.8745213, 2.5849626;
  1.9851266, 1.1532903, 0.44388708, 0, 0, 0, 0, 0, 0.065914415, 1.6094599, 4.593473, 5.324934, 3.4463181, 2.7106812, 2.7176266, 5.124145, 4.5892692, 5.371809, 2.5849626;
  2.140924, 0.98106444, 0, 0, 0, 0, 0, 0, 0.26312232, 1.8148334, 4.8087521, 4.832696, 3.3898873, 2.8636451, 4.6417289, 2.0396674, 4.813035, 4.8385935, 2.5849626;
  2.0114732, 0.46212623, 0.35699341, 0, 0, 0, 0, 0, 0, 0.26312232, 4.3092871, 4.1197877, 2.9817624, 3.1266372, 2.490551, 3.5570772, 4.3092871, 4.1197877, 2.5849626;
  2.3708353, 1.5918014, 0.42236453, 0, 0, 0, 0, 0, 0.24749732, 0.52479005, 5.3656988, 4.9852977, 3.5911381, 3.4220059, 2.8568769, 3.9922318, 5.3656988, 5.0321727, 2.5849626;
  3.4594166, 2.1446402, 0.32867748, 0, 0, 0, 0, 0, 0, 0, 5.4204841, 5.3317475, 3.4506712, 3.176687, 3.6364896, 2.5943344, 5.4204841, 5.3317475, 2.5849626;
  3.4778283, 2.412791, 0.18185128, 0, 0, 0, 0, 0, 0, 0.29152992, 4.9823689, 5.3862395, 3.4271233, 2.8789704, 3.4548872, 3.2074296, 4.9889998, 5.3986897, 2.5849626;
  2.7503488, 1.9253768, 0.39414099, 0, 0, 0, 0, 0, 0.44388708, 0.68663502, 5.7862635, 5.3087358, 4.0001211, 3.1915317, 3.8679461, 3.0134954, 5.7550135, 5.3007703, 2.5849626;
  1.5875626, 1.731982, 0.45951208, 0, 0, 0, 0, 0, 0, 1.6299924, 5.0623279, 5.6133032, 3.4196823, 2.8064833, 3.262979, 5.0644641, 5.0623279, 5.6347003, 2.5849626;
  1.796012, 0.8304348, 0.37851599, 0, 0, 0, 0, 0, 1.3769479, 0, 5.697124, 3.617995, 4.8169212, 3.0547366, 2.5910594, 2.8051307, 5.659976, 3.617995, 2.5849626;
  2.2972717, 2.0712013, 0.44388708, 0, 0, 0, 0, 0, 0.18185128, 0.29152992, 4.8203144, 5.8667293, 3.4172325, 2.7222047, 3.5260077, 3.9618568, 4.842164, 5.900702, 2.5849626;
  0.93402481, 1.0882465, 0.37851599, 0, 0, 0, 0, 0, 0.16032873, 0.19747628, 4.5285273, 3.8432038, 2.0926423, 2.9957612, 2.0015433, 2.8307657, 4.4757547, 3.8432038, 2.5849626;
  1.8637505, 1.9088581, 0.44388708, 0, 0, 0, 0, 0, 0, 0.58997411, 3.8161666, 5.6530967, 2.9758313, 2.5454898, 3.921129, 3.5816145, 3.8161666, 5.6687217, 2.5849626;
  2.2177513, 0.90009159, 0, 0, 0, 0, 0, 0, 0, 1.4434824, 4.7987089, 4.7164936, 2.5347412, 2.947525, 4.5093479, 1.7811245, 4.8202319, 4.7321186, 2.5849626;
  3.0006986, 2.6108575, 0.45951208, 0, 0, 0, 0, 0, 1.571713, 0.13174008, 4.9242558, 4.9771628, 4.7593279, 2.9546371, 2.9120438, 3.3520479, 4.9658766, 4.9986854, 2.5849626;
  2.8362925, 2.2067983, 0.45951208, 0, 0, 0, 0, 0, 0, 0, 4.653904, 5.9038768, 3.1950347, 3.0659533, 3.776016, 3.5744262, 4.6215682, 5.9038768, 2.5849626;
  2.6500726, 0.74051464, 0, 0, 0, 0, 0, 0, 0.66728467, 0, 5.6571054, 3.9800179, 3.7524617, 3.100868, 2.8482003, 1.5391806, 5.6414804, 3.9800179, 2.5849626;
  1.4118125, 0.44666508, 0, 0, 0, 0, 0, 0, 0.96543944, 0, 5.125999, 3.261344, 3.6896987, 2.9508729, 2.7797668, 1.2143151, 5.122169, 3.261344, 2.5849626;
  2.1275198, 0.96926934, 0.39414099, 0, 0, 0, 0, 0, 0.065914415, 1.3613229, 5.3848257, 5.2641087, 3.3195813, 3.4542747, 4.4006763, 3.2538724, 5.3320532, 5.2797337, 2.5849626;
  1.7831464, 1.6842104, 0.45951208, 0, 0, 0, 0, 0, 0, 2.3727956, 4.7806563, 5.4444776, 2.6717117, 3.3576767, 3.4611161, 5.4663768, 4.8021789, 5.4436975, 2.5849626;
  1.9337971, 1.4201615, 0.44388708, 0, 0, 0, 0, 0, 0.60229087, 1.8560854, 4.250062, 5.5869684, 3.7338247, 2.6204724, 3.7604942, 4.51443, 4.250062, 5.6591959, 2.5849626;
  1.776318, 1.6110777, 0.45951208, 0, 0, 0, 0, 0, 0.19747628, 0.85199308, 4.0830994, 5.26335, 3.2143049, 2.5075657, 2.6714659, 4.4153118, 4.0830994, 5.2387776, 2.5849626;
  2.3952057, 1.3107865, 0.45951208, 0, 0, 0, 0, 0, 0, 0.44666508, 5.4028463, 5.2010636, 3.5857847, 3.4118421, 2.7630556, 3.9921067, 5.4028463, 5.2010636, 2.5849626;
  1.8182774, 0.98421741, 0.44388708, 0, 0, 0, 0, 0, 0, 0.26312232, 4.1694951, 4.1310925, 3.1171658, 2.6260092, 2.3878598, 3.5494175, 4.1694951, 4.1310925, 2.5849626;
  2.4126182, 0.31305248, 0.19747628, 0, 0, 0, 0, 0, 0, 1.0610925, 5.4908452, 3.6157608, 3.546453, 3.5572577, 2.4507141, 3.5041821, 5.4528961, 3.628211, 2.5849626;
  3.140806, 2.1709788, 0.42236453, 0, 0, 0, 0, 0, 0, 0.11611508, 5.3438497, 5.2548199, 3.4958646, 3.403604, 3.7375922, 2.5424042, 5.3634849, 5.2645473, 2.5849626;
  0.26312232, 0.26312232, 0.26312232, 0, 0, 0, 0, 0, 0.45951208, 0.19747628, 3.794435, 4.2480545, 3.6444509, 2.0467229, 2.5907314, 3.1156666, 3.7885373, 4.2480545, 2.5849626;
  2.5339251, 2.3045182, 0.32867748, 0, 0, 0, 0, 0, 0.4720175, 0.065914415, 5.0174155, 5.6209412, 3.7693465, 3.1945813, 3.5382972, 3.1360209, 4.9940057, 5.6462936, 2.5849626;
  1.9765368, 0.83633232, 0.26312232, 0, 0, 0, 0, 0, 0, 0.32867748, 4.5680985, 4.119729, 3.1740067, 3.0936463, 2.6542265, 3.349509, 4.562201, 4.1241212, 2.5849626;
  2.3376796, 1.047269, 0.37851599, 0, 0, 0, 0, 0, 0, 0.60818845, 5.608366, 5.3255339, 3.822891, 3.025631, 2.6710246, 4.3168559, 5.592741, 5.2883863, 2.5849626;
  2.9692791, 1.9225351, 0.45951208, 0, 0, 0, 0, 0, 0, 0.93809581, 4.375659, 5.3034005, 3.0576353, 2.6963234, 3.1616118, 4.3330622, 4.375659, 5.2582664, 2.5849626;
  1.9962208, 0.68880725, 0, 0, 0, 0, 0, 0, 1.2208431, 0.26312232, 5.1304293, 3.8356528, 4.4271069, 2.8672678, 3.0695105, 1.8019097, 5.132813, 3.8512778, 2.5849626;
  2.1130505, 1.1749873, 0.42236453, 0, 0, 0, 0, 0, 0, 0.19747628, 4.2249784, 4.1768079, 3.0044694, 2.6981008, 2.4741714, 3.1505728, 4.2249784, 4.1768079, 2.5849626;
  3.7165389, 1.9938613, 0.45951208, 0, 0, 0, 0, 0, 0, 0.65165967, 4.9363661, 5.0407701, 3.2954457, 2.7549343, 3.017447, 3.7351418, 4.9363661, 5.0455604, 2.5849626;
  2.6528227, 0.83633232, 0, 0, 0, 0, 0, 0, 0, 0.065914415, 5.1701193, 4.1051688, 3.0226004, 2.8745911, 2.9503729, 1.4406202, 5.1975398, 4.1110668, 2.5849626;
  2.714062, 3.0915563, 0.50916505, 0, 0, 0, 0, 0, 0.65710688, 0, 5.1385303, 5.3485136, 2.8809276, 3.6028318, 3.2340696, 3.2277739, 5.1353002, 5.3610888, 2.5849626;
  2.7013035, 1.6046399, 0.13174008, 0, 0, 0, 0, 0, 0.065914415, 0.6161294, 5.4328089, 5.1727333, 3.345681, 3.3507605, 3.1037464, 3.448319, 5.4916258, 5.2070327, 2.5849626;
  1.1309229, 0.26312232, 0, 0, 0, 0, 0, 0, 0.50916505, 0.065914415, 5.3155937, 2.2062287, 4.7058749, 2.8652585, 1.9811689, 0.73448247, 5.3371162, 2.2062287, 2.5849626;
  2.0733943, 0.8423425, 0.31305248, 0, 0, 0, 0, 0, 0, 0.32867748, 4.5824366, 4.3375211, 3.426652, 3.3171377, 2.644238, 3.5718513, 4.5824366, 4.3218961, 2.5849626;
  1.7440583, 0.98106444, 0, 0, 0, 0, 0, 0, 0.13174008, 1.9934875, 4.9717727, 4.8277593, 3.1443181, 3.2155161, 5.6070018, 1.8989172, 4.9812984, 4.8531117, 2.5849626;
  1.0118204, 0.73064452, 0.39414099, 0, 0, 0, 0, 0, 0, 0.32867748, 5.0153503, 5.0799637, 2.781281, 3.662039, 3.0327621, 4.317481, 5.0153503, 5.0487137, 2.5849626;
  1.8264898, 1.5494102, 0.11611508, 0, 0, 0, 0, 0, 0.26312232, 0, 5.061491, 4.6925459, 3.6726768, 2.6950347, 2.8736472, 2.643465, 5.061491, 4.6925459, 2.5849626;
  1.2055556, 0.83633232, 0.26312232, 0, 0, 0, 0, 0, 0.065914415, 0.39414099, 5.549696, 4.5900826, 3.932266, 2.830946, 2.9845996, 3.4829276, 5.549696, 4.5744576, 2.5849626;
  2.233731, 1.3402853, 0.37851599, 0, 0, 0, 0, 0, 0.39414099, 0.26312232, 4.9862685, 4.3424535, 3.8575671, 2.7794068, 2.8130515, 3.3754961, 5.0077915, 4.3424535, 2.5849626;
  2.105217, 0.74780715, 0.26312232, 0, 0, 0, 0, 0, 0, 0.24749732, 5.4768133, 4.1179643, 2.8252873, 3.4955208, 2.4280691, 3.5460622, 5.4768133, 4.1179643, 2.5849626;
  2.5866976, 1.3543662, 0.44388708, 0, 0, 0, 0, 0, 0.19747628, 0.45951208, 5.7798591, 4.216043, 3.9190614, 3.5055921, 2.8135922, 3.4797528, 5.788806, 4.216043, 2.5849626;
  2.6532545, 1.6066848, 0.44388708, 0, 0, 0, 0, 0, 0.19747628, 0.44388708, 4.9805408, 4.5583606, 3.4358017, 3.4941239, 3.0090666, 3.3367212, 4.9777966, 4.5334144, 2.5849626;
  2.3068147, 0.78945732, 0.39414099, 0, 0, 0, 0, 0, 0.065914415, 0.96343577, 4.0728436, 4.1696014, 2.7618592, 2.9581721, 2.8258286, 3.7347517, 4.0728436, 4.1696014, 2.5849626;
  1.31945, 1.1038715, 0.37851599, 0, 0, 0, 0, 0, 0, 1.683755, 5.074801, 5.4193273, 2.2804406, 3.4237683, 3.4420023, 4.9160428, 5.074801, 5.4416299, 2.5849626;
  2.1436467, 0.83633232, 0, 0, 0, 0, 0, 0, 0.31305248, 0, 4.3832507, 3.729208, 3.4287546, 2.3230269, 2.9019465, 1.0067676, 4.3832507, 3.729208, 2.5849626;
  2.4028656, 1.6105083, 0.45951208, 0, 0, 0, 0, 0, 0, 0.52479005, 5.6174383, 5.4359126, 3.4692364, 3.4212258, 3.4720356, 4.0417056, 5.6174383, 5.4464202, 2.5849626;
  2.2822189, 1.6717923, 0.44388708, 0, 0, 0, 0, 0, 0, 1.284968, 4.0936503, 5.5007534, 3.0933194, 2.4248626, 2.9036052, 4.6826854, 4.0780253, 5.4754009, 2.5849626;
  1.8492343, 1.7829957, 0.32867748, 0, 0, 0, 0, 0, 0.13174008, 0.26312232, 4.7747254, 4.856286, 2.7650456, 2.7150087, 3.0507815, 2.8971651, 4.7903504, 4.856286, 2.5849626;
  0.98859888, 0.33834198, 0.24749732, 0, 0, 0, 0, 0, 1.1270931, 0, 5.326189, 3.0437219, 4.363658, 3.1448131, 2.2777534, 2.5115299, 5.294939, 3.0437219, 2.5849626;
  1.0048158, 0.22597477, 0.18185128, 0, 0, 0, 0, 0, 0.26312232, 0, 4.0500674, 2.9202363, 3.3387265, 2.6381819, 2.3635378, 1.8540224, 4.0500674, 2.9202363, 2.5849626;
  2.1253455, 0.56030715, 0.26312232, 0, 0, 0, 0, 0, 0.68290967, 0.19747628, 5.8159208, 3.465457, 4.5863461, 3.0820529, 2.3478258, 3.0443726, 5.8002958, 3.465457, 2.5849626;
  0.85121286, 1.1599387, 0.45951208, 0, 0, 0, 0, 0, 0, 2.627269, 4.5623369, 5.0790439, 3.4104493, 2.328414, 2.6367795, 5.6205592, 4.5623369, 5.0849414, 2.5849626;
  1.031644, 0.64576215, 0, 0, 0, 0, 0, 0, 0.19747628, 0, 4.0505052, 3.6269462, 2.6585968, 2.4672112, 2.2246907, 1.7744491, 4.0505052, 3.6269462, 2.5849626;
  0.83633232, 0, 0, 0, 0, 0, 0, 0, 0.37851599, 0, 4.5188828, 2.7247789, 3.5419555, 2.6993394, 2.5058439, 0.60582298, 4.5188828, 2.7247789, 2.5849626;
  2.0221026, 1.8110154, 0.31305248, 0, 0, 0, 0, 0, 0, 2.0524445, 4.8466043, 5.8610334, 2.7059491, 2.8708491, 4.959764, 3.3783994, 4.8466043, 5.8610334, 2.5849626;
  2.2577147, 1.6883355, 0.13174008, 0, 0, 0, 0, 0, 0, 2.7111661, 5.4780684, 5.7396617, 3.1435711, 3.5135574, 5.198864, 4.0849938, 5.4624434, 5.8059916, 2.5849626;
  2.1479752, 1.6332493, 0.29742748, 0, 0, 0, 0, 0, 0.68880725, 1.5894239, 5.6908994, 5.2994928, 3.5317364, 3.852196, 4.9246192, 2.7617996, 5.7221494, 5.4780455, 2.5849626;
  2.8382468, 1.4747324, 0.40673953, 0, 0, 0, 0, 0, 1.0123144, 0, 4.9054976, 4.5635018, 4.3091278, 2.7974265, 3.426687, 2.3603866, 4.9211226, 4.5635018, 2.5849626;
  0.22597477, 1.9885017, 0.6942544, 0, 0, 0, 0, 0, 0, 0.26312232, 3.1998115, 5.2064004, 1.4623368, 2.5955431, 3.1095781, 3.5936592, 3.1998115, 5.2064004, 2.5849626;
  0.56653005, 1.3276315, 0.45951208, 0, 0, 0, 0, 0, 0.26312232, 0, 4.1757774, 4.1076407, 3.1914778, 2.7113469, 2.6658027, 3.1158438, 4.1757774, 4.106936, 2.5849626;
  2.1527169, 2.4442317, 0.44388708, 0, 0, 0, 0, 0, 0.22597477, 0.37851599, 5.5109663, 5.8425393, 3.0400255, 3.5727661, 3.6059146, 3.5394511, 5.4679208, 5.8023419, 2.5849626;
  2.345156, 1.0489681, 0.065914415, 0, 0, 0, 0, 0, 0.92161411, 0, 5.8288016, 3.8400042, 3.9419298, 3.2846937, 2.5099046, 2.1311994, 5.8072791, 3.8400042, 2.5849626;
  0.79698247, 1.5386703, 0.45951208, 0, 0, 0, 0, 0, 0.065914415, 3.2181592, 4.288837, 6.1100516, 3.2111542, 2.2999475, 4.7430568, 5.7328372, 4.288837, 6.1382518, 2.5849626;
  1.8021175, 1.6543336, 0.37851599, 0, 0, 0, 0, 0, 0, 1.3583528, 4.8899655, 5.789145, 2.9147997, 2.8198388, 5.1004934, 2.9086838, 4.8899655, 5.789145, 2.5849626;
  2.1812928, 2.1261771, 0.63943845, 0, 0, 0, 0, 0, 0, 0.13174008, 6.0027442, 4.3678298, 3.8638685, 3.4659021, 2.9615364, 3.2883413, 5.9402442, 4.3970561, 2.5849626;
  0.91066319, 1.2014449, 0.39414099, 0, 0, 0, 0, 0, 0, 0.26312232, 4.0917387, 4.5981407, 2.3812718, 2.7216804, 2.5014412, 3.6380501, 4.0917387, 4.5981407, 2.5849626;
  2.2157981, 2.6242414, 0.63943845, 0, 0, 0, 0, 0, 0, 0.29152992, 5.3190255, 5.0109124, 3.3562217, 3.2173374, 3.0461497, 3.7371149, 5.3190255, 5.024797, 2.5849626;
  0.61373192, 0.61101204, 0, 0, 0, 0, 0, 0, 1.6563349, 0, 4.7838287, 4.0240712, 4.8066678, 2.7242384, 2.6089444, 2.5498545, 4.7369537, 4.0240712, 2.5849626;
  2.3897192, 1.2536887, 0.19747628, 0, 0, 0, 0, 0, 0.35699341, 0.29742748, 5.8428659, 4.6222749, 3.9372847, 3.5851722, 4.0438972, 1.5701166, 5.7998209, 4.6378999, 2.5849626;
  3.6812816, 2.7373946, 0.76932973, 0, 0, 0, 0, 0, 0, 0.065914415, 5.1046128, 4.9028678, 3.3804867, 3.2769895, 2.893244, 3.1496363, 5.0889878, 4.9028678, 2.5849626;
  0.92161411, 0.065914415, 0.19747628, 0, 0, 0, 0, 0, 0.68290967, 0, 4.5220242, 2.2169802, 3.9667542, 2.3288326, 1.9259132, 2.0085282, 4.5220242, 2.2169802, 2.5849626;
  2.3833032, 1.9089723, 0.44388708, 0, 0, 0, 0, 0, 0.52747411, 0.13174008, 5.5968976, 4.8987112, 3.5836117, 3.8175716, 2.7423928, 4.1411977, 5.5807657, 4.8987112, 2.5849626;
  1.7535369, 1.0172672, 0, 0, 0, 0, 0, 0, 0, 2.4126182, 4.5415125, 4.5470152, 2.9509206, 2.7082818, 5.7373652, 0.9868446, 4.5415125, 4.5685377, 2.5849626;
  0.87551934, 1.5559716, 0.42236453, 0, 0, 0, 0, 0, 0, 1.7669348, 3.827724, 6.0426145, 2.2506058, 2.7477615, 3.4746902, 5.3140011, 3.827724, 6.0201101, 2.5849626;
  0.37851599, 0.500054, 0.26312232, 0, 0, 0, 0, 0, 0.63943845, 0.26312232, 4.1311951, 3.4621692, 3.8740456, 1.9927541, 2.0710545, 2.9881737, 4.1311951, 3.4621692, 2.5849626;
  1.2588927, 2.1474707, 0.44388708, 0, 0, 0, 0, 0, 0.11611508, 0.4876425, 3.8882463, 5.4269114, 3.3790288, 2.3701556, 3.5122759, 4.4331722, 3.9038713, 5.4162021, 2.5849626;
  2.7153497, 0.52747411, 0.26312232, 0, 0, 0, 0, 0, 1.1423326, 0.065914415, 5.974544, 3.3717601, 4.6670814, 3.1781054, 2.7529304, 2.1918604, 6.0311465, 3.3717601, 2.5849626;
  2.3961451, 0.93801934, 0.26312232, 0, 0, 0, 0, 0, 2.6391237, 1.2224387, 5.7465196, 4.249516, 3.6544561, 5.7898459, 4.0986443, 2.6539321, 5.7436719, 4.265141, 2.5849626;
  1.3058927, 1.539292, 0.13174008, 0, 0, 0, 0, 0, 0, 1.9461627, 5.0821552, 5.4228086, 3.457937, 2.6444151, 5.2901225, 2.200738, 5.0821552, 5.4540586, 2.5849626;
  2.4268878, 0.30344066, 0.18185128, 0, 0, 0, 0, 0, 0.99086839, 0, 6.208919, 3.6791112, 4.6691966, 3.3440828, 2.7095029, 2.1896639, 6.224544, 3.6791112, 2.5849626;
  0.22597477, 1.9557331, 0.45951208, 0, 0, 0, 0, 0, 0, 1.1211954, 3.8412244, 6.2214942, 2.5973289, 2.680048, 4.1574292, 4.0622845, 3.8412244, 6.2527442, 2.5849626;
  2.9729042, 2.393096, 0.39414099, 0, 0, 0, 0, 0, 0, 0.26312232, 5.251987, 5.6778708, 2.8072634, 3.4295347, 3.3420517, 4.0080948, 5.251987, 5.675601, 2.5849626;
  1.952803, 2.1508231, 0.44388708, 0, 0, 0, 0, 0, 0, 1.3533874, 4.4147935, 5.900249, 2.5695806, 2.9280415, 3.845911, 4.394908, 4.4147935, 5.9181433, 2.5849626;
  1.6448371, 1.3074433, 0.20062232, 0, 0, 0, 0, 0, 0.76919401, 0.32867748, 5.2445288, 4.4728584, 2.4906988, 4.698801, 3.8027592, 2.1948638, 5.2289038, 4.4728584, 2.5849626;
  0.88531077, 2.1537933, 0.45951208, 0, 0, 0, 0, 0, 0, 2.7420452, 3.6886029, 5.9792414, 1.9102068, 2.5820751, 5.6576848, 3.2616582, 3.6912704, 5.9800215, 2.5849626;
  1.104522, 0.22597477, 0.24749732, 0, 0, 0, 0, 0, 2.1492448, 0, 4.5582218, 3.7913866, 5.4895701, 2.371743, 2.6186008, 2.4524393, 4.5738468, 3.7913866, 2.5849626;
  2.1322827, 1.7292135, 0.44388708, 0, 0, 0, 0, 0, 0.32867748, 0.065914415, 5.2944322, 4.6318069, 4.0739188, 2.9265575, 2.8457689, 3.9832568, 5.3479848, 4.6318069, 2.5849626;
  2.6685958, 2.1361418, 0.31305248, 0, 0, 0, 0, 0, 0.31305248, 0, 5.4495411, 5.2442341, 2.9321539, 3.6919298, 3.1354039, 3.1536374, 5.4123936, 5.245996, 2.5849626;
  2.4615357, 0.82453722, 0.19747628, 0, 0, 0, 0, 0, 0.065914415, 0.13174008, 5.9766116, 4.5649319, 3.1796145, 4.3384199, 4.1162987, 2.5567806, 5.9550891, 4.5805569, 2.5849626;
  0.42236453, 0.38521698, 0.19747628, 0, 0, 0, 0, 0, 0.63943845, 0.78135747, 4.5946283, 4.3039398, 3.388726, 2.3152273, 2.3134975, 3.7806907, 4.5946283, 4.2954998, 2.5849626;
  2.4000139, 1.5403466, 0.45951208, 0, 0, 0, 0, 0, 0.22597477, 0.40673953, 5.4850516, 4.7931981, 2.8976004, 3.6675243, 3.6263809, 3.127095, 5.4947791, 4.808043, 2.5849626;
  0.26312232, 1.0407112, 0.42236453, 0, 0, 0, 0, 0, 0.75600505, 0.11611508, 3.7259886, 4.3197784, 3.7344832, 2.1280222, 3.0241418, 3.2000568, 3.7318861, 4.3197784, 2.5849626;
  1.6042947, 1.3184463, 0.32867748, 0, 0, 0, 0, 0, 1.0610925, 0.065914415, 4.6274953, 4.6030307, 4.0938711, 2.4028909, 2.8450649, 3.1265533, 4.6274953, 4.6030307, 2.5849626;
  2.0869393, 1.2734705, 0.39414099, 0, 0, 0, 0, 0, 1.9919409, 0, 6.2535243, 3.8684545, 5.2499943, 4.2623978, 2.864717, 2.531539, 6.2830124, 3.8684545, 2.5849626;
  1.9938209, 1.8086259, 0.45951208, 0, 0, 0, 0, 0, 0.51826835, 2.2328782, 5.1112905, 5.4936008, 3.4291708, 3.4930887, 4.724844, 4.5785189, 5.1449366, 5.645967, 2.5849626;
  2.6556423, 1.4189445, 0.45951208, 0, 0, 0, 0, 0, 0.65506345, 0, 5.4617505, 3.424031, 4.0761886, 3.0632639, 2.4744842, 2.6713848, 5.4617505, 3.424031, 2.5849626;
  2.2199328, 0.87856901, 0.19747628, 0, 0, 0, 0, 0, 2.7598407, 0.13174008, 5.7857566, 4.2566614, 4.6783886, 5.4474697, 3.2121122, 2.8427069, 6.0327067, 4.2615981, 2.5849626;
  1.8555772, 1.1055704, 0.065914415, 0, 0, 0, 0, 0, 2.7009096, 0, 5.8520861, 4.6234355, 5.9646149, 3.1396704, 3.2871535, 1.8566824, 5.9439492, 4.6234355, 2.5849626;
  2.358731, 1.8035085, 0.31305248, 0, 0, 0, 0, 0, 0, 0, 5.50106, 5.2799139, 3.5580208, 3.0674982, 3.6170347, 2.7519484, 5.50106, 5.2799139, 2.5849626;
  1.1725433, 0.065914415, 0.065914415, 0, 0, 0, 0, 0, 0.72005725, 0, 5.4506269, 1.9415239, 4.1328568, 2.9456897, 1.998507, 1.5890459, 5.4506269, 1.9415239, 2.5849626;
  1.4270135, 0.99086839, 0, 0, 0, 0, 0, 0, 0.60229087, 3.0201089, 4.4500818, 4.433146, 2.7295258, 3.5130999, 5.6853056, 1.3221155, 4.432466, 4.526896, 2.5849626;
  1.5324763, 2.5676832, 0.52479005, 0, 0, 0, 0, 0, 0, 0.26312232, 4.5963421, 5.9955592, 2.4967651, 2.9847078, 3.77474, 3.8912885, 4.5963421, 6.0521617, 2.5849626;
  2.0056565, 1.0882465, 0.24749732, 0, 0, 0, 0, 0, 0.83759159, 0, 5.4007788, 4.1980009, 2.8322666, 4.1428432, 3.3146317, 2.2053783, 5.4320288, 4.1980009, 2.5849626;
  2.2517457, 0.42236453, 0.065914415, 0, 0, 0, 0, 0, 0.54873812, 0, 5.5216331, 3.0306823, 3.1691229, 3.4132981, 2.3358281, 1.6702629, 5.5060081, 3.0306823, 2.5849626;
  2.200443, 1.339179, 0.42236453, 0, 0, 0, 0, 0, 1.0359206, 0.64432973, 5.8050647, 5.1137791, 4.0049214, 3.8619893, 4.2826033, 2.7129657, 5.8324847, 5.1294041, 2.5849626;
  0.96449465, 1.3706129, 0.31305248, 0, 0, 0, 0, 0, 0.26312232, 0, 4.2689157, 4.1599493, 3.2406437, 2.7440321, 2.4540045, 3.123009, 4.2689157, 4.1599493, 2.5849626;
  0.69733489, 1.1211954, 0.065914415, 0, 0, 0, 0, 0, 0, 0.26312232, 3.8018255, 4.5621557, 2.8834736, 2.2801597, 3.5836117, 1.6622324, 3.8018255, 4.5621557, 2.5849626;
  2.0406554, 0.065914415, 0.16032873, 0, 0, 0, 0, 0, 1.1836954, 0, 5.9321322, 2.1184196, 4.6996188, 3.3309789, 1.9858249, 0.54356444, 5.9574847, 2.1184196, 2.5849626;
  2.2781169, 2.1892457, 0.32867748, 0, 0, 0, 0, 0, 0, 0.76407665, 3.9693613, 5.6823664, 2.805346, 2.9544566, 4.458106, 3.1449118, 3.9693613, 5.6705713, 2.5849626;
  0.57693845, 0.79698247, 0, 0, 0, 0, 0, 0, 0, 0.31305248, 3.7336116, 3.8015907, 1.0419736, 3.1401944, 3.3877447, 1.0231377, 3.7336116, 3.8015907, 2.5849626;
  0.44666508, 1.0510988, 0.37851599, 0, 0, 0, 0, 0, 0, 2.9253914, 3.2446067, 5.7194266, 2.0544426, 2.5861883, 4.6464586, 5.7190995, 3.2602317, 5.8054132, 2.5849626;
  2.3165314, 0.76932973, 0.19747628, 0, 0, 0, 0, 0, 0.18185128, 0, 5.0551171, 4.3505864, 2.3901219, 3.932266, 3.3071644, 2.6202924, 5.0179696, 4.3134389, 2.5849626;
  1.4034727, 1.6895677, 0.45951208, 0, 0, 0, 0, 0, 0.64148188, 0, 5.3888373, 4.6529551, 4.6468496, 2.5666096, 2.9768133, 3.2433648, 5.4200873, 4.6529551, 2.5849626;
  1.9591495, 2.3135369, 0.45951208, 0, 0, 0, 0, 0, 0, 0.065914415, 5.5343752, 5.3248086, 2.4941566, 3.7962625, 3.6229324, 3.1127942, 5.5723028, 5.3356433, 2.5849626;
  0.78353155, 1.1191807, 0.37851599, 0, 0, 0, 0, 0, 0.52479005, 0.26312232, 4.0454359, 4.4901986, 3.7624655, 2.5342727, 2.9960978, 3.091759, 4.0454359, 4.4901986, 2.5849626;
  0.49674577, 1.7721772, 0.44388708, 0, 0, 0, 0, 0, 0, 2.3472216, 3.6209962, 5.726306, 1.4973868, 2.531961, 4.3494349, 4.4145312, 3.6209962, 5.753726, 2.5849626;
  0.23797715, 1.3065367, 0.11611508, 0, 0, 0, 0, 0, 0, 0.39414099, 2.741029, 4.7724009, 0.065914415, 2.7116406, 3.6840641, 1.974149, 2.741029, 4.7724009, 2.5849626;
  1.7924997, 0.82740736, 0.44388708, 0, 0, 0, 0, 0, 1.3874873, 0.26312232, 5.7967715, 3.6216948, 3.1926813, 4.7603154, 2.269572, 3.1726241, 5.7478285, 3.6216948, 2.5849626;
  1.5698345, 0.9251489, 0.44388708, 0, 0, 0, 0, 0, 1.5500096, 0.26312232, 5.2181988, 4.0701556, 2.589062, 4.6297026, 2.3521352, 3.2954795, 5.2435513, 4.0701556, 2.5849626;
  0.94191319, 1.3217195, 0.36289099, 0, 0, 0, 0, 0, 2.2629786, 0.78660947, 4.3191257, 3.7487965, 1.4600894, 5.2483649, 3.0454226, 2.3721445, 4.3093982, 3.7644215, 2.5849626;
  1.031644, 1.9862405, 0.41263708, 0, 0, 0, 0, 0, 1.9499497, 0.19747628, 4.5812573, 4.4082437, 3.6889184, 3.2736952, 2.5660501, 2.5826204, 4.5461774, 4.4082437, 2.5849626;
  0.4876425, 1.031644, 0.37851599, 0, 0, 0, 0, 0, 0.065914415, 0.32867748, 3.2221279, 3.4111116, 1.6844873, 1.8339618, 1.8291714, 2.45963, 3.2221279, 3.4111116, 2.5849626;
  0.29152992, 1.8237283, 0.45951208, 0, 0, 0, 0, 0, 0, 2.537791, 2.3661456, 5.790874, 0.40247411, 2.1320596, 4.2424493, 4.5940771, 2.3661456, 5.7478285, 2.5849626;
  2.7189622, 0.56173956, 0.26312232, 0, 0, 0, 0, 0, 0.48591122, 0, 5.978827, 3.2299466, 4.0169468, 4.1676688, 2.7206683, 2.1189075, 5.9429669, 3.2299466, 2.5849626;
  1.4131666, 1.48063, 0.24749732, 0, 0, 0, 0, 0, 0.065914415, 2.6556706, 4.4374261, 5.8278747, 3.1986034, 2.6534908, 5.8028131, 2.8289807, 4.4444308, 5.8844771, 2.5849626;
  1.889212, 0.73448247, 0.18185128, 0, 0, 0, 0, 0, 2.6379781, 0, 5.8492169, 3.811666, 5.1171408, 4.2756686, 2.918777, 2.3294837, 5.9606595, 3.811666, 2.5849626;
  1.1332296, 2.1894112, 0.57434911, 0, 0, 0, 0, 0, 0, 0, 3.4599473, 6.0280967, 2.2167649, 2.6725612, 3.4912546, 3.7784021, 3.4599473, 6.0183692, 2.5849626;
  2.5692317, 0.85321659, 0.19747628, 0, 0, 0, 0, 0, 0, 0, 5.7290397, 3.3874764, 2.7417836, 3.8378525, 2.7889056, 2.0271449, 5.7290397, 3.3874764, 2.5849626;
  2.6110382, 0.7339431, 0.34136841, 0, 0, 0, 0, 0, 1.0454675, 0, 5.5665545, 4.0678859, 4.4757438, 3.0315995, 2.7554214, 2.6469102, 5.5724521, 4.0678859, 2.5849626;
  1.9855423, 2.0183473, 0.44388708, 0, 0, 0, 0, 0, 0, 0.42826208, 4.7152658, 5.4785757, 2.7108147, 3.0892284, 3.3090029, 3.8755999, 4.7152658, 5.4862351, 2.5849626;
  0.78135747, 1.5395664, 0.42236453, 0, 0, 0, 0, 0, 0.065914415, 3.3703487, 4.106173, 6.1930919, 1.8464715, 3.0000174, 5.6934958, 4.4513183, 4.1389127, 6.3180919, 2.5849626;
  0.93250048, 0.52721554, 0, 0, 0, 0, 0, 0, 0.26312232, 0, 4.0991201, 3.9823785, 3.5250428, 2.2734141, 2.8899333, 2.095521, 4.0991201, 3.9823785, 2.5849626;
  1.9519031, 0.32867748, 0.37851599, 0, 0, 0, 0, 0, 2.0053954, 0.19747628, 5.5190244, 3.3000588, 3.1895976, 4.7569451, 2.2596784, 2.7357492, 5.4252744, 3.3252406, 2.5849626;
  3.3348892, 2.741755, 0.13174008, 0, 0, 0, 0, 0, 0, 0, 5.2269611, 5.5306988, 2.9152858, 3.3635163, 4.5569296, 2.5820875, 5.2269611, 5.5463238, 2.5849626;
  2.1458693, 1.682438, 0.26312232, 0, 0, 0, 0, 0, 2.4831922, 0.46229008, 5.3395662, 5.0769911, 3.8538003, 5.0580549, 4.0477428, 3.235249, 5.5201869, 5.096446, 2.5849626;
  0.89503819, 1.1130637, 0.32867748, 0, 0, 0, 0, 0, 0.52747411, 4.4008756, 3.3490272, 5.8241916, 2.3877881, 2.8864918, 5.4624434, 5.7498965, 3.3490272, 5.9801145, 2.5849626;
  2.3445377, 0.94444668, 0.37851599, 0, 0, 0, 0, 0, 0.97040033, 0.84975505, 5.7508783, 4.1410432, 3.4552975, 4.4231429, 3.7391348, 2.4058652, 5.7992425, 4.1410432, 2.5849626;
  1.5550858, 2.0249178, 0.24749732, 0, 0, 0, 0, 0, 0.18185128, 2.7379537, 4.9528046, 5.7692842, 2.6666193, 3.5174766, 6.0739899, 2.9998293, 4.9371796, 5.8689318, 2.5849626;
  1.6759707, 1.1457677, 0.19747628, 0, 0, 0, 0, 0, 0.85997081, 1.7247745, 5.1631141, 4.7874031, 2.9336336, 4.2546549, 4.7682443, 2.6373343, 5.120069, 4.8499031, 2.5849626;
  1.8331982, 0.500054, 0.18185128, 0, 0, 0, 0, 0, 0.46802381, 0, 5.9825091, 3.0412672, 2.9333301, 4.1849117, 2.6141927, 1.9905746, 5.9609866, 3.0412672, 2.5849626;
  1.055195, 1.1755637, 0.32867748, 0, 0, 0, 0, 0, 0.78725505, 3.7108903, 4.4211645, 5.8658242, 3.0370438, 3.579006, 5.7234368, 4.4282637, 4.3927622, 5.8932443, 2.5849626;
  2.5787828, 1.6968179, 0.44388708, 0, 0, 0, 0, 0, 0.85511965, 0, 5.8636084, 4.3900075, 3.3626266, 4.6000185, 2.7248721, 3.0181732, 5.8889608, 4.3966851, 2.5849626;
  0.91223609, 2.1528721, 0.24749732, 0, 0, 0, 0, 0, 0, 0.18185128, 3.6798725, 5.5674453, 1.4622856, 2.5750139, 3.486306, 2.6970556, 3.6798725, 5.5615478, 2.5849626;
  1.9559287, 1.9332176, 0.44388708, 0, 0, 0, 0, 0, 0.22597477, 3.0390284, 4.4374499, 6.0416541, 2.8554428, 3.1987934, 5.7655215, 4.2628212, 4.4428811, 6.1023917, 2.5849626;
  1.6781043, 2.5471509, 0.52479005, 0, 0, 0, 0, 0, 0.35699341, 0.31305248, 4.5527282, 5.9082141, 3.8164644, 2.2066898, 3.4731297, 4.0051517, 4.5683532, 5.9023166, 2.5849626;
  1.1526845, 1.1895931, 0.19747628, 0, 0, 0, 0, 0, 2.8138175, 1.7369831, 4.7474961, 4.825664, 1.6504174, 5.7583361, 5.1203842, 1.7260163, 4.8335862, 4.8687091, 2.5849626;
  1.4971892, 0.89687723, 0.19747628, 0, 0, 0, 0, 0, 3.0231881, 0.13174008, 5.6558409, 3.8743393, 3.8020856, 5.5300283, 2.7146914, 2.2126455, 5.7145109, 3.8743393, 2.5849626;
  1.5038669, 0.9348712, 0.23797715, 0, 0, 0, 0, 0, 2.7063756, 0, 5.1063952, 3.9171553, 2.9579625, 4.9355092, 2.4582949, 2.7122259, 5.1063952, 3.9171553, 2.5849626;
  1.5948833, 1.4582635, 0.32867748, 0, 0, 0, 0, 0, 0, 2.6401782, 5.1376734, 5.4171839, 2.6188953, 3.1663387, 5.7247458, 2.7353368, 5.1376734, 5.6164789, 2.5849626;
  2.2023609, 2.7928381, 0.31305248, 0, 0, 0, 0, 0, 0, 0, 3.9868598, 6.2771149, 2.8699808, 2.9321539, 3.7753525, 3.5317364, 3.9868598, 6.2771149, 2.5849626;
  1.8770999, 0.65506345, 0, 0, 0, 0, 0, 0, 1.2017256, 0, 5.4912276, 4.0939474, 2.7932105, 4.5151291, 3.1349933, 2.1180015, 5.4756026, 4.0783224, 2.5849626;
  2.8120174, 0.87729484, 0.065914415, 0, 0, 0, 0, 0, 2.8172197, 0.065914415, 5.9609866, 4.1635289, 3.9570758, 5.6557264, 3.0728426, 2.1862397, 6.0221992, 4.1635289, 2.5849626;
  2.5074654, 1.3862379, 0.45951208, 0, 0, 0, 0, 0, 0.55282652, 0.45951208, 5.5047083, 4.8022017, 4.0237198, 3.2186463, 2.5862231, 3.7943499, 5.5018601, 4.7865767, 2.5849626;
  2.4164481, 1.1130637, 0.26312232, 0, 0, 0, 0, 0, 0.80511808, 0.51184911, 5.9740367, 5.2781734, 3.6917663, 3.7388048, 3.6581333, 3.4025309, 5.9665785, 5.3297834, 2.5849626;
  2.8169031, 1.8466794, 0.45951208, 0, 0, 0, 0, 0, 0, 0.19747628, 5.5530186, 4.1733813, 3.6482847, 3.332937, 2.476645, 3.1966677, 5.5530186, 4.1733813, 2.5849626;
  1.8910162, 1.5863678, 0.29152992, 0, 0, 0, 0, 0, 0.50916505, 0, 4.7559595, 4.6950641, 3.3541327, 2.8819232, 2.5027421, 2.8351004, 4.7543435, 4.6950641, 2.5849626;
  2.2699003, 1.0304952, 0.065914415, 0, 0, 0, 0, 0, 0.98601717, 0, 5.8838434, 4.372541, 4.4035716, 3.5583646, 2.9942007, 2.4097359, 5.8958406, 4.372541, 2.5849626;
  4.8095942, 3.272264, 0.70443225, 0, 0, 0, 0, 0, 0, 0, 5.8454084, 3.7608399, 3.6541824, 3.5212171, 2.8009834, 2.6502111, 5.8454084, 3.7608399, 2.5849626;
  1.9138902, 1.3651476, 0.45951208, 0, 0, 0, 0, 0, 0.93218577, 0, 5.5879517, 3.8112042, 4.5078511, 2.9901702, 2.6773634, 2.7813647, 5.6250997, 3.8112042, 2.5849626;
  3.0389895, 2.4097412, 0.44388708, 0, 0, 0, 0, 0, 0, 0, 5.5613108, 5.2661266, 3.5032172, 3.5191493, 3.2734866, 3.0599849, 5.559041, 5.2661266, 2.5849626;
  3.1443181, 3.083797, 0.45951208, 0, 0, 0, 0, 0, 0, 0, 4.6423144, 5.4503212, 3.3836417, 2.7634323, 3.1081643, 3.3793161, 4.6423144, 5.4503212, 2.5849626;
  2.439769, 1.0197192, 0.31305248, 0, 0, 0, 0, 0, 1.4668593, 0, 5.9834909, 3.2855802, 3.7854028, 5.1267624, 2.1825888, 2.5322201, 6.0772409, 3.2855802, 2.5849626;
  2.0926478, 1.2314153, 0.24749732, 0, 0, 0, 0, 0, 1.4128159, 0, 5.6540785, 4.0649309, 4.5550961, 3.0266197, 2.7538636, 1.9787673, 5.679431, 4.0649309, 2.5849626;
  1.8806577, 0.29152992, 0.37851599, 0, 0, 0, 0, 0, 1.1485277, 0.065914415, 5.8219986, 3.2232137, 4.4498215, 3.1240239, 2.0900915, 2.6722798, 5.8806686, 3.2250581, 2.5849626;
  1.9635071, 1.296367, 0.32867748, 0, 0, 0, 0, 0, 0.77688199, 1.5756048, 5.4115462, 5.1613617, 4.3200893, 2.955518, 4.7800608, 3.0712357, 5.4381862, 5.2276917, 2.5849626;
  3.1061993, 2.6364176, 0.45951208, 0, 0, 0, 0, 0, 0, 0, 5.0998225, 5.5216208, 3.2116249, 2.9704471, 3.0987637, 3.4114983, 5.0998225, 5.5216208, 2.5849626;
  2.5426869, 1.5331635, 0.37851599, 0, 0, 0, 0, 0, 0.18185128, 0.065914415, 5.6766272, 4.3377442, 2.8415411, 3.7055867, 3.0454955, 2.4721658, 5.6825247, 4.3533692, 2.5849626;
  1.5072619, 0.13174008, 0.19747628, 0, 0, 0, 0, 0, 0.065914415, 0.19747628, 5.0075517, 3.4440866, 3.4428504, 2.7997401, 2.4592769, 2.6804254, 5.0231767, 3.4440866, 2.5849626;
  2.2268422, 0.57434911, 0.26312232, 0, 0, 0, 0, 0, 0, 0.24749732, 6.0708151, 4.3996854, 3.5646987, 3.7420347, 2.3207963, 3.4368892, 6.1020651, 4.4094129, 2.5849626;
  1.9556447, 2.1884654, 0.44388708, 0, 0, 0, 0, 0, 0, 0.41263708, 5.0060186, 5.3212976, 2.4209914, 3.2659578, 3.4211373, 3.2332087, 5.0216436, 5.3358159, 2.5849626;
  2.1934626, 1.0833049, 0.26312232, 0, 0, 0, 0, 0, 0, 0.32867748, 4.6917562, 4.7132072, 3.105551, 2.8267338, 2.8474762, 3.413126, 4.6917562, 4.7132072, 2.5849626;
  2.2140238, 0.86378819, 0.26312232, 0, 0, 0, 0, 0, 0, 0.26312232, 4.9207635, 4.4416471, 3.1672709, 3.2516372, 2.6148043, 3.348742, 4.9207635, 4.4416471, 2.5849626;
  1.1641527, 2.0711253, 0.45951208, 0, 0, 0, 0, 0, 1.2536887, 0.13174008, 4.9078803, 5.4342217, 1.9608492, 4.4944296, 3.2594335, 3.2141459, 4.8922553, 5.4283242, 2.5849626;
  1.1793935, 1.2592887, 0.065914415, 0, 0, 0, 0, 0, 2.2829957, 0, 5.1049786, 5.0564156, 1.8632692, 5.3775358, 3.2877433, 2.4907641, 5.1421261, 5.0592632, 2.5849626;
  2.9601004, 2.5436885, 0.39701208, 0, 0, 0, 0, 0, 0.065914415, 0, 5.2539282, 5.6123209, 3.5114896, 3.3256712, 3.3118508, 3.2211504, 5.2438736, 5.6123209, 2.5849626;
  2.3054874, 1.8406177, 0.29152992, 0, 0, 0, 0, 0, 0.065914415, 0.31984586, 4.3572221, 5.7044353, 3.1867511, 2.9515705, 3.9406707, 2.8830783, 4.3572221, 5.6634579, 2.5849626;
  1.4715576, 1.6273334, 0.26312232, 0, 0, 0, 0, 0, 0, 0.19747628, 4.7649698, 5.363451, 2.0357523, 3.1624804, 3.3402698, 3.2728715, 4.7649698, 5.363451, 2.5849626;
  1.0850672, 1.7547435, 0.50916505, 0, 0, 0, 0, 0, 0, 0.70443225, 4.2164602, 5.4358373, 1.2270664, 3.286062, 3.3444946, 4.6409488, 4.2164602, 5.4358373, 2.5849626;
  2.3121417, 2.2531934, 0.13174008, 0, 0, 0, 0, 0, 0.19747628, 0, 5.3025327, 4.8515372, 2.7869999, 3.1561241, 3.1372352, 2.0595362, 5.2185102, 4.8515372, 2.5849626;
  1.4465177, 2.1825678, 0.13174008, 0, 0, 0, 0, 0, 1.0689114, 0, 5.0413637, 4.4817882, 2.4156191, 3.9030201, 2.638458, 2.3226981, 5.0413637, 4.4817882, 2.5849626;
  2.6279349, 1.8398759, 0.44388708, 0, 0, 0, 0, 0, 0, 0, 5.2145662, 5.7091208, 3.3700845, 3.1558025, 3.516607, 3.1996279, 5.2145662, 5.6660757, 2.5849626;
  1.638823, 0.065914415, 0.18185128, 0, 0, 0, 0, 0, 1.2708049, 0, 5.7944307, 2.6533761, 4.9055915, 3.0249758, 2.3152173, 1.9232678, 5.8100557, 2.6533761, 2.5849626;
  2.089592, 1.1464028, 0.42236453, 0, 0, 0, 0, 0, 1.9566268, 0.44388708, 5.9191966, 4.150003, 2.7342272, 5.5508151, 3.6248257, 2.1626225, 5.7903666, 4.1576624, 2.5849626;
  2.2229712, 1.0204408, 0, 0, 0, 0, 0, 0, 0.13174008, 2.0403242, 4.8051901, 4.3558612, 2.7771404, 2.7869999, 3.611939, 2.947525, 4.7992921, 4.4457812, 2.5849626;
  2.0435157, 1.3722227, 0.23187232, 0, 0, 0, 0, 0, 0.65165967, 1.8636569, 5.0006495, 5.0543852, 2.4490881, 3.8991961, 5.0420651, 2.4365494, 5.006547, 5.0856352, 2.5849626;
  2.8374436, 1.4188578, 0.40673953, 0, 0, 0, 0, 0, 1.2693137, 0, 6.0227065, 4.363647, 3.560601, 4.3959985, 2.8885632, 2.4887135, 6.0227065, 4.363647, 2.5849626;
  2.049989, 0.85399675, 0.34136841, 0, 0, 0, 0, 0, 1.1867824, 0, 5.6740408, 3.4507408, 4.6565738, 3.4005542, 2.7579033, 2.37936, 5.6353331, 3.4507408, 2.5849626;
  2.361846, 1.8804879, 0.35699341, 0, 0, 0, 0, 0, 0.19747628, 0.58248192, 4.3285251, 5.6875982, 3.2130728, 3.0105689, 4.4078765, 2.7363045, 4.324471, 5.7111883, 2.5849626;
  2.7573197, 1.1168935, 0.065914415, 0, 0, 0, 0, 0, 0.24749732, 0, 5.4925861, 4.5748854, 3.7714317, 3.029515, 3.0125568, 2.9268167, 5.4866886, 4.5748854, 2.5849626;
  2.8405855, 2.7705352, 0.45951208, 0, 0, 0, 0, 0, 0, 0, 5.0740891, 5.7357068, 2.5077925, 3.0520809, 3.4150014, 3.0147741, 5.0740891, 5.7357068, 2.2516291;
  2.166616, 0.16032873, 0.11611508, 0, 0, 0, 0, 0, 2.3570201, 0, 6.2184443, 2.3631012, 3.8180878, 5.4586134, 1.7788094, 2.2461987, 6.2281718, 2.3631012, 2.5849626;
  2.1838353, 0.73807973, 0.26312232, 0, 0, 0, 0, 0, 2.3368533, 0.19747628, 5.9716959, 4.1982012, 4.1445861, 5.4180183, 2.9597175, 3.5841274, 5.9644895, 4.1982012, 2.5849626;
  2.567492, 2.0926423, 0.31305248, 0, 0, 0, 0, 0, 0, 0, 5.2436223, 5.6859946, 2.6164556, 3.1345432, 3.5014184, 2.833797, 5.2495198, 5.6859946, 2.5849626;
  2.1302443, 0.53720152, 0, 0, 0, 0, 0, 0, 0.7943818, 0, 5.8852572, 4.0303931, 3.5727139, 3.6154037, 3.0537605, 1.9492735, 5.9047122, 4.0303931, 2.5849626;
  0.83413005, 0.19747628, 0, 0, 0, 0, 0, 0, 1.8203403, 0, 5.3759336, 2.9099996, 3.2624834, 4.6658792, 2.5485334, 1.1685523, 5.384881, 2.9099996, 2.5849626;
  1.4879333, 0.89883232, 0.32867748, 0, 0, 0, 0, 0, 3.0375171, 2.1434989, 5.6095996, 4.6481128, 3.197577, 5.5451784, 4.7792583, 2.8445148, 5.7543597, 4.8172646, 2.5849626;
  4.6413808, 2.4955704, 0.13174008, 0, 0, 0, 0, 0, 0, 0, 5.5136557, 4.852818, 3.6423872, 3.2857349, 3.3457141, 2.198312, 5.5136557, 4.852818, 2.5849626;
  2.3736832, 1.9555215, 0.42826208, 0, 0, 0, 0, 0, 1.3710504, 0, 5.8254466, 5.0907822, 3.6125922, 4.3299799, 3.1143887, 3.0362802, 5.7785716, 5.0907822, 2.5849626;
  2.2620919, 1.7714399, 0.29152992, 0, 0, 0, 0, 0, 1.8398374, 0, 5.9399385, 4.8252258, 3.6254749, 4.7320418, 2.9678662, 2.9521954, 5.8336134, 4.8252258, 2.5849626;
  3.4660616, 2.3962274, 0.45951208, 0, 0, 0, 0, 0, 0.19747628, 0, 5.8055167, 4.6945543, 3.607971, 3.348562, 3.3149173, 2.6432993, 5.8308692, 4.6945543, 2.5849626;
  2.0916657, 0.065914415, 0.16032873, 0, 0, 0, 0, 0, 0.82586044, 0, 5.891809, 2.838928, 4.366488, 3.4089899, 2.3685644, 1.9349912, 5.9194307, 2.838928, 2.5849626;
  2.3677435, 0.74342972, 0.39414099, 0, 0, 0, 0, 0, 0, 0.32867748, 5.3231058, 4.5486398, 3.2672453, 3.1180167, 2.4349854, 3.8324964, 5.3231058, 4.5486398, 2.5849626;
  1.3041087, 0.065914415, 0.16032873, 0, 0, 0, 0, 0, 1.0767175, 0, 5.2188897, 1.8147647, 4.6079288, 2.6741719, 1.7908751, 1.8019772, 5.2345147, 1.8147647, 2.5849626;
  2.3344932, 0.58326215, 0.065914415, 0, 0, 0, 0, 0, 0.39414099, 0, 5.6266584, 3.2028415, 3.8169298, 3.4077184, 2.4797833, 1.4523007, 5.6422834, 3.2028415, 2.5849626;
  2.0028038, 1.7300307, 0.24749732, 0, 0, 0, 0, 0, 0.95954186, 0, 5.6243668, 4.9625163, 3.255827, 3.8275125, 3.0818844, 2.4698076, 5.6302648, 4.9625163, 2.5849626;
  2.7264202, 0.97117239, 0.18185128, 0, 0, 0, 0, 0, 0, 0, 5.9729295, 3.8094938, 3.2607765, 3.7635574, 3.2372997, 2.0434675, 5.9729295, 3.8094938, 2.5849626;
  3.3945858, 2.9666116, 0.52479005, 0, 0, 0, 0, 0, 0, 0, 5.6415033, 5.5531435, 3.5119262, 3.1709912, 3.4489896, 3.5486372, 5.6415033, 5.5531435, 2.5849626;
  1.8524512, 1.7151859, 0.44388708, 0, 0, 0, 0, 0, 0.96629614, 2.7470152, 5.2143874, 5.3150597, 3.0826089, 3.8618653, 5.236383, 3.2672901, 5.2156749, 5.386632, 2.5849626;
  1.094144, 0.65506345, 0, 0, 0, 0, 0, 0, 0, 0.18185128, 3.7464375, 3.0523636, 0.87095457, 3.1341856, 3.0812705, 0, 3.7464375, 3.0211136, 2.5849626;
  1.7408129, 1.6294866, 0.13174008, 0, 0, 0, 0, 0, 0, 2.7357056, 4.703867, 5.170671, 2.427326, 2.8406765, 4.9714942, 3.0061951, 4.703867, 5.2047691, 2.5849626;
  2.6814547, 2.2391577, 0.45951208, 0, 0, 0, 0, 0, 1.2041775, 0, 5.4592471, 5.0124555, 3.0285153, 4.5631824, 2.950453, 2.9916487, 5.6095996, 5.0124555, 2.5849626;
  1.8309287, 0.36708876, 0.065914415, 0, 0, 0, 0, 0, 2.829761, 0, 5.8476567, 3.4097207, 5.2420282, 3.9369657, 2.4040668, 2.1868548, 5.8399968, 3.4097207, 2.5849626;
  1.3614025, 3.5556753, 0.63943845, 0, 0, 0, 0, 0, 0, 0, 4.064714, 6.2281718, 2.0661051, 3.1100516, 3.800705, 3.7166824, 4.064714, 6.2281718, 2.5849626;
  2.1157246, 0, 0, 0, 0, 0, 0, 0, 0.37851599, 0, 5.8677111, 2.720928, 3.8687928, 3.5093412, 2.1935973, 1.7846155, 5.8520861, 2.720928, 2.5849626;
  1.4249952, 1.6888912, 0.45951208, 0, 0, 0, 0, 0, 1.3026528, 0.065914415, 5.6556015, 4.1129603, 2.5686629, 4.9127388, 2.9322789, 3.0648093, 5.6712265, 4.1062822, 2.5849626;
  2.54246, 1.3975257, 0.065914415, 0, 0, 0, 0, 0, 0.11611508, 0, 4.6146131, 4.7106624, 3.7401648, 2.4164581, 3.0153794, 2.4310083, 4.6146131, 4.7106624, 2.5849626;
  1.6570855, 1.294482, 0.37851599, 0, 0, 0, 0, 0, 1.966029, 0.72005725, 4.5610538, 4.6140256, 1.514866, 5.2013693, 3.7728989, 3.1515863, 4.5766788, 4.5768781, 2.5849626;
  2.3884206, 1.1465479, 0, 0, 0, 0, 0, 0, 0.52721554, 0, 5.8938308, 4.5365005, 3.0732894, 4.1638393, 3.4153283, 1.6267015, 5.9407058, 4.5365005, 2.5849626;
  3.5646102, 1.6703476, 0.44388708, 0, 0, 0, 0, 0, 0, 0.19747628, 5.9343467, 4.3364558, 3.6736372, 3.422857, 3.0640121, 3.0043557, 5.9343467, 4.3364558, 2.5849626;
  2.211714, 1.8464723, 0.45951208, 0, 0, 0, 0, 0, 0.57434911, 0.065914415, 5.3189826, 4.7584224, 3.5921187, 2.9559364, 3.1037464, 3.1485701, 5.3189826, 4.765801, 2.5849626;
  3.9484267, 3.7113876, 0.63943845, 0, 0, 0, 0, 0, 0, 0, 4.3697724, 4.9488173, 3.1407018, 2.713387, 3.1476355, 3.2454784, 4.3697724, 4.9488173, 2.2516291;
  1.3072708, 0.453179, 0.13174008, 0, 0, 0, 0, 0, 2.9403651, 0, 5.5884581, 3.0287588, 5.2830124, 4.0280223, 2.1080124, 2.2815151, 5.790874, 3.0287588, 2.5849626;
  3.4687595, 2.8206186, 0.4876425, 0, 0, 0, 0, 0, 0.13174008, 0, 5.4980307, 5.125402, 3.3055167, 3.6921952, 3.4724548, 2.9646914, 5.5351782, 5.125402, 2.5849626;
  2.4483421, 1.3702701, 0.24749732, 0, 0, 0, 0, 0, 0.49354008, 0.31305248, 5.2179427, 5.5456858, 3.4944718, 3.3195913, 3.8118875, 2.8640501, 5.2237153, 5.5466676, 2.5849626;
  1.2979275, 0.065914415, 0, 0, 0, 0, 0, 0, 1.63688, 0, 5.4690499, 2.5247493, 4.5149593, 3.4066169, 1.9248549, 1.1168935, 5.4065499, 2.5247493, 2.5849626;
  2.9768465, 1.7810626, 0.57434911, 0, 0, 0, 0, 0, 0.065914415, 0, 5.8866916, 3.202039, 3.6868875, 3.2793841, 2.3561153, 2.4627812, 5.8554416, 3.202039, 2.5849626;
  0.71133232, 1.0031167, 0, 0, 0, 0, 0, 0, 0.83413005, 0, 3.9938872, 2.3689656, 2.2893422, 2.568599, 2.1766703, 0.27590492, 3.9938872, 2.3689656, 2.5849626;
  2.1587698, 0.19747628, 0.32867748, 0, 0, 0, 0, 0, 1.6256975, 0, 5.9596992, 2.7263451, 3.857971, 4.3573074, 2.1831684, 2.447686, 5.9655967, 2.7263451, 2.5849626;
  1.1301427, 1.3398656, 0.065914415, 0, 0, 0, 0, 0, 2.2145982, 0, 3.9474421, 3.8113623, 1.3731338, 4.7844248, 2.4791207, 1.6051569, 3.9474421, 3.8113623, 2.5849626;
  2.3736832, 1.7375498, 0.45951208, 0, 0, 0, 0, 0, 0.45951208, 0, 5.4820786, 3.8376975, 4.0469961, 2.8591464, 2.7662098, 2.7455747, 5.4723511, 3.8376975, 2.5849626;
  2.7244999, 1.4651924, 0, 0, 0, 0, 0, 0, 0.35699341, 0.36289099, 4.9899402, 5.0054669, 3.3205538, 3.1288733, 3.4937162, 2.2160459, 5.0097218, 4.9957395, 2.5849626;
  2.4661036, 0.83558786, 0.18185128, 0, 0, 0, 0, 0, 0.515679, 0, 5.7253242, 4.0942073, 3.5467672, 3.8921719, 3.1255622, 2.6410835, 5.7344732, 4.0942073, 2.5849626;
  2.4345267, 0.76573247, 0, 0, 0, 0, 0, 0, 2.6130571, 0, 6.0078616, 3.7944818, 4.1224117, 5.0274725, 2.8017919, 1.3661718, 6.0391116, 3.7944818, 2.5849626;
  2.6500573, 1.9909272, 0.45951208, 0, 0, 0, 0, 0, 0, 0, 5.7931433, 5.4086189, 3.3853395, 3.5431762, 2.9405012, 3.5782559, 5.7931433, 5.4086189, 2.5849626;
  2.0982184, 1.6588581, 0.31305248, 0, 0, 0, 0, 0, 0.57434911, 0, 5.7688441, 4.5336189, 2.8338749, 4.2921929, 2.7577822, 2.6304078, 5.8372416, 4.5336189, 2.5849626;
  2.6032832, 1.2336574, 0.37851599, 0, 0, 0, 0, 0, 0, 0.065914415, 6.1336417, 4.2951422, 3.7791824, 3.6521146, 3.0790005, 3.1320355, 6.1336417, 4.2951422, 2.5849626;
  3.1867542, 2.1177769, 0.36881179, 0, 0, 0, 0, 0, 1.0287961, 0, 5.7679172, 5.142612, 3.9121017, 3.6465185, 3.1812971, 2.8916414, 5.8304172, 5.142612, 2.5849626;
  2.2965403, 1.551059, 0.37851599, 0, 0, 0, 0, 0, 0.11611508, 1.0123144, 5.2415004, 5.0205255, 2.6700349, 3.2871535, 4.453496, 2.6417203, 5.2466178, 5.0712304, 2.5849626;
  2.4800453, 1.5094376, 0.13174008, 0, 0, 0, 0, 0, 0.16032873, 1.785588, 5.3401661, 5.1570153, 3.8493378, 3.1255958, 5.0420375, 1.9237015, 5.3526163, 5.1295953, 2.5849626;
  2.54494, 2.0580168, 0.44388708, 0, 0, 0, 0, 0, 1.4943682, 0.20062232, 5.3246503, 5.2907701, 3.410316, 4.5850315, 3.5433395, 3.2198629, 5.3500028, 5.2907701, 2.5849626;
  1.2106435, 1.3592057, 0.40673953, 0, 0, 0, 0, 0, 3.5777605, 0.32867748, 5.4946322, 3.6538889, 2.9629834, 5.9136043, 2.738097, 2.5032816, 5.5512347, 3.6538889, 2.5849626;
  2.2133231, 0.63879943, 0.16032873, 0, 0, 0, 0, 0, 1.7838581, 0, 6.0339942, 3.3748369, 4.8379531, 4.0356059, 2.6136098, 2.0260725, 6.0360618, 3.3748369, 2.5849626;
  2.8123522, 1.2536887, 0, 0, 0, 0, 0, 0, 0.13174008, 0, 5.7424383, 3.8242493, 3.1148636, 3.451226, 3.2713857, 0.65045989, 5.6993933, 3.8242493, 2.5849626;
  3.3479505, 1.1991754, 0, 0, 0, 0, 0, 0, 0.24749732, 0, 6.019351, 4.1462116, 3.7022369, 3.6955962, 3.0282984, 1.6265293, 6.0429416, 4.1462116, 2.5849626;
  2.2693181, 2.0028038, 0.13174008, 0, 0, 0, 0, 0, 0, 0, 5.1638827, 5.428854, 2.8563554, 3.2833817, 3.8035743, 2.6296706, 5.1677127, 5.428854, 2.5849626;
  2.1164398, 1.0882465, 0, 0, 0, 0, 0, 0, 0.19747628, 1.2702957, 5.1768403, 4.7923474, 3.1539733, 3.0305748, 4.7209001, 1.3925729, 5.1709428, 4.8079724, 2.5849626;
  4.6462088, 2.1128953, 0.065914415, 0, 0, 0, 0, 0, 0, 0, 5.3449564, 4.6732345, 3.5916824, 3.1104879, 3.344732, 1.8270434, 5.3508539, 4.6732345, 2.5849626;
  1.9672877, 1.2943813, 0.26312232, 0, 0, 0, 0, 0, 0.44388708, 0, 5.1537061, 4.4009695, 3.9270265, 2.5960286, 2.792309, 2.8619447, 5.1380811, 4.4009695, 2.5849626;
  1.0198488, 0.6630044, 0.26312232, 0, 0, 0, 0, 0, 0, 0.19747628, 3.6630971, 3.7421017, 2.7444603, 2.5734529, 2.6247683, 3.170265, 3.6630971, 3.7421017, 2.5849626;
  1.0142175, 0.60128462, 0.26312232, 0, 0, 0, 0, 0, 0, 0.19747628, 4.0750794, 3.6453421, 2.8415787, 2.5695782, 2.539923, 3.3762982, 4.0750794, 3.6453421, 2.5849626;
  1.4163316, 0.69065714, 0.26312232, 0, 0, 0, 0, 0, 0, 0.19747628, 3.8101776, 3.5277426, 2.9101579, 2.6625388, 2.5075874, 3.2010992, 3.8101776, 3.5277426, 2.5849626;
  1.2426046, 0.66968215, 0.26312232, 0, 0, 0, 0, 0, 0, 0.19747628, 3.3323879, 3.6642289, 2.5883689, 2.5776234, 2.5909874, 3.2140348, 3.3323879, 3.6642289, 2.5849626;
  1.1949255, 0.50153619, 0.26312232, 0, 0, 0, 0, 0, 0, 0.19747628, 3.9917333, 3.7210851, 2.8484368, 2.6496165, 2.5031478, 3.1935859, 3.9917333, 3.7210851, 2.5849626;
  0.94569242, 0.67940962, 0.26312232, 0, 0, 0, 0, 0, 0, 0.19747628, 3.4071939, 3.7227027, 2.7376814, 2.258152, 2.5096366, 3.2664804, 3.4071939, 3.7227027, 2.5849626;
  0.57693845, 0.98011965, 0.26312232, 0, 0, 0, 0, 0, 0, 0.19747628, 3.4067469, 4.5148406, 2.8659492, 2.2807319, 3.1461005, 3.4572914, 3.4067469, 4.5148406, 2.5849626;
  1.1260446, 0.64815962, 0.26312232, 0, 0, 0, 0, 0, 0, 0.19747628, 3.4990551, 3.8681452, 2.7902954, 2.586323, 2.6443803, 3.4029782, 3.4990551, 3.8681452, 2.5849626;
  1.3020549, 0.61101204, 0.26312232, 0, 0, 0, 0, 0, 0, 0.19747628, 3.9436393, 3.5000167, 2.812937, 2.5880542, 2.3656125, 3.2821984, 3.9436393, 3.5000167, 2.5849626;
  1.2157903, 0.40673953, 0.26312232, 0, 0, 0, 0, 0, 0, 0.18185128, 4.1935458, 3.6029069, 3.0541582, 2.6944344, 2.5350649, 3.089838, 4.1935458, 3.6029069, 2.5849626;
  0.99795771, 0.51693225, 0.26312232, 0, 0, 0, 0, 0, 0, 0.19747628, 3.8179994, 3.9122498, 2.763634, 2.461617, 2.5148597, 3.5182309, 3.8179994, 3.9122498, 2.5849626;
  1.4249276, 0.46229008, 0.26312232, 0, 0, 0, 0, 0, 0, 0.26312232, 3.9051197, 3.5966904, 2.5882895, 2.9629507, 2.4210079, 3.2494175, 3.9051197, 3.5966904, 2.5849626;
  0.84043944, 0.66968215, 0.26312232, 0, 0, 0, 0, 0, 0, 0.19747628, 4.1649079, 3.963057, 2.9335999, 2.4948206, 2.6437826, 3.4743381, 4.1649079, 3.963057, 2.5849626;
  1.087913, 0.26617748, 0.26312232, 0, 0, 0, 0, 0, 0, 0.19747628, 4.4845257, 3.741173, 3.1984112, 2.6634874, 2.278636, 3.3394344, 4.4845257, 3.741173, 2.5849626;
  0.32867748, 0.6786294, 0.26312232, 0, 0, 0, 0, 0, 0, 0.19747628, 3.3936331, 4.2289195, 2.9431689, 2.1548212, 2.9506352, 3.2842875, 3.3936331, 4.2289195, 2.5849626;
  0.62381345, 0.89704186, 0.37851599, 0, 0, 0, 0, 0, 0, 0.19747628, 3.4198434, 4.0365515, 2.7626748, 2.1900809, 2.7886693, 3.3206868, 3.4198434, 4.0365515, 2.5849626;
  1.0349387, 0.6630044, 0.26312232, 0, 0, 0, 0, 0, 0, 0.19747628, 3.9460678, 3.8723876, 2.8052113, 2.4194381, 2.672965, 3.3552439, 3.9460678, 3.8723876, 2.5849626;
  0.77766222, 0.64148188, 0.26312232, 0, 0, 0, 0, 0, 0, 0.19747628, 3.8683598, 4.0278759, 2.8693271, 2.3887205, 2.7372165, 3.270582, 3.8683598, 4.0278759, 2.5849626;
  0.85878724, 0.69503462, 0.26312232, 0, 0, 0, 0, 0, 0, 0.26312232, 4.2546597, 3.9558384, 3.012325, 2.3576074, 2.7570446, 3.2330284, 4.2546597, 3.9558384, 2.5849626;
  0.77163005, 0.68530715, 0.26312232, 0, 0, 0, 0, 0, 0, 0.26312232, 3.8360591, 3.7046678, 2.9763062, 2.3952875, 2.5652258, 3.250479, 3.8360591, 3.7046678, 2.5849626;
  0.98764378, 0.39414099, 0.26312232, 0, 0, 0, 0, 0, 0, 0.19747628, 4.0831976, 3.8371346, 3.1703784, 2.4683702, 2.6192431, 3.2488806, 4.0831976, 3.8371346, 2.5849626;
  0.80505407, 0.61373192, 0.26312232, 0, 0, 0, 0, 0, 0, 0.19747628, 3.6020846, 3.8280926, 2.9447832, 2.3319149, 2.6479974, 3.1913848, 3.6020846, 3.8280926, 2.5849626;
  0.88475281, 0.73218215, 0.26312232, 0, 0, 0, 0, 0, 0, 0.19747628, 3.6693742, 4.0419526, 3.0571325, 2.3450751, 2.6588292, 3.3257384, 3.6693742, 4.0419526, 2.5849626;
  0.77766222, 0.66968215, 0.26312232, 0, 0, 0, 0, 0, 0, 0.19747628, 3.7922699, 4.21626, 2.9825859, 2.1740994, 2.804075, 3.2794969, 3.7922699, 4.21626, 2.5849626;
  1.3739778, 0.56173956, 0.26312232, 0, 0, 0, 0, 0, 0, 0.52479005, 3.9465454, 3.7299142, 2.9132063, 2.7073812, 2.3825912, 3.5614023, 3.9465454, 3.7299142, 2.5849626;
  2.4532189, 1.4621427, 0.34136841, 0, 0, 0, 0, 0, 0, 0.24749732, 4.8786092, 5.1021485, 3.0236883, 3.4958646, 3.8464899, 2.376519, 4.8786092, 5.065001, 2.5849626;
  1.2224387, 0.63943845, 0.39414099, 0, 0, 0, 0, 0, 0, 1.8296782, 4.5794258, 4.9476309, 3.2430167, 2.648056, 2.4414065, 5.2336473, 4.5816956, 4.9476309, 2.5849626;
  0.97516686, 0.32867748, 0.37851599, 0, 0, 0, 0, 0, 0, 1.1079675, 4.4894743, 4.5130444, 3.1513345, 2.7233438, 2.3067007, 4.6037798, 4.4894743, 4.5286694, 2.5849626;
  1.1749873, 0.49354008, 0.26312232, 0, 0, 0, 0, 0, 0, 0.52479005, 4.7711687, 3.8739974, 3.0776944, 2.9283025, 2.3297229, 3.6559646, 4.7711687, 3.8739974, 2.5849626;
  2.2329698, 1.8804451, 0.45951208, 0, 0, 0, 0, 0, 0, 0.62381345, 4.9448814, 5.673512, 3.0776944, 3.2934487, 3.3638599, 4.2260647, 4.9448814, 5.7096992, 2.5849626;
  1.0929952, 0.65995473, 0.26312232, 0, 0, 0, 0, 0, 0, 0.26312232, 4.9286737, 4.0665269, 3.2443469, 2.8919566, 2.4709966, 3.5051064, 4.9442987, 4.0665269, 2.5849626;
  1.0898576, 0.4563925, 0.26312232, 0, 0, 0, 0, 0, 0, 0.63943845, 4.6289129, 4.0449815, 3.0015121, 2.8531342, 2.3956387, 3.9390845, 4.6289129, 4.0449815, 2.5849626;
  2.5786245, 1.7774963, 0.44388708, 0, 0, 0, 0, 0, 0.13174008, 0.88141686, 4.7832203, 5.2691011, 3.270437, 3.2237735, 3.3168771, 3.9616961, 4.7875576, 5.2837439, 2.5849626;
  1.0759161, 0.4720175, 0.26312232, 0, 0, 0, 0, 0, 0, 0.19747628, 5.0556741, 3.7943377, 3.3982847, 2.8579719, 2.3025534, 3.3647447, 5.0556741, 3.7943377, 2.5849626;
  3.0650969, 1.697925, 0.26312232, 0, 0, 0, 0, 0, 0, 0.065914415, 5.4286509, 4.5008516, 3.4415317, 3.3590696, 3.3242126, 2.6534433, 5.4286509, 4.5223742, 2.5849626;
  0.9815942, 0.69120473, 0.37851599, 0, 0, 0, 0, 0, 0, 0.52479005, 4.7875042, 4.6008463, 3.2743764, 2.7983162, 2.8623211, 3.9304461, 4.7875042, 4.6008463, 2.5849626;
  0.96670771, 0.64148188, 0.26312232, 0, 0, 0, 0, 0, 0, 0.83413005, 4.0528626, 4.0193024, 3.013634, 2.4578629, 2.6517382, 3.7514594, 4.0528626, 4.0193024, 2.5849626;
  0.74342972, 0.79698247, 0.37851599, 0, 0, 0, 0, 0, 0, 1.2849387, 3.900842, 4.6685262, 2.9220781, 2.4349961, 2.5828118, 4.5812573, 3.900842, 4.6685262, 2.5849626;
  0.78942907, 0.4876425, 0.37851599, 0, 0, 0, 0, 0, 0, 1.141019, 4.0223742, 4.5470605, 3.1671612, 2.3847716, 2.2123723, 4.7574711, 4.0223742, 4.5470605, 2.5849626;
  0.9961955, 0.22597477, 0.37851599, 0, 0, 0, 0, 0, 0, 1.3333049, 3.7562284, 4.3533454, 2.7652159, 2.346828, 2.2899146, 4.5868888, 3.7562284, 4.3689704, 2.5849626;
  1.1451232, 0.62935692, 0.39414099, 0, 0, 0, 0, 0, 0, 1.156644, 4.3808932, 4.714889, 3.2959912, 2.522783, 2.4117923, 4.6301999, 4.3808932, 4.699264, 2.5849626;
  1.2210821, 0.57434911, 0.39414099, 0, 0, 0, 0, 0, 0, 1.3815659, 4.2665801, 4.9380031, 2.9836929, 2.6355829, 2.4584682, 4.8384438, 4.2665801, 4.9536281, 2.5849626;
  0.8460598, 0.45049495, 0.37851599, 0, 0, 0, 0, 0, 0, 1.3117824, 4.3183379, 4.2931151, 3.2895648, 2.4176683, 2.3263826, 4.4649382, 4.3183379, 4.2774901, 2.5849626;
  0.91656077, 0.4720175, 0.26312232, 0, 0, 0, 0, 0, 0, 0.57434911, 3.7874811, 4.0503712, 2.7291539, 2.6642594, 2.4287055, 3.9048204, 3.7874811, 4.0503712, 2.5849626;
  1.0301683, 0.69120473, 0.26312232, 0, 0, 0, 0, 0, 0.065914415, 0.72005725, 3.8501155, 4.2338367, 2.9037519, 2.662606, 2.5318015, 4.0217905, 3.8501155, 4.2182117, 2.5849626;
  0.79698247, 0.70443225, 0.26312232, 0, 0, 0, 0, 0, 0, 0.58997411, 4.0437403, 4.3865623, 3.1543841, 2.5944266, 2.8200562, 3.909122, 4.0437403, 4.3865623, 2.5849626;
  1.2291458, 0.53720152, 0.26312232, 0, 0, 0, 0, 0, 0, 0.65506345, 4.5577135, 4.3052058, 3.2959912, 2.6918814, 2.6389623, 4.0375419, 4.5577135, 4.2836833, 2.5849626;
  1.0139513, 0.4876425, 0.26312232, 0, 0, 0, 0, 0, 0, 0.19747628, 4.3617759, 3.7934546, 3.1853073, 2.5780308, 2.466439, 3.3267341, 4.3617759, 3.7934546, 2.5849626;
  0.90676934, 0.67557973, 0.26312232, 0, 0, 0, 0, 0, 0, 0.63943845, 4.7176156, 4.0488834, 3.3708646, 2.7015874, 2.6836216, 3.7131839, 4.7176156, 4.0488834, 2.5849626;
  1.9625305, 1.0354738, 0.37851599, 0, 0, 0, 0, 0, 0.24749732, 0.26312232, 5.2989159, 5.039865, 3.8326185, 2.8564234, 3.1180167, 3.5614102, 5.3145409, 5.0536027, 2.5849626;
  1.0177181, 0.68530715, 0.26312232, 0, 0, 0, 0, 0, 0, 0.75370473, 4.8454947, 4.6368704, 3.3412304, 2.8799679, 2.7270153, 4.2815661, 4.8454947, 4.6524954, 2.5849626;
  2.2478693, 0.97853804, 0.26312232, 0, 0, 0, 0, 0, 0.50916505, 0.13174008, 5.258245, 4.5532756, 3.9188213, 3.223562, 2.9877744, 2.9576952, 5.258245, 4.5532756, 2.5849626;
  1.2655704, 0.71655715, 0.26312232, 0, 0, 0, 0, 0, 0, 0.52479005, 4.5890746, 4.399857, 3.2163057, 2.7915289, 2.6390955, 3.9779727, 4.5890746, 4.399857, 2.5849626;
  2.8651357, 0.87351567, 0.37851599, 0, 0, 0, 0, 0, 0.11611508, 0.19747628, 5.806499, 3.4507468, 3.6379447, 3.4958646, 2.3614705, 2.6632376, 5.816226, 3.4507468, 2.5849626;
  0.89661109, 0.40361995, 0.35699341, 0, 0, 0, 0, 0, 0, 0.91445732, 3.8555944, 4.4093232, 2.9442759, 2.3729041, 2.320034, 4.3702536, 3.8555944, 4.4093232, 2.5849626;
  2.3102956, 0.33164099, 0.26312232, 0, 0, 0, 0, 0, 0.97039217, 0.13174008, 5.7028961, 3.056951, 4.8087525, 3.0450091, 2.2496462, 2.7673473, 5.6872711, 3.056951, 2.5849626;
  1.1647506, 0.82070732, 0.39414099, 0, 0, 0, 0, 0, 0, 2.1277223, 3.895952, 5.1871676, 3.0155227, 2.464905, 2.5495708, 5.428546, 3.895952, 5.1656451, 2.5849626;
  2.5442462, 0.22597477, 0.37851599, 0, 0, 0, 0, 0, 1.1301799, 0.13174008, 5.9355092, 3.1650505, 4.8192706, 3.1973042, 2.3047643, 2.875761, 5.9198842, 3.1650505, 2.5849626;
  0.87856901, 0.56436312, 0.39414099, 0, 0, 0, 0, 0, 0, 1.2693137, 3.944849, 5.0064325, 3.1013062, 2.4698071, 2.5594234, 4.9490294, 3.944849, 4.9751825, 2.5849626;
  0.95476717, 0.39414099, 0.39414099, 0, 0, 0, 0, 0, 0, 1.8418628, 4.3222766, 4.8453374, 3.1666539, 2.7975516, 2.3977816, 5.1580648, 4.3222766, 4.8550649, 2.5849626;
  1.9781493, 0.18185128, 0.26312232, 0, 0, 0, 0, 0, 1.398639, 0.13174008, 5.5851607, 2.9199419, 5.065309, 2.8723083, 2.1150138, 2.8465736, 5.6594558, 2.9199419, 2.5849626;
  0.80511808, 0.79328722, 0.39414099, 0, 0, 0, 0, 0, 0, 2.2271674, 4.2195258, 4.9316421, 2.7917876, 2.6280725, 2.3125184, 5.4538984, 4.2195258, 4.9160171, 2.5849626;
  0.9190942, 0.59256345, 0.39414099, 0, 0, 0, 0, 0, 0, 2.2854712, 3.9866893, 5.0320249, 3.0241418, 2.4572008, 2.3785996, 5.8123975, 3.9866893, 5.04843, 2.5849626;
  0.9805705, 0.55282652, 0.39414099, 0, 0, 0, 0, 0, 0, 1.8773334, 3.448956, 4.9328642, 2.7598808, 2.2834561, 2.4809043, 5.3039856, 3.448956, 4.9016142, 2.5849626;
  1.3527677, 0.24749732, 0.26312232, 0, 0, 0, 0, 0, 1.2590098, 0.19747628, 5.5668812, 3.0418532, 4.8348956, 2.7231314, 2.1304655, 2.8867099, 5.5512562, 3.0418532, 2.5849626;
  0.92351717, 0.65506345, 0.39414099, 0, 0, 0, 0, 0, 0, 1.6038316, 4.0804281, 5.120893, 3.0269895, 2.5597622, 2.6662984, 5.0477209, 4.0804281, 5.1645932, 2.5849626;
  1.9062058, 0.18185128, 0.19747628, 0, 0, 0, 0, 0, 1.6984538, 0.13174008, 5.6452188, 2.9627724, 5.2575417, 2.7917414, 2.0378799, 2.8039525, 5.5983438, 2.9627724, 2.5849626;
  1.5319067, 0.26312232, 0.26312232, 0, 0, 0, 0, 0, 0, 0.78495473, 4.6304402, 4.0902748, 3.2430167, 3.0888345, 2.2463086, 3.886596, 4.6304402, 4.0746498, 2.5849626;
  1.1696661, 0.70443225, 0.37851599, 0, 0, 0, 0, 0, 0, 1.156644, 4.3217912, 4.3221493, 3.0225813, 2.5899644, 2.4171128, 4.6374774, 4.3327308, 4.3533993, 2.5849626;
  1.8933526, 0.61101204, 0.26312232, 0, 0, 0, 0, 0, 0, 0.32867748, 5.5638318, 4.1003714, 3.4501519, 3.4322577, 2.3807025, 3.4922147, 5.5638318, 4.1375189, 2.5849626;
  1.8116757, 1.370286, 0.45951208, 0, 0, 0, 0, 0, 0.45951208, 0.19747628, 5.1405439, 5.0804386, 4.0469961, 2.8031774, 2.7545063, 3.5531306, 5.1405439, 5.0804386, 2.5849626;
  1.3311958, 0.44666508, 0.26312232, 0, 0, 0, 0, 0, 0.64193225, 0.13174008, 5.1749544, 2.9901221, 4.3918405, 2.4562042, 2.2183409, 2.5492845, 5.1905794, 2.9901221, 2.5849626;
  2.1124268, 1.0172672, 0.26312232, 0, 0, 0, 0, 0, 1.4895135, 0.35699341, 5.0559969, 4.7402115, 4.8329768, 3.011903, 3.6289859, 2.2752364, 5.0716219, 4.7529888, 2.5849626;
  2.0505719, 0.78495473, 0.26312232, 0, 0, 0, 0, 0, 1.3554254, 0.37851599, 4.9068012, 4.6096978, 4.5538554, 2.9049935, 3.4666996, 2.602298, 4.9439492, 4.6219459, 2.5849626;
  0.99079186, 0.80813199, 0.39414099, 0, 0, 0, 0, 0, 0, 2.2171531, 4.4043365, 5.1647882, 3.3426642, 2.5420914, 2.4206858, 5.5641599, 4.4043365, 5.1901407, 2.5849626;
  3.2910438, 1.2548823, 0.24749732, 0, 0, 0, 0, 0, 0.19747628, 0, 5.2856312, 4.1383982, 3.6265235, 3.3282559, 3.2096992, 2.1422513, 5.263782, 4.1383982, 2.5849626;
  2.7572508, 2.5424774, 0.52479005, 0, 0, 0, 0, 0, 0.31305248, 0, 5.6246781, 5.404407, 3.882421, 3.2988391, 3.2839942, 3.5687671, 5.6149507, 5.4062943, 2.5849626;
  2.4820411, 1.5983971, 0.37851599, 0, 0, 0, 0, 0, 0.13174008, 1.1380494, 5.3468766, 5.8978543, 3.004812, 3.7469718, 4.3401761, 3.3363233, 5.3625016, 5.8071537, 2.5849626;
  2.259023, 1.8857219, 0.32867748, 0, 0, 0, 0, 0, 0, 0.19747628, 4.5185914, 5.3782954, 3.3982847, 2.8470564, 3.2478287, 3.2433534, 4.5185914, 5.3782954, 2.5849626;
  2.2465081, 1.6526977, 0.45951208, 0, 0, 0, 0, 0, 0, 0.13174008, 5.2761273, 4.5071039, 3.1942759, 3.2542336, 2.9781022, 3.3881352, 5.2761273, 4.5071039, 2.5849626;
  2.8523571, 1.1696661, 0.39414099, 0, 0, 0, 0, 0, 0.18185128, 0.19747628, 5.3155937, 4.2008243, 3.7165658, 3.2123165, 2.6640382, 3.336659, 5.3780937, 4.2008243, 2.5849626;
  2.9199412, 1.7713795, 0.26312232, 0, 0, 0, 0, 0, 0, 0.13174008, 5.2034583, 5.0774102, 3.1604128, 3.3992667, 3.5232847, 2.9971411, 5.2034583, 5.0930352, 2.5849626;
  1.9404337, 0.29152992, 0.19747628, 0, 0, 0, 0, 0, 0.78725505, 0.13174008, 5.2134914, 3.2611814, 4.0064974, 2.8245027, 2.4527159, 1.8126738, 5.2291164, 3.2611814, 2.5849626;
  1.5749502, 0.74563199, 0.26312232, 0, 0, 0, 0, 0, 0.88320732, 0.13174008, 5.2138653, 3.5336928, 4.4428735, 2.5889904, 2.4648166, 1.8579668, 5.2294903, 3.5336928, 2.5849626;
  2.1736207, 1.2113546, 0.26312232, 0, 0, 0, 0, 0, 0.29742748, 0.19747628, 5.3068447, 4.7545619, 3.1197565, 3.1122878, 3.1540143, 2.4381638, 5.3380947, 4.7545619, 2.5849626;
  2.2728209, 0.41846475, 0.31305248, 0, 0, 0, 0, 0, 0.66728467, 0.13174008, 5.8359866, 3.394784, 4.3071289, 3.2763345, 2.3905227, 2.0348246, 5.8769641, 3.394784, 2.5849626;
  1.8454957, 0.065914415, 0.19747628, 0, 0, 0, 0, 0, 1.2210821, 0.13174008, 5.558136, 3.0567155, 4.5554075, 3.0341961, 2.3632874, 1.3333918, 5.558136, 3.0567155, 2.5849626;
  1.9002917, 1.5758027, 0.37851599, 0, 0, 0, 0, 0, 0.29152992, 0.32867748, 4.4094648, 5.5161762, 2.9547622, 3.0627525, 3.6683395, 3.4936805, 4.3782148, 5.4741135, 2.5849626;
  1.446524, 0.13174008, 0.19747628, 0, 0, 0, 0, 0, 0.76932973, 0.13174008, 5.5017138, 2.347142, 4.3422084, 2.8475316, 1.9002442, 1.805624, 5.5114412, 2.347142, 2.5849626;
  2.1798658, 0.13174008, 0.19747628, 0, 0, 0, 0, 0, 0.78495473, 0.065914415, 5.5395861, 2.1785378, 4.0110493, 3.1611929, 1.712697, 1.3523268, 5.5552111, 2.1785378, 2.5849626;
  1.952803, 0.49717191, 0.35699341, 0, 0, 0, 0, 0, 0.70443225, 0.065914415, 5.2751451, 3.2322912, 4.3068585, 3.1354039, 2.5121071, 2.4620309, 5.2692475, 3.2322912, 2.5849626;
  1.9307922, 0.18185128, 0.26312232, 0, 0, 0, 0, 0, 0.76932973, 0.13174008, 5.2706399, 3.313823, 4.2081699, 2.8302708, 2.5424759, 2.4766812, 5.2862649, 3.313823, 2.5849626;
  2.0353787, 0.4876425, 0.26312232, 0, 0, 0, 0, 0, 0.57434911, 0.13174008, 5.2808962, 3.2360713, 4.0442867, 3.1338437, 2.5603299, 2.6613488, 5.2808962, 3.2360713, 2.5849626;
  2.0012586, 0.18185128, 0.31305248, 0, 0, 0, 0, 0, 0.80288005, 0.19747628, 5.4046407, 3.1693406, 4.1871238, 2.9434958, 2.5097125, 2.5114384, 5.4046407, 3.1693406, 2.5849626;
  2.1816998, 0.8323096, 0.35699341, 0, 0, 0, 0, 0, 0.75370473, 0.19747628, 5.4526944, 3.3740447, 4.0265942, 3.3152442, 2.5426242, 2.5784206, 5.4370694, 3.3740447, 2.5849626;
  1.6581926, 0.49032655, 0.19747628, 0, 0, 0, 0, 0, 1.03957, 0.13174008, 4.9384012, 2.9698222, 4.5639019, 2.5280924, 2.2800932, 2.3981373, 4.9384012, 2.9698222, 2.5849626;
  2.1330512, 1.7177299, 0.45951208, 0, 0, 0, 0, 0, 0, 0.13174008, 5.1790113, 5.6977787, 3.1336417, 3.5017622, 3.3474548, 3.764221, 5.1790113, 5.6821537, 2.5849626;
  2.2654066, 1.7417095, 0.32867748, 0, 0, 0, 0, 0, 0, 0.13174008, 4.9497547, 5.4174438, 3.0459912, 3.4981341, 3.4120438, 3.2672122, 4.9497547, 5.4174438, 2.5849626;
  2.2975185, 1.712401, 0.44388708, 0, 0, 0, 0, 0, 0, 0.94581991, 5.5729809, 5.2912574, 3.2793133, 3.4570858, 4.0852604, 3.2855508, 5.5670834, 5.3247766, 2.5849626;
  0.70682973, 0.065914415, 0.19747628, 0, 0, 0, 0, 0, 0, 0.26312232, 4.3042617, 3.6795347, 3.2417293, 2.4091043, 2.1332107, 3.3748424, 4.3042617, 3.6795347, 2.5849626;
  0.39111453, 1.5499276, 0.32867748, 0, 0, 0, 0, 0, 0, 1.7741627, 3.665292, 5.4116445, 1.2840495, 2.7062047, 2.8304703, 4.9655967, 3.665292, 5.4280496, 2.5849626;
  2.4987731, 2.0837007, 0.42236453, 0, 0, 0, 0, 0, 0.18185128, 1.0856435, 5.2027712, 5.1450062, 3.4622202, 3.278604, 3.6611338, 4.2891011, 5.2069278, 5.1431189, 2.5849626;
  2.2847927, 2.4448211, 0.58997411, 0, 0, 0, 0, 0, 0.13174008, 0, 5.4091959, 5.495636, 3.1768205, 3.2114229, 3.4263599, 3.0692759, 5.4091959, 5.495636, 2.5849626;
  0.99079186, 0.92628819, 0.26312232, 0, 0, 0, 0, 0, 0.70443225, 0, 4.1514354, 4.2101793, 3.9291587, 2.2100286, 3.1269641, 2.6843655, 4.1514354, 4.2355318, 2.5849626;
  1.51738, 1.4014193, 0.45951208, 0, 0, 0, 0, 0, 0, 0.55282652, 4.4335194, 4.9457445, 2.4832997, 2.6751277, 2.4971914, 3.9054239, 4.4335194, 4.9695368, 2.5849626;
  1.0996729, 1.7513098, 0.45951208, 0, 0, 0, 0, 0, 0, 0.57434911, 4.4788337, 5.1384158, 2.359935, 3.0953872, 3.2436917, 3.9179366, 4.4788337, 5.1489234, 2.5849626;
  0.26312232, 0.69503462, 0.26312232, 0, 0, 0, 0, 0, 0.81850505, 0, 3.277446, 2.8911464, 3.9493058, 1.604138, 2.1933491, 2.550488, 3.308696, 2.8911464, 2.5849626;
  1.7487781, 0.42826208, 0.19747628, 0, 0, 0, 0, 0, 0.19747628, 0.19747628, 5.3645363, 2.9170141, 3.581847, 3.1624973, 2.0610728, 2.7686651, 5.3645363, 2.9170141, 2.5849626;
  2.0972579, 0.18185128, 0.19747628, 0, 0, 0, 0, 0, 0.065914415, 0.19747628, 5.7251992, 3.0780771, 3.4532559, 3.5813422, 2.0910215, 2.95594, 5.7251992, 3.0780771, 2.5849626;
  0.95954186, 1.3945397, 0.45951208, 0, 0, 0, 0, 0, 0, 3.4811904, 3.5471239, 5.7259793, 1.8768491, 2.2754922, 5.3103285, 5.7874041, 3.5471239, 5.8400183, 2.5849626;
  2.2535203, 1.9756804, 0.45951208, 0, 0, 0, 0, 0, 0, 1.7241331, 5.4988108, 5.5226026, 2.9601004, 3.407232, 4.8007703, 3.1657445, 5.5203333, 5.4326825, 2.5849626;
  1.2149688, 1.9520687, 0.45951208, 0, 0, 0, 0, 0, 0, 0.26312232, 4.5577378, 4.7855477, 2.678051, 2.9696069, 2.911624, 3.5921571, 4.5577378, 4.7855477, 2.5849626;
  0.85383213, 1.1906123, 0.32867748, 0, 0, 0, 0, 0, 0.19747628, 0.19747628, 4.0549331, 4.6876421, 3.2652738, 2.6563816, 3.1127744, 3.4309874, 4.0549331, 4.6876421, 2.5849626;
  2.2699003, 1.379184, 0.22597477, 0, 0, 0, 0, 0, 1.5838976, 0, 6.1700091, 4.1456313, 4.1769214, 4.6896501, 2.7683315, 2.3932528, 6.1044593, 4.1982455, 2.5849626;
  1.7291321, 1.9207865, 0.45951208, 0, 0, 0, 0, 0, 0, 0.61791587, 4.3520041, 5.3229809, 2.9050393, 2.6523499, 2.9580135, 4.0895438, 4.3520041, 5.3496208, 2.5849626;
  1.3170699, 1.8345698, 0.57434911, 0, 0, 0, 0, 0, 0.78495473, 0.065914415, 4.7382326, 4.3317556, 3.9026961, 2.7642291, 2.8031988, 3.2659943, 4.7382326, 4.3317556, 2.5849626;
  2.1135409, 2.3964217, 0.45951208, 0, 0, 0, 0, 0, 0, 1.2224387, 4.8212414, 5.3762817, 3.4896233, 2.6347585, 4.2153778, 3.4455762, 4.8212414, 5.3919067, 2.5849626;
  1.5978457, 1.9322571, 0.32867748, 0, 0, 0, 0, 0, 0, 0.39414099, 5.0100045, 5.7202621, 2.5549154, 3.504812, 3.9511783, 3.4465952, 4.9943795, 5.7915072, 2.5849626;
  0.91066319, 1.5061364, 0.45951208, 0, 0, 0, 0, 0, 0.19747628, 0.31305248, 4.1226411, 5.695363, 3.2532699, 2.3611763, 2.9259081, 4.0520267, 4.1226411, 5.695363, 2.5849626;
  2.459666, 2.2115424, 0.31305248, 0, 0, 0, 0, 0, 0, 0, 5.1880727, 5.4562273, 3.1446567, 3.5575845, 3.5419595, 2.871659, 5.1665502, 5.4562273, 2.5849626;
  1.7777261, 0.9983263, 0.26312232, 0, 0, 0, 0, 0, 0.27590492, 0.26312232, 4.268229, 4.3703856, 3.3059702, 3.1334627, 3.0597289, 3.0932643, 4.225184, 4.3703856, 2.5849626;
  2.3474431, 1.2701232, 0.37851599, 0, 0, 0, 0, 0, 0.11611508, 0.065914415, 5.6110334, 5.1441226, 3.2519417, 3.608953, 3.8180878, 2.4987528, 5.5828333, 5.2188706, 2.5849626;
  2.8955169, 0.78495473, 0.18185128, 0, 0, 0, 0, 0, 0.34136841, 0, 5.8817759, 3.265321, 4.0488343, 3.3300891, 2.673805, 2.1517556, 5.8192759, 3.265321, 2.5849626;
  2.8029037, 0.83413005, 0.19747628, 0, 0, 0, 0, 0, 0.24749732, 0, 5.455946, 3.9367211, 3.7594178, 3.0920858, 3.2953906, 2.3010609, 5.440321, 3.9367211, 2.5849626;
  2.8665442, 1.6113143, 0.44388708, 0, 0, 0, 0, 0, 0.13174008, 0.5922094, 5.2827835, 5.0792818, 3.5598197, 3.4847443, 3.2343979, 3.8263674, 5.2875738, 5.1163526, 2.5849626;
  1.7241021, 1.6725725, 0.44388708, 0, 0, 0, 0, 0, 0.453179, 0.96343577, 5.1069317, 4.9773984, 3.8222234, 3.1948252, 2.8438494, 4.4640975, 5.1550941, 4.9754558, 2.5849626;
  1.4045365, 0.71655715, 0.18185128, 0, 0, 0, 0, 0, 0.26312232, 0, 4.802217, 4.0749497, 3.6409705, 2.7771914, 2.8243933, 2.3298936, 4.817842, 4.0749497, 2.5849626;
  0.91066319, 0.31305248, 0.37851599, 0, 0, 0, 0, 0, 0, 0.45951208, 4.1740971, 4.4860859, 2.6474342, 2.6204126, 2.24315, 3.9063845, 4.1740971, 4.4860859, 2.5849626;
  1.2536887, 1.8073, 0.34136841, 0, 0, 0, 0, 0, 0, 1.4858854, 4.7402725, 5.5694561, 1.7277373, 3.4457979, 4.9986238, 2.8296201, 4.7402725, 5.6007061, 2.5849626;
  1.9462061, 1.7206464, 0.42236453, 0, 0, 0, 0, 0, 0.42236453, 0.94781077, 4.8823061, 5.2931433, 3.159538, 3.0591664, 3.6573038, 4.0723581, 4.8666811, 5.3028708, 2.5849626;
  1.5667121, 1.556088, 0.45951208, 0, 0, 0, 0, 0, 0.19747628, 0.59256345, 4.9180989, 5.1755633, 2.9448764, 3.8256783, 2.9459364, 4.2913485, 4.9482417, 5.1987338, 2.5849626;
  1.5979621, 1.4495674, 0.24749732, 0, 0, 0, 0, 0, 1.0667238, 1.97914, 4.6238537, 5.6717715, 1.8463444, 4.2395878, 5.0593467, 3.4501693, 4.6297512, 5.7434916, 2.5849626;
  1.8707606, 1.8797077, 0.45951208, 0, 0, 0, 0, 0, 0.64576215, 0.19747628, 5.0228639, 5.1851578, 3.5075431, 3.5891242, 3.6801984, 3.2165573, 5.0325913, 5.1964784, 2.5849626;
  1.9847206, 1.7612497, 0.44388708, 0, 0, 0, 0, 0, 0.4876425, 1.7699069, 4.8674154, 5.1368809, 3.9150887, 3.0639148, 3.2621515, 5.2891388, 4.8548403, 5.1613617, 2.5849626;
  2.4186497, 1.0957552, 0.22597477, 0, 0, 0, 0, 0, 0.42236453, 0.065914415, 5.5557952, 4.6560655, 3.6370311, 3.7965653, 3.5561917, 2.3851151, 5.5468478, 4.6404405, 2.5849626;
  1.7489799, 2.2821066, 0.45951208, 0, 0, 0, 0, 0, 0.065914415, 0.19747628, 4.933496, 5.6414819, 2.5544896, 3.4681008, 3.7219672, 2.8323255, 4.933496, 5.6199594, 2.5849626;
  2.8734612, 2.7475235, 0.45951208, 0, 0, 0, 0, 0, 0, 0, 5.2212439, 5.8487635, 3.1218243, 3.2739229, 3.5114896, 3.6170347, 5.2212439, 5.8487635, 2.5849626;
  1.9241952, 2.3695052, 0.45951208, 0, 0, 0, 0, 0, 0, 0.35699341, 5.0539336, 5.6714444, 2.7735536, 3.4845059, 3.7308395, 3.2221937, 5.0539336, 5.6714444, 2.5849626;
  0.57693845, 1.7203151, 0.40673953, 0, 0, 0, 0, 0, 0, 1.7469873, 3.087862, 5.9517341, 0.43644688, 2.8672426, 3.7583234, 4.6158886, 3.087862, 5.9909492, 2.5849626;
  0.47470155, 0.98764378, 0.26312232, 0, 0, 0, 0, 0, 0, 0.19747628, 3.7377231, 4.22995, 2.1425197, 2.4761412, 2.4421256, 3.0728207, 3.7377231, 4.22995, 2.5849626;
  1.9434162, 1.9648759, 0.32867748, 0, 0, 0, 0, 0, 0, 0.33164099, 4.9736614, 5.1906261, 2.5501709, 3.3090029, 3.3916495, 2.9885955, 4.9990139, 5.2003536, 2.5849626;
  0.91097796, 1.7057651, 0.44388708, 0, 0, 0, 0, 0, 0.19747628, 0.26312232, 4.2306161, 4.5333457, 3.3020322, 2.7264407, 2.9189234, 3.4431646, 4.2306161, 4.5333457, 2.5849626;
  0.98476899, 2.3665931, 0.45951208, 0, 0, 0, 0, 0, 0.065914415, 0.13174008, 4.5903773, 5.1981611, 3.2961373, 3.0606353, 3.3457141, 3.5363986, 4.5903773, 5.1981611, 2.5849626;
  0.37126285, 1.6695675, 0.44388708, 0, 0, 0, 0, 0, 0, 0.26312232, 3.6542039, 4.7715721, 2.271565, 2.6442368, 3.0225813, 3.6475387, 3.6542039, 4.7715721, 2.5849626;
  0.90166771, 1.9619563, 0.44388708, 0, 0, 0, 0, 0, 0, 0.24749732, 4.0342002, 5.0883341, 2.3618317, 2.9862139, 3.3241916, 3.6109569, 4.0342002, 5.0883341, 2.5849626;
  0.85445851, 2.6108069, 0.75370473, 0, 0, 0, 0, 0, 0, 0.32867748, 4.2519484, 5.4204125, 2.8073664, 2.965652, 3.1582141, 3.6766827, 4.2519484, 5.4204125, 2.5849626;
  1.1174223, 1.8061929, 0.39414099, 0, 0, 0, 0, 0, 0.19747628, 0.32867748, 4.5621891, 4.9156237, 3.4616375, 2.785887, 3.2047622, 3.6898036, 4.5621891, 4.8948812, 2.5849626;
  0.79504758, 2.0345328, 0.62381345, 0, 0, 0, 0, 0, 0.19747628, 0.32867748, 4.3519464, 4.5980697, 3.2848382, 2.7915075, 2.9303918, 3.4974251, 4.3519464, 4.5980697, 2.5849626;
  0.35318679, 1.4971892, 0.45951208, 0, 0, 0, 0, 0, 0, 0.26312232, 2.8152733, 5.3693271, 2.1904023, 2.2455592, 3.0992169, 3.580538, 2.8152733, 5.3849521, 2.5849626;
  0.42082188, 0.92473775, 0.52479005, 0, 0, 0, 0, 0, 0, 0.19747628, 3.9016397, 4.9225354, 2.5311301, 2.6110673, 2.6305759, 3.5408695, 3.9016397, 4.9225354, 2.5849626;
  0.82168877, 2.5873163, 0.63943845, 0, 0, 0, 0, 0, 0, 0.13174008, 4.339951, 5.3664789, 2.5748091, 3.1620438, 3.4491916, 3.5182526, 4.339951, 5.3664789, 2.5849626;
  1.7289295, 2.1151648, 0.44388708, 0, 0, 0, 0, 0, 0, 0.32867748, 3.461628, 5.3810725, 2.5030792, 2.6802881, 3.5583646, 3.5668046, 3.461628, 5.3810725, 2.5849626;
  0, 1.8556721, 0.63943845, 0, 0, 0, 0, 0, 0, 0.13174008, 3.7140119, 5.7430167, 2.3402011, 2.6827877, 3.1648917, 3.7506635, 3.7140119, 5.7430167, 2.5849626;
  0.95033771, 1.340005, 0.32867748, 0, 0, 0, 0, 0, 0.19747628, 0.26312232, 4.3027806, 4.8871202, 3.2869272, 2.7357066, 3.3767622, 3.0873895, 4.3184056, 4.8871202, 2.5849626;
  1.9134412, 1.2326615, 0.57434911, 0, 0, 0, 0, 0, 0, 0.26312232, 4.6133699, 4.9304142, 3.2168841, 3.0794351, 2.5793102, 3.8481798, 4.6074724, 4.9304142, 2.5849626;
  1.03601, 1.7050234, 0.44388708, 0, 0, 0, 0, 0, 0, 0.19747628, 4.3422613, 4.4641356, 2.8019221, 2.92594, 2.6112139, 3.3975897, 4.3422613, 4.4641356, 2.5849626;
  0.29742748, 1.7369105, 0.6942544, 0, 0, 0, 0, 0, 0, 0.19747628, 4.1908937, 5.5216208, 2.8922029, 2.8825562, 3.0977817, 3.8708603, 4.1908937, 5.5216208, 2.5849626;
  0.95953643, 2.573343, 0.50916505, 0, 0, 0, 0, 0, 0, 0.26312232, 4.3848577, 4.7124219, 2.8469098, 3.1930921, 3.1795347, 3.328999, 4.3848577, 4.7124219, 2.5849626;
  0.61580253, 2.0810018, 0.63943845, 0, 0, 0, 0, 0, 0, 0.26312232, 4.020566, 5.6357861, 2.65115, 3.0359368, 3.2355587, 3.7906678, 4.020566, 5.6357861, 2.5849626;
  0.24749732, 1.7932853, 0.52479005, 0, 0, 0, 0, 0, 0, 0.45951208, 3.4310627, 5.1990891, 2.7405725, 2.5852063, 3.0948088, 3.9820919, 3.4310627, 5.1990891, 2.5849626;
  1.8169624, 1.8254958, 0.45951208, 0, 0, 0, 0, 0, 0, 0.32867748, 4.3513007, 4.4841728, 2.5212274, 2.7846324, 2.9128242, 3.4958277, 4.3513007, 4.4841728, 2.5849626;
  1.9417819, 1.359931, 0.26312232, 0, 0, 0, 0, 0, 0, 1.7967495, 5.2949057, 5.4869928, 3.299597, 2.8677497, 4.8007321, 3.4510489, 5.2949057, 5.4803147, 2.5849626;
  1.5751123, 1.3499198, 0.19747628, 0, 0, 0, 0, 0, 0.19747628, 0.89883232, 5.2768965, 5.3672366, 3.6097853, 2.7696733, 4.5106988, 2.4978976, 5.2807264, 5.3925891, 2.5849626;
  2.1100135, 1.6409547, 0.32867748, 0, 0, 0, 0, 0, 0.29152992, 1.6521802, 5.3859878, 5.526886, 3.3410332, 3.9094207, 4.2461491, 4.1905255, 5.3859878, 5.6086388, 2.5849626;
  2.4118748, 1.8496034, 0.32867748, 0, 0, 0, 0, 0, 0, 1.8367877, 5.2276702, 5.5708566, 3.5529037, 2.9640207, 5.186645, 2.7798791, 5.2491927, 5.6021066, 2.5849626;
  1.0032687, 0.13174008, 0.19747628, 0, 0, 0, 0, 0, 0.065914415, 0.19747628, 4.4600677, 2.9435861, 3.4700687, 2.2035151, 2.1649189, 2.8004305, 4.4600677, 2.9435861, 2.5849626;
  0.8460598, 0.73218215, 0.26312232, 0, 0, 0, 0, 0, 0, 0.26312232, 3.9298563, 3.2570584, 3.1899004, 2.1112475, 2.3638651, 2.9016905, 3.9298563, 3.2570584, 2.5849626;
  2.272706, 2.2004209, 0.32867748, 0, 0, 0, 0, 0, 0.92628819, 0.065914415, 5.5509081, 5.4654717, 3.6570518, 3.7555878, 3.0496192, 3.6205575, 5.5773673, 5.4810967, 2.5849626;
  1.7957667, 2.0149717, 0.44388708, 0, 0, 0, 0, 0, 0, 2.0945952, 4.6550446, 5.7620516, 2.9244719, 3.0649502, 5.4231567, 2.9812217, 4.6550446, 5.8616991, 2.5849626;
  2.7502122, 1.2512687, 0.18185128, 0, 0, 0, 0, 0, 0.065914415, 0, 6.2087169, 4.2748237, 3.8787134, 3.5173872, 3.0390871, 2.232312, 6.2243419, 4.2748237, 2.5849626;
  2.542625, 1.2336574, 0.26312232, 0, 0, 0, 0, 0, 0.99668944, 0.065914415, 5.5572081, 5.1791916, 4.5360513, 3.0617838, 3.6020846, 2.9835465, 5.5572081, 5.1635666, 2.5849626;
  0.42236453, 0.57434911, 0.26312232, 0, 0, 0, 0, 0, 0.13174008, 0.26312232, 3.4716258, 3.9231677, 1.6214988, 2.6832063, 2.7508945, 2.8155909, 3.4716258, 3.9231677, 1.7924813;
  2.1658406, 1.1130637, 0.26312232, 0, 0, 0, 0, 0, 0.065914415, 2.2174399, 4.682559, 4.9891047, 3.2047622, 3.1688526, 2.6590366, 4.8914323, 4.681407, 5.0700989, 2.5849626;
  2.6558008, 1.6028466, 0.32867748, 0, 0, 0, 0, 0, 0.19747628, 0, 5.6246781, 5.0268188, 3.1932716, 3.5857847, 3.7580962, 2.3807647, 5.6246781, 5.0307822, 2.5849626;
  0, 1.2889467, 0.44388708, 0, 0, 0, 0, 0, 0, 0.19747628, 3.6361976, 4.310658, 2.189055, 2.6060469, 2.84022, 3.3411224, 3.6361976, 4.310658, 2.5849626;
  2.2481048, 2.3864176, 0.44388708, 0, 0, 0, 0, 0, 0.29152992, 0.065914415, 4.951664, 5.6663485, 3.5873666, 3.1886129, 3.706955, 3.3361542, 4.9827123, 5.668416, 2.5849626;
  1.966029, 1.9507353, 0.44388708, 0, 0, 0, 0, 0, 0, 0.52479005, 4.7835259, 4.8959885, 3.183939, 3.0309291, 3.0706897, 3.5847709, 4.7835259, 4.8889837, 2.5849626;
  2.4414625, 1.6985388, 0.37851599, 0, 0, 0, 0, 0, 0, 1.9284272, 5.634172, 5.7065244, 3.2832596, 3.5628693, 4.7794499, 3.9731207, 5.6126494, 5.8002744, 2.5849626;
  3.6383023, 2.8005667, 0.57434911, 0, 0, 0, 0, 0, 0, 0.11611508, 5.139164, 4.9644413, 3.5212171, 3.0482066, 2.9466717, 3.364187, 5.139164, 4.9457664, 2.5849626;
  0.73218215, 1.0089726, 0.44388708, 0, 0, 0, 0, 0, 0.065914415, 0.26312232, 4.5448017, 5.0890589, 3.6422706, 2.3093777, 2.8873465, 3.5151901, 4.5819492, 5.0890589, 2.5849626;
  1.7955433, 1.8829974, 0.45951208, 0, 0, 0, 0, 0, 0, 0.31305248, 4.9385815, 4.8807573, 3.1173036, 2.9364202, 2.9997499, 3.609611, 4.9326839, 4.8635168, 2.5849626;
  2.2837632, 1.9558985, 0.45951208, 0, 0, 0, 0, 0, 0.52721554, 0, 5.5220742, 4.821497, 3.4461417, 3.7952061, 3.1598296, 3.3471279, 5.5188994, 4.821497, 2.5849626;
  1.2969236, 0.91266686, 0.24749732, 0, 0, 0, 0, 0, 0.57434911, 0.11611508, 4.5354228, 3.9360216, 3.8175716, 2.4107981, 2.6011138, 2.7335443, 4.5510478, 3.9304295, 2.5849626;
  2.0454459, 2.6053154, 0.57434911, 0, 0, 0, 0, 0, 0, 0.49927381, 4.9457111, 5.3665547, 2.1269112, 3.2625811, 3.3789608, 3.8778343, 4.9457111, 5.4065499, 2.5849626;
  1.9836806, 0.94191319, 0.22597477, 0, 0, 0, 0, 0, 1.0730683, 2.9430389, 4.6026812, 4.9647679, 2.5386221, 4.4655361, 5.4785757, 3.6441224, 4.6696658, 5.0834174, 2.5849626;
  1.869741, 1.5315797, 0.37851599, 0, 0, 0, 0, 0, 0.26617748, 0.39414099, 6.0169673, 4.6759567, 2.954967, 3.9618568, 3.5720983, 2.4387665, 5.9700923, 4.6794596, 2.5849626;
  2.1973038, 1.8676672, 0.45951208, 0, 0, 0, 0, 0, 0.55541587, 1.2089028, 5.368547, 5.5228543, 3.1517532, 3.7558517, 3.9328442, 4.1409411, 5.349092, 5.4860334, 2.5849626;
  2.2879927, 1.3065367, 0.42236453, 0, 0, 0, 0, 0, 0.35699341, 1.6560102, 5.2674851, 4.9855762, 3.5783267, 3.6476257, 4.7778535, 2.6978583, 5.2759252, 5.0050306, 2.5849626;
  2.6102092, 1.2447708, 0.26312232, 0, 0, 0, 0, 0, 0.74255407, 0.58666587, 5.0390844, 4.4455419, 3.4919181, 3.9166434, 3.8287308, 2.3182499, 5.0800405, 4.4455419, 2.5849626;
  2.0912459, 1.141019, 0, 0, 0, 0, 0, 0, 0.80329186, 0.56653005, 6.021872, 3.7561336, 3.6684146, 4.3352604, 4.0562234, 0.26617748, 5.9652696, 3.7620311, 2.5849626;
  1.8072571, 1.8840742, 0.42236453, 0, 0, 0, 0, 0, 0.065914415, 0.19747628, 4.9402261, 5.2740922, 3.6743009, 2.4816694, 3.6052396, 3.3702495, 4.9304986, 5.2740922, 2.5849626;
  1.571713, 1.9062058, 0.32867748, 0, 0, 0, 0, 0, 0, 0.37851599, 4.2468319, 5.7811465, 2.1816669, 2.8054082, 3.9157622, 3.6570518, 4.2468319, 5.769351, 2.5849626;
  0.74780715, 0.065914415, 0.19747628, 0, 0, 0, 0, 0, 0.63013715, 0.19747628, 4.867929, 2.9327214, 4.3755264, 2.098474, 1.7278374, 2.4491942, 4.8717589, 2.9327214, 2.5849626;
  2.6989999, 2.82967, 0.57434911, 0, 0, 0, 0, 0, 0, 0.065914415, 5.4714942, 5.2096505, 3.0119262, 3.4993508, 3.0109112, 3.5381296, 5.4714942, 5.2096505, 2.5849626;
  0.99955332, 1.3608854, 0.39414099, 0, 0, 0, 0, 0, 0.19747628, 2.267029, 4.0652871, 5.2197261, 3.29949, 2.2590311, 2.6946681, 5.4217768, 4.0652871, 5.2694492, 2.5849626;
  0.76932973, 1.3840966, 0.45951208, 0, 0, 0, 0, 0, 0.34136841, 0.44388708, 4.2185736, 5.0454006, 3.6743824, 1.7662587, 2.8694143, 3.9465683, 4.2185736, 5.0297756, 2.5849626;
  0.66728467, 1.4844599, 0.44388708, 0, 0, 0, 0, 0, 0, 0.31305248, 4.1984115, 5.0550151, 3.3156807, 2.3152721, 3.4852405, 3.4163229, 4.1984115, 5.0550151, 2.5849626;
  1.4444166, 1.2519479, 0.44388708, 0, 0, 0, 0, 0, 0, 0.32867748, 3.6831472, 3.9199698, 2.8344595, 2.4982121, 2.6475272, 3.363441, 3.6831472, 3.9199698, 2.5849626;
  0.58666587, 1.4452447, 0.32867748, 0, 0, 0, 0, 0, 0, 0.26312232, 3.8902657, 4.3540459, 2.4143987, 2.454257, 2.8763857, 3.3404164, 3.8902657, 4.3540459, 2.5849626;
  1.4034727, 1.2544982, 0.13174008, 0, 0, 0, 0, 0, 0, 1.185915, 4.5200949, 5.3385844, 2.8717215, 3.1124306, 4.7066355, 2.5545275, 4.5200949, 5.3698344, 2.5849626]