[1.4825088, 1.2531123, 0.37851599, 0, 0, 0, 0, 0, 0.065914415, 2.0221772, 4.7920198, 5.9958649, 2.9739313, 3.3190527, 3.5760574, 5.3341007, 4.8038149, 5.9150934, 2.5849626;
  1.0123144, 1.0064169, 0.26312232, 0, 0, 0, 0, 0, 0.24749732, 3.6129653, 4.3624058, 5.8577108, 3.1805353, 2.8542211, 4.2910595, 5.9050393, 4.3303757, 5.9327865, 2.5849626;
  1.7670618, 1.0569965, 0.19747628, 0, 0, 0, 0, 0, 1.0700185, 0.67318225, 5.297121, 4.9393387, 3.0591164, 4.2161579, 4.0200396, 2.6728911, 5.2819815, 4.9862137, 2.5849626;
  2.475255, 1.125394, 0.26312232, 0, 0, 0, 0, 0, 0.11611508, 0.19747628, 5.5637608, 5.0254517, 3.2255044, 3.4772866, 3.2531264, 3.2784333, 5.6291084, 5.0206614, 2.5849626;
  2.281549, 1.0979738, 0.26312232, 0, 0, 0, 0, 0, 0, 0.31305248, 5.7947035, 4.2857151, 3.149905, 3.6556375, 3.1763599, 2.9662802, 5.7373209, 4.2857151, 2.5849626;
  1.5848795, 1.2605683, 0.42236453, 0, 0, 0, 0, 0, 0, 2.0280747, 5.2866135, 5.0990367, 3.4281054, 3.1155293, 3.3856902, 4.6955462, 5.3197508, 5.0188441, 2.5849626;
  1.8034272, 1.5128142, 0.26312232, 0, 0, 0, 0, 0, 0, 2.5984206, 3.8010104, 5.7567759, 2.9226727, 2.5621073, 3.2570105, 5.4880557, 3.8107378, 5.7483358, 2.5849626;
  2.3990357, 1.03957, 0.37851599, 0, 0, 0, 0, 0, 0, 0.065914415, 6.1070018, 4.109561, 3.4536114, 3.7323074, 2.9967215, 3.0718501, 6.1070018, 4.1435342, 2.5849626;
  1.7296399, 0.73448247, 0.37851599, 0, 0, 0, 0, 0, 0, 1.86136, 5.4632235, 4.5559158, 3.2503328, 3.3628993, 2.3408954, 4.9717941, 5.4632235, 4.5618134, 2.5849626;
  1.4034727, 0.22597477, 0.19747628, 0, 0, 0, 0, 0, 0.37851599, 1.6570672, 5.8023419, 3.6800439, 3.7687089, 3.5646987, 2.0407546, 4.4554524, 5.803122, 3.6644189, 2.5849626;
  1.6732829, 0.88320732, 0.26312232, 0, 0, 0, 0, 0, 0.37851599, 1.8735036, 5.3055611, 5.1612864, 3.6200387, 3.5314517, 3.0422876, 4.6423659, 5.2392311, 5.2512064, 2.5849626;
  0.79698247, 1.1148552, 0.42236453, 0, 0, 0, 0, 0, 0, 3.5577521, 4.0830579, 5.3597331, 2.9084616, 2.2927201, 4.3431377, 5.3111091, 4.0792279, 5.4593806, 2.5849626;
  1.2649074, 1.396029, 0.32867748, 0, 0, 0, 0, 0, 0.13174008, 2.1594434, 4.8198819, 5.4542761, 3.7844672, 2.4414697, 3.8951828, 4.1917009, 4.8198819, 5.529532, 2.5849626;
  0.97516686, 0.91856444, 0.37851599, 0, 0, 0, 0, 0, 0.065914415, 3.6541712, 4.0637493, 5.6502032, 2.9401641, 2.3605151, 4.7013865, 5.6092725, 4.0637493, 5.7088733, 2.5849626;
  1.9450138, 0.98601717, 0.26312232, 0, 0, 0, 0, 0, 0.51184911, 0, 6.0680919, 3.7745869, 3.921129, 3.9112589, 2.9672124, 2.6007025, 6.0094218, 3.7745869, 2.5849626;
  1.4077604, 1.0510988, 0.37851599, 0, 0, 0, 0, 0, 0.26312232, 2.0144031, 4.4876008, 4.9523973, 3.3280172, 2.7814746, 2.9408994, 5.1008043, 4.4673333, 4.9391103, 2.5849626;
  2.009372, 1.0198488, 0.26312232, 0, 0, 0, 0, 0, 0.13174008, 0.19747628, 5.8913016, 4.236238, 3.8000922, 3.620748, 3.1442144, 3.0929556, 5.866931, 4.2292333, 2.5849626;
  2.1087599, 1.249492, 0.26312232, 0, 0, 0, 0, 0, 0.11611508, 0.13174008, 5.6626992, 3.9993272, 3.4548872, 3.8276238, 2.8980346, 2.9959371, 5.685782, 3.9993272, 2.5849626;
  1.5652598, 0.92628819, 0.37851599, 0, 0, 0, 0, 0, 0, 2.8579614, 5.14642, 5.3618135, 3.1788855, 3.2165573, 3.5221469, 5.0500717, 5.1588702, 5.5134535, 2.5849626;
  1.7828536, 1.1038715, 0.37851599, 0, 0, 0, 0, 0, 0.065914415, 1.6042947, 4.9979763, 5.1831574, 3.6530924, 3.0696125, 2.9837258, 4.8527198, 4.9979763, 5.1675324, 2.5849626;
  1.9992385, 1.3386933, 0.26312232, 0, 0, 0, 0, 0, 0.065914415, 0.35699341, 5.1014624, 5.6513572, 2.7304416, 3.7194135, 3.765625, 3.4164171, 5.0917349, 5.6859622, 2.5849626;
  2.1535206, 1.125394, 0.26312232, 0, 0, 0, 0, 0, 0.11611508, 1.0721155, 5.3403463, 5.2549653, 3.3680167, 3.5534492, 3.489187, 4.2968369, 5.3446836, 5.315321, 2.5849626;
  1.0123144, 0.94191319, 0.26312232, 0, 0, 0, 0, 0, 1.2321661, 3.5099788, 4.700305, 5.8638816, 3.0167878, 3.8565028, 5.5574808, 4.7451839, 4.6712103, 5.9311719, 2.5849626;
  1.2321661, 0.94191319, 0.37851599, 0, 0, 0, 0, 0, 0, 1.3878477, 5.0686221, 5.9332395, 3.0066295, 3.5006552, 4.8097739, 3.506243, 5.0686221, 5.9311719, 2.5849626;
  1.2068137, 0.94191319, 0.26312232, 0, 0, 0, 0, 0, 1.3440223, 3.3673458, 4.6038761, 5.938684, 2.9074128, 3.868021, 5.6655469, 4.3062849, 4.6016068, 6.1492667, 2.5849626;
  1.9325969, 1.1130637, 0.42236453, 0, 0, 0, 0, 0, 0.11611508, 1.7894499, 5.5329638, 4.8361182, 3.6645734, 3.0909789, 4.4255819, 3.2423844, 5.4958162, 4.9123559, 2.5849626;
  2.0787487, 1.1130637, 0.44388708, 0, 0, 0, 0, 0, 0.18185128, 1.3342948, 5.3925433, 5.0477762, 3.7535203, 2.8751562, 4.3479447, 3.5656431, 5.4237933, 5.1104012, 2.5849626;
  1.6739047, 1.0031167, 0.37851599, 0, 0, 0, 0, 0, 0, 1.6925732, 5.496007, 5.4134083, 3.5375416, 3.2118542, 3.346334, 4.6656117, 5.492177, 5.4267635, 2.5849626;
  1.1680704, 1.0123144, 0.26312232, 0, 0, 0, 0, 0, 0.19747628, 1.2223593, 5.5453587, 5.2384453, 3.9215653, 2.9426446, 4.4437847, 3.123616, 5.5707111, 5.2138729, 2.5849626;
  1.7737093, 1.4007066, 0.44388708, 0, 0, 0, 0, 0, 0.065914415, 0.98764378, 5.6560211, 5.1330509, 3.6014097, 3.4339144, 3.111078, 4.0705309, 5.7205887, 5.1589322, 2.5849626;
  1.2221411, 0.39414099, 0.37851599, 0, 0, 0, 0, 0, 0.065914415, 3.156904, 4.6597018, 4.4942226, 3.2767038, 2.5917134, 1.9390256, 5.8907232, 4.6689758, 4.5039501, 2.5849626;
  2.0116696, 1.5067561, 0.42236453, 0, 0, 0, 0, 0, 0.065914415, 0.19747628, 5.5713434, 5.3590426, 3.5604324, 3.1397412, 3.3610122, 3.4303875, 5.5928659, 5.3590426, 2.5849626;
  1.1993204, 0.74780715, 0.26312232, 0, 0, 0, 0, 0, 0, 1.3253477, 5.4879761, 5.2020917, 2.9710255, 3.5298207, 2.6605687, 4.9880962, 5.5036011, 5.2020917, 2.5849626;
  2.1111207, 1.4444007, 0.32867748, 0, 0, 0, 0, 0, 0.19747628, 1.2536887, 5.1431403, 5.1726284, 3.4971197, 3.0687304, 3.0325601, 4.3412046, 5.1802878, 5.2969732, 2.5849626;
  2.0219746, 0.92829186, 0.26312232, 0, 0, 0, 0, 0, 0.49622411, 0.13174008, 5.759624, 3.81354, 3.7330739, 3.7594178, 2.4165301, 3.3545489, 5.7432184, 3.8523355, 2.5849626;
  1.464161, 1.0172672, 0.37851599, 0, 0, 0, 0, 0, 0.72968012, 1.3447592, 5.404314, 4.9242101, 4.4124036, 3.0429966, 2.7852571, 4.5129399, 5.5039616, 4.9423723, 2.5849626;
  1.6484361, 0.065914415, 0.19747628, 0, 0, 0, 0, 0, 0.71295989, 1.2009161, 5.7647409, 3.0837417, 4.5100546, 3.1768179, 1.8185626, 3.9293864, 5.7626734, 3.0837417, 2.5849626;
  0.70443225, 0.78725505, 0.26312232, 0, 0, 0, 0, 0, 0, 0.45951208, 4.2888227, 4.6497145, 1.2908082, 3.3761837, 3.0180976, 3.6425219, 4.282145, 4.6497145, 2.5849626;
  1.8110539, 1.3169982, 0.26312232, 0, 0, 0, 0, 0, 0, 2.2924011, 4.8982592, 5.6904459, 3.0767455, 3.2811463, 3.4319718, 5.3393092, 4.8982592, 5.7663016, 2.5849626;
  2.1543648, 1.3921354, 0.26312232, 0, 0, 0, 0, 0, 0.24749732, 1.914481, 5.1321797, 5.401886, 3.2897115, 3.1261129, 3.2406421, 4.8093777, 5.1181149, 5.3929386, 2.5849626;
  1.5441619, 0.59888715, 0.19747628, 0, 0, 0, 0, 0, 0.18185128, 1.1351215, 5.0899158, 4.5495481, 3.2473965, 3.4565442, 2.9709599, 4.0412588, 5.1092939, 4.5495481, 2.5849626;
  1.7954289, 1.8273007, 0.42236453, 0, 0, 0, 0, 0, 0, 0.065914415, 4.7131538, 5.8229041, 3.1006968, 2.9141281, 3.5955122, 3.394347, 4.7131538, 5.8013816, 2.5849626;
  0.76932973, 0.78495473, 0.26312232, 0, 0, 0, 0, 0, 0.57434911, 3.0074394, 4.0399103, 6.1121192, 3.5544057, 1.9945676, 5.5810723, 4.7887793, 4.0399103, 6.1669593, 2.5849626;
  1.530491, 1.6295273, 0.32867748, 0, 0, 0, 0, 0, 0, 1.4128159, 4.1719513, 5.7498965, 2.6001399, 3.0792933, 3.8160203, 4.2284665, 4.1719513, 5.7253242, 2.5849626;
  2.377471, 1.6127545, 0.32867748, 0, 0, 0, 0, 0, 0.19747628, 1.8562812, 5.2328587, 5.1387672, 3.7535203, 3.1123211, 3.273937, 4.7647409, 5.2328587, 5.1329947, 2.5849626;
  1.8488232, 0.76932973, 0.26312232, 0, 0, 0, 0, 0, 0.065914415, 1.3655448, 5.4890833, 4.7260561, 3.350672, 3.6014097, 2.3334427, 4.7645793, 5.4824057, 4.7416811, 2.5849626;
  1.9547402, 0.70682973, 0.26312232, 0, 0, 0, 0, 0, 0.18185128, 0.91445732, 5.519351, 3.6424208, 3.794627, 3.3029037, 2.559176, 3.5169168, 5.5221992, 3.6424208, 2.5849626;
  2.0496788, 0.68880725, 0.19747628, 0, 0, 0, 0, 0, 0, 0.76932973, 5.9389567, 4.4779849, 3.2777529, 3.7479324, 2.7671535, 3.6881595, 5.9753242, 4.4779849, 2.5849626;
  0.99079186, 0.52479005, 0.37851599, 0, 0, 0, 0, 0, 0, 2.0612781, 4.3532739, 4.0574608, 2.8432603, 3.0960834, 2.180589, 4.9769182, 4.3513865, 4.0887108, 2.5849626;
  1.551059, 1.5483118, 0.32867748, 0, 0, 0, 0, 0, 0, 1.0142175, 4.9418826, 5.1108274, 2.5658839, 3.4169595, 3.2862637, 4.1878176, 4.9567275, 5.086863, 2.5849626;
  2.0611899, 1.1689153, 0.42236453, 0, 0, 0, 0, 0, 0.31305248, 1.6106517, 5.3610334, 5.2706399, 3.7832267, 3.3975897, 4.0336499, 3.8767102, 5.3551359, 5.3180437, 2.5849626;
  1.7168628, 1.1038715, 0.39414099, 0, 0, 0, 0, 0, 0, 1.8023193, 5.1273904, 5.3943057, 3.0212939, 3.1491418, 3.2240367, 4.9504905, 5.1273904, 5.4431229, 2.5849626;
  1.3815659, 1.1194965, 0.37851599, 0, 0, 0, 0, 0, 0, 0.72005725, 4.639523, 4.9890347, 2.4091251, 3.4571567, 3.1907058, 3.7931747, 4.6366754, 4.9734097, 2.5849626;
  1.2208431, 1.055195, 0.37851599, 0, 0, 0, 0, 0, 0, 1.8297831, 4.9833283, 5.2641401, 2.5361836, 3.3835611, 3.3767788, 4.5625806, 4.9892259, 5.1898446, 2.5849626;
  1.3815659, 1.3385208, 0.26312232, 0, 0, 0, 0, 0, 0, 0.13174008, 4.5396523, 5.1939702, 2.5815628, 3.3968723, 3.5389097, 2.7584214, 4.5438094, 5.1939702, 2.5849626;
  1.0279394, 1.2367071, 0.32867748, 0, 0, 0, 0, 0, 0, 2.9254794, 4.2186527, 5.9248209, 2.7847705, 2.8652327, 4.3983674, 4.9802399, 4.2186527, 5.9781718, 2.5849626;
  0.94191319, 0.96449465, 0.44388708, 0, 0, 0, 0, 0, 0.82664067, 0.71295989, 5.5778503, 5.3130727, 4.357563, 3.0578074, 3.5784194, 3.7383344, 5.5799184, 5.3012776, 2.5849626;
  2.1443133, 0.98011965, 0.32867748, 0, 0, 0, 0, 0, 0, 0.18185128, 5.5194988, 4.2193537, 3.3023419, 3.4837625, 2.4575064, 3.4818215, 5.5194988, 4.2080956, 2.5849626;
  1.6031876, 0.76932973, 0.26312232, 0, 0, 0, 0, 0, 0.29152992, 1.07082, 5.4165287, 4.844862, 3.90734, 3.2929416, 3.3655086, 3.938787, 5.4418812, 4.8848577, 2.5849626;
  0.95364434, 0.96926934, 0.26312232, 0, 0, 0, 0, 0, 0, 2.7770441, 3.9645905, 5.301445, 3.137841, 2.2168658, 5.9410796, 2.732101, 3.9645905, 5.3892975, 2.5849626;
  1.3984705, 1.280742, 0.26312232, 0, 0, 0, 0, 0, 0, 1.8422536, 4.6461916, 5.9032984, 2.8232152, 3.226721, 4.4199986, 3.9913201, 4.6520891, 5.9317007, 2.5849626;
  1.445514, 0.76932973, 0.26312232, 0, 0, 0, 0, 0, 0.13174008, 2.2302103, 5.2209172, 5.0261827, 3.3571653, 3.1838818, 4.9174061, 3.4609408, 5.2052922, 5.1063752, 2.5849626;
  1.5753121, 1.3699912, 0.26312232, 0, 0, 0, 0, 0, 0, 0.19747628, 5.5015335, 5.1520996, 3.6048958, 3.3211417, 3.3444052, 3.1010113, 5.4906988, 5.1423721, 2.5849626;
  1.8854635, 0.86758232, 0.32867748, 0, 0, 0, 0, 0, 0, 1.1532903, 5.6653666, 5.0520782, 3.4512591, 3.5271146, 2.7834492, 4.6616282, 5.6714659, 5.0723133, 2.5849626;
  1.156644, 0.88320732, 0.32867748, 0, 0, 0, 0, 0, 0.18185128, 1.787593, 5.4149685, 5.5726323, 2.9631214, 3.8883185, 3.5217578, 4.8964143, 5.4082909, 5.474545, 2.5849626;
  1.3241754, 1.3694566, 0.32867748, 0, 0, 0, 0, 0, 0, 2.3045182, 3.6947412, 5.943294, 2.6647074, 2.7188325, 3.4979324, 5.4407191, 3.6947412, 6.1454368, 2.5849626;
  1.0279394, 1.2675729, 0.42236453, 0, 0, 0, 0, 0, 0.065914415, 2.2424672, 3.5661287, 5.7577367, 2.910593, 2.221827, 3.3335752, 5.3692126, 3.5817537, 5.7682443, 2.5849626;
  2.1059971, 0.32867748, 0.26312232, 0, 0, 0, 0, 0, 0, 1.4300631, 5.8892341, 4.5038772, 3.6213012, 3.8125, 2.1241901, 4.6102319, 5.9361091, 4.5018091, 2.5849626;
  1.3809463, 0.75370473, 0.26312232, 0, 0, 0, 0, 0, 0.11611508, 1.8106128, 4.7133002, 5.5174627, 3.1359112, 3.2588437, 3.2724891, 5.0505795, 4.7133002, 5.5428147, 2.5849626;
  1.3503159, 1.2210821, 0.37851599, 0, 0, 0, 0, 0, 0.24749732, 1.8617084, 4.5704608, 5.7186465, 2.9709063, 3.0654247, 3.3700845, 4.8760343, 4.5704608, 5.784976, 2.5849626;
  0.97516686, 0.37851599, 0.19747628, 0, 0, 0, 0, 0, 0, 1.2208431, 3.9237714, 3.9534705, 2.839376, 2.6215158, 2.5872474, 3.7512279, 3.9237714, 3.9569733, 2.5849626;
  1.0279394, 0.44388708, 0.37851599, 0, 0, 0, 0, 0, 0.13174008, 1.69938, 4.5143061, 3.7294788, 3.2424042, 2.5486007, 1.8579473, 4.4784741, 4.4986811, 3.7451038, 2.5849626;
  1.1911887, 1.1954027, 0.32867748, 0, 0, 0, 0, 0, 0, 2.1024513, 4.2444577, 5.6947293, 2.8667846, 2.9266965, 3.3182938, 5.2428083, 4.2444577, 5.800601, 2.5849626;
  1.7485154, 1.0064169, 0.26312232, 0, 0, 0, 0, 0, 0.42826208, 1.8864731, 5.2761164, 4.8311462, 4.3317008, 2.8460255, 4.7431917, 2.7184985, 5.2917414, 4.9843469, 2.5849626;
  0.94781077, 0.69143736, 0.065914415, 0, 0, 0, 0, 0, 0.065914415, 1.2208431, 4.325666, 3.7908697, 2.7982936, 2.3958194, 1.9117161, 3.7505999, 4.3910136, 3.7908697, 2.5849626;
  1.7951128, 1.7394097, 0.44388708, 0, 0, 0, 0, 0, 0, 0.19747628, 4.675024, 5.3235593, 2.8458734, 3.0828118, 3.2793841, 3.7220726, 4.6817017, 5.3235593, 2.5849626;
  2.2847452, 1.3496963, 0.32867748, 0, 0, 0, 0, 0, 0.52157652, 0.065914415, 5.3572035, 4.2800689, 4.0206337, 3.3321567, 2.9648166, 3.17962, 5.3623209, 4.2800689, 2.5849626;
  1.7034547, 1.3971909, 0.26312232, 0, 0, 0, 0, 0, 0.23797715, 0.91445732, 4.9724278, 5.1983409, 3.6788757, 2.9443855, 3.3531721, 3.6579034, 5.0058718, 5.2177958, 2.5849626;
  1.9613107, 1.5482392, 0.37851599, 0, 0, 0, 0, 0, 0.62381345, 0.065914415, 5.0049434, 5.4777956, 3.8504143, 2.6849089, 3.5604324, 3.4829795, 5.0049434, 5.4777956, 2.5849626;
  1.1524454, 1.685698, 0.44388708, 0, 0, 0, 0, 0, 0.45951208, 0.19747628, 4.5414348, 5.7040033, 3.528842, 2.886059, 3.6326597, 3.6883018, 4.5414348, 5.7293558, 2.5849626;
  2.3228533, 1.0882465, 0.26312232, 0, 0, 0, 0, 0, 0.13174008, 0.29152992, 5.986012, 4.0493999, 3.4992623, 3.72258, 2.9216113, 3.1439519, 5.9891868, 4.0403275, 2.5849626;
  1.7672286, 0.78495473, 0.37851599, 0, 0, 0, 0, 0, 0.32867748, 0.98521578, 5.5000982, 5.3376236, 3.4078319, 3.6164222, 3.2130716, 4.2839909, 5.5059958, 5.4049354, 2.5849626;
  2.0999444, 1.3333049, 0.26312232, 0, 0, 0, 0, 0, 0.27590492, 1.1637979, 5.0554194, 5.2440324, 3.3710124, 3.4451597, 3.6570518, 4.1688466, 5.043951, 5.3162594, 2.5849626;
  2.2652667, 1.5666597, 0.45951208, 0, 0, 0, 0, 0, 0, 0.9827013, 5.3178635, 5.3979416, 3.2756853, 3.5368421, 3.1431296, 4.2228961, 5.2866135, 5.4173965, 2.5849626;
  1.1519735, 1.3867406, 0.37851599, 0, 0, 0, 0, 0, 0, 1.8277968, 3.9278157, 5.8584909, 2.8768389, 2.6699069, 3.563482, 5.2129564, 3.9278157, 5.8369684, 2.5849626;
  1.4777677, 0.89883232, 0.26312232, 0, 0, 0, 0, 0, 0.065914415, 1.1414872, 5.3949132, 5.0477939, 3.6215641, 2.783776, 2.5616565, 4.5814605, 5.4015913, 5.0672483, 2.5849626;
  2.1702781, 1.7240808, 0.37851599, 0, 0, 0, 0, 0, 0.11611508, 0.49717191, 5.3387308, 5.7341461, 3.2933779, 3.3566582, 3.7233465, 3.8575044, 5.3425608, 5.7156734, 2.5849626;
  1.4718702, 1.2253159, 0.32867748, 0, 0, 0, 0, 0, 1.1524454, 1.7398201, 5.0895648, 5.428122, 4.832696, 2.7209356, 3.7561183, 4.5565515, 5.1208148, 5.4222245, 2.5849626;
  1.3683927, 0.91856444, 0.37851599, 0, 0, 0, 0, 0, 0.37851599, 1.63688, 5.4765081, 4.9201326, 3.8695638, 3.5708234, 2.7336497, 4.7266517, 5.4793558, 4.8732576, 2.5849626;
  1.3683927, 0.98106444, 0.26312232, 0, 0, 0, 0, 0, 0.75600505, 3.5824659, 4.386076, 5.7561541, 3.0507915, 3.5904188, 5.5694776, 4.5333982, 4.4270535, 5.9523997, 2.5849626;
  1.7553831, 1.3156202, 0.39414099, 0, 0, 0, 0, 0, 0, 2.2526722, 4.8719568, 5.5946283, 2.9664195, 3.3771987, 3.6071332, 5.0394611, 4.8778543, 5.7216959, 2.5849626;
  1.9076188, 1.2916458, 0.26312232, 0, 0, 0, 0, 0, 0.065914415, 0.33164099, 5.3870411, 5.1159115, 3.3812644, 3.3364398, 3.916641, 2.0884471, 5.3811436, 5.1315365, 2.5849626;
  2.0141625, 1.094144, 0.37851599, 0, 0, 0, 0, 0, 0, 1.0349602, 5.5705094, 5.3996706, 3.3177483, 3.4494262, 3.2631226, 4.4304776, 5.5705094, 5.4326825, 2.5849626;
  1.9416372, 1.4163316, 0.32867748, 0, 0, 0, 0, 0, 0, 0.85288966, 5.2555757, 5.6426659, 2.9902999, 3.5114896, 3.4682643, 3.9832187, 5.2555757, 5.6016884, 2.5849626;
  2.2858219, 1.2224387, 0.39414099, 0, 0, 0, 0, 0, 0, 1.5676385, 5.0414038, 5.7227831, 3.133446, 3.4118421, 3.4548872, 4.8112783, 5.0414038, 5.6915331, 2.5849626;
  1.904837, 0.94191319, 0.26312232, 0, 0, 0, 0, 0, 0, 1.4766113, 5.8777442, 4.504045, 3.3565943, 3.7650125, 4.1442637, 3.1191657, 5.8941493, 4.5667038, 2.5849626;
  2.2141509, 1.2760208, 0.37851599, 0, 0, 0, 0, 0, 0.35699341, 1.4503477, 4.865922, 5.114749, 3.6159449, 2.7894824, 3.1532769, 4.4297638, 4.8635383, 5.1949415, 2.5849626;
  2.4407511, 1.5413316, 0.37851599, 0, 0, 0, 0, 0, 0, 1.4718702, 4.6379194, 5.4035001, 3.0241418, 3.2203872, 3.4148917, 4.4669433, 4.6661196, 5.4444776, 2.5849626;
  1.7407031, 2.0244563, 0.44388708, 0, 0, 0, 0, 0, 0.91656077, 1.0789658, 5.0820532, 4.9473481, 4.1744003, 2.7987139, 3.4029675, 4.4262748, 5.1780725, 5.0282984, 2.5849626;
  1.3020549, 0.51184911, 0.19747628, 0, 0, 0, 0, 0, 0, 0.32867748, 5.0234594, 3.2960861, 3.2649758, 3.2032018, 2.3227901, 3.2490704, 5.0234594, 3.2960861, 2.5849626;
  1.7955048, 1.0016422, 0.37851599, 0, 0, 0, 0, 0, 0.19747628, 0.39414099, 5.1696339, 5.0671382, 3.5856681, 3.1110122, 3.0805638, 3.9209864, 5.1696339, 5.0669365, 2.5849626;
  1.8656013, 1.2797288, 0.44388708, 0, 0, 0, 0, 0, 0, 2.767246, 5.2411509, 5.2915502, 2.4981444, 3.3254082, 2.8341632, 5.3104258, 5.2411509, 5.2947583, 2.5849626;
  2.858315, 1.5988885, 0.37851599, 0, 0, 0, 0, 0, 0.51826835, 0, 6.0177908, 4.5923548, 4.0638218, 3.5894344, 3.2629082, 2.7236583, 6.050601, 4.5895071, 2.5849626;
  0.79328722, 0.93979484, 0.45951208, 0, 0, 0, 0, 0, 0, 2.0905747, 4.6406531, 4.9373584, 2.6481442, 2.95384, 2.8686719, 5.1028924, 4.6464257, 4.9217334, 2.5849626;
  2.2810051, 0.29152992, 0.19747628, 0, 0, 0, 0, 0, 0, 0.19747628, 4.4309516, 4.66575, 3.2508569, 2.8572037, 3.041327, 3.2325063, 4.4309516, 4.66575, 2.5849626;
  1.1381185, 0.66728467, 0.19747628, 0, 0, 0, 0, 0, 0, 1.0435644, 4.4240851, 5.097826, 2.6259923, 2.8148253, 2.9427981, 4.2025442, 4.4240851, 5.097826, 2.5849626;
  1.8419349, 0.065914415, 0.19747628, 0, 0, 0, 0, 0, 0, 0.26312232, 4.4417872, 4.3268671, 3.1738391, 2.9089942, 2.8222585, 3.0862648, 4.4417872, 4.3268671, 2.5849626;
  2.8745682, 0.16032873, 0, 0, 0, 0, 0, 0, 1.2708049, 0.85195732, 5.6648917, 1.4609705, 3.4312162, 4.2286744, 2.3049672, 0, 5.6902442, 1.4765955, 2.5849626;
  2.2066202, 2.3354461, 0.45951208, 0, 0, 0, 0, 0, 0, 0, 5.1719275, 5.4923925, 2.0457673, 3.4765785, 3.0059626, 3.2576251, 5.1719275, 5.4923925, 2.5849626;
  4.1288958, 3.1654356, 0.19747628, 0, 0, 0, 0, 0, 0, 0, 5.4546371, 5.1985593, 3.2435606, 3.059921, 3.156256, 2.6090798, 5.4546371, 5.1985593, 2.5849626;
  2.7797554, 2.1753159, 0.41263708, 0, 0, 0, 0, 0, 0.42826208, 0, 5.0726538, 5.2810869, 3.3022306, 2.9473324, 3.074476, 2.8581042, 5.0618191, 5.2810869, 2.5849626;
  2.2533841, 2.2263806, 0.44388708, 0, 0, 0, 0, 0, 0, 2.2284603, 5.0604053, 5.7698045, 2.8493507, 2.9193599, 5.5000997, 3.4328575, 5.0760303, 5.8090196, 2.5849626;
  1.1934463, 0.24749732, 0.37851599, 0, 0, 0, 0, 0, 0.11611508, 0.32867748, 4.5800419, 4.489656, 3.4949679, 2.7702081, 2.4856949, 3.8376722, 4.5800419, 4.489656, 2.5849626;
  2.4291961, 0.39111453, 0.18185128, 0, 0, 0, 0, 0, 2.1628783, 0, 6.1205592, 3.7109623, 5.7175608, 4.0523963, 2.8529217, 1.8629657, 6.1459117, 3.7109623, 2.5849626;
  1.9701644, 0, 0, 0, 0, 0, 0, 0, 1.1325185, 0, 5.6192007, 2.7604966, 4.7321186, 3.0905967, 2.5635922, 0.65007234, 5.6348257, 2.7604966, 2.5849626;
  2.0639145, 2.1873436, 0.44388708, 0, 0, 0, 0, 0, 0.13174008, 1.2082021, 5.1737351, 5.7521658, 2.6693246, 3.3396871, 4.8230734, 3.6082544, 5.2167807, 5.7666836, 2.5849626;
  2.1217504, 1.2336574, 0.065914415, 0, 0, 0, 0, 0, 0.94983047, 0.42082188, 5.5468478, 4.6616964, 3.5716124, 4.2312112, 3.6844368, 2.0490696, 5.6142635, 4.695014, 2.5849626;
  2.0930967, 0.54873812, 0.26312232, 0, 0, 0, 0, 0, 0.61791587, 0.24749732, 5.5474596, 3.3245006, 4.0980148, 3.4430921, 2.4187443, 2.9517341, 5.5474596, 3.3245006, 2.5849626;
  2.4120467, 1.6328403, 0.44388708, 0, 0, 0, 0, 0, 0.18185128, 2.521476, 5.2174354, 5.339386, 3.6930878, 2.7829084, 4.8419824, 3.9074566, 5.245636, 5.3118515, 2.5849626;
  3.0491672, 2.3966465, 0.52479005, 0, 0, 0, 0, 0, 0.69120473, 1.201118, 5.4595742, 5.2692475, 3.6229324, 3.7224715, 3.3530555, 4.0970554, 5.5224009, 5.4003253, 2.5849626;
  2.0688496, 1.4465177, 0.26312232, 0, 0, 0, 0, 0, 0, 0.19747628, 4.8554349, 5.2919903, 1.9907246, 3.2339275, 3.5448074, 3.1592755, 4.8554349, 5.2704678, 2.5849626;
  3.3375254, 2.4051666, 0.49354008, 0, 0, 0, 0, 0, 0.24749732, 0.77898544, 5.4562187, 5.3352289, 3.557694, 3.3701186, 3.6022115, 3.7984414, 5.4141345, 5.3154688, 2.5849626;
  1.2068137, 1.6763616, 0.42236453, 0, 0, 0, 0, 0, 0.99668944, 2.1668217, 4.8661294, 5.1261792, 2.2178442, 3.7974749, 5.0528383, 2.9804745, 4.8133569, 5.2519593, 2.5849626;
  3.4050477, 2.107512, 0.45951208, 0, 0, 0, 0, 0, 0.22597477, 0, 5.7580633, 4.8069592, 3.7544298, 3.6414268, 3.3962171, 2.8180223, 5.7373209, 4.8069592, 2.5849626;
  1.2446585, 0.8919403, 0.31305248, 0, 0, 0, 0, 0, 0.26312232, 0, 4.8017473, 4.2045293, 3.484611, 3.1547296, 3.0491972, 2.5625064, 4.7763948, 4.2045293, 2.5849626;
  1.9529995, 0.68530715, 0.26312232, 0, 0, 0, 0, 0, 0, 0.32867748, 5.5171585, 3.7197564, 3.2852108, 3.2634323, 2.1370723, 3.4251606, 5.491806, 3.7197564, 2.5849626;
  2.0667212, 0.8773098, 0.37851599, 0, 0, 0, 0, 0, 0, 2.3416657, 5.0504775, 4.9235349, 3.3684533, 3.1453118, 2.6716113, 5.4823728, 5.0661025, 4.9704099, 2.5849626;
  3.305021, 2.752733, 0.45951208, 0, 0, 0, 0, 0, 0.065914415, 0, 4.7015157, 5.4238939, 3.3130713, 3.0180638, 3.0656044, 3.3739142, 4.6702657, 5.4238939, 2.5849626;
  2.6223643, 1.3565544, 0.32867748, 0, 0, 0, 0, 0, 0.65755725, 0.19747628, 5.5546331, 4.5778141, 3.3240111, 3.8924592, 3.1467669, 3.2022524, 5.5390081, 4.5778141, 2.5849626;
  2.6867857, 1.3507, 0.35699341, 0, 0, 0, 0, 0, 2.5482972, 0, 5.5709238, 4.3899159, 5.161593, 4.2071533, 3.1530967, 2.3305695, 5.7416916, 4.3899159, 2.5849626;
  3.1760662, 2.1202283, 0.42236453, 0, 0, 0, 0, 0, 0, 0.50916505, 5.2813816, 4.7358489, 3.4177396, 2.8768554, 3.091759, 3.6013639, 5.2813816, 4.7358489, 2.5849626;
  1.1629883, 1.5487885, 0.44388708, 0, 0, 0, 0, 0, 0, 1.4081979, 4.6241159, 5.3034492, 2.1515238, 2.9619355, 3.4136159, 3.947891, 4.6241159, 5.3288016, 2.5849626;
  1.5351647, 1.0346937, 0.13174008, 0, 0, 0, 0, 0, 0, 2.0808473, 4.9456415, 5.269351, 2.8260121, 2.9949439, 3.1755972, 4.7290688, 4.9456415, 5.269351, 2.5849626;
  1.8778037, 0.63943845, 0, 0, 0, 0, 0, 0, 0.35318679, 0.18185128, 5.4851484, 2.0269678, 2.1118948, 4.1223493, 2.1607184, 0, 5.4003458, 1.9957176, 2.5849626;
  2.4914556, 1.9878829, 0.44388708, 0, 0, 0, 0, 0, 0, 0.77688199, 5.8572035, 5.370636, 3.3852139, 3.6848197, 4.2104406, 3.0490739, 5.8072791, 5.382431, 2.5849626;
  2.0042043, 1.2551799, 0.065914415, 0, 0, 0, 0, 0, 0.13174008, 1.2795365, 4.8071551, 4.4808202, 3.0951262, 3.2784445, 4.6731215, 1.5981597, 4.8071551, 4.4651952, 2.5849626;
  1.492154, 0.94191319, 0.26312232, 0, 0, 0, 0, 0, 1.9819977, 1.7002463, 5.2030978, 4.8026915, 2.7943769, 5.1976976, 4.5958891, 4.514761, 5.1600528, 4.7982068, 2.5849626;
  1.7140149, 0, 0, 0, 0, 0, 0, 0, 0.19747628, 0, 5.6621785, 2.3212013, 3.9283724, 3.0015745, 1.9233972, 2.1773453, 5.6621785, 2.3212013, 2.5849626;
  2.2721462, 0.065914415, 0.19747628, 0, 0, 0, 0, 0, 0, 0.26312232, 5.7172337, 3.6491773, 3.2898695, 3.5798872, 2.3216813, 3.3035743, 5.7172337, 3.6491773, 2.5849626;
  0.96449465, 0, 0, 0, 0, 0, 0, 0, 0.83413005, 0, 5.1206574, 3.0760839, 4.3472004, 2.5987697, 2.2201383, 2.1305542, 5.1206574, 3.0760839, 2.5849626;
  1.817066, 1.7642781, 0.32867748, 0, 0, 0, 0, 0, 0.16032873, 1.4124198, 5.0337329, 4.8077593, 2.6196163, 3.2198913, 3.2812188, 3.8013685, 4.9430327, 4.8833632, 2.5849626;
  1.5854595, 0.065914415, 0.35699341, 0, 0, 0, 0, 0, 0, 0.39414099, 5.6403031, 3.6176147, 3.6639097, 3.0145993, 1.9835397, 3.5446229, 5.6403031, 3.6019897, 2.5849626;
  0.89883232, 1.4330748, 0.44388708, 0, 0, 0, 0, 0, 0.30344066, 1.1524454, 4.4086337, 5.1862059, 1.9772556, 3.3275831, 3.0869462, 4.4026761, 4.4524593, 5.1162477, 2.5849626;
  1.8651899, 0.89883232, 0.26312232, 0, 0, 0, 0, 0, 1.8849319, 1.956143, 5.6392341, 5.1162987, 5.1558466, 3.8087909, 4.4753184, 4.0674748, 5.7104793, 5.1394582, 2.5849626;
  2.3120003, 0.71295989, 0.13174008, 0, 0, 0, 0, 0, 0.65755725, 0, 6.0488391, 3.7914195, 4.4925961, 3.3114142, 2.3120637, 2.5409625, 6.0175891, 3.7914195, 2.5849626;
  2.9770639, 1.8082176, 0.44388708, 0, 0, 0, 0, 0, 0.52479005, 0.57434911, 5.5889325, 4.6574402, 3.9633138, 3.0743933, 2.6502111, 3.8665121, 5.6201825, 4.7054224, 2.5849626;
  2.5084727, 1.7089399, 0.44388708, 0, 0, 0, 0, 0, 0.065914415, 0.33164099, 5.7349262, 5.1051912, 3.880285, 3.3900099, 3.7088382, 3.6347234, 5.7377958, 5.1147938, 2.5849626;
  2.7305372, 1.8514646, 0.45951208, 0, 0, 0, 0, 0, 0.42236453, 0.36289099, 5.2903762, 4.7743449, 4.0715685, 2.7353797, 2.8433747, 3.6511192, 5.3060012, 4.7735643, 2.5849626;
  1.9855423, 1.1793005, 0.44388708, 0, 0, 0, 0, 0, 0.13174008, 1.7573345, 4.5186329, 5.1380773, 3.4641573, 2.5824685, 2.5715454, 5.2116303, 4.578208, 5.1877999, 2.5849626;
  2.1086135, 0.98106444, 0, 0, 0, 0, 0, 0, 0.32867748, 2.1986418, 4.884788, 4.8973298, 3.3645349, 2.9645801, 4.8755913, 2.2107682, 4.8788905, 5.0341249, 2.5849626;
  1.9415152, 0.46212623, 0.35699341, 0, 0, 0, 0, 0, 0, 0.26312232, 4.5521674, 4.0484552, 2.96545, 3.1277442, 2.3897085, 3.5074794, 4.5521674, 4.0484552, 2.5849626;
  2.3979285, 1.5711627, 0.42236453, 0, 0, 0, 0, 0, 0.19747628, 0.57434911, 5.2164536, 5.0258002, 3.8102169, 3.3805921, 2.8694735, 3.8623574, 5.2272882, 5.0258002, 2.5849626;
  3.4586365, 2.0798645, 0.26312232, 0, 0, 0, 0, 0, 0, 0, 5.6148419, 5.1555138, 3.5111458, 3.3149173, 3.6044595, 2.6097245, 5.6148419, 5.1555138, 2.5849626;
  3.4260988, 2.3325808, 0.19747628, 0, 0, 0, 0, 0, 0, 0.13174008, 4.9875565, 5.0760303, 3.3884323, 2.9242768, 3.3180921, 3.113097, 4.9875565, 5.1010561, 2.5849626;
  2.7788422, 1.8519179, 0.32867748, 0, 0, 0, 0, 0, 0.66968215, 0.89484888, 5.8170066, 5.2991176, 4.2172084, 3.1611929, 4.0742455, 3.0086131, 5.8267341, 5.3429427, 2.5849626;
  1.514866, 1.7350317, 0.45951208, 0, 0, 0, 0, 0, 0, 1.889212, 5.1312094, 5.674696, 3.4950845, 2.7536893, 3.4007218, 5.2750187, 5.1312094, 5.752821, 2.5849626;
  1.685107, 0.86758232, 0.37851599, 0, 0, 0, 0, 0, 1.519809, 0, 5.6788311, 3.7471776, 5.0739012, 3.0313268, 2.620363, 2.8654165, 5.7100811, 3.7471776, 2.5849626;
  2.2677433, 2.0399127, 0.32867748, 0, 0, 0, 0, 0, 0.20062232, 0.40673953, 4.8565001, 5.8994684, 3.5522869, 2.6342969, 3.72258, 3.8132761, 4.8557911, 5.947124, 2.5849626;
  0.94581991, 1.109769, 0.37851599, 0, 0, 0, 0, 0, 0.31601599, 0.26312232, 4.4632235, 3.7394426, 2.0496402, 3.213968, 2.0143917, 2.7172554, 4.4573259, 3.7282701, 2.5849626;
  1.7171344, 1.9597585, 0.44388708, 0, 0, 0, 0, 0, 0, 0.58997411, 3.6433089, 5.6509037, 2.6629801, 2.5269954, 3.767987, 3.6785393, 3.6433089, 5.6450062, 2.5849626;
  2.1669812, 1.0452013, 0, 0, 0, 0, 0, 0, 0.18185128, 1.5663669, 5.1514449, 5.0731349, 2.6950185, 3.3373106, 4.868444, 2.0344162, 5.1388693, 5.0418849, 2.5849626;
  3.0397444, 2.6180272, 0.45951208, 0, 0, 0, 0, 0, 1.6813626, 0.19747628, 5.1474237, 5.0495925, 4.4127388, 3.4540935, 2.9309204, 3.3686917, 5.1283498, 5.0506992, 2.5849626;
  2.9381135, 2.2624187, 0.45951208, 0, 0, 0, 0, 0, 0.065914415, 0, 4.7527966, 5.8697791, 3.1569266, 3.1504164, 3.6191025, 3.5278141, 4.7255783, 5.8913016, 2.5849626;
  2.7331402, 0.70628214, 0, 0, 0, 0, 0, 0, 0.70443225, 0, 5.7265081, 3.794246, 4.0689974, 3.050163, 2.8985302, 1.2848743, 5.6952581, 3.794246, 2.5849626;
  1.2902677, 0.44666508, 0, 0, 0, 0, 0, 0, 1.0298425, 0, 5.2419877, 3.2278841, 3.826721, 3.0222106, 2.7616901, 1.2549186, 5.2872472, 3.2278841, 2.5849626;
  2.1080649, 0.91656077, 0.37851599, 0, 0, 0, 0, 0, 0.16032873, 1.589161, 5.3376236, 5.3361344, 3.1336417, 3.5719178, 4.5941052, 3.3461845, 5.3079557, 5.3927369, 2.5849626;
  1.7829438, 1.702262, 0.45951208, 0, 0, 0, 0, 0, 0, 2.2405694, 4.8444328, 5.575027, 2.7646494, 3.2417293, 3.3584657, 5.6005697, 4.8503304, 5.6420121, 2.5849626;
  1.8766145, 1.474154, 0.44388708, 0, 0, 0, 0, 0, 0.63013715, 1.9558902, 4.5094147, 5.7187228, 3.7382107, 2.8144867, 3.8770218, 4.5228281, 4.5250397, 5.7402458, 2.5849626;
  1.7978405, 1.5849434, 0.44388708, 0, 0, 0, 0, 0, 0.26312232, 1.1309229, 3.6292198, 5.0205364, 3.0333619, 2.379072, 2.3878765, 4.6257935, 3.6292198, 5.0361614, 2.5849626;
  2.3775132, 1.320514, 0.44388708, 0, 0, 0, 0, 0, 0, 0.53311312, 5.4646912, 5.2120233, 3.4630542, 3.5687671, 2.7095954, 3.9719968, 5.4646912, 5.1651483, 2.5849626;
  1.8157684, 0.89535296, 0.44388708, 0, 0, 0, 0, 0, 0, 0.24749732, 4.1722407, 4.3643847, 3.074208, 2.6378164, 2.5873761, 3.5269854, 4.1722407, 4.3643847, 2.5849626;
  2.3949256, 0.31305248, 0.19747628, 0, 0, 0, 0, 0, 0, 1.055195, 5.3960919, 3.5761826, 3.4215696, 3.4884067, 2.4223285, 3.6023648, 5.3988361, 3.5918076, 2.5849626;
  3.2846279, 2.2085879, 0.32867748, 0, 0, 0, 0, 0, 0, 0, 5.2856312, 5.308239, 3.3826597, 3.3739142, 3.738205, 2.533323, 5.2789536, 5.308239, 2.5849626;
  0.26312232, 0.32867748, 0.26312232, 0, 0, 0, 0, 0, 0.52479005, 0.37851599, 3.5791657, 4.3376641, 3.6829789, 1.8351613, 2.7235847, 3.125006, 3.5791657, 4.3473916, 2.5849626;
  2.5872731, 2.3003953, 0.44388708, 0, 0, 0, 0, 0, 0.49032655, 0.13174008, 4.8826876, 5.6462936, 3.6317711, 3.2081387, 3.4936805, 3.2626519, 4.8968773, 5.6411762, 2.5849626;
  2.0465469, 0.45951208, 0.26312232, 0, 0, 0, 0, 0, 0, 0.32867748, 4.8057494, 4.1930733, 3.0848668, 3.1513345, 2.5312231, 3.3429563, 4.8057494, 4.1774483, 2.5849626;
  2.3622057, 1.3873069, 0.44388708, 0, 0, 0, 0, 0, 0.065914415, 0.75820732, 5.4041338, 5.28441, 3.701721, 2.9753795, 2.8306296, 4.3354053, 5.4012861, 5.3476901, 2.5849626;
  2.8717546, 1.8790152, 0.45951208, 0, 0, 0, 0, 0, 0, 0.79844034, 4.5951042, 5.1719732, 3.0313139, 2.8294566, 3.0825262, 4.3235364, 4.5951042, 5.2304964, 2.5849626;
  2.335746, 0.78725505, 0, 0, 0, 0, 0, 0, 1.1836954, 0.22597477, 5.0175662, 3.7287123, 4.5910273, 2.6676693, 3.0905247, 1.8735539, 5.019721, 3.7912123, 2.5849626;
  2.0800695, 1.1485277, 0.42236453, 0, 0, 0, 0, 0, 0, 0.26312232, 4.2643776, 4.0041041, 2.9625313, 2.7902954, 2.3211646, 3.2182186, 4.2643776, 4.0041041, 2.5849626;
  3.7252536, 1.8397945, 0.45951208, 0, 0, 0, 0, 0, 0, 0.55872411, 5.1834626, 5.0510168, 3.2992754, 2.8986788, 2.9717739, 3.7343614, 5.1834626, 5.0607443, 2.5849626;
  2.6684477, 0.82070732, 0, 0, 0, 0, 0, 0, 0.13174008, 0.24749732, 5.0573678, 4.1262155, 3.0357339, 2.6880732, 3.033092, 1.508014, 5.0729928, 4.1144199, 2.5849626;
  2.791985, 2.9424913, 0.45951208, 0, 0, 0, 0, 0, 0.50916505, 0, 5.2187228, 5.3827701, 3.1680877, 3.472816, 3.3957849, 3.097815, 5.2469234, 5.3827701, 2.5849626;
  2.597465, 1.623198, 0.13174008, 0, 0, 0, 0, 0, 0.11611508, 0.81691319, 5.3619485, 5.3167562, 3.1494005, 3.351896, 3.1979039, 3.7338307, 5.3779001, 5.3508539, 2.5849626;
  1.2536887, 0.26312232, 0, 0, 0, 0, 0, 0, 0.50916505, 0.065914415, 5.50108, 1.7428813, 4.9646544, 3.1118097, 1.397718, 0.80505407, 5.5125484, 1.7585063, 2.5849626;
  2.1068385, 0.85563362, 0.31305248, 0, 0, 0, 0, 0, 0.065914415, 0.37851599, 4.6058722, 4.4045377, 3.5220473, 3.1608663, 2.7536011, 3.5363936, 4.6058722, 4.4260602, 2.5849626;
  1.6076896, 0.88320732, 0, 0, 0, 0, 0, 0, 0, 2.3289592, 4.9115205, 5.0605159, 3.0983255, 3.1583734, 5.5419865, 2.2060182, 4.9293275, 5.0361457, 2.5849626;
  0.93914217, 0.85997081, 0.44388708, 0, 0, 0, 0, 0, 0, 0.31305248, 4.8328562, 5.1883621, 2.7694821, 3.0875895, 3.4545684, 4.4588099, 4.8328562, 5.1727371, 2.5849626;
  2.1958754, 1.4511422, 0.065914415, 0, 0, 0, 0, 0, 0.32867748, 0, 5.0032954, 4.5498991, 3.6858487, 3.2216039, 2.6448429, 2.5617857, 5.0032954, 4.5498991, 2.5849626;
  1.1157864, 0.79698247, 0.26312232, 0, 0, 0, 0, 0, 0.065914415, 0.39414099, 5.4874797, 4.5981269, 3.8275125, 2.7239223, 2.952589, 3.4952295, 5.4562297, 4.5835772, 2.5849626;
  2.2661178, 1.3618079, 0.37851599, 0, 0, 0, 0, 0, 0.45951208, 0.32867748, 5.0430517, 4.5483031, 3.8875713, 2.8074594, 2.8742425, 3.5450432, 5.0274267, 4.5483031, 2.5849626;
  2.0208676, 0.74780715, 0.26312232, 0, 0, 0, 0, 0, 0, 0.26312232, 5.5369401, 3.9756896, 2.90136, 3.5452437, 2.3739452, 3.4644344, 5.5369401, 3.9814498, 2.5849626;
  2.6512651, 1.3789147, 0.44388708, 0, 0, 0, 0, 0, 0.24749732, 0.65506345, 5.6329384, 4.4219823, 3.8735323, 3.3937173, 2.9626236, 3.7284834, 5.6952367, 4.428535, 2.5849626;
  2.5590727, 1.5654826, 0.44388708, 0, 0, 0, 0, 0, 0.19747628, 0.52747411, 5.0675917, 4.5051131, 3.2648506, 3.5671315, 3.0690742, 3.1504376, 5.1182494, 4.5154943, 2.5849626;
  2.4087946, 0.93418944, 0.39414099, 0, 0, 0, 0, 0, 0, 1.0123144, 3.592633, 4.259305, 2.9612095, 2.4302666, 2.9399726, 3.8755729, 3.592633, 4.27493, 2.5849626;
  1.332309, 1.109769, 0.37851599, 0, 0, 0, 0, 0, 0, 1.5139115, 5.2468305, 5.3953118, 2.2887173, 3.5857847, 3.3873551, 4.9541469, 5.2312055, 5.3543344, 2.5849626;
  2.1712134, 0.83633232, 0, 0, 0, 0, 0, 0, 0.37851599, 0, 4.7453465, 3.8665824, 3.6481681, 2.4535723, 2.9452033, 1.1151249, 4.7453465, 3.8665824, 2.5849626;
  2.2774312, 1.7119895, 0.45951208, 0, 0, 0, 0, 0, 0, 0.64193225, 5.5887308, 5.5123467, 3.4320128, 3.2136385, 3.4307313, 3.8195765, 5.5864611, 5.5435967, 2.5849626;
  2.2968578, 1.6324199, 0.44388708, 0, 0, 0, 0, 0, 0, 1.38195, 3.8691723, 5.4010386, 3.0161595, 2.4935954, 2.8211513, 4.9177794, 3.8691723, 5.4694362, 2.5849626;
  1.5549521, 1.3410516, 0.31305248, 0, 0, 0, 0, 0, 0.13174008, 0.32867748, 4.9169326, 4.8474059, 2.8436022, 2.9187889, 2.8673036, 3.2960203, 4.9325576, 4.8474059, 2.5849626;
  1.222468, 0.37126285, 0.24749732, 0, 0, 0, 0, 0, 1.1301427, 0, 5.3483334, 3.042398, 4.2659411, 3.2881608, 2.3506026, 2.4964473, 5.3327084, 3.042398, 2.5849626;
  0.99795771, 0.29152992, 0.18185128, 0, 0, 0, 0, 0, 0.26312232, 0, 4.0309911, 2.9845324, 3.3399429, 2.621902, 2.4077649, 1.8320146, 4.0309911, 2.9845324, 2.5849626;
  2.3354461, 0.6741848, 0.26312232, 0, 0, 0, 0, 0, 0.79698247, 0.19747628, 5.9616418, 3.7763367, 4.4453511, 3.2293344, 2.5493703, 3.0345414, 5.9644895, 3.7763367, 2.5849626;
  0.78945732, 0.72695732, 0.45951208, 0, 0, 0, 0, 0, 0, 2.5385711, 4.4901524, 5.0584602, 3.3288016, 2.3142123, 2.4082232, 5.6948543, 4.4901524, 5.0897102, 2.5849626;
  0.71655715, 0.85711044, 0, 0, 0, 0, 0, 0, 0.26312232, 0, 3.938561, 3.8388705, 2.9327073, 2.3109925, 2.3295906, 1.9553579, 3.938561, 3.8388705, 2.5849626;
  0.75370473, 0, 0, 0, 0, 0, 0, 0, 0.26312232, 0, 4.4668694, 2.7866783, 3.347472, 2.6879048, 2.5362864, 0.74207252, 4.4668694, 2.7866783, 2.5849626;
  1.8973047, 1.8969746, 0.31305248, 0, 0, 0, 0, 0, 0, 2.1130633, 4.6376572, 5.7324176, 2.6716678, 2.7292423, 5.0746813, 3.3750865, 4.6376572, 5.8067126, 2.5849626;
  2.4222958, 1.7422503, 0.13174008, 0, 0, 0, 0, 0, 0, 2.9459574, 5.3123264, 5.7526193, 3.0383313, 3.5618508, 5.0045953, 4.4353342, 5.3123264, 5.8581643, 2.5849626;
  2.0055695, 1.6491306, 0.31305248, 0, 0, 0, 0, 0, 0.26312232, 2.1928978, 5.4803162, 5.6402817, 3.4729903, 3.2548544, 5.3478088, 3.0314014, 5.4803162, 5.6656342, 2.5849626;
  2.9588268, 1.5289428, 0.40673953, 0, 0, 0, 0, 0, 1.2321661, 0, 5.1406193, 4.416081, 4.5272074, 3.0150526, 3.3820813, 2.429271, 5.1532607, 4.416081, 2.5849626;
  0.22597477, 1.9923658, 0.6942544, 0, 0, 0, 0, 0, 0, 0.26312232, 3.1097126, 5.4575062, 1.3117299, 2.5216978, 3.2614896, 3.5557313, 3.1097126, 5.4575062, 2.5849626;
  0.53389335, 1.3433671, 0.45951208, 0, 0, 0, 0, 0, 0.26312232, 0, 4.2131495, 4.1980033, 3.2396266, 2.7377744, 2.6277668, 3.0520151, 4.2131495, 4.1980033, 2.5849626;
  2.2152169, 2.6022427, 0.44388708, 0, 0, 0, 0, 0, 0.19747628, 0.24749732, 5.4798403, 5.8396912, 2.5671706, 3.9789388, 3.8337128, 3.4077067, 5.4532003, 5.7966461, 2.5849626;
  2.3424332, 1.0974387, 0.065914415, 0, 0, 0, 0, 0, 1.094144, 0, 5.7534075, 4.0652509, 4.0318499, 3.1911457, 2.5868423, 2.401835, 5.74751, 4.0652509, 2.5849626;
  0.78135747, 1.5500741, 0.45951208, 0, 0, 0, 0, 0, 0.13174008, 3.5192807, 4.3083215, 5.9408994, 3.1853924, 2.3698061, 4.5260344, 5.6086931, 4.3083215, 6.0231595, 2.5849626;
  1.702262, 1.5813241, 0.37851599, 0, 0, 0, 0, 0, 0, 1.5719376, 4.8518577, 5.8452621, 2.7821615, 2.9207952, 5.2382574, 2.9706984, 4.8518577, 5.8452621, 2.5849626;
  2.3871984, 2.3917096, 0.65506345, 0, 0, 0, 0, 0, 0, 0.13174008, 6.0465693, 4.6528692, 3.6233687, 3.69133, 2.9933863, 3.2932894, 6.0680919, 4.6490393, 2.5849626;
  1.078519, 1.5601777, 0.45951208, 0, 0, 0, 0, 0, 0, 0.26312232, 4.2567492, 4.7347879, 1.9861447, 2.7948346, 2.6573253, 3.5590396, 4.2567492, 4.7347879, 2.5849626;
  1.8453652, 2.6794438, 0.63943845, 0, 0, 0, 0, 0, 0, 0.22597477, 5.3059206, 5.0174851, 2.9097397, 3.1307132, 3.1435921, 3.6784449, 5.3059206, 5.1179132, 2.5849626;
  0.76841378, 0.56685692, 0, 0, 0, 0, 0, 0, 1.8578786, 0, 4.7459302, 4.1402802, 4.9764819, 2.6537519, 2.7564032, 2.5421946, 4.7615552, 4.1402802, 2.5849626;
  2.3712466, 1.2321661, 0.19747628, 0, 0, 0, 0, 0, 0.26312232, 0.40361995, 5.6081858, 4.7824779, 3.8058565, 3.5524671, 4.1812229, 1.6644571, 5.650249, 4.8234553, 2.5849626;
  3.6878314, 2.6633174, 0.78495473, 0, 0, 0, 0, 0, 0, 0, 5.199214, 4.8971505, 3.4649627, 3.3621192, 2.885006, 3.1385999, 5.199214, 4.8971505, 2.5849626;
  1.0031167, 0.065914415, 0.18185128, 0, 0, 0, 0, 0, 0.89883232, 0, 4.5320129, 2.3626986, 4.1471252, 2.2498977, 2.0376878, 2.0793295, 4.5320129, 2.3626986, 2.5849626;
  2.3882186, 1.8681967, 0.44388708, 0, 0, 0, 0, 0, 0.78176934, 0.065914415, 5.5115662, 4.8214202, 3.5305369, 4.0522132, 2.6324768, 4.0745158, 5.5187726, 4.8496208, 2.5849626;
  1.7135063, 1.0016422, 0, 0, 0, 0, 0, 0, 0, 2.4527667, 4.8021131, 4.4836497, 2.970747, 2.8077068, 5.7040472, 0.93272448, 4.7909503, 4.5090022, 2.5849626;
  0.88531077, 1.5822847, 0.44388708, 0, 0, 0, 0, 0, 0.065914415, 1.9230007, 3.8878965, 6.0905967, 2.1716452, 2.8347545, 3.5893049, 5.3501878, 3.8878965, 6.1108317, 2.5849626;
  0.49354008, 0.500054, 0.26312232, 0, 0, 0, 0, 0, 0.65506345, 0.19747628, 4.1720409, 3.388232, 3.9847739, 1.8852531, 1.9780241, 2.8863857, 4.1564159, 3.388232, 2.5849626;
  1.2432677, 2.1414936, 0.44388708, 0, 0, 0, 0, 0, 0.11611508, 0.42236453, 4.0870171, 5.4288526, 3.4909492, 2.6050746, 3.5700428, 4.2850771, 4.1026421, 5.4092727, 2.5849626;
  2.6711607, 0.70443225, 0.26312232, 0, 0, 0, 0, 0, 1.5223261, 0.13174008, 6.1025934, 3.8309832, 4.7683749, 3.4634237, 2.9989104, 2.3326938, 6.0966959, 3.8309832, 2.5849626;
  2.4403307, 1.0413715, 0.26312232, 0, 0, 0, 0, 0, 2.9862237, 1.0923425, 5.880794, 4.2297115, 4.0218554, 5.6671157, 3.9505932, 2.52233, 5.7782984, 4.223814, 2.5849626;
  1.2761933, 1.5702151, 0.13174008, 0, 0, 0, 0, 0, 0, 2.0495973, 5.0073853, 5.574595, 3.3088012, 2.7285085, 5.3614373, 2.2841268, 5.0073853, 5.512095, 2.5849626;
  2.6607454, 0.65442443, 0.18185128, 0, 0, 0, 0, 0, 1.1807024, 0, 6.0944266, 3.9414418, 4.5451341, 3.426687, 2.8635378, 2.1616702, 6.1433692, 3.9414418, 2.5849626;
  0.22597477, 1.9774127, 0.45951208, 0, 0, 0, 0, 0, 0, 1.1680704, 3.859874, 6.3434443, 2.6810689, 2.6467636, 4.0383892, 4.1818619, 3.859874, 6.2653193, 2.5849626;
  2.7718065, 2.3636978, 0.44388708, 0, 0, 0, 0, 0, 0, 0.32867748, 4.9256992, 5.6183662, 2.5649986, 3.3520648, 3.2274344, 4.0119247, 4.9256992, 5.6183662, 2.5849626;
  1.8040823, 2.1515238, 0.44388708, 0, 0, 0, 0, 0, 0, 1.5295203, 4.282887, 5.8887591, 2.3052857, 2.7612724, 3.932205, 4.4953871, 4.282887, 5.9043841, 2.5849626;
  1.6448371, 1.2916458, 0.16032873, 0, 0, 0, 0, 0, 1.0848848, 0.44388708, 5.2142029, 4.4613872, 2.3983095, 4.9162192, 3.9444516, 2.151988, 5.1419754, 4.4613872, 2.5849626;
  0.77163005, 2.0221772, 0.44388708, 0, 0, 0, 0, 0, 0, 2.8902161, 3.6273122, 6.0098834, 1.7284333, 2.5658648, 5.5977221, 3.4418161, 3.623029, 6.0567584, 2.5849626;
  1.0016422, 0.26617748, 0.24749732, 0, 0, 0, 0, 0, 2.2018149, 0, 4.5285969, 3.8402166, 5.3286653, 2.3140845, 2.6614988, 2.5940499, 4.5910969, 3.8402166, 2.5849626;
  2.1322827, 1.7292135, 0.44388708, 0, 0, 0, 0, 0, 0.32867748, 0.065914415, 5.2944322, 4.6318069, 4.0739188, 2.9265575, 2.8457689, 3.9832568, 5.3479848, 4.6318069, 2.5849626;
  2.6018705, 2.0165904, 0.32867748, 0, 0, 0, 0, 0, 0.26312232, 0, 5.4455647, 5.3074808, 2.9117014, 3.6844718, 3.1418087, 3.1589942, 5.3704891, 5.2754507, 2.5849626;
  2.6141176, 0.91066319, 0.19747628, 0, 0, 0, 0, 0, 0.11611508, 0.32867748, 5.9791541, 4.6145005, 3.3604908, 4.3555665, 4.0419168, 2.6143205, 5.9791541, 4.6262956, 2.5849626;
  0.49927381, 0.40673953, 0.19747628, 0, 0, 0, 0, 0, 0.63943845, 0.86758232, 4.690629, 4.3928003, 3.5004103, 2.3363819, 2.3775566, 3.7852304, 4.690629, 4.3928003, 2.5849626;
  2.2327781, 1.6957493, 0.45951208, 0, 0, 0, 0, 0, 0.11611508, 0.40673953, 5.772459, 5.0356865, 2.7183411, 3.870424, 3.8614128, 3.177598, 5.6571865, 5.0619874, 2.5849626;
  0.26312232, 0.80990851, 0.44388708, 0, 0, 0, 0, 0, 0.81260747, 0, 3.5958631, 4.5090561, 3.7904866, 2.0935452, 2.9593723, 3.1040487, 3.5899656, 4.5090561, 2.5849626;
  1.6042947, 1.3184463, 0.32867748, 0, 0, 0, 0, 0, 1.0610925, 0.065914415, 4.6274953, 4.6030307, 4.0938711, 2.4028909, 2.8450649, 3.1265533, 4.6274953, 4.6030307, 2.5849626;
  2.1360404, 1.3543662, 0.44388708, 0, 0, 0, 0, 0, 2.3551247, 0, 6.2742667, 4.0429978, 5.1685977, 4.7652311, 2.8454037, 2.7478287, 6.2361374, 4.0496421, 2.5849626;
  1.9071161, 1.9473544, 0.44388708, 0, 0, 0, 0, 0, 0.80967748, 2.4621472, 5.3494401, 5.4599562, 3.2795517, 3.9832568, 4.6893339, 4.6159492, 5.4831858, 5.6914282, 2.5849626;
  2.6553476, 1.4189445, 0.44388708, 0, 0, 0, 0, 0, 0.63943845, 0, 5.4431686, 3.3862948, 4.1141162, 2.997354, 2.4764054, 2.5553918, 5.4587936, 3.3862948, 2.5849626;
  2.2151115, 1.0882465, 0.26312232, 0, 0, 0, 0, 0, 2.5978949, 0.49354008, 5.892262, 4.5531492, 3.9564502, 5.8508315, 3.7541628, 2.7867384, 6.060307, 4.5226793, 2.5849626;
  2.4599354, 1.2519479, 0.065914415, 0, 0, 0, 0, 0, 2.8142879, 0, 5.7457395, 4.5678744, 5.563509, 3.33074, 3.1420012, 1.8658242, 5.8414321, 4.5678744, 2.5849626;
  2.6852846, 1.8951095, 0.32867748, 0, 0, 0, 0, 0, 0, 0, 5.4438238, 5.2007036, 3.6310287, 3.154515, 3.5060287, 2.7168901, 5.446672, 5.2319536, 2.5849626;
  1.3605585, 0.065914415, 0.065914415, 0, 0, 0, 0, 0, 0.89883232, 0, 5.452023, 2.2118464, 4.3405228, 2.9177995, 2.1319344, 1.6799935, 5.4645982, 2.2118464, 2.5849626;
  1.3706129, 1.0190687, 0, 0, 0, 0, 0, 0, 0.68880725, 3.0071614, 4.5510359, 4.4527454, 2.9386413, 3.5366819, 5.9209909, 1.3117824, 4.562571, 4.4996204, 2.5849626;
  1.4568299, 2.7256057, 0.57434911, 0, 0, 0, 0, 0, 0, 0.52721554, 4.4152684, 6.0621943, 2.1664255, 2.8885748, 3.6799712, 4.0724869, 4.4152684, 6.0503993, 2.5849626;
  1.7133927, 1.0726215, 0.24749732, 0, 0, 0, 0, 0, 1.0661887, 0, 5.3157954, 4.3957973, 2.6703362, 4.3225985, 3.4289222, 2.3114996, 5.3314204, 4.3957973, 2.5849626;
  2.3416657, 0.75441319, 0.065914415, 0, 0, 0, 0, 0, 0.65165967, 0, 5.596591, 3.1049712, 3.118418, 3.5047896, 2.3454711, 1.6400115, 5.612216, 3.1049712, 2.5849626;
  1.9591495, 1.3335921, 0.40673953, 0, 0, 0, 0, 0, 1.2008389, 0.67940962, 5.8586173, 5.10712, 3.7781868, 4.3635759, 4.3084626, 2.8100238, 5.896872, 5.10712, 2.5849626;
  0.88141686, 1.5225599, 0.31305248, 0, 0, 0, 0, 0, 0.32867748, 0, 4.2169232, 4.2493029, 3.259331, 2.6869228, 2.5144908, 3.0472078, 4.2169232, 4.2493029, 2.5849626;
  0.66497779, 1.1583431, 0.065914415, 0, 0, 0, 0, 0, 0, 0.19747628, 3.8572631, 4.7595057, 2.8706965, 2.3823929, 3.6038468, 1.8401859, 3.8572631, 4.7966533, 2.5849626;
  2.1018012, 0.065914415, 0.16032873, 0, 0, 0, 0, 0, 1.2662933, 0, 6.1054416, 2.2820957, 4.8351264, 3.5040317, 2.1318538, 0.67001194, 6.083919, 2.2820957, 2.5849626;
  2.3357906, 2.2660956, 0.32867748, 0, 0, 0, 0, 0, 0, 0.75824308, 3.8920717, 5.7502246, 2.7031894, 2.9589522, 4.3270288, 3.2381222, 3.8920717, 5.7384295, 2.5849626;
  0.52157652, 0.84226567, 0, 0, 0, 0, 0, 0, 0, 0.26312232, 3.7005301, 3.9741077, 1.1154346, 3.0533683, 3.5046825, 1.0389423, 3.7005301, 3.9741077, 2.5849626;
  0.26617748, 1.0510988, 0.37851599, 0, 0, 0, 0, 0, 0, 3.215291, 2.8018198, 5.9558692, 1.9740095, 2.2986984, 4.696012, 5.7623467, 2.8018198, 5.8994684, 2.5849626;
  2.2634206, 0.84975505, 0.19747628, 0, 0, 0, 0, 0, 0.20062232, 0, 4.8997498, 4.5109782, 2.3432276, 3.9646103, 3.3982129, 2.5773277, 4.9466248, 4.4953532, 2.5849626;
  1.6502274, 1.4635091, 0.45951208, 0, 0, 0, 0, 0, 0.68008232, 0, 5.3992071, 4.8922458, 4.690135, 2.735919, 3.0413811, 3.1082175, 5.4266272, 4.8922458, 2.5849626;
  1.9203476, 2.2988386, 0.45951208, 0, 0, 0, 0, 0, 0, 0, 5.3760571, 5.2494445, 2.4383342, 3.764221, 3.6056762, 2.9902241, 5.3798871, 5.2688994, 2.5849626;
  0.78353155, 1.1368732, 0.42236453, 0, 0, 0, 0, 0, 0.52479005, 0.24749732, 4.2259727, 4.4442062, 3.8734441, 2.6084535, 2.9308863, 3.1909077, 4.2259727, 4.4442062, 2.5849626;
  0.50264335, 1.7457061, 0.44388708, 0, 0, 0, 0, 0, 0, 2.4975936, 3.673816, 5.7990408, 1.5501113, 2.5871835, 4.5906758, 4.3133464, 3.673816, 5.7775183, 2.5849626;
  0, 1.2537102, 0.20062232, 0, 0, 0, 0, 0, 0, 0.39414099, 2.6210921, 4.822876, 0, 2.6210921, 3.6626339, 2.0008988, 2.6210921, 4.822876, 2.5849626;
  1.8987368, 0.78493869, 0.45951208, 0, 0, 0, 0, 0, 1.5999134, 0.26312232, 5.7403722, 3.671814, 3.3176358, 4.5576458, 2.2665436, 3.2785501, 5.7247472, 3.671814, 2.5849626;
  1.5603088, 0.82740736, 0.44388708, 0, 0, 0, 0, 0, 1.669482, 0.26312232, 5.1891856, 4.0606537, 2.3341198, 4.7101264, 2.3932822, 3.2431686, 5.2478557, 4.0450287, 2.5849626;
  0.92628819, 1.1852911, 0.19747628, 0, 0, 0, 0, 0, 2.6485124, 0.95954186, 4.1404295, 3.7562256, 1.1529633, 5.4579639, 3.3454044, 2.2518947, 4.197032, 3.7777481, 2.5849626;
  1.0333431, 1.8645307, 0.39414099, 0, 0, 0, 0, 0, 1.9715152, 0.13174008, 4.4990067, 4.1891251, 3.6858687, 3.0467491, 2.4539921, 2.4273951, 4.4529123, 4.2047501, 2.5849626;
  0.43486995, 1.0354738, 0.37851599, 0, 0, 0, 0, 0, 0.11611508, 0.52479005, 3.2103374, 3.5812137, 1.63688, 1.8907108, 1.8299515, 2.6274703, 3.1731899, 3.5655887, 2.5849626;
  0.22597477, 1.8524127, 0.45951208, 0, 0, 0, 0, 0, 0, 2.5261033, 2.3603446, 5.7781839, 0.43165642, 2.07231, 4.2593184, 4.4952097, 2.3603446, 5.7820139, 2.5849626;
  2.7184703, 0.69843012, 0.26312232, 0, 0, 0, 0, 0, 0.69143736, 0, 5.8307443, 3.3141663, 3.8214815, 4.1364188, 2.6856353, 2.2454882, 5.8514867, 3.3141663, 2.5849626;
  1.3840966, 1.5544113, 0.31305248, 0, 0, 0, 0, 0, 0, 2.6452956, 4.4793329, 5.832891, 3.0226855, 2.65748, 5.7774606, 3.0713766, 4.4793329, 5.9148459, 2.5849626;
  1.8120904, 0.6786294, 0.18185128, 0, 0, 0, 0, 0, 2.8402178, 0, 5.9839444, 3.7688332, 5.3122511, 4.5256763, 2.919884, 2.3497684, 6.1489401, 3.7688332, 2.5849626;
  1.0730683, 2.0684834, 0.57434911, 0, 0, 0, 0, 0, 0, 0, 3.314986, 5.9804416, 2.1642549, 2.588412, 3.5263345, 3.7732847, 3.314986, 5.9804416, 2.5849626;
  2.5816886, 0.85321659, 0.19747628, 0, 0, 0, 0, 0, 0, 0, 5.7799139, 3.4042652, 2.8255134, 3.8534775, 2.851146, 1.9768322, 5.7799139, 3.4042652, 2.5849626;
  2.6173892, 0.76341611, 0.35699341, 0, 0, 0, 0, 0, 1.3242406, 0, 5.7354336, 4.016295, 4.8064137, 3.0764608, 2.6497257, 2.7331738, 5.6990662, 4.016295, 2.5849626;
  1.8113487, 2.0777969, 0.45951208, 0, 0, 0, 0, 0, 0, 0.51159054, 4.997375, 5.6420107, 2.5922554, 3.134052, 3.3570135, 3.901674, 4.997375, 5.6010332, 2.5849626;
  0.75370473, 1.560762, 0.42236453, 0, 0, 0, 0, 0, 0.065914415, 3.2444124, 4.1033325, 6.0516868, 1.6491627, 2.9665902, 5.523427, 4.3718739, 4.1315327, 6.1639099, 2.5849626;
  0.94935429, 0.54873812, 0, 0, 0, 0, 0, 0, 0.26312232, 0, 4.2972732, 3.869576, 3.6879749, 2.3170326, 2.9551985, 1.9377331, 4.2972732, 3.869576, 2.5849626;
  1.8932331, 0.52747411, 0.37851599, 0, 0, 0, 0, 0, 2.3046458, 0.13174008, 5.4754934, 3.3946042, 2.9957612, 5.2614303, 2.2430122, 2.6884892, 5.5067434, 3.410851, 2.5849626;
  3.3658991, 2.8338156, 0.13174008, 0, 0, 0, 0, 0, 0, 0, 5.2860136, 5.3731613, 2.9603658, 3.4048207, 4.4163485, 2.5575151, 5.2860136, 5.3731613, 2.5849626;
  1.9208488, 1.7394313, 0.24749732, 0, 0, 0, 0, 0, 2.9095042, 0.60229087, 5.508265, 5.1091475, 3.963764, 5.3200102, 4.0845404, 3.1917434, 5.5187726, 5.118875, 2.5849626;
  0.96543944, 1.1614299, 0.37851599, 0, 0, 0, 0, 0, 0.81260747, 4.7241683, 3.3274801, 5.8251734, 2.2882767, 3.058522, 5.3662772, 5.6699057, 3.3958776, 5.8861132, 2.5849626;
  2.0923209, 1.0346937, 0.37851599, 0, 0, 0, 0, 0, 1.1235257, 1.125394, 5.7484622, 4.4653997, 3.3485396, 4.2605257, 4.0684633, 2.4561949, 5.6567802, 4.5181723, 2.5849626;
  1.5855941, 2.3216486, 0.31305248, 0, 0, 0, 0, 0, 0.18185128, 2.9994581, 4.7068028, 6.0161552, 2.4407959, 3.2673347, 6.1618419, 3.3129134, 4.7068028, 6.0786552, 2.5849626;
  1.7074952, 1.1457677, 0.19747628, 0, 0, 0, 0, 0, 0.92576545, 1.8005847, 5.19066, 5.1483841, 2.8599381, 4.27209, 5.1311774, 2.7370963, 5.184762, 5.0428391, 2.5849626;
  1.8047153, 1.0503187, 0.19747628, 0, 0, 0, 0, 0, 0.53863144, 0, 5.422246, 3.8406448, 2.2843537, 4.1091595, 3.1399333, 1.9843205, 5.406621, 3.8406448, 2.5849626;
  1.0767175, 1.1368204, 0.32867748, 0, 0, 0, 0, 0, 0.61373192, 3.6655045, 4.2193937, 6.0006766, 2.9739525, 3.3487613, 5.5769358, 4.6328888, 4.2401361, 6.0987635, 2.5849626;
  2.5839446, 1.8385201, 0.42826208, 0, 0, 0, 0, 0, 1.0317639, 0, 5.8833361, 4.3616066, 3.3777442, 4.5120511, 2.907794, 2.9679756, 5.8579841, 4.3616066, 2.5849626;
  0.66378462, 2.0339723, 0.32867748, 0, 0, 0, 0, 0, 0, 0.13174008, 3.4760954, 5.5738859, 1.3243719, 2.4655123, 3.298872, 3.0114551, 3.4760954, 5.5933409, 2.5849626;
  1.7297038, 1.9461199, 0.45951208, 0, 0, 0, 0, 0, 0.68760747, 3.4152145, 4.5091877, 5.8363147, 2.6596708, 3.7089927, 5.9469218, 3.8181427, 4.523489, 5.9231853, 2.5849626;
  1.4400123, 2.6418452, 0.61791587, 0, 0, 0, 0, 0, 0.31305248, 0.26617748, 4.7204437, 6.0852065, 3.9074917, 2.2131903, 3.4533267, 4.0559435, 4.6950912, 6.0383315, 2.5849626;
  1.0781504, 1.2380637, 0.19747628, 0, 0, 0, 0, 0, 3.0594301, 1.9871787, 4.5956688, 4.8328896, 1.6300651, 5.6394358, 5.0194492, 1.7394531, 4.7012143, 4.9228101, 2.5849626;
  1.5494545, 0.9360925, 0.19747628, 0, 0, 0, 0, 0, 3.2512016, 0.13174008, 5.6432657, 3.8281503, 3.8472612, 5.7967486, 2.6489565, 2.2932532, 5.6043558, 3.8281503, 2.5849626;
  1.5128142, 0.95111793, 0.26617748, 0, 0, 0, 0, 0, 2.7688756, 0, 5.0671506, 3.8615489, 3.0732894, 4.6598248, 2.39733, 2.6221123, 5.0984006, 3.8615489, 2.5849626;
  1.6142524, 1.109769, 0.18185128, 0, 0, 0, 0, 0, 0.73218215, 1.2849387, 5.4035716, 4.5182037, 2.6314707, 4.1161838, 4.4007235, 1.9628015, 5.3968935, 4.5182037, 2.5849626;
  2.5917921, 2.8872945, 0.29152992, 0, 0, 0, 0, 0, 0, 0, 4.2549634, 6.003726, 2.9476323, 3.1384323, 3.5457892, 3.3085332, 4.2549634, 6.003726, 2.5849626;
  1.7581999, 0.62381345, 0, 0, 0, 0, 0, 0, 1.4414147, 0.065914415, 5.5107861, 3.8981071, 2.7719934, 4.7958164, 2.9112949, 2.0757954, 5.5264111, 3.8981071, 2.5849626;
  2.8068342, 0.39553779, 0.065914415, 0, 0, 0, 0, 0, 2.6565475, 0, 5.868999, 3.7927153, 4.0020218, 5.4318485, 2.7104416, 2.032788, 6.0513816, 3.7927153, 2.5849626;
  2.4268196, 1.4653175, 0.45951208, 0, 0, 0, 0, 0, 0.73218215, 0.58997411, 5.1529932, 4.8641372, 4.1109595, 2.8875589, 2.6289065, 3.9952815, 5.1568227, 4.8641372, 2.5849626;
  2.3605466, 1.0620533, 0.19747628, 0, 0, 0, 0, 0, 0.82163966, 0.63100505, 5.9174342, 5.0961885, 3.74349, 3.6662135, 3.8175716, 3.1213665, 5.8874717, 5.1765833, 2.5849626;
  2.529243, 1.8020736, 0.45951208, 0, 0, 0, 0, 0, 0, 0.19747628, 5.2753253, 4.1480532, 3.7219672, 3.1837683, 2.580651, 3.1864328, 5.2753253, 4.1480532, 2.5849626;
  1.5642821, 1.6578151, 0.31305248, 0, 0, 0, 0, 0, 0.63943845, 0, 4.5128207, 4.608006, 3.5101216, 2.4578917, 2.4181693, 2.7221711, 4.5418887, 4.608006, 2.5849626;
  2.3188431, 0.98192114, 0.13174008, 0, 0, 0, 0, 0, 0.93402481, 0, 6.0964942, 4.1541538, 4.4364038, 3.69133, 2.8093467, 2.3580501, 6.0741916, 4.1541538, 2.5849626;
  4.8373857, 3.1697052, 0.55282652, 0, 0, 0, 0, 0, 0, 0, 5.6939492, 4.1752634, 3.5450091, 3.5232847, 2.7199671, 2.8020151, 5.6939492, 4.1752634, 2.5849626;
  1.9064686, 1.1799223, 0.39414099, 0, 0, 0, 0, 0, 1.0610925, 0, 5.6733871, 4.1831532, 4.7316523, 2.8726821, 2.6980247, 2.675225, 5.6890121, 4.1831532, 2.5849626;
  3.0976598, 2.4486511, 0.44388708, 0, 0, 0, 0, 0, 0, 0, 5.4285259, 5.2257276, 3.3933904, 3.4684446, 3.2519641, 3.0443599, 5.4140081, 5.2318983, 2.5849626;
  3.0685108, 3.0545433, 0.45951208, 0, 0, 0, 0, 0, 0, 0, 4.5559707, 5.4606352, 3.3769641, 2.6558747, 3.1986842, 3.3949411, 4.5559707, 5.4606352, 2.5849626;
  2.3148644, 0.98413801, 0.40673953, 0, 0, 0, 0, 0, 1.655476, 0, 5.8763318, 3.2109125, 4.0724955, 4.72228, 2.1424646, 2.6365945, 5.8863859, 3.2109125, 2.5849626;
  2.2606802, 1.1569183, 0.22597477, 0, 0, 0, 0, 0, 1.4128159, 0, 5.7883863, 3.9624822, 4.6884713, 3.0315566, 2.7171693, 1.9033307, 5.8060789, 3.9624822, 2.5849626;
  1.6540588, 0.26312232, 0.37851599, 0, 0, 0, 0, 0, 1.2811954, 0, 5.8192759, 3.1809566, 4.7298794, 3.0064321, 2.1497204, 2.6561463, 5.8661509, 3.1647098, 2.5849626;
  1.9268668, 1.379184, 0.26312232, 0, 0, 0, 0, 0, 1.1590647, 1.6214477, 5.4326391, 5.1445074, 4.1817994, 3.755985, 4.5305634, 2.5810254, 5.4454384, 5.22931, 2.5849626;
  3.0993075, 2.5158265, 0.45951208, 0, 0, 0, 0, 0, 0, 0, 4.9378567, 5.5968976, 3.2349708, 2.9213192, 3.2882605, 3.1540143, 4.9374743, 5.5968976, 2.5849626;
  2.5729783, 1.572925, 0.39414099, 0, 0, 0, 0, 0, 0.19747628, 0.13174008, 5.6011043, 4.2742152, 2.8415411, 3.5688839, 3.059833, 2.4426024, 5.6011043, 4.2839427, 2.5849626;
  1.5223795, 0.065914415, 0.19747628, 0, 0, 0, 0, 0, 0.065914415, 0.31305248, 5.0205469, 3.4949889, 3.498596, 2.7445395, 2.4479806, 2.7941155, 5.0361719, 3.4949889, 2.5849626;
  2.1955922, 0.65165967, 0.26312232, 0, 0, 0, 0, 0, 0, 0.13174008, 6.2906718, 4.3051171, 3.6428237, 3.78508, 2.3414953, 3.3249674, 6.3062968, 4.3489428, 2.5849626;
  2.1769943, 1.6599549, 0.45951208, 0, 0, 0, 0, 0, 0, 0.56131345, 5.4430437, 5.0533509, 2.8714852, 3.3149004, 4.1421332, 2.4278054, 5.4430437, 4.9849534, 2.5849626;
  1.9649136, 1.2864065, 0.26312232, 0, 0, 0, 0, 0, 0, 0.39414099, 4.8418031, 4.6726842, 2.8535075, 2.8265874, 2.7919822, 3.4465816, 4.8418031, 4.6726842, 2.5849626;
  2.3203611, 0.91839981, 0.26312232, 0, 0, 0, 0, 0, 0, 0.39414099, 4.9014339, 4.6245427, 3.1341281, 3.1733317, 2.8067007, 3.4789171, 4.9014339, 4.6245427, 2.5849626;
  1.492852, 1.8143278, 0.44388708, 0, 0, 0, 0, 0, 1.0767175, 0.13174008, 5.4285698, 5.0443497, 2.3414881, 4.4554486, 3.1986957, 2.9259126, 5.4657173, 5.0569253, 2.5849626;
  1.2336574, 0.99079186, 0, 0, 0, 0, 0, 0, 1.651661, 0, 5.1826949, 4.7869754, 1.964305, 4.8719773, 3.4865737, 1.9192035, 5.1826949, 4.7869754, 2.5849626;
  2.9846725, 2.475291, 0.29152992, 0, 0, 0, 0, 0, 0.13174008, 0, 5.1526661, 5.6489611, 3.4880798, 3.2346439, 3.2885237, 3.1896563, 5.1421585, 5.6489611, 2.5849626;
  2.3170807, 1.8336129, 0.40673953, 0, 0, 0, 0, 0, 0.18185128, 0.38138708, 4.591351, 5.5658994, 3.0095184, 3.3957736, 4.1825137, 2.6643498, 4.5921316, 5.6283994, 2.5849626;
  1.4688349, 1.644574, 0.26312232, 0, 0, 0, 0, 0, 0, 0.19747628, 4.7057214, 5.1949525, 2.0157108, 3.1099803, 3.1599762, 3.3259494, 4.7057214, 5.1949525, 2.5849626;
  1.116596, 2.0121155, 0.46229008, 0, 0, 0, 0, 0, 0, 0.63943845, 4.2625885, 5.581851, 1.3011205, 3.3115819, 3.8823147, 4.3009892, 4.2625885, 5.597476, 2.5849626;
  2.4205582, 2.1848416, 0.13174008, 0, 0, 0, 0, 0, 0.13174008, 0, 5.4944735, 4.7229662, 3.2606871, 3.2012367, 3.130827, 1.8816335, 5.5062685, 4.7229662, 2.5849626;
  1.9218308, 2.1618257, 0.13174008, 0, 0, 0, 0, 0, 1.206843, 0, 5.0663953, 4.4191079, 2.9375103, 3.7309146, 2.5593724, 2.2535203, 5.0976453, 4.3937554, 2.5849626;
  2.4795201, 1.9471018, 0.45951208, 0, 0, 0, 0, 0, 0, 0, 5.0969315, 5.880794, 3.3070128, 3.0788016, 3.675705, 3.2073488, 5.0969315, 5.8933692, 2.5849626;
  1.720735, 0.065914415, 0.16032873, 0, 0, 0, 0, 0, 1.2961574, 0, 5.6791043, 2.5993905, 4.9317031, 3.0971494, 2.3431942, 1.8401161, 5.7318769, 2.5993905, 2.5849626;
  1.980217, 1.1896497, 0.42236453, 0, 0, 0, 0, 0, 2.3963749, 0.065914415, 5.8000016, 4.0063634, 2.4865184, 5.8337169, 3.0541041, 2.2912667, 5.7746491, 4.0219884, 2.5849626;
  2.2191412, 1.0204408, 0, 0, 0, 0, 0, 0, 0.13174008, 2.0830424, 4.8398166, 4.2933612, 2.7753627, 2.7431746, 3.5491786, 2.8083904, 4.8280215, 4.3253913, 2.5849626;
  2.3627412, 1.2321661, 0.24749732, 0, 0, 0, 0, 0, 1.4941394, 0.99269491, 5.5642457, 4.6087103, 2.6987467, 4.8629394, 3.9872174, 2.1805112, 5.5895982, 4.6243353, 2.5849626;
  2.9480376, 1.4278259, 0.18185128, 0, 0, 0, 0, 0, 1.03957, 0, 5.9836497, 4.3104224, 3.6133735, 4.0096188, 2.7963026, 2.344583, 5.9367747, 4.3104224, 2.5849626;
  2.0328705, 0.8267175, 0.37851599, 0, 0, 0, 0, 0, 1.3127723, 0, 5.880794, 3.0632422, 4.7702622, 3.5040317, 2.5779176, 2.1915264, 5.9209909, 3.0632422, 2.5849626;
  2.361846, 1.7609538, 0.34136841, 0, 0, 0, 0, 0, 0.26312232, 0.79038966, 4.6409125, 5.6258111, 3.2443969, 3.2339275, 4.7034488, 2.6728549, 4.6680059, 5.5983911, 2.5849626;
  2.6263533, 0.99164855, 0.065914415, 0, 0, 0, 0, 0, 0.26312232, 0, 5.5914536, 4.3718195, 3.6883018, 3.0870781, 2.8874438, 2.7421396, 5.5914536, 4.3718195, 2.5849626;
  2.7293181, 2.7115977, 0.32867748, 0, 0, 0, 0, 0, 0, 0, 4.9704084, 5.3744659, 2.521724, 2.879442, 3.2329195, 2.6638103, 4.9704084, 5.3744659, 2.2516291;
  2.2204957, 0.16032873, 0.065914415, 0, 0, 0, 0, 0, 1.3339679, 0, 5.9732566, 2.4632397, 3.822891, 4.5097241, 1.5742666, 2.381897, 5.9538016, 2.4632397, 2.5849626;
  2.2267408, 0.66968215, 0.26312232, 0, 0, 0, 0, 0, 2.1881258, 0.26312232, 6.0618892, 4.133894, 3.9715843, 5.3453865, 2.8943639, 3.5825472, 6.1323543, 4.118269, 2.5849626;
  2.4079828, 2.1059971, 0.31305248, 0, 0, 0, 0, 0, 0, 0, 5.272604, 5.4031157, 2.7616475, 3.009254, 3.4084985, 2.4987452, 5.2608089, 5.4031157, 2.5849626;
  2.0020235, 0.19747628, 0, 0, 0, 0, 0, 0, 0.69570732, 0, 5.6931686, 3.875056, 3.841502, 3.3185785, 3.0235701, 1.6155753, 5.7357068, 3.875056, 2.5849626;
  1.5715321, 0.19747628, 0, 0, 0, 0, 0, 0, 1.5257066, 0, 5.2244401, 2.6662302, 4.2758718, 3.4473617, 2.3984723, 0.92222619, 5.2644358, 2.6662302, 2.5849626;
  1.4577721, 0.6786294, 0.26312232, 0, 0, 0, 0, 0, 3.2519982, 1.5566394, 6.1117921, 4.1484675, 3.7758138, 5.8697791, 3.9066482, 2.8553734, 6.2485876, 4.1640925, 2.5849626;
  4.5530014, 2.6884527, 0.13174008, 0, 0, 0, 0, 0, 0, 0, 5.1840963, 5.083499, 3.5334487, 2.9515874, 3.442312, 2.50687, 5.1840963, 5.083499, 2.2516291;
  2.3611078, 1.4045365, 0.24749732, 0, 0, 0, 0, 0, 1.3600433, 0, 5.8804669, 4.8018517, 3.7270734, 4.213676, 3.4043841, 2.4276764, 5.9303918, 4.8018517, 2.5849626;
  2.211714, 1.1270931, 0.18185128, 0, 0, 0, 0, 0, 1.7045618, 0, 5.8551359, 4.5715981, 3.7641573, 4.4856429, 3.3313057, 2.2614036, 5.8766584, 4.5715981, 2.5849626;
  3.4985068, 2.2538373, 0.45951208, 0, 0, 0, 0, 0, 0.19747628, 0, 5.8623209, 4.7269154, 3.605123, 3.4415317, 3.2148166, 2.8450649, 5.8556433, 4.7269154, 2.5849626;
  2.1225433, 0.065914415, 0.18185128, 0, 0, 0, 0, 0, 0.75010747, 0, 5.9898419, 2.7110441, 4.4148812, 3.497627, 2.3233845, 1.7950699, 5.9225516, 2.7110441, 2.5849626;
  2.5171928, 0.82070732, 0.37851599, 0, 0, 0, 0, 0, 0, 0.32867748, 5.2024102, 4.4972596, 3.1865454, 3.3331387, 2.4165301, 3.8575218, 5.2024102, 4.5128846, 2.5849626;
  1.2548823, 0.065914415, 0.18185128, 0, 0, 0, 0, 0, 1.172269, 0, 5.2328129, 2.0074067, 4.7078276, 2.7894397, 1.799353, 1.934754, 5.2269154, 2.0074067, 2.5849626;
  2.3598456, 0.53720152, 0, 0, 0, 0, 0, 0, 0.32867748, 0, 5.5348511, 3.1732912, 3.5693796, 3.2595906, 2.3953767, 1.4237349, 5.5348511, 3.1732912, 2.5849626;
  1.9805009, 1.4394637, 0.065914415, 0, 0, 0, 0, 0, 1.1038715, 0, 5.6884222, 4.7681403, 3.7112212, 3.6098614, 2.9940319, 2.2996519, 5.6845927, 4.7681403, 2.5849626;
  2.6668181, 1.0620533, 0.18185128, 0, 0, 0, 0, 0, 0, 0, 6.0832973, 3.8195548, 3.2910438, 3.7479324, 3.2478073, 2.0371192, 6.0891948, 3.8195548, 2.5849626;
  3.5518546, 2.9359696, 0.52479005, 0, 0, 0, 0, 0, 0, 0, 5.6470742, 5.3529434, 3.5237212, 3.111994, 3.3992667, 3.3297622, 5.6470742, 5.3685684, 2.5849626;
  1.8524512, 1.5250626, 0.42236453, 0, 0, 0, 0, 0, 1.1333281, 2.5446925, 5.1806588, 5.3602076, 3.0877261, 4.1025062, 5.3479376, 2.5738518, 5.1790986, 5.3758326, 2.5849626;
  1.2634161, 0.78495473, 0, 0, 0, 0, 0, 0, 0.11611508, 0.26617748, 4.0343657, 2.4215655, 0.9143545, 3.4945889, 2.4832366, 0, 4.0656157, 2.4215655, 2.5849626;
  1.9804195, 1.0287961, 0, 0, 0, 0, 0, 0, 0.31305248, 2.2199216, 4.6748519, 3.9970849, 2.4247992, 3.1553991, 4.9433584, 1.0971411, 4.7099319, 3.9970849, 2.5849626;
  2.5901215, 2.1067166, 0.33164099, 0, 0, 0, 0, 0, 1.1273321, 0, 5.7379761, 4.9688482, 2.9349792, 4.6691523, 3.0922945, 2.4797571, 5.7303162, 4.9688482, 2.5849626;
  1.9575874, 0.11611508, 0, 0, 0, 0, 0, 0, 2.5234175, 0, 5.6356058, 3.1288533, 5.1418042, 3.7083945, 2.5131269, 1.4826554, 5.6297083, 3.1288533, 2.5849626;
  1.5049632, 3.6132264, 0.62381345, 0, 0, 0, 0, 0, 0, 0, 4.3539052, 6.0055919, 2.2224774, 3.2478073, 3.5732095, 3.6875, 4.3539052, 6.0055919, 2.5849626;
  2.0836945, 0.065914415, 0, 0, 0, 0, 0, 0, 0.26312232, 0, 5.6072049, 2.7855783, 3.8278153, 3.4117002, 2.2945282, 1.7261547, 5.6072049, 2.7855783, 2.5849626;
  1.4308927, 1.7828652, 0.45951208, 0, 0, 0, 0, 0, 1.3359705, 0.13174008, 5.5769911, 4.2439837, 2.4744275, 4.8789306, 3.0538313, 3.0753958, 5.5613661, 4.2488995, 2.5849626;
  2.544615, 1.5108608, 0.065914415, 0, 0, 0, 0, 0, 0.13174008, 0, 4.6808858, 4.6129599, 3.7575431, 2.4732401, 2.9426231, 2.4295111, 4.6652608, 4.6129599, 2.5849626;
  1.8897192, 1.3828403, 0.44388708, 0, 0, 0, 0, 0, 1.9728872, 0.26312232, 4.6268549, 4.2710447, 1.6451116, 5.1818824, 3.2123547, 3.2329092, 4.6424799, 4.2866697, 2.5849626;
  2.4002156, 1.141019, 0, 0, 0, 0, 0, 0, 0.66018736, 0, 5.9071283, 4.8173103, 3.0128729, 4.1976624, 3.5372787, 1.8970122, 5.8974009, 4.8173103, 2.5849626;
  3.5735462, 1.6259378, 0.44388708, 0, 0, 0, 0, 0, 0, 0.13174008, 6.0180421, 4.3399458, 3.734375, 3.4638345, 3.0770392, 3.0696752, 6.0180421, 4.3399458, 2.5849626;
  2.1986334, 1.8659272, 0.45951208, 0, 0, 0, 0, 0, 0.62381345, 0.065914415, 5.4617977, 4.654789, 3.6330962, 2.9183028, 2.8650014, 3.1239977, 5.4617977, 4.6447563, 2.5849626;
  3.8797338, 3.8440058, 0.65506345, 0, 0, 0, 0, 0, 0, 0, 4.3811746, 4.9396887, 3.0345349, 2.8147755, 3.2382815, 3.2559035, 4.3811746, 4.9396887, 2.2516291;
  1.0172672, 0.46212623, 0.065914415, 0, 0, 0, 0, 0, 3.0704851, 0, 5.4540033, 3.0598826, 5.5930099, 3.7269368, 2.1507123, 2.3011963, 5.5069776, 3.0598826, 2.5849626;
  3.3637552, 2.3378322, 0.38138708, 0, 0, 0, 0, 0, 0.40361995, 0, 6.0017624, 4.4594245, 3.3638599, 3.9342701, 2.8623331, 3.1097078, 5.9705124, 4.4594245, 2.5849626;
  2.3927691, 1.4346794, 0.19747628, 0, 0, 0, 0, 0, 0.51184911, 0.53389335, 5.1941843, 5.552217, 3.3459225, 3.2631466, 4.0977011, 2.8412633, 5.2195368, 5.5893645, 2.5849626;
  1.5207635, 0.065914415, 0, 0, 0, 0, 0, 0, 2.4135711, 0, 5.5957332, 2.6913102, 4.4207788, 3.7409358, 2.0816381, 1.4584776, 5.5801082, 2.6913102, 2.5849626;
  2.8886912, 1.6307263, 0.52479005, 0, 0, 0, 0, 0, 0.065914415, 0, 5.8979793, 3.2851455, 3.7025125, 3.3003993, 2.4732981, 2.4188399, 5.8979793, 3.2851455, 2.5849626;
  0.93723911, 0.61791587, 0, 0, 0, 0, 0, 0, 0.63943845, 0, 3.7542663, 1.492852, 2.2955649, 2.2171147, 1.492852, 0, 3.7542663, 1.492852, 2.5849626;
  2.089592, 0.13174008, 0.26312232, 0, 0, 0, 0, 0, 1.6390034, 0, 5.9617667, 2.5681846, 4.0436449, 4.0699058, 2.0557985, 2.4041636, 6.0711417, 2.5681846, 2.5849626;
  1.1637685, 0.40673953, 0, 0, 0, 0, 0, 0, 1.9617877, 0, 3.7924325, 2.9657304, 1.9520988, 3.800705, 1.9753022, 1.1168935, 3.7924325, 2.9657304, 2.5849626;
  2.459666, 1.775614, 0.44388708, 0, 0, 0, 0, 0, 0.56514335, 0, 5.4681392, 3.8735495, 4.1759019, 2.8600516, 2.7649548, 2.7636673, 5.5462642, 3.8735495, 2.5849626;
  2.9274929, 1.4081979, 0, 0, 0, 0, 0, 0, 0.74342972, 0, 5.4829125, 4.5666323, 3.2466102, 3.5470059, 3.081003, 1.7233529, 5.49264, 4.5666323, 2.5849626;
  2.4395504, 0.49354008, 0.19747628, 0, 0, 0, 0, 0, 0.68238759, 0, 5.8979793, 3.5905561, 3.7566643, 4.1110668, 2.883538, 2.4552891, 5.8123965, 3.5905561, 2.5849626;
  2.5984142, 0.74038005, 0, 0, 0, 0, 0, 0, 2.4087632, 0, 5.7386084, 3.4977963, 3.8444135, 4.7413554, 2.590152, 1.2508172, 5.8226309, 3.4977963, 2.5849626;
  2.5224354, 2.0250242, 0.31305248, 0, 0, 0, 0, 0, 0, 0, 5.7670817, 5.753726, 3.4417238, 3.3907559, 3.3139184, 3.4018207, 5.7670817, 5.769351, 2.5849626;
  2.2542212, 1.3637608, 0.26312232, 0, 0, 0, 0, 0, 0.72780472, 0, 5.8528666, 4.387423, 2.8279772, 4.3784504, 2.8534949, 2.4002945, 5.8528666, 4.387423, 2.5849626;
  2.4674332, 1.1950185, 0.39414099, 0, 0, 0, 0, 0, 0, 0.065914415, 5.9431686, 4.255424, 3.78508, 3.4981341, 3.092083, 3.1561005, 5.9216461, 4.255424, 2.5849626;
  3.182668, 1.9542507, 0.22597477, 0, 0, 0, 0, 0, 1.0145433, 0, 5.7982068, 5.0832367, 4.0294418, 3.5198946, 3.2870438, 2.5127532, 5.8548093, 5.0832367, 2.5849626;
  2.0465469, 1.5246427, 0.39414099, 0, 0, 0, 0, 0, 0.22597477, 1.0123144, 5.2092648, 5.0168867, 2.56144, 3.3751309, 4.3293629, 2.680053, 5.2205524, 4.9991941, 2.5849626;
  2.3705261, 1.414264, 0.065914415, 0, 0, 0, 0, 0, 0.87441224, 1.622607, 5.4479809, 4.8666863, 3.9668033, 3.7480669, 4.6364484, 1.8624433, 5.5515833, 4.8823113, 2.5849626;
  2.5411789, 1.9676417, 0.44388708, 0, 0, 0, 0, 0, 1.5028098, 0, 5.3958416, 4.8916674, 3.3987596, 4.8278594, 3.0228329, 3.2426729, 5.4822035, 4.8916674, 2.5849626;
  1.4072531, 0.92161411, 0, 0, 0, 0, 0, 0, 3.4933648, 0, 5.6523166, 3.6976647, 3.1084912, 5.7488108, 2.2656913, 2.1391811, 5.7312217, 3.6976647, 2.5849626;
  2.1515238, 0.48154691, 0.16032873, 0, 0, 0, 0, 0, 1.6744102, 0, 5.9673376, 3.3568416, 4.8578987, 3.7324419, 2.5261497, 2.0985577, 5.916327, 3.3568416, 2.5849626;
  2.8963749, 1.2009161, 0, 0, 0, 0, 0, 0, 0.16032873, 0, 5.5893092, 3.6009662, 2.9687603, 3.362097, 3.2645171, 0.42082188, 5.5736842, 3.6009662, 2.5849626;
  3.4164639, 1.1662498, 0, 0, 0, 0, 0, 0, 0.24749732, 0, 6.0094218, 3.9768078, 3.7028153, 3.5900512, 2.8671658, 1.6125898, 6.0035243, 3.9768078, 2.5849626;
  1.9441335, 1.8816335, 0.13174008, 0, 0, 0, 0, 0, 0.065914415, 0, 5.2846479, 5.3812418, 2.5502582, 3.4250922, 3.6853158, 2.7223728, 5.2533979, 5.3812418, 2.5849626;
  2.1736207, 1.078519, 0, 0, 0, 0, 0, 0, 0.94781077, 0.71343577, 5.7417293, 3.9624763, 3.2537048, 4.0323529, 3.952379, 0.7249254, 5.7371192, 4.0131812, 2.5849626;
  4.6096773, 2.2636123, 0.13174008, 0, 0, 0, 0, 0, 0, 0, 5.1676359, 4.7186632, 3.4861372, 3.3044097, 3.3305423, 1.8838143, 5.1676359, 4.7186632, 2.5849626;
  1.8298188, 1.4749987, 0.31305248, 0, 0, 0, 0, 0, 0.52479005, 0, 5.5188994, 4.4837155, 4.0977011, 2.837095, 2.7627997, 3.0393133, 5.5130014, 4.4837155, 2.5849626;
  0.90476567, 0.6630044, 0.26312232, 0, 0, 0, 0, 0, 0, 0.26312232, 3.5920601, 3.7508001, 2.6524844, 2.4954882, 2.668669, 3.2748547, 3.5920601, 3.7508001, 2.5849626;
  1.0829408, 0.60128462, 0.26312232, 0, 0, 0, 0, 0, 0, 0.19747628, 3.9717026, 3.7286034, 2.7494764, 2.6097295, 2.5816095, 3.4021561, 3.9717026, 3.7286034, 2.5849626;
  1.2551799, 0.65940714, 0.26312232, 0, 0, 0, 0, 0, 0, 0.26312232, 3.7578957, 3.5158737, 2.8903196, 2.7376277, 2.478039, 3.1697481, 3.7578957, 3.5158737, 2.5849626;
  1.284968, 0.66968215, 0.26312232, 0, 0, 0, 0, 0, 0, 0.19747628, 3.1936018, 3.6207116, 2.4300365, 2.5854416, 2.524555, 3.197382, 3.1936018, 3.6207116, 2.5849626;
  1.1793005, 0.468804, 0.26312232, 0, 0, 0, 0, 0, 0, 0.19747628, 3.9501343, 3.6125221, 2.8666582, 2.5088556, 2.4656396, 3.2368329, 3.9501343, 3.6125221, 2.5849626;
  0.93979484, 0.67940962, 0.26312232, 0, 0, 0, 0, 0, 0, 0.19747628, 3.4405541, 3.6744413, 2.6839161, 2.2574644, 2.3877885, 3.2553391, 3.4405541, 3.6744413, 2.5849626;
  0.57693845, 1.0139513, 0.26312232, 0, 0, 0, 0, 0, 0, 0.19747628, 3.4960883, 4.5488343, 2.9372818, 2.2873125, 3.1613986, 3.4491241, 3.4960883, 4.5488343, 2.5849626;
  1.2058252, 0.61580253, 0.26312232, 0, 0, 0, 0, 0, 0, 0.19747628, 3.5167899, 3.7494059, 2.732657, 2.6796114, 2.5851104, 3.3649845, 3.5167899, 3.7494059, 2.5849626;
  1.2760208, 0.62280715, 0.26312232, 0, 0, 0, 0, 0, 0, 0.19747628, 3.747962, 3.5617402, 2.9034789, 2.6241162, 2.4511352, 3.272491, 3.747962, 3.5617402, 2.5849626;
  1.3086156, 0.44666508, 0.26312232, 0, 0, 0, 0, 0, 0, 0.19747628, 4.289752, 3.5554101, 3.2155967, 2.6834748, 2.4551656, 3.0516543, 4.289752, 3.5554101, 2.5849626;
  1.0249058, 0.49717191, 0.26312232, 0, 0, 0, 0, 0, 0, 0.19747628, 3.7925382, 3.8515747, 2.8112893, 2.340601, 2.5488646, 3.4530792, 3.7925382, 3.8515747, 2.5849626;
  1.4249276, 0.46229008, 0.26312232, 0, 0, 0, 0, 0, 0, 0.26312232, 3.9256186, 3.612817, 2.6105425, 3.00053, 2.4649243, 3.2737556, 3.9256186, 3.612817, 2.5849626;
  0.84043944, 0.66968215, 0.26312232, 0, 0, 0, 0, 0, 0, 0.19747628, 4.1346164, 4.0377502, 2.9235334, 2.5142756, 2.6669409, 3.4676602, 4.1346164, 4.0377502, 2.5849626;
  1.0974387, 0.26617748, 0.26312232, 0, 0, 0, 0, 0, 0, 0.19747628, 4.4274521, 3.7167106, 3.0762591, 2.6844354, 2.2823849, 3.3356044, 4.4274521, 3.7167106, 2.5849626;
  0.32867748, 0.6942544, 0.26312232, 0, 0, 0, 0, 0, 0, 0.19747628, 3.3482606, 4.1992993, 2.9214528, 2.1051452, 2.9136682, 3.2601175, 3.3482606, 4.1992993, 2.5849626;
  0.60818845, 0.89114434, 0.37851599, 0, 0, 0, 0, 0, 0, 0.19747628, 3.5685327, 4.0270958, 2.8542414, 2.2553511, 2.7923272, 3.3490016, 3.5685327, 4.0270958, 2.5849626;
  0.98764378, 0.66968215, 0.26312232, 0, 0, 0, 0, 0, 0, 0.19747628, 3.7941422, 3.9262066, 2.6488674, 2.4669805, 2.6710093, 3.3599331, 3.7941422, 3.9262066, 2.5849626;
  0.77766222, 0.6630044, 0.26312232, 0, 0, 0, 0, 0, 0, 0.19747628, 3.9429505, 4.0191779, 2.865824, 2.4381032, 2.743757, 3.2917993, 3.9429505, 4.0191779, 2.5849626;
  0.89711839, 0.69503462, 0.26312232, 0, 0, 0, 0, 0, 0, 0.26312232, 4.3028126, 3.897083, 3.0150692, 2.4723952, 2.7437224, 3.2576005, 4.3028126, 3.897083, 2.5849626;
  0.77163005, 0.70093215, 0.26312232, 0, 0, 0, 0, 0, 0, 0.26312232, 3.9432077, 3.8001723, 3.123282, 2.3696163, 2.5831242, 3.1993139, 3.9432077, 3.8001723, 2.5849626;
  0.97694242, 0.39414099, 0.26312232, 0, 0, 0, 0, 0, 0, 0.19747628, 4.1082134, 3.8097446, 3.0978241, 2.3484564, 2.6368592, 3.3101792, 4.1082134, 3.8097446, 2.5849626;
  0.79356444, 0.62935692, 0.26312232, 0, 0, 0, 0, 0, 0, 0.19747628, 3.5862632, 3.8187337, 2.9095349, 2.3393784, 2.5710266, 3.2242966, 3.5862632, 3.8187337, 2.5849626;
  0.83281684, 0.75010747, 0.26312232, 0, 0, 0, 0, 0, 0, 0.19747628, 3.5808375, 4.0586867, 2.9251277, 2.3225455, 2.7045317, 3.3639715, 3.5808375, 4.0586867, 2.5849626;
  0.81891686, 0.70682973, 0.26312232, 0, 0, 0, 0, 0, 0, 0.26312232, 3.780812, 4.0879049, 2.8883393, 2.2240422, 2.7443461, 3.2780831, 3.780812, 4.0879049, 2.5849626;
  1.3896028, 0.59427994, 0.26312232, 0, 0, 0, 0, 0, 0, 0.52479005, 3.9940069, 3.8264832, 2.8473511, 2.7660298, 2.3283241, 3.6434517, 3.9940069, 3.8264832, 2.5849626;
  2.4543262, 1.9918888, 0.40673953, 0, 0, 0, 0, 0, 0, 0.13174008, 4.731308, 5.3477335, 3.0515618, 3.4013345, 3.7594178, 2.7150736, 4.731308, 5.273438, 2.5849626;
  1.2068137, 0.61791587, 0.37851599, 0, 0, 0, 0, 0, 0, 1.9558902, 4.677588, 4.9540801, 3.2360122, 2.6515038, 2.3547363, 5.3885508, 4.677588, 4.9384551, 2.5849626;
  1.0726215, 0.32867748, 0.37851599, 0, 0, 0, 0, 0, 0, 1.0923425, 4.5857, 4.5728016, 3.2224548, 2.7945113, 2.4639325, 4.6506548, 4.5857, 4.5571766, 2.5849626;
  1.1978958, 0.4876425, 0.26312232, 0, 0, 0, 0, 0, 0, 0.52479005, 4.5977006, 3.8878319, 3.0266626, 2.7467215, 2.4119523, 3.5980413, 4.5977006, 3.8878319, 2.5849626;
  2.2016597, 2.0976307, 0.45951208, 0, 0, 0, 0, 0, 0.065914415, 0.67318225, 4.6783681, 5.8004761, 3.0193512, 3.2750471, 3.442312, 4.4253254, 4.6783681, 5.8063736, 2.5849626;
  1.1443137, 0.65995473, 0.26312232, 0, 0, 0, 0, 0, 0.065914415, 0.26312232, 4.9693995, 3.97824, 3.1362808, 2.9634039, 2.3183355, 3.5056136, 4.990922, 3.97824, 2.5849626;
  1.0863546, 0.4720175, 0.26312232, 0, 0, 0, 0, 0, 0, 0.65506345, 4.6347337, 3.8812203, 3.0415075, 2.7862971, 2.3214972, 3.8824821, 4.6347337, 3.8812203, 2.5849626;
  2.4782248, 1.7918117, 0.44388708, 0, 0, 0, 0, 0, 0.065914415, 0.85406077, 5.2183962, 5.1364412, 3.4593806, 3.5260248, 3.2946994, 4.1611762, 5.2281237, 5.1654434, 2.5849626;
  1.1906123, 0.4720175, 0.26312232, 0, 0, 0, 0, 0, 0, 0.26312232, 4.8365378, 3.7022245, 3.1871946, 2.9002488, 2.2026122, 3.3484659, 4.8365378, 3.7022245, 2.5849626;
  2.9686794, 1.8010104, 0.32867748, 0, 0, 0, 0, 0, 0, 0.13174008, 5.4266386, 4.8571768, 3.5099292, 3.2891116, 3.3405967, 2.7144711, 5.4266386, 4.8728018, 2.5849626;
  0.9659692, 0.67557973, 0.37851599, 0, 0, 0, 0, 0, 0, 0.45951208, 4.6666269, 4.5058584, 3.3055167, 2.9263813, 2.7316694, 4.0170422, 4.6666269, 4.5058584, 2.5849626;
  1.009788, 0.65405715, 0.26312232, 0, 0, 0, 0, 0, 0, 0.78495473, 4.0494685, 3.8649328, 3.0636837, 2.3547137, 2.5609486, 3.7323649, 4.0494685, 3.8805578, 2.5849626;
  0.69120473, 0.72245473, 0.39414099, 0, 0, 0, 0, 0, 0, 1.2052181, 3.8861923, 4.5670857, 2.8798347, 2.3656988, 2.4735847, 4.5273776, 3.8861923, 4.5514607, 2.5849626;
  0.69622779, 0.4720175, 0.37851599, 0, 0, 0, 0, 0, 0, 1.1079675, 4.0595121, 4.5555077, 3.0772412, 2.4511554, 2.2603362, 4.6319804, 4.0595121, 4.5398827, 2.5849626;
  0.9829675, 0.22597477, 0.37851599, 0, 0, 0, 0, 0, 0, 1.3645549, 3.9255393, 4.3434258, 2.7887847, 2.4619229, 2.2935452, 4.4646654, 3.9255393, 4.3434258, 2.5849626;
  1.1270052, 0.62935692, 0.39414099, 0, 0, 0, 0, 0, 0, 1.2208431, 4.3112235, 4.6754265, 3.2450845, 2.5209844, 2.3164279, 4.6512251, 4.3112235, 4.6754265, 2.5849626;
  1.0301683, 0.62381345, 0.39414099, 0, 0, 0, 0, 0, 0, 1.4765955, 4.2514272, 4.9419794, 2.9519143, 2.4919286, 2.4426119, 4.8171372, 4.2514272, 4.9419794, 2.5849626;
  0.8460598, 0.45049495, 0.37851599, 0, 0, 0, 0, 0, 0, 1.4609705, 4.277957, 4.2021399, 3.2253242, 2.3805301, 2.2886648, 4.5346022, 4.277957, 4.2177649, 2.5849626;
  1.0759161, 0.43408975, 0.26312232, 0, 0, 0, 0, 0, 0, 0.63943845, 3.8253009, 3.957727, 2.8805921, 2.7004194, 2.3773293, 3.9514935, 3.8253009, 3.942102, 2.5849626;
  1.0145433, 0.69503462, 0.26312232, 0, 0, 0, 0, 0, 0, 0.65506345, 3.7849696, 4.1480923, 2.8830633, 2.6330309, 2.4305692, 4.0245013, 3.7849696, 4.1480923, 2.5849626;
  0.93992239, 0.70443225, 0.26312232, 0, 0, 0, 0, 0, 0, 0.65506345, 3.9998891, 4.3017149, 3.0989654, 2.6238687, 2.7001734, 3.9156747, 3.9998891, 4.2860899, 2.5849626;
  1.1696661, 0.55541587, 0.26312232, 0, 0, 0, 0, 0, 0, 0.70443225, 4.1986895, 3.98929, 3.0555167, 2.3913984, 2.3509982, 4.1688361, 4.1986895, 4.0361652, 2.5849626;
  0.9659692, 0.4876425, 0.26312232, 0, 0, 0, 0, 0, 0, 0.19747628, 4.3804898, 3.8020101, 3.1999717, 2.673995, 2.4608734, 3.3249717, 4.3804898, 3.8020101, 2.5849626;
  0.90676934, 0.67557973, 0.26312232, 0, 0, 0, 0, 0, 0, 0.70443225, 4.8309674, 4.2587147, 3.3887591, 2.8706145, 2.8433409, 3.8165147, 4.8309674, 4.2587147, 2.5849626;
  2.0452528, 1.1130637, 0.37851599, 0, 0, 0, 0, 0, 0.19747628, 0.31305248, 5.2820826, 5.1967483, 3.8367627, 2.7585962, 3.2720826, 3.6318755, 5.2954383, 5.1654983, 2.5849626;
  1.1405052, 0.65710688, 0.26312232, 0, 0, 0, 0, 0, 0, 0.72005725, 4.7896843, 4.7525821, 3.3836417, 2.9458916, 2.8369699, 4.4222021, 4.7896843, 4.7525821, 2.5849626;
  2.1257548, 1.1742071, 0.26312232, 0, 0, 0, 0, 0, 0.50916505, 0.13174008, 5.372725, 4.7390347, 4.0273118, 3.2321823, 2.908869, 3.1485372, 5.372725, 4.7390347, 2.5849626;
  1.2405448, 0.70682973, 0.26312232, 0, 0, 0, 0, 0, 0, 0.45951208, 4.6252403, 4.4385762, 3.2458646, 2.8516116, 2.745636, 4.0526085, 4.6252403, 4.4600987, 2.5849626;
  2.882309, 0.9827013, 0.37851599, 0, 0, 0, 0, 0, 0.11611508, 0.19747628, 5.8823543, 3.661617, 3.5910697, 3.5857847, 2.5735698, 2.8851144, 5.9136043, 3.661617, 2.5849626;
  0.83837175, 0.24749732, 0.35699341, 0, 0, 0, 0, 0, 0, 0.97906077, 3.8503282, 4.2162452, 2.9930167, 2.2488108, 2.2252526, 4.3461337, 3.8503282, 4.2474952, 2.5849626;
  1.9970361, 0.24749732, 0.26312232, 0, 0, 0, 0, 0, 1.2342552, 0.13174008, 5.6221032, 2.9619477, 4.8674231, 2.9050608, 2.2733223, 2.6843972, 5.6123757, 2.9619477, 2.5849626;
  1.0413715, 0.78135747, 0.39414099, 0, 0, 0, 0, 0, 0, 2.1705649, 3.7648363, 5.0535269, 2.9019895, 2.3551228, 2.3588207, 5.3994484, 3.7648363, 5.0222769, 2.5849626;
  2.2690544, 0.18185128, 0.26312232, 0, 0, 0, 0, 0, 1.3662757, 0.13174008, 5.7874041, 3.201797, 5.0028749, 3.0303996, 2.2294886, 2.9327364, 5.7658815, 3.201797, 2.5849626;
  0.84816319, 0.56436312, 0.39414099, 0, 0, 0, 0, 0, 0, 1.4765955, 3.9996662, 5.0218239, 3.1425891, 2.5156534, 2.4807792, 4.9003134, 3.9996662, 4.9905739, 2.5849626;
  0.76573247, 0.39414099, 0.39414099, 0, 0, 0, 0, 0, 0, 1.7410898, 4.3087211, 4.771369, 3.0706897, 2.744359, 2.2006333, 5.0953941, 4.3087211, 4.802619, 2.5849626;
  1.5715966, 0.22597477, 0.24749732, 0, 0, 0, 0, 0, 1.5618691, 0.19747628, 5.4987297, 2.9076717, 5.0868316, 2.6541994, 2.0261762, 2.8754008, 5.5456047, 2.9291945, 2.5849626;
  0.74051464, 0.76093012, 0.39414099, 0, 0, 0, 0, 0, 0, 2.3045182, 4.1214643, 5.0410299, 2.6236887, 2.6958916, 2.4389448, 5.4444451, 4.1214643, 5.0938025, 2.5849626;
  0.81606901, 0.62935692, 0.39414099, 0, 0, 0, 0, 0, 0, 2.3045182, 4.1627135, 5.0708899, 3.1389608, 2.4537971, 2.4206414, 5.5536947, 4.1627135, 5.0990906, 2.5849626;
  0.9231903, 0.59256345, 0.39414099, 0, 0, 0, 0, 0, 0, 1.810107, 3.5033088, 4.8607254, 2.7387564, 2.2651339, 2.4409182, 5.0917349, 3.5033088, 4.8919754, 2.5849626;
  1.3312452, 0.22597477, 0.26312232, 0, 0, 0, 0, 0, 1.2380637, 0.19747628, 5.5842791, 3.0093398, 4.8758726, 2.7383471, 2.1342456, 2.8639538, 5.6155291, 3.0093398, 2.5849626;
  0.88604271, 0.61791587, 0.37851599, 0, 0, 0, 0, 0, 0, 1.566684, 4.1965184, 5.1494417, 3.192312, 2.5648799, 2.619499, 5.0574484, 4.1965184, 5.1650667, 2.5849626;
  1.5598016, 0.18185128, 0.19747628, 0, 0, 0, 0, 0, 1.9053442, 0.13174008, 5.506629, 3.0435576, 5.4083123, 2.694129, 1.9520329, 2.969054, 5.5594015, 3.0435576, 2.5849626;
  1.4871348, 0.24749732, 0.26312232, 0, 0, 0, 0, 0, 0, 0.78495473, 4.6646628, 4.0692573, 3.2645392, 3.0887094, 2.2863619, 3.8655696, 4.6646628, 4.1005073, 2.5849626;
  1.2760208, 0.73807973, 0.26312232, 0, 0, 0, 0, 0, 0, 1.3005637, 4.3272853, 4.1986337, 3.0301487, 2.6158454, 2.2798784, 4.6355348, 4.3272853, 4.2298837, 2.5849626;
  2.0516703, 0.73448247, 0.37851599, 0, 0, 0, 0, 0, 0, 0.61791587, 5.6019397, 4.242496, 3.5378027, 3.3627529, 2.325779, 3.6709104, 5.5960422, 4.195621, 2.5849626;
  1.7838581, 1.2374952, 0.45951208, 0, 0, 0, 0, 0, 0.50916505, 0.13174008, 4.9249773, 4.9669824, 4.0079193, 2.7373211, 2.5390079, 3.6020734, 4.9249773, 4.9669824, 2.5849626;
  1.4655311, 0.51184911, 0.26312232, 0, 0, 0, 0, 0, 0.515679, 0.13174008, 5.3557415, 3.0809162, 4.3605905, 2.6175945, 2.1844461, 2.727484, 5.3401165, 3.0809162, 2.5849626;
  2.1517377, 1.0510988, 0.32867748, 0, 0, 0, 0, 0, 1.488559, 0.24749732, 5.2938318, 4.6904998, 4.6000834, 3.3189361, 3.6952679, 2.1931298, 5.2789869, 4.6846023, 2.5849626;
  1.9727302, 0.96543944, 0.26312232, 0, 0, 0, 0, 0, 1.2975433, 0.37851599, 5.1335382, 4.7382345, 4.5382514, 3.1728995, 3.6076303, 2.6857007, 5.1706858, 4.7179995, 2.5849626;
  1.055195, 0.79250699, 0.39414099, 0, 0, 0, 0, 0, 0, 2.45119, 4.4530988, 5.3154769, 3.3697577, 2.5407605, 2.4561021, 5.8387308, 4.4530988, 5.2939544, 2.5849626;
  3.2477643, 1.2658973, 0.24749732, 0, 0, 0, 0, 0, 0.36289099, 0, 5.308136, 4.243865, 3.8195007, 3.3320858, 3.2790573, 2.0958202, 5.3847003, 4.243865, 2.5849626;
  2.4737628, 2.5051715, 0.52479005, 0, 0, 0, 0, 0, 0.24749732, 0, 5.6445532, 5.5724521, 3.7700548, 3.4461417, 3.1999717, 3.686096, 5.6758032, 5.5724521, 2.5849626;
  2.3925197, 1.6094121, 0.37851599, 0, 0, 0, 0, 0, 0.18185128, 1.0489681, 5.2897892, 5.8118181, 3.0309999, 3.5628581, 4.359746, 3.3122911, 5.3054142, 5.8057184, 2.5849626;
  2.1976306, 1.8013595, 0.44388708, 0, 0, 0, 0, 0, 0, 0.19747628, 4.4263177, 5.2991886, 3.2137094, 2.7539399, 3.1079624, 3.422749, 4.3950677, 5.2991886, 2.5849626;
  2.2544732, 1.7533613, 0.52479005, 0, 0, 0, 0, 0, 0, 0.13174008, 5.0106826, 4.7262359, 3.0972743, 3.025631, 2.8701611, 3.4761682, 5.0106826, 4.7262359, 2.5849626;
  2.8574412, 1.0882465, 0.39414099, 0, 0, 0, 0, 0, 0.11611508, 0.19747628, 5.5630512, 4.2358842, 3.665365, 3.2712171, 2.6252999, 3.3564193, 5.540874, 4.2358842, 2.5849626;
  2.9572484, 1.9076188, 0.24749732, 0, 0, 0, 0, 0, 0, 0.19747628, 4.9671879, 5.3436465, 3.0475965, 3.2208235, 3.657232, 3.1659639, 4.9671879, 5.3436465, 2.5849626;
  1.9244901, 0.29152992, 0.19747628, 0, 0, 0, 0, 0, 0.88320732, 0.13174008, 5.1702337, 3.2647426, 4.0212131, 2.785845, 2.3524668, 1.8306112, 5.1702337, 3.2647426, 2.5849626;
  1.5579661, 0.75613964, 0.26312232, 0, 0, 0, 0, 0, 0.89883232, 0.065914415, 5.1894813, 3.5775192, 4.3470554, 2.5869091, 2.4986637, 1.925783, 5.1894813, 3.5775192, 2.5849626;
  2.1579957, 1.2603958, 0.26312232, 0, 0, 0, 0, 0, 0.30344066, 0.19747628, 5.3039966, 4.6331654, 3.1294839, 2.9890501, 3.0244355, 2.4869261, 5.2727466, 4.6331654, 2.5849626;
  2.338187, 0.48591122, 0.31305248, 0, 0, 0, 0, 0, 0.72858489, 0.19747628, 5.7895861, 3.5545697, 4.3137155, 3.2273917, 2.4726443, 2.3245809, 5.7583361, 3.5545697, 2.5849626;
  2.115474, 0.13174008, 0.19747628, 0, 0, 0, 0, 0, 1.2336574, 0.13174008, 5.4070907, 3.2444563, 4.5023837, 3.0950923, 2.4908011, 1.5310208, 5.3914657, 3.2444563, 2.5849626;
  1.933055, 1.6135987, 0.42236453, 0, 0, 0, 0, 0, 0.29152992, 0.39701208, 4.3061018, 5.455112, 2.9822037, 2.8835251, 3.495748, 3.395437, 4.3061018, 5.4108334, 2.5849626;
  1.8807774, 0.26617748, 0.26312232, 0, 0, 0, 0, 0, 0.78495473, 0.13174008, 5.4114113, 2.5760686, 4.1733832, 3.0433948, 2.0102963, 1.9046085, 5.3957863, 2.5760686, 2.5849626;
  2.2914228, 0.22597477, 0.19747628, 0, 0, 0, 0, 0, 0.76932973, 0.13174008, 5.3882575, 2.2572215, 3.8845472, 3.1194353, 1.7577225, 1.4486725, 5.4038825, 2.2572215, 2.5849626;
  1.9749931, 0.6273455, 0.35699341, 0, 0, 0, 0, 0, 0.72005725, 0.13174008, 4.9894452, 3.4830508, 4.3304486, 2.7343588, 2.6290865, 2.5777497, 4.9846764, 3.4830508, 2.5849626;
  1.9234623, 0.18185128, 0.31305248, 0, 0, 0, 0, 0, 0.84975505, 0.13174008, 5.283946, 3.2958272, 4.4468479, 2.7654836, 2.4608371, 2.4058001, 5.283946, 3.2958272, 2.5849626;
  2.0515883, 0.63142753, 0.26312232, 0, 0, 0, 0, 0, 0.63943845, 0.13174008, 4.9281931, 3.1433089, 4.0294418, 2.8193855, 2.4914792, 2.6479948, 4.9281931, 3.1433089, 2.5849626;
  2.0137088, 0.18185128, 0.26312232, 0, 0, 0, 0, 0, 0.91445732, 0.19747628, 5.4465456, 3.1144252, 4.1172943, 2.9106853, 2.4812176, 2.5324669, 5.4465456, 3.1144252, 2.5849626;
  2.0966957, 0.97264045, 0.37851599, 0, 0, 0, 0, 0, 0.72005725, 0.13174008, 4.9341288, 3.5160472, 4.0383892, 2.9136918, 2.6059928, 2.6938288, 4.9341288, 3.5160472, 2.5849626;
  1.6328403, 0.500054, 0.19747628, 0, 0, 0, 0, 0, 1.0454675, 0.13174008, 4.9867654, 2.9144003, 4.5403118, 2.5757613, 2.2445288, 2.3648462, 4.9867654, 2.9144003, 2.5849626;
  2.178118, 1.9062058, 0.44388708, 0, 0, 0, 0, 0, 0.065914415, 0.13174008, 5.042407, 5.7202067, 3.1759491, 3.5135574, 3.4989142, 3.807266, 5.073657, 5.7202067, 2.5849626;
  2.2610912, 1.7417095, 0.32867748, 0, 0, 0, 0, 0, 0, 0.19747628, 4.8570075, 5.5788784, 3.0608358, 3.4617667, 3.5060995, 3.3304343, 4.8726325, 5.5417309, 2.5849626;
  2.3169732, 2.0810587, 0.32867748, 0, 0, 0, 0, 0, 0, 0.77688199, 5.6078587, 5.3768601, 3.0602956, 3.5372787, 3.3731682, 3.7933421, 5.6078587, 5.4050608, 2.5849626;
  0.70682973, 0.065914415, 0.19747628, 0, 0, 0, 0, 0, 0, 0.19747628, 4.398087, 3.6157708, 3.2291327, 2.5199254, 2.108943, 3.3187473, 4.398087, 3.6157708, 2.5849626;
  0.39111453, 1.5639368, 0.32867748, 0, 0, 0, 0, 0, 0, 1.9714723, 3.5765405, 5.3171854, 1.1172543, 2.7323372, 2.7485528, 5.0857792, 3.5765405, 5.350503, 2.5849626;
  2.4995532, 2.0641205, 0.42236453, 0, 0, 0, 0, 0, 0.24749732, 1.2159727, 5.1174612, 5.2551613, 3.4582736, 3.2883313, 3.1811719, 4.671381, 5.1448812, 5.2765589, 2.5849626;
  2.1962287, 2.4038436, 0.57434911, 0, 0, 0, 0, 0, 0.13174008, 0, 5.3504801, 5.5738859, 3.217798, 3.2141459, 3.3431008, 3.1886129, 5.3504801, 5.5738859, 2.5849626;
  0.99668944, 0.92628819, 0.26312232, 0, 0, 0, 0, 0, 0.78495473, 0, 4.0998206, 4.2681189, 4.0943522, 2.2274697, 3.1512094, 2.6619954, 4.1369681, 4.2719488, 2.5849626;
  1.5389026, 1.3714569, 0.45951208, 0, 0, 0, 0, 0, 0, 0.59256345, 4.4332681, 5.015419, 2.4960768, 2.6391425, 2.5110435, 4.1453662, 4.4332681, 5.0956116, 2.5849626;
  1.1614299, 1.7242764, 0.45951208, 0, 0, 0, 0, 0, 0, 0.62381345, 4.4928527, 5.1393104, 2.3797412, 3.1112139, 3.1628666, 3.9898965, 4.4928527, 5.1713409, 2.5849626;
  0.26312232, 0.67940962, 0.26312232, 0, 0, 0, 0, 0, 1.0031167, 0, 3.3021467, 2.8439007, 4.0480709, 1.6540151, 2.1903098, 2.4904256, 3.3177717, 2.8439007, 2.5849626;
  1.7213581, 0.44388708, 0.19747628, 0, 0, 0, 0, 0, 0.24749732, 0.19747628, 5.5413485, 2.934716, 3.7067747, 3.2025142, 2.0494566, 2.804404, 5.5198259, 2.934716, 2.5849626;
  2.1450934, 0.18185128, 0.19747628, 0, 0, 0, 0, 0, 0.065914415, 0.18185128, 5.6619401, 3.0174387, 3.4355633, 3.5493121, 2.0870464, 2.9144905, 5.6463151, 3.0174387, 2.5849626;
  0.97516686, 1.3484685, 0.44388708, 0, 0, 0, 0, 0, 0, 3.7466731, 3.5503273, 5.4634037, 2.0184352, 2.214556, 5.3032742, 5.6587763, 3.5503273, 5.7916541, 2.5849626;
  2.2785916, 1.993046, 0.45951208, 0, 0, 0, 0, 0, 0, 1.6667947, 5.4570532, 5.4612651, 3.001842, 3.3836417, 4.7907557, 3.1541424, 5.4570532, 5.5599308, 2.5849626;
  1.1524688, 2.0025132, 0.45951208, 0, 0, 0, 0, 0, 0, 0.26312232, 4.5638151, 5.21981, 2.6233692, 3.0885289, 3.1833646, 3.7689476, 4.5638151, 5.21981, 2.5849626;
  0.85383213, 1.1749873, 0.32867748, 0, 0, 0, 0, 0, 0.13174008, 0.19747628, 3.8704255, 4.3250923, 3.1916835, 2.5296192, 2.9240742, 3.4029164, 3.8704255, 4.3250923, 2.5849626;
  2.1756299, 1.2802348, 0.24749732, 0, 0, 0, 0, 0, 1.6738176, 0.065914415, 6.1707892, 4.1115136, 4.4757986, 4.5551562, 2.81724, 2.3855484, 6.2214942, 4.1086659, 2.5849626;
  1.723316, 1.945765, 0.52479005, 0, 0, 0, 0, 0, 0, 0.65506345, 4.3516827, 5.3201113, 2.8791084, 2.6255729, 2.9970269, 4.1674857, 4.3516827, 5.3481865, 2.5849626;
  1.4160557, 1.9055684, 0.57434911, 0, 0, 0, 0, 0, 0.72005725, 0, 4.5727959, 4.1994205, 3.7224057, 2.8112893, 2.6116536, 3.2468467, 4.5571709, 4.1994205, 2.5849626;
  2.0234573, 2.4780357, 0.45951208, 0, 0, 0, 0, 0, 0, 1.4562452, 4.8503847, 5.3192759, 3.5170434, 2.4855981, 4.1647558, 3.8099852, 4.8503847, 5.3387308, 2.5849626;
  1.6298774, 1.974522, 0.32867748, 0, 0, 0, 0, 0, 0, 0.56653005, 5.0881643, 5.6258783, 2.6359999, 3.5076597, 3.8049963, 3.4185414, 5.0881643, 5.6289282, 2.5849626;
  1.0253778, 1.5768929, 0.45951208, 0, 0, 0, 0, 0, 0.19747628, 0.26312232, 3.7210851, 5.7410045, 3.3076029, 2.1799788, 2.918777, 4.0630999, 3.7210851, 5.7448344, 2.5849626;
  2.3979461, 2.2330649, 0.31305248, 0, 0, 0, 0, 0, 0, 0, 5.1697817, 5.5440583, 3.0097334, 3.4958646, 3.5850046, 2.8677816, 5.1659517, 5.5440583, 2.5849626;
  1.7422503, 1.0139513, 0.26312232, 0, 0, 0, 0, 0, 0.23187232, 0.26312232, 4.2869492, 4.4300942, 3.3769982, 3.0951314, 3.1011043, 3.055517, 4.3448391, 4.4300942, 2.5849626;
  2.3436131, 1.3456979, 0.35699341, 0, 0, 0, 0, 0, 0.065914415, 0.27590492, 5.6407232, 5.3111639, 3.2748106, 3.6645734, 4.0911617, 2.5935323, 5.6591959, 5.2806945, 2.5849626;
  2.9205031, 0.83413005, 0.18185128, 0, 0, 0, 0, 0, 0.34136841, 0, 5.8540072, 3.4722779, 4.1579418, 3.2994726, 2.7323828, 2.2721944, 5.8227572, 3.4722779, 2.5849626;
  2.728034, 0.83413005, 0.18185128, 0, 0, 0, 0, 0, 0.18185128, 0, 5.3302369, 4.0873075, 3.5992129, 3.0426145, 3.3968723, 2.3454638, 5.3146119, 4.0873075, 2.5849626;
  2.8851185, 1.6417841, 0.44388708, 0, 0, 0, 0, 0, 0.24749732, 0.68060279, 5.3625226, 4.9006538, 3.5427396, 3.6697938, 3.1539493, 3.7703071, 5.3972759, 4.9245381, 2.5849626;
  1.7157766, 1.6487106, 0.44388708, 0, 0, 0, 0, 0, 0.37851599, 1.0767175, 5.1297178, 4.9344234, 3.7679286, 3.2491872, 2.8930638, 4.6038013, 5.1988955, 4.9344234, 2.5849626;
  1.2760208, 0.82453722, 0.18185128, 0, 0, 0, 0, 0, 0.32867748, 0, 4.833375, 4.0843611, 3.6568499, 2.885077, 2.7973335, 2.47246, 4.849, 4.0843611, 2.5849626;
  0.82786411, 0.29742748, 0.37851599, 0, 0, 0, 0, 0, 0, 0.39414099, 4.0879574, 4.5260515, 2.8321109, 2.6509833, 2.2738216, 3.8473647, 4.0879574, 4.5260515, 2.5849626;
  1.1583431, 1.9548645, 0.38521698, 0, 0, 0, 0, 0, 0, 1.3371427, 4.7834506, 5.6650934, 1.6065655, 3.5746891, 4.7344575, 2.8942707, 4.7678256, 5.7588434, 2.5849626;
  2.0298548, 1.809779, 0.44388708, 0, 0, 0, 0, 0, 0.62630725, 0.97906077, 4.8578587, 5.1718493, 3.2123106, 2.9714618, 3.3812673, 4.0863872, 4.8891087, 5.1874743, 2.5849626;
  1.2537102, 1.6074843, 0.45951208, 0, 0, 0, 0, 0, 0.065914415, 0.65755725, 4.8996248, 5.2140675, 2.5703917, 4.0406394, 2.9889019, 4.5451341, 4.8996248, 5.206861, 2.5849626;
  1.5881182, 1.4777677, 0.26312232, 0, 0, 0, 0, 0, 1.1427181, 1.9058154, 4.6220026, 5.5600019, 1.7137167, 4.5197816, 4.9214511, 3.3340864, 4.6279001, 5.5874219, 2.5849626;
  1.8680377, 1.6953403, 0.44388708, 0, 0, 0, 0, 0, 0.71655715, 0, 5.5516272, 4.7889042, 3.5191453, 4.0452423, 3.4543087, 2.9957609, 5.5554571, 4.7899303, 2.5849626;
  2.0141625, 1.7612497, 0.44388708, 0, 0, 0, 0, 0, 0.60229087, 1.9424174, 4.9962358, 5.1464958, 4.0308738, 2.9757273, 3.3221743, 5.1170201, 5.0461602, 5.2630229, 2.5849626;
  2.4089222, 1.0957552, 0.24749732, 0, 0, 0, 0, 0, 0.63142753, 0.065914415, 5.4912987, 4.5739937, 3.5795467, 3.6237977, 3.5784705, 2.3504293, 5.4130487, 4.5583687, 2.5849626;
  1.7207278, 2.3545921, 0.38138708, 0, 0, 0, 0, 0, 0.13174008, 0.13174008, 4.9297891, 5.730916, 2.4905512, 3.5614142, 3.6698074, 2.9424169, 4.9297891, 5.7093935, 2.5849626;
  2.8763092, 2.7588987, 0.45951208, 0, 0, 0, 0, 0, 0, 0, 4.8679357, 5.8267341, 3.0334489, 3.0914321, 3.4340029, 3.5139937, 4.8523107, 5.8267341, 2.5849626;
  1.9217548, 2.4698441, 0.45951208, 0, 0, 0, 0, 0, 0.065914415, 0.26312232, 5.0052032, 5.6752744, 2.70928, 3.5017622, 3.7476227, 3.1859186, 5.0052032, 5.6752744, 2.5849626;
  0.56131345, 1.77605, 0.42826208, 0, 0, 0, 0, 0, 0, 1.794482, 3.0391629, 5.9107566, 0.51159054, 2.7856429, 3.8355694, 4.477983, 3.0391629, 5.9791541, 2.5849626;
  0.43104008, 1.0602911, 0.26312232, 0, 0, 0, 0, 0, 0, 0.26312232, 3.7040534, 4.0894132, 2.0923471, 2.5047688, 2.3567324, 3.0769315, 3.7040534, 4.0894132, 2.5849626;
  2.0706382, 2.2698462, 0.32867748, 0, 0, 0, 0, 0, 0, 0.33164099, 4.9411778, 5.3293099, 2.5980792, 3.2075508, 3.6352022, 2.9791751, 4.9411778, 5.3293099, 2.5849626;
  0.71953511, 1.8228821, 0.44388708, 0, 0, 0, 0, 0, 0.19747628, 0.32867748, 4.1765342, 4.7213531, 3.3938227, 2.6540411, 3.0579126, 3.5344477, 4.1765342, 4.7213531, 2.5849626;
  0.96914399, 2.3816497, 0.45951208, 0, 0, 0, 0, 0, 0.065914415, 0.19747628, 4.6436257, 5.5876236, 3.3340154, 3.1178918, 3.4520392, 3.8121903, 4.6592507, 5.5876236, 2.5849626;
  0.26617748, 1.6995609, 0.42236453, 0, 0, 0, 0, 0, 0, 0.26312232, 3.7589076, 5.0475826, 2.4574471, 2.5534492, 3.0945139, 3.7687089, 3.7589076, 5.0475826, 2.5849626;
  0.96670771, 1.9624969, 0.44388708, 0, 0, 0, 0, 0, 0, 0.26312232, 4.1243834, 4.9384766, 2.4510076, 2.9761043, 3.2245438, 3.5822494, 4.1243834, 4.9228516, 2.5849626;
  0.89627993, 2.6669896, 0.73807973, 0, 0, 0, 0, 0, 0, 0.32867748, 4.1501527, 5.5944266, 2.8041916, 2.8433194, 3.1833646, 3.8013048, 4.1501527, 5.5885291, 2.5849626;
  1.0692676, 1.7586627, 0.39414099, 0, 0, 0, 0, 0, 0.19747628, 0.32867748, 4.4251099, 4.9158039, 3.4355175, 2.6852036, 3.2030213, 3.687736, 4.4094849, 4.9158039, 2.5849626;
  0.82055378, 2.0376828, 0.63943845, 0, 0, 0, 0, 0, 0.24749732, 0.32867748, 4.3966866, 4.5727086, 3.3371909, 2.8264942, 2.8789279, 3.569921, 4.3966866, 4.5727086, 2.5849626;
  0.30344066, 1.4340353, 0.45951208, 0, 0, 0, 0, 0, 0, 0.26312232, 3.1273437, 5.4988108, 2.3684759, 2.4131951, 3.1180167, 3.654984, 3.1273437, 5.4988108, 2.5849626;
  0.38799495, 0.90037781, 0.52479005, 0, 0, 0, 0, 0, 0, 0.32867748, 3.9465878, 4.9762025, 2.410111, 2.7686045, 2.6547444, 3.7195518, 3.9465878, 4.9762025, 2.5849626;
  0.73646802, 2.5000651, 0.63943845, 0, 0, 0, 0, 0, 0, 0.26312232, 4.3669243, 5.4820786, 2.6095066, 3.2084117, 3.6111372, 3.6860323, 4.3669243, 5.4820786, 2.5849626;
  1.635425, 2.1609633, 0.50916505, 0, 0, 0, 0, 0, 0, 0.26312232, 3.3051813, 5.2968817, 2.5635588, 2.5933137, 3.442312, 3.5395606, 3.3051813, 5.2871542, 2.5849626;
  0, 1.8091222, 0.63943845, 0, 0, 0, 0, 0, 0, 0.26312232, 3.718178, 5.625371, 2.3173871, 2.7351067, 3.1763813, 3.7172823, 3.718178, 5.625371, 2.5849626;
  0.78403878, 1.5198081, 0.32867748, 0, 0, 0, 0, 0, 0.18185128, 0.26312232, 4.3438225, 5.0658994, 3.4862096, 2.6546276, 3.4666824, 3.3443682, 4.3438225, 5.0658994, 2.5849626;
  1.9022999, 1.2607306, 0.57434911, 0, 0, 0, 0, 0, 0, 0.26312232, 4.8962936, 4.9149914, 3.1736372, 3.2039819, 2.5162098, 3.8814974, 4.8962936, 4.9149914, 2.5849626;
  0.93789399, 1.7523024, 0.44388708, 0, 0, 0, 0, 0, 0, 0.32867748, 4.1864963, 4.68929, 2.6453452, 2.9863391, 2.6903222, 3.5671315, 4.1864963, 4.673665, 2.5849626;
  0.34726599, 1.6857654, 0.6942544, 0, 0, 0, 0, 0, 0, 0.19747628, 4.3325949, 5.6227036, 3.1075091, 3.0080633, 3.3464942, 3.7868378, 4.3325949, 5.6227036, 2.5849626;
  0.95953643, 2.606365, 0.52479005, 0, 0, 0, 0, 0, 0, 0.32867748, 4.2407856, 4.6384964, 2.6699388, 3.1714444, 3.0993974, 3.3378739, 4.2407856, 4.6384964, 2.5849626;
  0.58326215, 2.0432324, 0.63943845, 0, 0, 0, 0, 0, 0, 0.19747628, 4.0950303, 5.7126236, 2.7410364, 3.1472545, 3.3582892, 3.8805878, 4.0950303, 5.7126236, 2.5849626;
  0.31305248, 1.7825757, 0.61791587, 0, 0, 0, 0, 0, 0, 0.39414099, 3.4768469, 5.2509551, 2.813977, 2.5220847, 3.1448586, 3.8875618, 3.4768469, 5.2509551, 2.5849626;
  1.8008318, 1.9256762, 0.44388708, 0, 0, 0, 0, 0, 0, 0.32867748, 4.2796597, 4.7559915, 2.4296675, 2.7818015, 2.8391459, 3.4588971, 4.2796597, 4.7559915, 2.5849626;
  1.9417819, 1.3047205, 0.26312232, 0, 0, 0, 0, 0, 0, 1.9791374, 5.2352629, 5.6161051, 3.217798, 2.8257363, 4.8812838, 3.5380318, 5.2352629, 5.6384082, 2.5849626;
  1.546116, 1.2662933, 0.19747628, 0, 0, 0, 0, 0, 0.18185128, 1.109769, 5.1478758, 5.2934217, 3.641607, 2.7359626, 4.5256796, 2.3215003, 5.1850233, 5.2934217, 2.5849626;
  2.1256385, 1.6543628, 0.32867748, 0, 0, 0, 0, 0, 0.38138708, 1.902179, 5.2561989, 5.5603285, 3.3085666, 4.0959473, 4.3621464, 4.2787757, 5.2815514, 5.6250982, 2.5849626;
  2.3335693, 1.8585507, 0.32867748, 0, 0, 0, 0, 0, 0.065914415, 1.9985665, 5.355916, 5.5308409, 3.2742445, 3.254812, 5.5618892, 2.7305725, 5.3774385, 5.6051359, 2.5849626;
  1.025413, 0.18185128, 0.19747628, 0, 0, 0, 0, 0, 0.065914415, 0.26312232, 4.6073675, 2.9586527, 3.4944718, 2.2807481, 2.1434674, 2.8178055, 4.613265, 2.9586527, 2.5849626;
  0.76932973, 0.69120473, 0.26312232, 0, 0, 0, 0, 0, 0, 0.26312232, 3.9781086, 3.4122744, 3.0959225, 2.07829, 2.3655739, 3.0851524, 3.9781086, 3.4122744, 2.5849626;
  2.2494214, 2.1847959, 0.32867748, 0, 0, 0, 0, 0, 1.0298425, 0, 5.5619445, 5.420064, 3.686754, 3.7300594, 2.9808018, 3.4802396, 5.5160513, 5.404439, 2.5849626;
  1.8172892, 2.0926478, 0.45951208, 0, 0, 0, 0, 0, 0, 2.1479499, 4.5310049, 5.9311719, 2.8251512, 2.988893, 5.3789401, 3.3458576, 4.5367775, 5.8100019, 2.5849626;
  2.6571629, 0.98011965, 0.18185128, 0, 0, 0, 0, 0, 0.23187232, 0, 6.2068295, 4.2859588, 3.9811451, 3.4985707, 2.9353287, 2.1301172, 6.2068295, 4.2703338, 2.5849626;
  2.5368524, 1.269343, 0.32867748, 0, 0, 0, 0, 0, 1.2551799, 0, 5.4679208, 5.1914835, 4.7011499, 2.9505339, 3.4899671, 3.0664065, 5.5206933, 5.226563, 2.5849626;
  0.42236453, 0.57434911, 0.26312232, 0, 0, 0, 0, 0, 0.13174008, 0.26312232, 3.441853, 4.0360394, 1.714473, 2.6045446, 2.829212, 2.810782, 3.457478, 4.0360394, 1.7924813;
  2.30338, 1.2055556, 0.37851599, 0, 0, 0, 0, 0, 0, 2.2580922, 4.5565982, 5.1065121, 3.0795012, 3.0103827, 2.6104503, 5.0523491, 4.5471978, 5.1556888, 2.5849626;
  2.6334927, 1.6699586, 0.32867748, 0, 0, 0, 0, 0, 0.26312232, 0, 5.6601567, 4.9419756, 3.3123631, 3.5237212, 3.5805867, 2.4338765, 5.6132817, 4.9576006, 2.5849626;
  0.065914415, 1.3027639, 0.44388708, 0, 0, 0, 0, 0, 0, 0.26312232, 3.5026271, 4.2879319, 2.1242912, 2.5345349, 2.7294691, 3.305207, 3.5026271, 4.2879319, 2.5849626;
  2.1916609, 2.3161571, 0.44388708, 0, 0, 0, 0, 0, 0.42236453, 0, 4.9047432, 5.7221494, 3.4211373, 3.1001775, 3.6487212, 3.4367511, 4.8675957, 5.7416043, 2.5849626;
  1.9051417, 1.8922412, 0.44388708, 0, 0, 0, 0, 0, 0, 0.45951208, 4.6924434, 4.7930398, 3.2159693, 2.8418133, 3.0625768, 3.5089645, 4.6924434, 4.7930398, 2.5849626;
  2.4422426, 1.6985388, 0.37851599, 0, 0, 0, 0, 0, 0, 2.0768149, 5.5938482, 5.7728543, 3.1842661, 3.6482847, 4.5630255, 3.992079, 5.5938482, 5.7661762, 2.5849626;
  3.6341991, 3.0392594, 0.61791587, 0, 0, 0, 0, 0, 0, 0, 4.7611356, 4.9361939, 3.3359866, 3.2422366, 2.8727829, 3.407232, 4.7611356, 4.9631066, 2.5849626;
  0.75370473, 1.0089726, 0.44388708, 0, 0, 0, 0, 0, 0.13174008, 0.26312232, 4.4010482, 5.0349989, 3.5972703, 2.1453471, 2.8461673, 3.6808565, 4.3795257, 5.0349989, 2.5849626;
  1.3721871, 1.9533912, 0.45951208, 0, 0, 0, 0, 0, 0.11611508, 0.24749732, 4.9488163, 5.0440001, 2.6638281, 3.2664819, 2.992548, 3.523957, 4.9488163, 5.0596251, 2.5849626;
  2.3516111, 1.9639782, 0.45951208, 0, 0, 0, 0, 0, 0.7249254, 0, 5.5925393, 4.9178391, 3.5019641, 4.1196313, 3.2178662, 3.2921612, 5.5559206, 4.9178391, 2.5849626;
  1.2605683, 0.98601717, 0.24749732, 0, 0, 0, 0, 0, 0.50916505, 0.065914415, 4.4616375, 3.9805059, 3.8473647, 2.2543292, 2.5032825, 2.9602375, 4.4616375, 3.9961309, 2.5849626;
  2.1955512, 2.6372247, 0.52479005, 0, 0, 0, 0, 0, 0, 0.53720152, 4.9437466, 5.4749475, 2.3142328, 3.2367754, 3.3088012, 3.9183679, 4.9593716, 5.46522, 2.5849626;
  1.9840198, 0.89883232, 0.24749732, 0, 0, 0, 0, 0, 1.1743079, 3.0600152, 4.9392567, 5.1587439, 2.6004548, 4.4937367, 5.429306, 3.973614, 4.9705067, 5.2399187, 2.5849626;
  1.5603073, 1.4594198, 0.36289099, 0, 0, 0, 0, 0, 0.78403878, 0, 5.8564234, 4.4211617, 2.7631485, 4.4371204, 2.9406383, 2.3725362, 5.8661509, 4.418314, 2.5849626;
  2.167161, 1.9395696, 0.44388708, 0, 0, 0, 0, 0, 0.57693845, 1.5058578, 5.2690244, 5.5123682, 3.1692655, 3.6599057, 4.0116868, 4.3436217, 5.2974262, 5.5874434, 2.5849626;
  2.2693181, 1.3065367, 0.42236453, 0, 0, 0, 0, 0, 0.29152992, 1.7679584, 5.0675364, 4.9850125, 3.5857847, 3.5017581, 4.9198909, 2.6851106, 5.0959172, 4.9909101, 2.5849626;
  2.4806209, 1.2760208, 0.24749732, 0, 0, 0, 0, 0, 0.56030715, 0.89704186, 5.1621542, 4.6778817, 3.5188422, 3.9400666, 4.196703, 2.3583324, 5.1853514, 4.6994042, 2.5849626;
  1.9635071, 1.125394, 0, 0, 0, 0, 0, 0, 0.95620006, 0.78871286, 5.883265, 3.7063422, 3.6854324, 4.654283, 4.1538029, 0.16032873, 5.9604082, 3.6594672, 2.5849626;
  1.7908511, 1.9037138, 0.44388708, 0, 0, 0, 0, 0, 0.065914415, 0.19747628, 4.6405158, 5.373991, 3.58724, 2.271436, 3.500982, 3.6080506, 4.6464133, 5.3758783, 2.5849626;
  1.5648334, 1.9246787, 0.32867748, 0, 0, 0, 0, 0, 0, 0.65493172, 4.2284837, 5.8541541, 2.0517924, 2.8672366, 3.8050761, 3.7353911, 4.2284837, 5.840291, 2.5849626;
  0.75370473, 0.065914415, 0.19747628, 0, 0, 0, 0, 0, 0.6942544, 0.19747628, 5.094264, 2.8644655, 4.4808011, 2.250514, 1.7797506, 2.5232141, 5.0414915, 2.8644655, 2.5849626;
  2.628715, 2.6483374, 0.52479005, 0, 0, 0, 0, 0, 0, 0, 5.5079384, 5.2711768, 3.0768974, 3.6014097, 2.9214444, 3.6221521, 5.5079384, 5.2711768, 2.5849626;
  0.96131742, 1.2409409, 0.39414099, 0, 0, 0, 0, 0, 0.24749732, 2.1576645, 3.9564199, 5.2153797, 3.5008018, 2.1530483, 2.574054, 5.3514752, 3.9720449, 5.2466297, 2.5849626;
  0.78495473, 1.3946917, 0.45951208, 0, 0, 0, 0, 0, 0.44666508, 0.57434911, 4.2564902, 4.9279809, 3.8188591, 1.7865577, 2.8334117, 3.9296558, 4.2662177, 4.9436059, 2.5849626;
  0.66728467, 1.4966819, 0.44388708, 0, 0, 0, 0, 0, 0, 0.32867748, 4.1865096, 5.0026031, 3.3449337, 2.345294, 3.4565442, 3.537442, 4.1806121, 5.0241256, 2.5849626;
  1.3850816, 1.2587123, 0.42236453, 0, 0, 0, 0, 0, 0, 0.32867748, 3.5746615, 4.0246472, 2.7912724, 2.4158697, 2.4761894, 3.440738, 3.5746615, 4.0246472, 2.5849626;
  0.46229008, 1.4713295, 0.32867748, 0, 0, 0, 0, 0, 0, 0.32867748, 3.8923912, 4.3161187, 2.2558131, 2.4445658, 2.9679086, 3.3717663, 3.8923912, 4.3161187, 2.5849626;
  1.3233951, 1.1911887, 0.13174008, 0, 0, 0, 0, 0, 0, 1.0972245, 4.4450884, 5.1890278, 2.8750441, 2.9304082, 4.4996486, 2.3726978, 4.4364681, 5.1147327, 2.5849626]