[1.1734349, 0.11055713, 0, 0, 0.47761938, 0.55075651, 0.40438947, 0.6238001, 0.55075651, 2.5849626;
  1.2586024, 0.11055713, 0, 0, 0.47761938, 0.72537595, 0.40438947, 0.82673681, 0.71756345, 2.5849626;
  1.6205003, 0.11055713, 0, 0, 0.66028661, 0.83454931, 0.57947755, 0.89939833, 0.83454931, 2.5849626;
  1.6309003, 0.11055713, 0, 0, 0.64171284, 0.76960361, 0.54294401, 0.84236181, 0.76960361, 2.5849626;
  1.2708827, 0.11055713, 0, 0, 0.50638711, 0.69674939, 0.58729005, 0.66028661, 0.69674939, 2.5849626;
  1.0620495, 0.11055713, 0, 0, 0.44101599, 0.6159876, 0.46980688, 0.55075651, 0.6081751, 2.5849626;
  1.5849366, 0.11055713, 0, 0, 0.64171284, 0.90721083, 0.57166505, 0.94350505, 0.91502333, 2.5849626;
  1.4882698, 0.11055713, 0, 0, 0.55075651, 0.79036975, 0.65247411, 0.70680219, 0.79818225, 2.5849626;
  1.1734349, 0.11055713, 0, 0, 0.51419961, 0.75397861, 0.51419961, 0.81892431, 0.75397861, 2.5849626;
  1.0180414, 0.11055713, 0, 0, 0.39657697, 0.55075651, 0.44101599, 0.51419961, 0.55075651, 2.5849626;
  1.0718338, 0.11055713, 0, 0, 0.47761938, 0.68112439, 0.54294401, 0.57166505, 0.68112439, 2.5849626;
  0.87301207, 0.11055713, 0, 0, 0.36773998, 0.51419961, 0.33106756, 0.51419961, 0.51419961, 2.5849626;
  1.3116443, 0.11055713, 0, 0, 0.55075651, 0.76179111, 0.51419961, 0.80599475, 0.76179111, 2.5849626;
  0.92006755, 0.11055713, 0, 0, 0.39657697, 0.6238001, 0.36773998, 0.6159876, 0.6238001, 2.5849626;
  1.423941, 0.11055713, 0, 0, 0.54294401, 0.72537595, 0.66028661, 0.6159876, 0.73318845, 2.5849626;
  1.1201087, 0.11055713, 0, 0, 0.46199438, 0.6238001, 0.57947755, 0.6238001, 0.6238001, 2.5849626;
  1.6812775, 0.11055713, 0, 0, 0.66028661, 0.73318845, 0.6238001, 0.76179111, 0.73318845, 2.5849626;
  1.4333762, 0.11055713, 0, 0, 0.51419961, 0.78742099, 0.72537595, 0.66028661, 0.78742099, 2.5849626;
  1.2768497, 0.11055713, 0, 0, 0.47761938, 0.51419961, 0.51419961, 0.47761938, 0.51419961, 2.5849626;
  1.3020376, 0.11055713, 0, 0, 0.57947755, 0.72537595, 0.6238001, 0.66028661, 0.72537595, 2.5849626;
  1.3332876, 0.11055713, 0, 0, 0.47761938, 0.72537595, 0.58729005, 0.6159876, 0.72537595, 2.5849626;
  1.8901327, 0.11055713, 0, 0, 0.76960361, 0.90721083, 0.58729005, 1.1685644, 0.91502333, 2.5849626;
  1.0522403, 0.11055713, 0, 0, 0.40438947, 0.6159876, 0.43320349, 0.57947755, 0.6159876, 2.5849626;
  1.3254751, 0.11055713, 0, 0, 0.51419961, 0.58729005, 0.54294401, 0.55075651, 0.58729005, 2.5849626;
  1.0444278, 0.11055713, 0, 0, 0.40438947, 0.40438947, 0.36773998, 0.44101599, 0.40438947, 2.5849626;
  1.2519188, 0.11055713, 0, 0, 0.46980688, 0.79818225, 0.66028661, 0.6159876, 0.79818225, 2.5849626;
  1.1954298, 0.11055713, 0, 0, 0.44101599, 0.76960361, 0.58729005, 0.58729005, 0.76960361, 2.5849626;
  1.1232142, 0.11055713, 0, 0, 0.40438947, 0.58729005, 0.6238001, 0.47761938, 0.58729005, 2.5849626;
  0.97977471, 0.11055713, 0, 0, 0.40438947, 0.58729005, 0.51419961, 0.57947755, 0.58729005, 2.5849626;
  1.3189847, 0.11055713, 0, 0, 0.54294401, 0.76179111, 0.6238001, 0.73318845, 0.76960361, 2.5849626;
  0.80816305, 0.11055713, 0, 0, 0.29437232, 0.54294401, 0.49857458, 0.40438947, 0.55075651, 2.5849626;
  1.2708827, 0.11055713, 0, 0, 0.46199438, 0.58729005, 0.55075651, 0.55075651, 0.58729005, 2.5849626;
  1.0258539, 0.11055713, 0, 0, 0.40438947, 0.50638711, 0.43320349, 0.47761938, 0.50638711, 2.5849626;
  1.2143937, 0.11055713, 0, 0, 0.46980688, 0.58729005, 0.47761938, 0.58729005, 0.58729005, 2.5849626;
  1.242651, 0.11055713, 0, 0, 0.46980688, 0.72537595, 0.47761938, 0.68112439, 0.72537595, 2.5849626;
  1.3464048, 0.11055713, 0, 0, 0.55075651, 0.76179111, 0.6238001, 0.68893689, 0.76179111, 2.5849626;
  0.7941286, 0.11055713, 0, 0, 0.34916618, 0.51419961, 0.51419961, 0.44101599, 0.50638711, 2.5849626;
  1.0024164, 0.11055713, 0, 0, 0.40438947, 0.73054111, 0.6238001, 0.53218275, 0.73054111, 2.5849626;
  1.4585298, 0.11055713, 0, 0, 0.55075651, 0.73318845, 0.51419961, 0.79818225, 0.76179111, 2.5849626;
  1.3663318, 0.11055713, 0, 0, 0.46980688, 0.6238001, 0.51419961, 0.6238001, 0.6238001, 2.5849626;
  1.1704861, 0.11055713, 0, 0, 0.46199438, 0.72537595, 0.55075651, 0.65247411, 0.72537595, 2.5849626;
  1.5394264, 0.11055713, 0, 0, 0.65247411, 0.76960361, 0.51419961, 0.87870473, 0.76960361, 2.5849626;
  0.79036975, 0.11055713, 0, 0, 0.36773998, 0.54294401, 0.36773998, 0.53218275, 0.55075651, 2.5849626;
  1.2690372, 0.11055713, 0, 0, 0.51419961, 0.68893689, 0.54294401, 0.65247411, 0.68893689, 2.5849626;
  1.5051799, 0.11055713, 0, 0, 0.58729005, 0.81892431, 0.47761938, 0.96414971, 0.83454931, 2.5849626;
  1.3536638, 0.11055713, 0, 0, 0.57166505, 0.82378805, 0.69674939, 0.67331189, 0.82378805, 2.5849626;
  1.0825951, 0.11055713, 0, 0, 0.44101599, 0.6159876, 0.54294401, 0.57947755, 0.6238001, 2.5849626;
  1.7185094, 0.11055713, 0, 0, 0.69674939, 0.84236181, 0.51419961, 1.0522403, 0.83454931, 2.5849626;
  1.1352348, 0.11055713, 0, 0, 0.58960134, 0.73318845, 0.40438947, 0.93289971, 0.71756345, 2.5849626;
  1.1578099, 0.11055713, 0, 0, 0.44101599, 0.58729005, 0.47761938, 0.51419961, 0.58729005, 2.5849626;
  1.1246064, 0.11055713, 0, 0, 0.44101599, 0.57947755, 0.55075651, 0.47761938, 0.57947755, 2.5849626;
  1.193905, 0.11055713, 0, 0, 0.51419961, 0.87870473, 0.51419961, 0.91502333, 0.87089223, 2.5849626;
  1.129981, 0.11055713, 0, 0, 0.48781332, 0.80599475, 0.55075651, 0.83454931, 0.80599475, 2.5849626;
  1.0806233, 0.11055713, 0, 0, 0.40438947, 0.51419961, 0.44101599, 0.55075651, 0.50638711, 2.5849626;
  1.227026, 0.11055713, 0, 0, 0.44101599, 0.76179111, 0.51419961, 0.72537595, 0.76179111, 2.5849626;
  1.3272693, 0.11055713, 0, 0, 0.57166505, 0.68893689, 0.58729005, 0.68112439, 0.68893689, 2.5849626;
  1.1890599, 0.11055713, 0, 0, 0.47761938, 0.51419961, 0.58729005, 0.40438947, 0.51419961, 2.5849626;
  1.3505601, 0.11055713, 0, 0, 0.57947755, 0.79036975, 0.58729005, 0.80329931, 0.79818225, 2.5849626;
  1.6124899, 0.11055713, 0, 0, 0.68893689, 0.84236181, 0.55075651, 1.0082073, 0.84236181, 2.5849626;
  1.0933564, 0.11055713, 0, 0, 0.43320349, 0.55075651, 0.36773998, 0.66028661, 0.55075651, 2.5849626;
  1.3711685, 0.11055713, 0, 0, 0.63390034, 0.79818225, 0.55075651, 0.82673681, 0.79036975, 2.5849626;
  1.0229051, 0.11055713, 0, 0, 0.40438947, 0.51419961, 0.36773998, 0.6159876, 0.50638711, 2.5849626;
  1.3974351, 0.11055713, 0, 0, 0.64171284, 0.76179111, 0.73318845, 0.57947755, 0.75397861, 2.5849626;
  1.3788613, 0.11055713, 0, 0, 0.59741384, 0.79818225, 0.58729005, 0.76179111, 0.79036975, 2.5849626;
  1.0444278, 0.11055713, 0, 0, 0.44101599, 0.64466161, 0.6159876, 0.55075651, 0.65247411, 2.5849626;
  1.1499907, 0.11055713, 0, 0, 0.44101599, 0.72537595, 0.51419961, 0.68893689, 0.72537595, 2.5849626;
  1.1167939, 0.11055713, 0, 0, 0.44101599, 0.64466161, 0.46980688, 0.57166505, 0.64171284, 2.5849626;
  1.0444278, 0.11055713, 0, 0, 0.36773998, 0.6238001, 0.50638711, 0.51419961, 0.6159876, 2.5849626;
  0.97977471, 0.11055713, 0, 0, 0.40438947, 0.57947755, 0.51419961, 0.47761938, 0.57947755, 2.5849626;
  1.1656224, 0.11055713, 0, 0, 0.46980688, 0.6159876, 0.44101599, 0.68893689, 0.6238001, 2.5849626;
  0.94557595, 0.11055713, 0, 0, 0.39657697, 0.47761938, 0.39657697, 0.47761938, 0.47761938, 2.5849626;
  0.99755269, 0.11055713, 0, 0, 0.43320349, 0.6159876, 0.44101599, 0.6238001, 0.6238001, 2.5849626;
  1.0434757, 0.11055713, 0, 0, 0.46980688, 0.58729005, 0.44101599, 0.58729005, 0.58729005, 2.5849626;
  1.3428943, 0.11055713, 0, 0, 0.50638711, 0.68893689, 0.47761938, 0.72537595, 0.68893689, 2.5849626;
  0.93686098, 0.036874507, 0, 0, 0.42539099, 0.57947755, 0.43320349, 0.58729005, 0.57947755, 2.5849626;
  1.2630702, 0.11055713, 0, 0, 0.49857458, 0.67331189, 0.57947755, 0.65247411, 0.68893689, 2.5849626;
  1.3442912, 0.11055713, 0, 0, 0.50638711, 0.87870473, 0.65247411, 0.82673681, 0.87870473, 2.5849626;
  1.5542098, 0.11055713, 0, 0, 0.71461469, 0.90721083, 0.68893689, 1.0082073, 0.89939833, 2.5849626;
  1.3319863, 0.11055713, 0, 0, 0.53513151, 0.87089223, 0.66028661, 0.72537595, 0.86013097, 2.5849626;
  1.1582383, 0.11055713, 0, 0, 0.43320349, 0.75397861, 0.58729005, 0.6238001, 0.76179111, 2.5849626;
  1.3962286, 0.11055713, 0, 0, 0.60522634, 0.72537595, 0.51419961, 0.79818225, 0.73318845, 2.5849626;
  1.4021262, 0.11055713, 0, 0, 0.55075651, 0.79036975, 0.69674939, 0.68112439, 0.79036975, 2.5849626;
  1.2926804, 0.11055713, 0, 0, 0.57166505, 0.76960361, 0.6238001, 0.74616611, 0.76960361, 2.5849626;
  1.3802135, 0.11055713, 0, 0, 0.57947755, 0.82378805, 0.58729005, 0.81597555, 0.82378805, 2.5849626;
  1.194352, 0.11055713, 0, 0, 0.47761938, 0.76179111, 0.46980688, 0.75911975, 0.76179111, 2.5849626;
  1.2377872, 0.11055713, 0, 0, 0.60522634, 0.75397861, 0.57166505, 0.80599475, 0.76179111, 2.5849626;
  1.456881, 0.11055713, 0, 0, 0.58729005, 0.79036975, 0.58729005, 0.76960361, 0.79818225, 2.5849626;
  1.5111253, 0.11055713, 0, 0, 0.65247411, 0.79818225, 0.51419961, 0.95131755, 0.80599475, 2.5849626;
  1.0522403, 0.11055713, 0, 0, 0.44101599, 0.53513151, 0.58729005, 0.40438947, 0.54294401, 2.5849626;
  1.0444278, 0.11055713, 0, 0, 0.40438947, 0.51419961, 0.47761938, 0.44101599, 0.51419961, 2.5849626;
  1.3411001, 0.11055713, 0, 0, 0.51419961, 0.68893689, 0.44101599, 0.76960361, 0.69674939, 2.5849626;
  1.1167939, 0.11055713, 0, 0, 0.44101599, 0.58729005, 0.51419961, 0.51419961, 0.58729005, 2.5849626;
  1.6222227, 0.11055713, 0, 0, 0.57947755, 0.87870473, 0.6081751, 0.93274373, 0.87870473, 2.5849626;
  1.6002038, 0.11055713, 0, 0, 0.57947755, 0.84236181, 0.55075651, 0.93569255, 0.84236181, 2.5849626;
  1.6802634, 0.11055713, 0, 0, 0.70680219, 1.0336664, 0.75397861, 0.96901345, 1.0414789, 2.5849626;
  1.2348385, 0.11055713, 0, 0, 0.50638711, 0.58729005, 0.55075651, 0.54294401, 0.58729005, 2.5849626;
  1.3176626, 0.11055713, 0, 0, 0.50638711, 0.75397861, 0.51419961, 0.76960361, 0.75397861, 2.5849626;
  1.5830216, 0.11055713, 0, 0, 0.68112439, 0.87089223, 0.68893689, 0.89158583, 0.87089223, 2.5849626;
  1.520767, 0.11055713, 0, 0, 0.55075651, 0.85526723, 0.58729005, 0.78255725, 0.85526723, 2.5849626;
  1.0279076, 0.11055713, 0, 0, 0.46980688, 0.71756345, 0.51419961, 0.67817563, 0.71756345, 2.5849626;
  1.0444278, 0.11055713, 0, 0, 0.44101599, 0.68893689, 0.47761938, 0.6159876, 0.68893689, 2.5849626;
  1.2377872, 0.11055713, 0, 0, 0.49857458, 0.54294401, 0.55075651, 0.51419961, 0.55075651, 2.5849626;
  1.5129545, 0.11055713, 0, 0, 0.60522634, 0.84236181, 0.6238001, 0.77179599, 0.84236181, 2.5849626;
  1.3144026, 0.11055713, 0, 0, 0.39657697, 0.80599475, 0.76960361, 0.57166505, 0.79818225, 2.5849626;
  1.0933564, 0.11055713, 0, 0, 0.34135368, 0.6159876, 0.55075651, 0.39657697, 0.6159876, 2.5849626;
  1.2303011, 0.11055713, 0, 0, 0.42539099, 0.6238001, 0.40438947, 0.65247411, 0.6238001, 2.5849626;
  1.096828, 0.11055713, 0, 0, 0.26798606, 0.73318845, 0.51419961, 0.40438947, 0.72537595, 2.5849626;
  0.87596083, 0, 0, 0, 0.32325506, 0.39657697, 0.47761938, 0.21310128, 0.39657697, 2.5849626;
  1.4411887, 0.11055713, 0, 0, 0.47761938, 0.71461469, 0.72537595, 0.47761938, 0.71461469, 2.5849626;
  1.5970628, 0.11055713, 0, 0, 0.66028661, 0.80599475, 0.69674939, 0.76960361, 0.80599475, 2.5849626;
  1.1607519, 0.11055713, 0, 0, 0.50638711, 0.69674939, 0.40438947, 0.73318845, 0.68893689, 2.5849626;
  1.1167939, 0.11055713, 0, 0, 0.33106756, 0.51419961, 0.33106756, 0.47761938, 0.51419961, 2.5849626;
  0.97695732, 0.11055713, 0, 0, 0.24984187, 0.6159876, 0.36773998, 0.53513151, 0.6159876, 2.5849626;
  1.182066, 0.11055713, 0, 0, 0.37313947, 0.58729005, 0.47761938, 0.46980688, 0.58729005, 2.5849626;
  1.188385, 0.036874507, 0, 0, 0.28655982, 0.69674939, 0.36773998, 0.6081751, 0.69674939, 2.5849626;
  1.1167939, 0.11055713, 0, 0, 0.36773998, 0.55075651, 0.36773998, 0.51419961, 0.55075651, 2.5849626;
  1.0522403, 0.036874507, 0, 0, 0.36773998, 0.47761938, 0.46980688, 0.36773998, 0.47761938, 2.5849626;
  1.3364599, 0.11055713, 0, 0, 0.53513151, 0.71756345, 0.40438947, 0.83454931, 0.72537595, 2.5849626;
  1.2612247, 0.11055713, 0, 0, 0.47761938, 0.66028661, 0.51419961, 0.6238001, 0.66028661, 2.5849626;
  1.2612247, 0.11055713, 0, 0, 0.44101599, 0.58729005, 0.40438947, 0.6238001, 0.58729005, 2.5849626;
  1.193905, 0.11055713, 0, 0, 0.47761938, 0.51419961, 0.46980688, 0.50638711, 0.51419961, 2.5849626;
  1.2690372, 0.11055713, 0, 0, 0.50638711, 0.69674939, 0.51419961, 0.68893689, 0.69674939, 2.5849626;
  1.2222062, 0.11055713, 0, 0, 0.50638711, 0.58729005, 0.39657697, 0.73318845, 0.58729005, 2.5849626;
  1.3069013, 0.11055713, 0, 0, 0.38581568, 0.55075651, 0.47761938, 0.40438947, 0.55075651, 2.5849626;
  1.2005702, 0.11055713, 0, 0, 0.46980688, 0.79818225, 0.72537595, 0.53513151, 0.79818225, 2.5849626;
  1.3663048, 0.11055713, 0, 0, 0.5847376, 0.71756345, 0.51419961, 0.83454931, 0.73318845, 2.5849626;
  1.236684, 0.11055713, 0, 0, 0.36773998, 0.65247411, 0.58729005, 0.50638711, 0.65247411, 2.5849626;
  1.5612534, 0.11055713, 0, 0, 0.59741384, 0.76960361, 0.66028661, 0.66028661, 0.76960361, 2.5849626;
  0.97196221, 0.11055713, 0, 0, 0.32325506, 0.55075651, 0.40438947, 0.46980688, 0.55075651, 2.5849626;
  1.3476113, 0.11055713, 0, 0, 0.33106756, 0.76960361, 0.58729005, 0.51419961, 0.76960361, 2.5849626;
  1.2318897, 0.11055713, 0, 0, 0.36773998, 0.51419961, 0.44101599, 0.40438947, 0.51419961, 2.5849626;
  0.97196221, 0.11055713, 0, 0, 0.29437232, 0.6238001, 0.36773998, 0.6238001, 0.6238001, 2.5849626;
  1.3176626, 0.11055713, 0, 0, 0.50638711, 0.66028661, 0.50638711, 0.6238001, 0.66028661, 2.5849626;
  0.79036975, 0, 0, 0, 0.25765437, 0.40438947, 0.44101599, 0.22091378, 0.40438947, 2.5849626;
  1.3303388, 0.11055713, 0, 0, 0.47761938, 0.68893689, 0.66028661, 0.51419961, 0.68893689, 2.5849626;
  1.4912186, 0.10274463, 0, 0, 0.43320349, 0.80599475, 0.44101599, 0.79036975, 0.80599475, 2.5849626;
  1.2864126, 0.11055713, 0, 0, 0.36773998, 0.6238001, 0.51419961, 0.51419961, 0.6238001, 2.5849626;
  0.94557595, 0.10274463, 0, 0, 0.22091378, 0.73318845, 0.51419961, 0.46980688, 0.73318845, 2.5849626;
  0.99460393, 0.11055713, 0, 0, 0.25765437, 0.51419961, 0.47761938, 0.29437232, 0.51419961, 2.5849626;
  0.77179599, 0.10274463, 0, 0, 0.11055713, 0.50638711, 0.36773998, 0.24984187, 0.50638711, 2.5849626;
  1.1421782, 0.11055713, 0, 0, 0.40438947, 0.47761938, 0.44101599, 0.44101599, 0.47761938, 2.5849626;
  0.80329931, 0.11055713, 0, 0, 0.18415065, 0.51419961, 0.44101599, 0.29437232, 0.51419961, 2.5849626;
  0.91502333, 0.11055713, 0, 0, 0.33106756, 0.40438947, 0.36773998, 0.36773998, 0.40438947, 2.5849626;
  1.5224686, 0.11055713, 0, 0, 0.58729005, 0.79818225, 0.6159876, 0.74616611, 0.79818225, 2.5849626;
  1.4960823, 0.10274463, 0, 0, 0.46980688, 0.76179111, 0.76960361, 0.47761938, 0.76179111, 2.5849626;
  1.2377872, 0.11055713, 0, 0, 0.40438947, 0.55075651, 0.55075651, 0.40438947, 0.55075651, 2.5849626;
  1.0600528, 0.11055713, 0, 0, 0.40438947, 0.51419961, 0.54294401, 0.40438947, 0.51419961, 2.5849626;
  1.3069013, 0.11055713, 0, 0, 0.47761938, 0.60522634, 0.57947755, 0.51419961, 0.60522634, 2.5849626;
  1.1089814, 0.11055713, 0, 0, 0.36773998, 0.51419961, 0.44101599, 0.47761938, 0.51419961, 2.5849626;
  0.93442458, 0, 0, 0, 0.29437232, 0.46980688, 0.47761938, 0.29437232, 0.46980688, 2.5849626;
  1.2551626, 0.11055713, 0, 0, 0.48781332, 0.72537595, 0.66028661, 0.57947755, 0.72537595, 2.5849626;
  1.258276, 0.11055713, 0, 0, 0.43320349, 0.58729005, 0.51419961, 0.51419961, 0.58729005, 2.5849626;
  1.4614787, 0.11055713, 0, 0, 0.57947755, 0.69674939, 0.65247411, 0.6238001, 0.69674939, 2.5849626;
  1.4302287, 0.10274463, 0, 0, 0.55075651, 0.66028661, 0.66028661, 0.55075651, 0.66028661, 2.5849626;
  1.0522403, 0.11055713, 0, 0, 0.40438947, 0.51419961, 0.44101599, 0.44101599, 0.51419961, 2.5849626;
  1.193905, 0.11055713, 0, 0, 0.43320349, 0.55075651, 0.51419961, 0.47761938, 0.55075651, 2.5849626;
  1.3989787, 0.11055713, 0, 0, 0.44101599, 0.73318845, 0.51419961, 0.72537595, 0.73318845, 2.5849626;
  1.5302811, 0.11055713, 0, 0, 0.50638711, 0.76179111, 0.69674939, 0.58729005, 0.75397861, 2.5849626;
  0.76179111, 0.11055713, 0, 0, 0.25765437, 0.39657697, 0.18415065, 0.50638711, 0.39657697, 2.5849626;
  1.1089814, 0.11055713, 0, 0, 0.36773998, 0.6238001, 0.50638711, 0.47761938, 0.6238001, 2.5849626;
  1.225155, 0, 0, 0, 0.49857458, 0.6238001, 0.51419961, 0.54294401, 0.6238001, 2.5849626;
  1.4507173, 0.11055713, 0, 0, 0.46199438, 0.75102979, 0.55075651, 0.75102979, 0.75102979, 2.5849626;
  1.1348448, 0.11055713, 0, 0, 0.33106756, 0.51419961, 0.44101599, 0.40438947, 0.51419961, 2.5849626;
  1.1578099, 0, 0, 0, 0.44101599, 0.57947755, 0.57947755, 0.46980688, 0.57947755, 2.5849626;
  0.99460393, 0.10274463, 0, 0, 0.36773998, 0.53218275, 0.36773998, 0.56385255, 0.53218275, 2.5849626;
  1.0874974, 0.11055713, 0, 0, 0.39657697, 0.6238001, 0.58729005, 0.55075651, 0.6238001, 2.5849626;
  1.3554238, 0.11055713, 0, 0, 0.51419961, 0.6238001, 0.54294401, 0.6238001, 0.6238001, 2.5849626;
  1.2348385, 0.11055713, 0, 0, 0.44101599, 0.76960361, 0.58729005, 0.65247411, 0.76960361, 2.5849626;
  1.1089814, 0.11055713, 0, 0, 0.43320349, 0.55075651, 0.57947755, 0.40438947, 0.55075651, 2.5849626;
  1.0874588, 0.11055713, 0, 0, 0.29437232, 0.51419961, 0.44101599, 0.36773998, 0.51419961, 2.5849626;
  1.2834638, 0.11055713, 0, 0, 0.33106756, 0.69674939, 0.47761938, 0.47761938, 0.69674939, 2.5849626;
  1.2693636, 0.11055713, 0, 0, 0.44101599, 0.69674939, 0.58729005, 0.51419961, 0.68893689, 2.5849626;
  1.5146561, 0.11055713, 0, 0, 0.53218275, 0.66028661, 0.55075651, 0.58729005, 0.66028661, 2.5849626;
  0.79763097, 0.10274463, 0, 0, 0.14736508, 0.51419961, 0.33106756, 0.43320349, 0.51419961, 2.5849626;
  1.4944186, 0.11055713, 0, 0, 0.58729005, 0.69674939, 0.51419961, 0.76960361, 0.69674939, 2.5849626;
  1.1812474, 0.11055713, 0, 0, 0.46980688, 0.6081751, 0.6081751, 0.46980688, 0.6159876, 2.5849626;
  1.8989307, 0.11055713, 0, 0, 0.46980688, 0.98758721, 0.68893689, 0.84236181, 0.98758721, 2.5849626;
  1.6451638, 0.11055713, 0, 0, 0.65247411, 0.80599475, 0.64466161, 0.80599475, 0.80599475, 2.5849626;
  1.0288028, 0.073726915, 0, 0, 0.40438947, 0.6238001, 0.47761938, 0.55075651, 0.6238001, 2.5849626;
  1.0444278, 0.11055713, 0, 0, 0.36773998, 0.51419961, 0.47761938, 0.40438947, 0.51419961, 2.5849626;
  1.4507173, 0.11055713, 0, 0, 0.50638711, 0.66028661, 0.6238001, 0.51419961, 0.66028661, 2.5849626;
  1.0464245, 0, 0, 0, 0.32325506, 0.44101599, 0.51419961, 0.25765437, 0.44101599, 2.5849626;
  1.550492, 0.11055713, 0, 0, 0.57947755, 0.69674939, 0.65247411, 0.66028661, 0.69674939, 2.5849626;
  1.2329675, 0.11055713, 0, 0, 0.46980688, 0.65247411, 0.51419961, 0.66028661, 0.65247411, 2.5849626;
  0.97116643, 0, 0, 0, 0.42539099, 0.75397861, 0.86307973, 0.35992748, 0.76179111, 2.5849626;
  1.234769, 0.11055713, 0, 0, 0.46199438, 0.6238001, 0.58729005, 0.51419961, 0.6159876, 2.5849626;
  1.0933564, 0.036874507, 0, 0, 0.35992748, 0.6159876, 0.44101599, 0.54294401, 0.6159876, 2.5849626;
  0.9632473, 0.11055713, 0, 0, 0.25765437, 0.55075651, 0.36773998, 0.51419961, 0.55075651, 2.5849626;
  1.5580003, 0.11055713, 0, 0, 0.48294958, 0.84236181, 0.50638711, 0.87089223, 0.84236181, 2.5849626;
  0.84450597, 0.11055713, 0, 0, 0.29437232, 0.51419961, 0.40438947, 0.44101599, 0.51419961, 2.5849626;
  1.0444278, 0.11055713, 0, 0, 0.40438947, 0.55075651, 0.44101599, 0.51419961, 0.55075651, 2.5849626;
  1.3319863, 0.11055713, 0, 0, 0.50638711, 0.68893689, 0.55075651, 0.65247411, 0.69674939, 2.5849626;
  1.7770206, 0.11055713, 0, 0, 0.81111181, 0.87870473, 0.65247411, 1.0082073, 0.87870473, 2.5849626;
  1.7180703, 0.11055713, 0, 0, 0.68893689, 0.76960361, 0.69674939, 0.80599475, 0.76179111, 2.5849626;
  1.6389605, 0.11055713, 0, 0, 0.58960134, 0.79818225, 0.54294401, 0.83454931, 0.80599475, 2.5849626;
  1.0258539, 0.11055713, 0, 0, 0.35992748, 0.58729005, 0.51419961, 0.51419961, 0.58729005, 2.5849626;
  1.4317535, 0.036874507, 0, 0, 0.49857458, 0.75397861, 0.6238001, 0.69674939, 0.76960361, 2.5849626;
  1.5067526, 0.11055713, 0, 0, 0.51419961, 0.76960361, 0.6238001, 0.73318845, 0.76960361, 2.5849626;
  1.3149374, 0.11055713, 0, 0, 0.43320349, 0.66028661, 0.51419961, 0.58729005, 0.66028661, 2.5849626;
  1.0258539, 0.11055713, 0, 0, 0.18415065, 0.47761938, 0.33106756, 0.33106756, 0.47761938, 2.5849626;
  1.0366153, 0.11055713, 0, 0, 0.25765437, 0.40438947, 0.33106756, 0.33106756, 0.40438947, 2.5849626;
  0.72759229, 0.10274463, 0, 0, 0.28655982, 0.47761938, 0.36773998, 0.40438947, 0.47761938, 2.5849626;
  1.4599686, 0.11055713, 0, 0, 0.6159876, 0.76179111, 0.47761938, 0.94350505, 0.76960361, 2.5849626;
  0.92097181, 0.11055713, 0, 0, 0.28655982, 0.6159876, 0.50638711, 0.44101599, 0.6159876, 2.5849626;
  0.82888097, 0, 0, 0, 0.24984187, 0.6159876, 0.22091378, 0.66028661, 0.6159876, 2.5849626;
  0.82888097, 0.036874507, 0, 0, 0.17633815, 0.55075651, 0.33106756, 0.44101599, 0.55075651, 2.5849626;
  1.5763762, 0.10274463, 0, 0, 0.66549939, 0.79818225, 0.69674939, 0.78255725, 0.79036975, 2.5849626;
  1.5117073, 0.11055713, 0, 0, 0.52437025, 0.78742099, 0.47761938, 0.89939833, 0.78742099, 2.5849626;
  1.1499907, 0.11055713, 0, 0, 0.44101599, 0.6159876, 0.40438947, 0.66028661, 0.6159876, 2.5849626;
  1.3901323, 0.11055713, 0, 0, 0.47761938, 0.66028661, 0.6159876, 0.55075651, 0.66028661, 2.5849626;
  0.8148222, 0.11055713, 0, 0, 0.24984187, 0.46980688, 0.22091378, 0.50638711, 0.46199438, 2.5849626;
  0.99946767, 0.11055713, 0, 0, 0.35211498, 0.64171284, 0.39657697, 0.55075651, 0.64171284, 2.5849626;
  1.3395554, 0.11055713, 0, 0, 0.51419961, 0.66028661, 0.47761938, 0.73318845, 0.66028661, 2.5849626;
  1.1890599, 0.036874507, 0, 0, 0.46980688, 0.6238001, 0.40438947, 0.69674939, 0.6238001, 2.5849626;
  1.0288028, 0.11055713, 0, 0, 0.33106756, 0.51419961, 0.33106756, 0.51419961, 0.51419961, 2.5849626;
  1.5786812, 0.11055713, 0, 0, 0.67331189, 0.85526723, 0.73318845, 0.82673681, 0.87089223, 2.5849626;
  1.2690372, 0.11055713, 0, 0, 0.44101599, 0.6238001, 0.40438947, 0.66028661, 0.6238001, 2.5849626;
  1.3329009, 0.11055713, 0, 0, 0.57166505, 0.84236181, 0.51419961, 0.97196221, 0.83454931, 2.5849626;
  1.0904076, 0.11055713, 0, 0, 0.40438947, 0.6238001, 0.36773998, 0.73318845, 0.6238001, 2.5849626;
  1.0216199, 0.11055713, 0, 0, 0.35211498, 0.68112439, 0.6081751, 0.44101599, 0.68112439, 2.5849626;
  1.1451269, 0.11055713, 0, 0, 0.44101599, 0.57166505, 0.47761938, 0.54294401, 0.57947755, 2.5849626;
  1.3098501, 0.11055713, 0, 0, 0.46199438, 0.76179111, 0.58729005, 0.66028661, 0.76179111, 2.5849626;
  0.82766187, 0.10274463, 0, 0, 0.24984187, 0.51419961, 0.33106756, 0.46980688, 0.50638711, 2.5849626;
  1.1890599, 0.11055713, 0, 0, 0.51419961, 0.58729005, 0.40438947, 0.69674939, 0.58729005, 2.5849626;
  1.038612, 0, 0, 0, 0.25765437, 0.55075651, 0.40438947, 0.40438947, 0.55075651, 2.5849626;
  0.92006755, 0.11055713, 0, 0, 0.40438947, 0.57947755, 0.50638711, 0.54294401, 0.57947755, 2.5849626;
  0.62572837, 0.11055713, 0, 0, 0.32325506, 0.82106847, 0.59741384, 0.57166505, 0.81325597, 2.5849626;
  1.1626736, 0.11055713, 0, 0, 0.35992748, 0.6159876, 0.46980688, 0.64466161, 0.6159876, 2.5849626;
  1.2329675, 0.11055713, 0, 0, 0.56871629, 0.66028661, 0.47761938, 0.72537595, 0.66028661, 2.5849626;
  1.4135698, 0.11055713, 0, 0, 0.50638711, 0.69674939, 0.6238001, 0.57947755, 0.69674939, 2.5849626;
  1.0209903, 0.036874507, 0, 0, 0.25765437, 0.55075651, 0.33106756, 0.47761938, 0.55075651, 2.5849626;
  1.2883276, 0.11055713, 0, 0, 0.43320349, 0.58729005, 0.40438947, 0.58729005, 0.58729005, 2.2516291;
  0.83454931, 0.11055713, 0, 0, 0.28655982, 0.51419961, 0.33106756, 0.44101599, 0.51419961, 2.5849626;
  1.6002038, 0.11055713, 0, 0, 0.45904559, 0.73318845, 0.57947755, 0.76960361, 0.73318845, 2.5849626;
  1.1499974, 0.11055713, 0, 0, 0.47761938, 0.6238001, 0.36773998, 0.73318845, 0.6159876, 2.5849626;
  1.0258539, 0.11055713, 0, 0, 0.35992748, 0.51419961, 0.47761938, 0.44101599, 0.51419961, 2.5849626;
  0.86814833, 0.11055713, 0, 0, 0.36773998, 0.47761938, 0.32325506, 0.51419961, 0.47761938, 2.5849626;
  1.0366153, 0.11055713, 0, 0, 0.24984187, 0.55075651, 0.44101599, 0.36773998, 0.55075651, 2.5849626;
  0.76960361, 0.11055713, 0, 0, 0.29437232, 0.29437232, 0.29437232, 0.29437232, 0.29437232, 2.5849626;
  1.3710488, 0.11055713, 0, 0, 0.47761938, 0.69674939, 0.58729005, 0.55075651, 0.69674939, 2.5849626;
  1.0776745, 0.11055713, 0, 0, 0.47761938, 0.67036313, 0.47761938, 0.64466161, 0.67817563, 2.5849626;
  0.90930623, 0.11055713, 0, 0, 0.25765437, 0.50638711, 0.35992748, 0.44101599, 0.50638711, 2.5849626;
  1.4507173, 0.11055713, 0, 0, 0.6159876, 0.69674939, 0.54294401, 0.72537595, 0.69674939, 2.5849626;
  0.73490179, 0.11055713, 0, 0, 0.25765437, 0.55075651, 0.25765437, 0.51419961, 0.55075651, 2.5849626;
  0.74616611, 0.11055713, 0, 0, 0.29437232, 0.29437232, 0.28655982, 0.29437232, 0.29437232, 2.5849626;
  1.0600528, 0.11055713, 0, 0, 0.40438947, 0.57166505, 0.44101599, 0.53513151, 0.57166505, 2.5849626;
  1.2504635, 0.11055713, 0, 0, 0.40438947, 0.55075651, 0.36773998, 0.58729005, 0.55075651, 2.5849626;
  1.0288028, 0.11055713, 0, 0, 0.40438947, 0.55075651, 0.55075651, 0.40438947, 0.55075651, 2.5849626;
  1.1890599, 0.11055713, 0, 0, 0.44101599, 0.64171284, 0.33106756, 0.75397861, 0.64171284, 2.5849626;
  1.1324189, 0.10274463, 0, 0, 0.40438947, 0.55075651, 0.39657697, 0.55075651, 0.55075651, 2.5849626;
  1.9174384, 0.10274463, 0, 0, 0.80599475, 0.95131755, 0.68893689, 1.0258539, 0.94350505, 2.5849626;
  0.88895214, 0.11055713, 0, 0, 0.25765437, 0.67817563, 0.46980688, 0.50638711, 0.67817563, 2.5849626;
  1.1187407, 0, 0, 0, 0.40438947, 0.6238001, 0.50638711, 0.50638711, 0.6238001, 2.5849626;
  1.0245118, 0.11055713, 0, 0, 0.33106756, 0.51419961, 0.32325506, 0.51419961, 0.50638711, 2.5849626;
  1.0288028, 0.10274463, 0, 0, 0.40438947, 0.54294401, 0.44101599, 0.51419961, 0.54294401, 2.5849626;
  1.0102289, 0.073726915, 0, 0, 0.35992748, 0.55075651, 0.29437232, 0.57947755, 0.55075651, 2.5849626;
  1.3254751, 0.11055713, 0, 0, 0.50638711, 0.66028661, 0.47761938, 0.69674939, 0.66028661, 2.5849626;
  0.95633721, 0.11055713, 0, 0, 0.35211498, 0.55075651, 0.33106756, 0.55075651, 0.55075651, 2.5849626;
  0.91225505, 0.036874507, 0, 0, 0.33106756, 0.40438947, 0.36773998, 0.39657697, 0.40438947, 2.5849626;
  1.0298544, 0.10274463, 0, 0, 0.35992748, 0.73318845, 0.47761938, 0.6081751, 0.72537595, 2.5849626;
  1.2990888, 0.11055713, 0, 0, 0.49857458, 0.69674939, 0.54294401, 0.66028661, 0.69674939, 2.5849626;
  0.59741384, 0.036874507, 0, 0, 0.13955258, 0.56090379, 0.32325506, 0.39657697, 0.56090379, 2.5849626;
  1.0704417, 0.11055713, 0, 0, 0.36773998, 0.58729005, 0.40438947, 0.68893689, 0.57947755, 2.5849626;
  1.0522403, 0.11055713, 0, 0, 0.29437232, 0.58729005, 0.47761938, 0.40438947, 0.58729005, 2.5849626;
  1.0288028, 0.11055713, 0, 0, 0.39657697, 0.55075651, 0.36773998, 0.50638711, 0.55075651, 2.5849626;
  1.3476113, 0.11055713, 0, 0, 0.40438947, 0.73318845, 0.51419961, 0.6238001, 0.73318845, 2.5849626;
  0.96414971, 0.11055713, 0, 0, 0.24984187, 0.40438947, 0.25765437, 0.36773998, 0.40438947, 2.5849626;
  0.86307973, 0.10274463, 0, 0, 0.27579856, 0.51419961, 0.35211498, 0.44101599, 0.51419961, 2.5849626;
  0.51950651, 0.10274463, 0, 0, 0.22091378, 0.40438947, 0.11055713, 0.51419961, 0.40438947, 2.5849626;
  0.98823464, 0.11055713, 0, 0, 0.21310128, 0.55075651, 0.44101599, 0.36773998, 0.55075651, 2.5849626;
  0.83374465, 0.11055713, 0, 0, 0.25765437, 0.51419961, 0.40438947, 0.39657697, 0.51419961, 2.5849626;
  0.81597555, 0.11055713, 0, 0, 0.24984187, 0.44101599, 0.29437232, 0.43320349, 0.44101599, 2.5849626;
  0.76179111, 0.11055713, 0, 0, 0.29437232, 0.36773998, 0.18415065, 0.46980688, 0.36773998, 2.5849626;
  0.6003626, 0.11055713, 0, 0, 0.25765437, 0.33106756, 0.14736508, 0.44101599, 0.33106756, 2.5849626;
  0.71065736, 0.11055713, 0, 0, 0.28655982, 0.40438947, 0.18415065, 0.50638711, 0.39657697, 2.5849626;
  1.1265532, 0.10274463, 0, 0, 0.38581568, 0.68893689, 0.47761938, 0.6159876, 0.69674939, 2.5849626;
  1.1246064, 0.11055713, 0, 0, 0.43320349, 0.58729005, 0.44101599, 0.58729005, 0.58729005, 2.5849626;
  0.96414971, 0.10274463, 0, 0, 0.33106756, 0.5925501, 0.55075651, 0.4224422, 0.5925501, 2.5849626;
  1.0366153, 0.11055713, 0, 0, 0.36773998, 0.51419961, 0.40438947, 0.51419961, 0.51419961, 2.5849626;
  0.74321729, 0.11055713, 0, 0, 0.18415065, 0.50638711, 0.32325506, 0.36773998, 0.50638711, 2.5849626;
  1.0522403, 0.11055713, 0, 0, 0.33648998, 0.54294401, 0.46980688, 0.36773998, 0.54294401, 2.5849626;
  1.5146561, 0.11055713, 0, 0, 0.6159876, 0.84236181, 0.55075651, 0.98758721, 0.84236181, 2.5849626;
  0.80599475, 0.11055713, 0, 0, 0.29437232, 0.47761938, 0.25765437, 0.55075651, 0.47761938, 2.5849626;
  0.99907756, 0.11055713, 0, 0, 0.27579856, 0.55075651, 0.40438947, 0.36773998, 0.54294401, 2.5849626;
  1.1782986, 0.11055713, 0, 0, 0.43320349, 0.55075651, 0.47761938, 0.51419961, 0.55075651, 2.5849626;
  1.1246064, 0.11055713, 0, 0, 0.40438947, 0.6159876, 0.47761938, 0.58729005, 0.6159876, 2.5849626;
  1.2853788, 0.11055713, 0, 0, 0.46980688, 0.55075651, 0.39657697, 0.66028661, 0.55075651, 2.5849626;
  1.0444278, 0.11055713, 0, 0, 0.40438947, 0.50638711, 0.44101599, 0.47761938, 0.51419961, 2.5849626;
  1.1968724, 0.11055713, 0, 0, 0.46980688, 0.55075651, 0.40438947, 0.6238001, 0.55075651, 2.5849626;
  1.0855439, 0.11055713, 0, 0, 0.33106756, 0.50638711, 0.33106756, 0.55075651, 0.51419961, 2.5849626;
  1.1626736, 0.11055713, 0, 0, 0.44101599, 0.6159876, 0.44101599, 0.6159876, 0.6159876, 2.5849626;
  1.1879635, 0.11055713, 0, 0, 0.50638711, 0.66028661, 0.33106756, 0.80599475, 0.66028661, 2.5849626;
  0.98758721, 0.11055713, 0, 0, 0.36773998, 0.40438947, 0.33106756, 0.44101599, 0.40438947, 2.5849626;
  1.4960823, 0.11055713, 0, 0, 0.57947755, 0.83454931, 0.66028661, 0.76960361, 0.83454931, 2.5849626;
  0.76179111, 0.11055713, 0, 0, 0.25765437, 0.40438947, 0.14736508, 0.50638711, 0.39657697, 2.5849626;
  1.2612247, 0.11055713, 0, 0, 0.44101599, 0.75397861, 0.68893689, 0.49857458, 0.75397861, 2.5849626;
  1.0972182, 0.11055713, 0, 0, 0.29437232, 0.58729005, 0.40438947, 0.58729005, 0.58729005, 2.5849626;
  0.88377333, 0.11055713, 0, 0, 0.32325506, 0.40438947, 0.29437232, 0.44101599, 0.40438947, 2.5849626;
  0.97977471, 0.11055713, 0, 0, 0.39657697, 0.40438947, 0.36773998, 0.44101599, 0.40438947, 2.5849626;
  0.76179111, 0.11055713, 0, 0, 0.29437232, 0.40438947, 0.33106756, 0.35992748, 0.40438947, 2.5849626;
  1.0728108, 0.065914415, 0, 0, 0.50638711, 0.6238001, 0.86307973, 0.25765437, 0.6238001, 2.5849626;
  1.5706764, 0.11055713, 0, 0, 0.38876447, 0.84236181, 0.71756345, 0.47761938, 0.84236181, 2.5849626;
  1.0562088, 0.10274463, 0, 0, 0.33106756, 0.58729005, 0.55075651, 0.33106756, 0.58729005, 2.5849626;
  1.2295367, 0.11055713, 0, 0, 0.31249377, 0.73318845, 0.66028661, 0.40438947, 0.73318845, 2.5849626;
  1.2912763, 0.11055713, 0, 0, 0.49562582, 0.73318845, 0.47761938, 0.74616611, 0.72537595, 2.5849626;
  1.3960298, 0.11055713, 0, 0, 0.51419961, 0.76179111, 0.84236181, 0.43320349, 0.76179111, 2.5849626;
  1.8397036, 0.11055713, 0, 0, 0.64987439, 0.95131755, 0.97977471, 0.66028661, 0.95131755, 2.5849626;
  1.2221622, 0.11055713, 0, 0, 0.51419961, 0.6159876, 0.25765437, 0.87089223, 0.6159876, 2.5849626;
  1.2600263, 0.10274463, 0, 0, 0.45418188, 0.58729005, 0.47761938, 0.51419961, 0.58729005, 2.5849626;
  1.5814378, 0.11055713, 0, 0, 0.32325506, 0.80599475, 0.76960361, 0.36773998, 0.80599475, 2.5849626;
  1.5371503, 0.11055713, 0, 0, 0.35992748, 0.86013097, 0.80599475, 0.39657697, 0.86013097, 2.5849626;
  1.2455997, 0.11055713, 0, 0, 0.47761938, 0.57947755, 0.58729005, 0.44101599, 0.57947755, 2.5849626;
  1.0600528, 0.11055713, 0, 0, 0.29437232, 0.51419961, 0.39657697, 0.40438947, 0.51419961, 2.5849626;
  1.4465098, 0.10274463, 0, 0, 0.56090379, 0.72537595, 0.6159876, 0.6238001, 0.73318845, 2.5849626;
  1.2727026, 0.11055713, 0, 0, 0.50638711, 0.64466161, 0.71756345, 0.44101599, 0.64466161, 2.5849626;
  1.1273785, 0.11055713, 0, 0, 0.25765437, 0.76179111, 0.69674939, 0.33106756, 0.75397861, 2.5849626;
  1.6868694, 0.11055713, 0, 0, 0.68112439, 0.91502333, 0.94350505, 0.57947755, 0.91502333, 2.5849626;
  1.1782986, 0.11055713, 0, 0, 0.46980688, 0.6238001, 0.66028661, 0.36773998, 0.6238001, 2.5849626;
  1.0082073, 0.10274463, 0, 0, 0.33106756, 0.58729005, 0.40438947, 0.54294401, 0.58729005, 2.5849626;
  0.80329931, 0.11055713, 0, 0, 0.35211498, 0.58729005, 0.44101599, 0.50638711, 0.58729005, 2.5849626;
  1.1011689, 0.11055713, 0, 0, 0.43320349, 0.65247411, 0.51419961, 0.58729005, 0.65247411, 2.5849626;
  1.4836574, 0.11055713, 0, 0, 0.53513151, 0.69674939, 0.91502333, 0.29437232, 0.69674939, 2.5849626;
  1.0102289, 0.11055713, 0, 0, 0.35992748, 0.51419961, 0.36773998, 0.51419961, 0.51419961, 2.5849626;
  1.0180414, 0.11055713, 0, 0, 0.36773998, 0.51419961, 0.36773998, 0.51419961, 0.51419961, 2.5849626;
  1.2348385, 0.11055713, 0, 0, 0.46980688, 0.66028661, 0.72537595, 0.36773998, 0.66028661, 2.5849626;
  1.4224162, 0.10274463, 0, 0, 0.48294958, 0.76179111, 0.82673681, 0.39657697, 0.76179111, 2.5849626;
  1.2455997, 0.11055713, 0, 0, 0.43320349, 0.55075651, 0.47761938, 0.51419961, 0.55075651, 2.5849626;
  1.3944863, 0.10274463, 0, 0, 0.55075651, 0.66028661, 0.58729005, 0.6238001, 0.66028661, 2.5849626;
  1.0796463, 0.11055713, 0, 0, 0.29437232, 0.55075651, 0.36773998, 0.51419961, 0.55075651, 2.5849626;
  1.3493536, 0.11055713, 0, 0, 0.33106756, 0.83454931, 0.72537595, 0.47761938, 0.83454931, 2.5849626;
  1.0522403, 0.10274463, 0, 0, 0.36773998, 0.47761938, 0.40438947, 0.44101599, 0.47761938, 2.5849626;
  1.4912186, 0.036874507, 0, 0, 0.55075651, 0.6238001, 0.55075651, 0.58729005, 0.6238001, 2.5849626;
  1.3677099, 0.11055713, 0, 0, 0.40438947, 0.73318845, 0.55075651, 0.58729005, 0.73318845, 2.5849626;
  0.89854497, 0.10274463, 0, 0, 0.18415065, 0.55075651, 0.46980688, 0.29437232, 0.55075651, 2.5849626;
  1.730193, 0.11055713, 0, 0, 0.64171284, 0.92493123, 0.72537595, 0.87089223, 0.93274373, 2.5849626;
  0.99744606, 0, 0, 0, 0.33106756, 0.44101599, 0.51419961, 0.25765437, 0.44101599, 2.5849626;
  1.677974, 0.11055713, 0, 0, 0.66028661, 0.80599475, 0.87870473, 0.6003626, 0.80599475, 2.5849626;
  1.2259227, 0.10274463, 0, 0, 0.4146297, 0.69674939, 0.65247411, 0.46980688, 0.69674939, 2.5849626;
  1.1830997, 0.10274463, 0, 0, 0.4224422, 0.66028661, 0.54294401, 0.55075651, 0.66028661, 2.5849626;
  1.3866738, 0.11055713, 0, 0, 0.54294401, 0.65247411, 0.58729005, 0.6159876, 0.66028661, 2.5849626;
  1.1314236, 0.10274463, 0, 0, 0.35992748, 0.58729005, 0.58729005, 0.40438947, 0.58729005, 2.5849626;
  1.3692806, 0.11055713, 0, 0, 0.47761938, 0.66028661, 0.51419961, 0.66028661, 0.66028661, 2.5849626;
  0.87006325, 0.091983356, 0, 0, 0.33106756, 0.64466161, 0.65247411, 0.39657697, 0.64466161, 2.5849626;
  0.97695732, 0.11055713, 0, 0, 0.32325506, 0.6238001, 0.51419961, 0.44101599, 0.6238001, 2.5849626;
  1.3770931, 0.11055713, 0, 0, 0.55075651, 0.72537595, 0.51419961, 0.76179111, 0.72537595, 2.5849626;
  1.1206623, 0, 0, 0, 0.33106756, 0.57947755, 0.66028661, 0.25765437, 0.57947755, 2.5849626;
  0.68558103, 0, 0, 0, 0.22091378, 0.51419961, 0.55075651, 0.22091378, 0.51419961, 2.5849626;
  1.0669701, 0.11055713, 0, 0, 0.40438947, 0.57947755, 0.69674939, 0.35992748, 0.58729005, 2.5849626;
  1.5784889, 0.036874507, 0, 0, 0.38876447, 0.73318845, 0.44101599, 0.69674939, 0.73318845, 2.5849626;
  1.7915189, 0.11055713, 0, 0, 0.46884945, 0.94350505, 0.91502333, 0.43320349, 0.95131755, 2.5849626;
  1.4947708, 0.11055713, 0, 0, 0.33106756, 0.89158583, 0.84236181, 0.39657697, 0.90721083, 2.5849626;
  1.4010923, 0.11055713, 0, 0, 0.43320349, 0.79036975, 0.66028661, 0.60522634, 0.79818225, 2.5849626;
  0.93160719, 0.10274463, 0, 0, 0.18415065, 0.58729005, 0.44101599, 0.29437232, 0.58729005, 2.5849626;
  1.3554238, 0.11055713, 0, 0, 0.46980688, 0.66028661, 0.33106756, 0.80599475, 0.66028661, 2.5849626;
  0.56616384, 0.091983356, 0, 0, 0.25765437, 0.58729005, 0.44101599, 0.35992748, 0.58729005, 2.5849626;
  1.0150926, 0.036874507, 0, 0, 0.35992748, 0.57166505, 0.51419961, 0.43320349, 0.57166505, 2.5849626;
  1.0444278, 0.10274463, 0, 0, 0.39657697, 0.55075651, 0.57947755, 0.36773998, 0.55075651, 2.5849626;
  1.0444278, 0.11055713, 0, 0, 0.32325506, 0.55075651, 0.44101599, 0.44101599, 0.55075651, 2.5849626;
  1.4973674, 0.11055713, 0, 0, 0.51419961, 0.6238001, 0.6238001, 0.51419961, 0.6238001, 2.5849626;
  1.3896226, 0.11055713, 0, 0, 0.55075651, 0.73318845, 0.73318845, 0.57166505, 0.73318845, 2.5849626;
  0.73054111, 0, 0, 0, 0.18415065, 0.47761938, 0.51419961, 0.18415065, 0.47761938, 2.5849626;
  0.85231847, 0, 0, 0, 0.29437232, 0.44101599, 0.73318845, 0, 0.44101599, 2.5849626;
  1.7898313, 0.11055713, 0, 0, 0.66028661, 0.87089223, 0.95131755, 0.59741384, 0.87089223, 2.5849626;
  0.85109937, 0.073726915, 0, 0, 0.28655982, 0.87870473, 0.76179111, 0.35992748, 0.87089223, 2.5849626;
  1.1704861, 0.11055713, 0, 0, 0.28655982, 0.64171284, 0.43320349, 0.51419961, 0.64171284, 2.5849626;
  1.0003948, 0.10274463, 0, 0, 0.33106756, 0.51419961, 0.36773998, 0.46980688, 0.51419961, 2.5849626;
  0.95338845, 0.11055713, 0, 0, 0.25765437, 0.40438947, 0.29437232, 0.40438947, 0.40438947, 2.5849626;
  1.33685, 0.11055713, 0, 0, 0.43320349, 0.76179111, 0.57947755, 0.6238001, 0.76179111, 2.5849626;
  0.90444255, 0.11055713, 0, 0, 0.24984187, 0.55075651, 0.40438947, 0.40438947, 0.55075651, 2.5849626;
  1.2414526, 0.036874507, 0, 0, 0.39657697, 0.55075651, 0.46980688, 0.47761938, 0.54294401, 2.5849626;
  1.2487115, 0.11055713, 0, 0, 0.4146297, 0.72537595, 0.58729005, 0.57947755, 0.72537595, 2.5849626;
  1.7757066, 0.11055713, 0, 0, 0.71756345, 0.80599475, 0.75102979, 0.76179111, 0.80599475, 2.5849626;
  1.1890599, 0.11055713, 0, 0, 0.35211498, 0.58729005, 0.33106756, 0.57947755, 0.58729005, 2.2516291;
  0.9398098, 0.11055713, 0, 0, 0.25765437, 0.57947755, 0.43320349, 0.36773998, 0.57947755, 2.5849626;
  2.0971172, 0.11055713, 0, 0, 0.48978138, 0.98758721, 0.80599475, 0.55075651, 0.98758721, 2.5849626;
  1.1324189, 0.11055713, 0, 0, 0.46980688, 0.51419961, 0.50638711, 0.46980688, 0.51419961, 2.5849626;
  0.85109937, 0, 0, 0, 0.28655982, 0.54294401, 0.36773998, 0.50638711, 0.54294401, 2.5849626;
  1.3677099, 0.11055713, 0, 0, 0.49562582, 0.69674939, 0.66028661, 0.47761938, 0.69674939, 2.5849626;
  0.43320349, 0, 0, 0, 0.22091378, 0.29437232, 0.49857458, 0, 0.29437232, 2.5849626;
  0.98894602, 0.11055713, 0, 0, 0.25765437, 0.66028661, 0.6238001, 0.36773998, 0.66028661, 2.5849626;
  0.50638711, 0, 0, 0, 0.18415065, 0.25765437, 0.44101599, 0, 0.25765437, 2.5849626;
  1.6560094, 0.11055713, 0, 0, 0.63684911, 0.83454931, 0.69674939, 0.78255725, 0.83454931, 2.5849626;
  1.2065812, 0, 0, 0, 0.43320349, 0.54294401, 0.76960361, 0.22091378, 0.55075651, 2.5849626;
  1.16457, 0.11055713, 0, 0, 0.32325506, 0.66028661, 0.73318845, 0.29437232, 0.66028661, 2.5849626;
  1.1088486, 0, 0, 0, 0.4224422, 0.65247411, 0.79036975, 0.28655982, 0.66028661, 2.5849626;
  1.2942251, 0.11055713, 0, 0, 0.43320349, 0.69674939, 0.66028661, 0.51419961, 0.68893689, 2.5849626;
  1.1704861, 0.11055713, 0, 0, 0.44101599, 0.57947755, 0.69674939, 0.32325506, 0.57947755, 2.5849626;
  1.3069013, 0.11055713, 0, 0, 0.47761938, 0.69674939, 0.68893689, 0.51419961, 0.69674939, 2.5849626;
  1.4709811, 0.10274463, 0, 0, 0.49857458, 0.69674939, 0.73318845, 0.47761938, 0.69674939, 2.5849626;
  1.1167939, 0.11055713, 0, 0, 0.40438947, 0.50638711, 0.46980688, 0.44101599, 0.51419961, 2.5849626;
  1.5289695, 0.036874507, 0, 0, 0.51419961, 0.68893689, 0.80599475, 0.35992748, 0.69674939, 2.5849626;
  1.5768784, 0.11055713, 0, 0, 0.58729005, 0.87089223, 0.79818225, 0.65247411, 0.87089223, 2.5849626;
  1.1206623, 0, 0, 0, 0.38876447, 0.6238001, 0.82673681, 0.18415065, 0.6238001, 2.5849626;
  1.1742535, 0.11055713, 0, 0, 0.39657697, 0.83454931, 0.69674939, 0.54294401, 0.83454931, 2.5849626;
  1.0806233, 0, 0, 0, 0.36773998, 0.55075651, 0.66028661, 0.25765437, 0.55075651, 2.5849626;
  1.2551626, 0.10274463, 0, 0, 0.35992748, 0.64466161, 0.66028661, 0.35992748, 0.64466161, 2.5849626;
  1.5784889, 0.036874507, 0, 0, 0.6081751, 0.73318845, 0.6159876, 0.73318845, 0.73318845, 2.5849626;
  1.2708827, 0, 0, 0, 0.47761938, 0.68112439, 0.87870473, 0.29437232, 0.68112439, 2.5849626;
  1.5488548, 0.036874507, 0, 0, 0.44101599, 0.76960361, 0.6238001, 0.58729005, 0.76960361, 2.5849626;
  1.2566875, 0.11055713, 0, 0, 0.46980688, 0.66028661, 0.40438947, 0.65247411, 0.65247411, 2.5849626;
  0.81892431, 0.11055713, 0, 0, 0.32325506, 0.51419961, 0.44101599, 0.40438947, 0.51419961, 2.5849626;
  0.81111181, 0.11055713, 0, 0, 0.32325506, 0.51419961, 0.43320349, 0.40438947, 0.51419961, 2.5849626;
  1.1451269, 0.11055713, 0, 0, 0.37019068, 0.68893689, 0.43320349, 0.65247411, 0.68893689, 2.5849626;
  0.80816305, 0.11055713, 0, 0, 0.29437232, 0.55075651, 0.40438947, 0.40438947, 0.55075651, 2.5849626;
  0.74616611, 0.11055713, 0, 0, 0.25765437, 0.50638711, 0.40438947, 0.40438947, 0.50638711, 2.5849626;
  0.73540479, 0.11055713, 0, 0, 0.29437232, 0.53513151, 0.39657697, 0.43320349, 0.53513151, 2.5849626;
  0.75397861, 0.11055713, 0, 0, 0.29437232, 0.57166505, 0.40438947, 0.47761938, 0.57166505, 2.5849626;
  0.81111181, 0.11055713, 0, 0, 0.32325506, 0.52437025, 0.4224422, 0.40438947, 0.53218275, 2.5849626;
  1.0150926, 0.11055713, 0, 0, 0.4224422, 0.64466161, 0.50638711, 0.54294401, 0.65247411, 2.5849626;
  0.76960361, 0.11055713, 0, 0, 0.24984187, 0.6238001, 0.44101599, 0.50638711, 0.6238001, 2.5849626;
  0.79036975, 0.11055713, 0, 0, 0.28655982, 0.49562582, 0.39657697, 0.36773998, 0.49562582, 2.5849626;
  0.76960361, 0.11055713, 0, 0, 0.25765437, 0.50638711, 0.40438947, 0.39657697, 0.50638711, 2.5849626;
  0.75397861, 0.11055713, 0, 0, 0.29437232, 0.49857458, 0.32325506, 0.42539099, 0.49857458, 2.5849626;
  0.73540479, 0.11055713, 0, 0, 0.18415065, 0.40438947, 0.33106756, 0.29437232, 0.40438947, 2.5849626;
  0.73835361, 0.11055713, 0, 0, 0.22091378, 0.40438947, 0.29437232, 0.36773998, 0.40438947, 2.5849626;
  0.99755269, 0.11055713, 0, 0, 0.29437232, 0.57166505, 0.36773998, 0.46980688, 0.57166505, 2.5849626;
  0.91432595, 0.11055713, 0, 0, 0.34916618, 0.6159876, 0.44101599, 0.51419961, 0.6081751, 2.5849626;
  0.76179111, 0.11055713, 0, 0, 0.28655982, 0.53218275, 0.39657697, 0.43320349, 0.53218275, 2.5849626;
  0.85231847, 0.11055713, 0, 0, 0.33106756, 0.66028661, 0.46980688, 0.50638711, 0.66028661, 2.5849626;
  0.82673681, 0.11055713, 0, 0, 0.32325506, 0.57947755, 0.36773998, 0.55075651, 0.57947755, 2.5849626;
  0.83100075, 0.11055713, 0, 0, 0.33106756, 0.66255063, 0.51419961, 0.51360899, 0.67036313, 2.5849626;
  0.72759229, 0.11055713, 0, 0, 0.28655982, 0.46980688, 0.33106756, 0.44101599, 0.47761938, 2.5849626;
  0.79253805, 0.11055713, 0, 0, 0.33106756, 0.56090379, 0.39657697, 0.51419961, 0.55309129, 2.5849626;
  0.88082457, 0.11055713, 0, 0, 0.33648998, 0.65247411, 0.50638711, 0.55075651, 0.65247411, 2.5849626;
  0.81892431, 0.11055713, 0, 0, 0.28655982, 0.50638711, 0.40438947, 0.39657697, 0.50638711, 2.5849626;
  1.2690372, 0.11055713, 0, 0, 0.47761938, 0.68112439, 0.50638711, 0.65247411, 0.68112439, 2.5849626;
  0.77882797, 0.11055713, 0, 0, 0.25765437, 0.50638711, 0.35992748, 0.44101599, 0.50638711, 2.5849626;
  0.78472555, 0.11055713, 0, 0, 0.27579856, 0.55075651, 0.47761938, 0.38876447, 0.55075651, 2.5849626;
  0.80035055, 0.11055713, 0, 0, 0.35211498, 0.58729005, 0.51419961, 0.40438947, 0.58729005, 2.5849626;
  1.4118536, 0.11055713, 0, 0, 0.40438947, 0.84236181, 0.44101599, 0.84236181, 0.84236181, 2.5849626;
  0.79548681, 0.11055713, 0, 0, 0.28655982, 0.47761938, 0.40438947, 0.36773998, 0.47761938, 2.5849626;
  0.74616611, 0.11055713, 0, 0, 0.28655982, 0.50638711, 0.40438947, 0.40438947, 0.51419961, 2.5849626;
  1.5941139, 0.11055713, 0, 0, 0.65247411, 0.84236181, 0.51419961, 0.95131755, 0.83454931, 2.5849626;
  0.75397861, 0.11055713, 0, 0, 0.22091378, 0.40438947, 0.29437232, 0.36773998, 0.40438947, 2.5849626;
  1.3332876, 0.11055713, 0, 0, 0.40438947, 0.72537595, 0.44101599, 0.72537595, 0.72537595, 2.5849626;
  0.74321729, 0.11055713, 0, 0, 0.28655982, 0.40438947, 0.29437232, 0.36773998, 0.40438947, 2.5849626;
  0.74321729, 0.11055713, 0, 0, 0.28655982, 0.6159876, 0.44101599, 0.47761938, 0.6159876, 2.5849626;
  0.97013259, 0.11055713, 0, 0, 0.25765437, 0.47761938, 0.29437232, 0.47761938, 0.47761938, 2.5849626;
  0.80035055, 0.11055713, 0, 0, 0.29981756, 0.55075651, 0.51419961, 0.36773998, 0.55075651, 2.5849626;
  0.87192458, 0.11055713, 0, 0, 0.32325506, 0.65247411, 0.55075651, 0.43320349, 0.65247411, 2.5849626;
  0.92213845, 0.11055713, 0, 0, 0.28655982, 0.6081751, 0.54294401, 0.40438947, 0.6159876, 2.5849626;
  0.81597555, 0.11055713, 0, 0, 0.28655982, 0.44101599, 0.36773998, 0.33106756, 0.44101599, 2.5849626;
  0.80035055, 0.11055713, 0, 0, 0.29437232, 0.64466161, 0.51419961, 0.47761938, 0.64466161, 2.5849626;
  1.1473718, 0.11055713, 0, 0, 0.46103695, 0.76179111, 0.47761938, 0.72537595, 0.76960361, 2.5849626;
  0.73835361, 0.11055713, 0, 0, 0.29437232, 0.51419961, 0.40438947, 0.39657697, 0.51419961, 2.5849626;
  1.0532601, 0.11055713, 0, 0, 0.44101599, 0.57947755, 0.35992748, 0.68893689, 0.58729005, 2.5849626;
  0.74616611, 0.11055713, 0, 0, 0.29437232, 0.55075651, 0.40438947, 0.44101599, 0.55075651, 2.5849626;
  0.74616611, 0.11055713, 0, 0, 0.25765437, 0.40438947, 0.33106756, 0.33106756, 0.40438947, 2.5849626;
  0.75397861, 0.11055713, 0, 0, 0.24984187, 0.49562582, 0.29437232, 0.45904559, 0.49562582, 2.5849626;
  1.2065812, 0.11055713, 0, 0, 0.29437232, 0.68112439, 0.33106756, 0.68893689, 0.68893689, 2.5849626;
  0.74616611, 0.11055713, 0, 0, 0.22091378, 0.50638711, 0.33106756, 0.43320349, 0.50638711, 2.5849626;
  1.4680324, 0.11055713, 0, 0, 0.47761938, 0.79036975, 0.44101599, 0.84236181, 0.79036975, 2.5849626;
  0.75397861, 0.11055713, 0, 0, 0.25765437, 0.40438947, 0.32325506, 0.36773998, 0.40438947, 2.5849626;
  1.4367824, 0.11055713, 0, 0, 0.57947755, 0.76960361, 0.58729005, 0.76179111, 0.76960361, 2.5849626;
  0.80329931, 0.11055713, 0, 0, 0.31544256, 0.55075651, 0.47761938, 0.36773998, 0.53513151, 2.5849626;
  0.95351982, 0.11055713, 0, 0, 0.28655982, 0.58729005, 0.6159876, 0.29437232, 0.58729005, 2.5849626;
  0.89158583, 0.11055713, 0, 0, 0.32325506, 0.55075651, 0.47761938, 0.44101599, 0.55075651, 2.5849626;
  0.93494606, 0.11055713, 0, 0, 0.29981756, 0.57166505, 0.58729005, 0.28655982, 0.57166505, 2.5849626;
  0.82673681, 0.11055713, 0, 0, 0.32325506, 0.6159876, 0.44101599, 0.46980688, 0.6159876, 2.5849626;
  0.78767431, 0.11055713, 0, 0, 0.24984187, 0.50638711, 0.36773998, 0.40438947, 0.49857458, 2.5849626;
  0.80991709, 0.11055713, 0, 0, 0.24984187, 0.54294401, 0.54294401, 0.25765437, 0.54294401, 2.5849626;
  0.88586873, 0.11055713, 0, 0, 0.25765437, 0.53218275, 0.43320349, 0.39657697, 0.53218275, 2.5849626;
  0.92995095, 0.11055713, 0, 0, 0.27874732, 0.57947755, 0.55075651, 0.40438947, 0.57947755, 2.5849626;
  0.81111181, 0.11055713, 0, 0, 0.29437232, 0.55075651, 0.44101599, 0.38876447, 0.55075651, 2.5849626;
  0.83061069, 0.11055713, 0, 0, 0.23908059, 0.54294401, 0.44101599, 0.29437232, 0.54294401, 2.5849626;
  0.82673681, 0.11055713, 0, 0, 0.29437232, 0.55075651, 0.50638711, 0.43320349, 0.55075651, 2.5849626;
  0.78767431, 0.11055713, 0, 0, 0.17633815, 0.57947755, 0.50638711, 0.40438947, 0.57947755, 2.5849626;
  0.88377333, 0.11055713, 0, 0, 0.35992748, 0.55075651, 0.44101599, 0.36773998, 0.55075651, 2.5849626;
  0.91918969, 0.11055713, 0, 0, 0.38581568, 0.56090379, 0.35992748, 0.60522634, 0.56871629, 2.5849626;
  1.1284748, 0.11055713, 0, 0, 0.36773998, 0.58729005, 0.51419961, 0.47761938, 0.58729005, 2.5849626;
  1.3096397, 0.11055713, 0, 0, 0.43320349, 0.90721083, 0.57947755, 0.75397861, 0.90721083, 2.5849626;
  0.99258232, 0.11055713, 0, 0, 0.31249377, 0.79818225, 0.51419961, 0.71756345, 0.79818225, 2.5849626;
  1.456843, 0.11055713, 0, 0, 0.54294401, 0.79818225, 0.55075651, 0.87089223, 0.80599475, 2.5849626;
  1.3207911, 0.11055713, 0, 0, 0.47761938, 0.79036975, 0.55075651, 0.79818225, 0.80599475, 2.5849626;
  0.75397861, 0.11055713, 0, 0, 0.29437232, 0.54294401, 0.44101599, 0.40438947, 0.54294401, 2.5849626;
  1.1812474, 0.11055713, 0, 0, 0.47761938, 0.66028661, 0.47761938, 0.66028661, 0.65247411, 2.5849626;
  1.4442048, 0.11055713, 0, 0, 0.51419961, 0.72537595, 0.40438947, 0.84236181, 0.73318845, 2.5849626;
  1.1324189, 0.11055713, 0, 0, 0.44101599, 0.66028661, 0.47761938, 0.6238001, 0.66028661, 2.5849626;
  1.2143937, 0.11055713, 0, 0, 0.50638711, 0.76179111, 0.47761938, 0.76960361, 0.76960361, 2.5849626;
  1.6213931, 0.11055713, 0, 0, 0.6159876, 0.94350505, 0.72537595, 0.84236181, 0.93569255, 2.5849626;
  1.3256986, 0.11055713, 0, 0, 0.43320349, 0.76960361, 0.66028661, 0.6159876, 0.76960361, 2.5849626;
  1.1890599, 0.11055713, 0, 0, 0.51419961, 0.63684911, 0.50638711, 0.65247411, 0.65247411, 2.5849626;
  0.79548681, 0.11055713, 0, 0, 0.28655982, 0.46980688, 0.36773998, 0.36773998, 0.47761938, 2.5849626;
  0.71756345, 0.11055713, 0, 0, 0.24984187, 0.50638711, 0.33106756, 0.36773998, 0.50638711, 2.5849626;
  0.97977471, 0.11055713, 0, 0, 0.36773998, 0.58729005, 0.43320349, 0.51419961, 0.58729005, 2.5849626;
  1.0288028, 0.11055713, 0, 0, 0.35992748, 0.6238001, 0.40438947, 0.58729005, 0.6238001, 2.5849626;
  1.0532601, 0.11055713, 0, 0, 0.32325506, 0.76179111, 0.44101599, 0.6159876, 0.76179111, 2.5849626;
  0.97977471, 0.11055713, 0, 0, 0.33106756, 0.51419961, 0.36773998, 0.44101599, 0.51419961, 2.5849626;
  0.92700219, 0.11055713, 0, 0, 0.29437232, 0.79036975, 0.47761938, 0.65247411, 0.79818225, 2.5849626;
  0.92661208, 0.11055713, 0, 0, 0.25765437, 0.62122411, 0.40438947, 0.45123309, 0.62122411, 2.5849626;
  1.2570776, 0.11055713, 0, 0, 0.33106756, 0.76179111, 0.40438947, 0.71756345, 0.76960361, 2.5849626;
  0.73318845, 0.11055713, 0, 0, 0.24984187, 0.46980688, 0.36773998, 0.32325506, 0.46980688, 2.5849626;
  1.2240077, 0.11055713, 0, 0, 0.42539099, 0.73318845, 0.40438947, 0.76179111, 0.73318845, 2.5849626;
  0.75397861, 0.11055713, 0, 0, 0.18415065, 0.57947755, 0.36773998, 0.35992748, 0.57947755, 2.5849626;
  1.4289699, 0.11055713, 0, 0, 0.44101599, 0.76179111, 0.44101599, 0.84236181, 0.76960361, 2.5849626;
  0.76179111, 0.11055713, 0, 0, 0.29437232, 0.57947755, 0.40438947, 0.46199438, 0.57947755, 2.5849626;
  1.1167939, 0.11055713, 0, 0, 0.44101599, 0.65247411, 0.55075651, 0.53513151, 0.65247411, 2.5849626;
  1.1734349, 0.11055713, 0, 0, 0.42539099, 0.6081751, 0.50638711, 0.55075651, 0.6081751, 2.5849626;
  1.1704861, 0.11055713, 0, 0, 0.51419961, 0.58729005, 0.40438947, 0.65247411, 0.57947755, 2.5849626;
  0.82471311, 0.11055713, 0, 0, 0.14736508, 0.68893689, 0.47761938, 0.43320349, 0.68893689, 2.5849626;
  0.71977979, 0.11055713, 0, 0, 0.29437232, 0.46980688, 0.32325506, 0.44101599, 0.46980688, 2.5849626;
  1.0600528, 0.11055713, 0, 0, 0.40438947, 0.6238001, 0.47761938, 0.55075651, 0.6238001, 2.5849626;
  1.3442724, 0.11055713, 0, 0, 0.51419961, 0.74321729, 0.47761938, 0.79036975, 0.74321729, 2.5849626;
  0.95338845, 0.11055713, 0, 0, 0.36773998, 0.47761938, 0.47761938, 0.36773998, 0.47761938, 2.5849626;
  0.85231847, 0.11055713, 0, 0, 0.25765437, 0.46980688, 0.33106756, 0.39657697, 0.46980688, 2.5849626;
  0.74616611, 0.11055713, 0, 0, 0.25765437, 0.51419961, 0.36773998, 0.40438947, 0.51419961, 2.5849626;
  0.77396429, 0.11055713, 0, 0, 0.32325506, 0.44101599, 0.40438947, 0.36773998, 0.44101599, 1.7924813;
  0.88204211, 0.11055713, 0, 0, 0.39657697, 0.6238001, 0.47761938, 0.53218275, 0.6238001, 2.5849626;
  0.80816305, 0.11055713, 0, 0, 0.32325506, 0.51419961, 0.44101599, 0.38876447, 0.51419961, 2.5849626;
  1.0102289, 0.11055713, 0, 0, 0.38876447, 0.47761938, 0.36773998, 0.51419961, 0.47761938, 2.5849626;
  1.1060326, 0.11055713, 0, 0, 0.36773998, 0.55075651, 0.40438947, 0.51419961, 0.55075651, 2.5849626;
  1.0150926, 0.11055713, 0, 0, 0.29437232, 0.50638711, 0.36773998, 0.50638711, 0.50638711, 2.5849626;
  0.76179111, 0.11055713, 0, 0, 0.29437232, 0.43320349, 0.36773998, 0.36773998, 0.43320349, 2.5849626;
  1.3020376, 0.11055713, 0, 0, 0.51419961, 0.58729005, 0.58729005, 0.51419961, 0.58729005, 2.5849626;
  1.2336401, 0.11055713, 0, 0, 0.47761938, 0.65247411, 0.55075651, 0.6159876, 0.65247411, 2.5849626;
  1.0444278, 0.11055713, 0, 0, 0.37800318, 0.57166505, 0.54294401, 0.4146297, 0.57166505, 2.5849626;
  1.0884358, 0.11055713, 0, 0, 0.40438947, 0.57947755, 0.43320349, 0.51419961, 0.57947755, 2.5849626;
  1.0323243, 0.11055713, 0, 0, 0.36773998, 0.51419961, 0.44101599, 0.44101599, 0.51419961, 2.5849626;
  1.4315639, 0.11055713, 0, 0, 0.48781332, 0.82673681, 0.51419961, 0.93569255, 0.83454931, 2.5849626;
  1.0522403, 0.10274463, 0, 0, 0.40438947, 0.6238001, 0.47761938, 0.55075651, 0.6238001, 2.5849626;
  1.0444278, 0.11055713, 0, 0, 0.40438947, 0.47761938, 0.40438947, 0.47761938, 0.47761938, 2.5849626;
  1.4614787, 0.11055713, 0, 0, 0.57947755, 0.66028661, 0.57947755, 0.64466161, 0.66028661, 2.5849626;
  0.95633721, 0.091983356, 0, 0, 0.29437232, 0.47761938, 0.44101599, 0.33106756, 0.47761938, 2.5849626;
  1.0444278, 0.11055713, 0, 0, 0.35992748, 0.51419961, 0.44101599, 0.44101599, 0.50638711, 2.5849626;
  1.3411001, 0.11055713, 0, 0, 0.51419961, 0.71756345, 0.44101599, 0.78255725, 0.71756345, 2.5849626;
  1.0444278, 0.11055713, 0, 0, 0.35992748, 0.47761938, 0.36773998, 0.51419961, 0.47761938, 2.5849626;
  1.0366153, 0.11055713, 0, 0, 0.33106756, 0.58729005, 0.36773998, 0.54294401, 0.58729005, 2.5849626;
  1.1050756, 0.11055713, 0, 0, 0.21310128, 0.57947755, 0.36773998, 0.47761938, 0.58729005, 2.5849626;
  0.83454931, 0.11055713, 0, 0, 0.33106756, 0.47761938, 0.29437232, 0.51419961, 0.47761938, 2.5849626;
  1.1011689, 0.11055713, 0, 0, 0.36773998, 0.55075651, 0.44101599, 0.55075651, 0.55075651, 2.5849626;
  0.91502333, 0.11055713, 0, 0, 0.40438947, 0.51419961, 0.44101599, 0.51419961, 0.51419961, 2.5849626;
  1.3117651, 0.10274463, 0, 0, 0.50638711, 0.58729005, 0.55075651, 0.55075651, 0.58729005, 2.5849626;
  1.3147138, 0.11055713, 0, 0, 0.55075651, 0.69674939, 0.76960361, 0.51419961, 0.69674939, 2.5849626;
  1.1377496, 0.11055713, 0, 0, 0.46980688, 0.51419961, 0.47761938, 0.51419961, 0.51419961, 2.5849626;
  1.3800501, 0.10274463, 0, 0, 0.57947755, 0.65247411, 0.58729005, 0.68893689, 0.66028661, 2.5849626;
  1.1451269, 0.11055713, 0, 0, 0.40438947, 0.55075651, 0.50638711, 0.47761938, 0.55075651, 2.5849626;
  1.4130601, 0.11055713, 0, 0, 0.47761938, 0.6238001, 0.47761938, 0.6238001, 0.6238001, 2.5849626;
  1.1890599, 0.11055713, 0, 0, 0.40438947, 0.47761938, 0.44101599, 0.44101599, 0.47761938, 2.5849626;
  0.78919917, 0.11055713, 0, 0, 0.33106756, 0.43320349, 0.24984187, 0.51419961, 0.43320349, 2.5849626;
  0.87510747, 0.11055713, 0, 0, 0.24984187, 0.54294401, 0.36773998, 0.46980688, 0.54294401, 2.5849626;
  1.3098501, 0.11055713, 0, 0, 0.51419961, 0.58729005, 0.58729005, 0.51419961, 0.58729005, 2.5849626;
  0.94262719, 0.11055713, 0, 0, 0.25765437, 0.58729005, 0.29437232, 0.58729005, 0.58729005, 2.5849626;
  0.88377333, 0.11055713, 0, 0, 0.22091378, 0.51419961, 0.36773998, 0.36773998, 0.51419961, 2.5849626;
  0.96821767, 0.11055713, 0, 0, 0.24984187, 0.58729005, 0.28655982, 0.57947755, 0.58729005, 2.5849626;
  1.0003948, 0.11055713, 0, 0, 0.36773998, 0.6238001, 0.44101599, 0.55075651, 0.6238001, 2.5849626;
  0.83454931, 0.11055713, 0, 0, 0.22091378, 0.47761938, 0.36773998, 0.36773998, 0.47761938, 2.5849626;
  1.0562088, 0.11055713, 0, 0, 0.25765437, 0.6159876, 0.37800318, 0.55075651, 0.6159876, 2.5849626;
  0.75397861, 0.11055713, 0, 0, 0.22091378, 0.51419961, 0.40438947, 0.40438947, 0.51419961, 2.5849626;
  0.83061069, 0.11055713, 0, 0, 0.18415065, 0.55075651, 0.25765437, 0.44101599, 0.54294401, 2.5849626;
  0.97400856, 0.11055713, 0, 0, 0.22091378, 0.6081751, 0.39657697, 0.4224422, 0.6081751, 2.5849626;
  1.0258539, 0.11055713, 0, 0, 0.32325506, 0.58729005, 0.40438947, 0.55075651, 0.58729005, 2.5849626;
  1.2727026, 0.11055713, 0, 0, 0.44101599, 0.76960361, 0.51419961, 0.69674939, 0.76960361, 2.5849626;
  0.73054111, 0.11055713, 0, 0, 0.21310128, 0.47761938, 0.24984187, 0.44101599, 0.47761938, 2.5849626;
  0.95338845, 0.11055713, 0, 0, 0.32325506, 0.6159876, 0.39657697, 0.55075651, 0.6159876, 2.5849626;
  1.1626736, 0.11055713, 0, 0, 0.35992748, 0.69674939, 0.40438947, 0.66028661, 0.69674939, 2.5849626;
  1.0366153, 0.11055713, 0, 0, 0.32325506, 0.6238001, 0.47761938, 0.58729005, 0.6238001, 2.5849626;
  0.76179111, 0.11055713, 0, 0, 0.25765437, 0.50638711, 0.39657697, 0.40438947, 0.50638711, 2.5849626;
  1.1987247, 0.11055713, 0, 0, 0.36773998, 0.66028661, 0.46980688, 0.6238001, 0.66028661, 2.5849626;
  0.86033583, 0.11055713, 0, 0, 0.32325506, 0.50638711, 0.40438947, 0.39657697, 0.50638711, 2.5849626;
  0.75397861, 0.11055713, 0, 0, 0.25765437, 0.57947755, 0.36773998, 0.50638711, 0.57947755, 2.5849626;
  1.3464048, 0.11055713, 0, 0, 0.60522634, 0.89158583, 0.81597555, 0.65247411, 0.89939833, 2.5849626;
  1.0024164, 0.11055713, 0, 0, 0.40438947, 0.51419961, 0.47761938, 0.44101599, 0.51419961, 2.5849626;
  0.96120095, 0.11055713, 0, 0, 0.39657697, 0.51419961, 0.47761938, 0.47761938, 0.51419961, 2.5849626;
  1.0522403, 0.11055713, 0, 0, 0.40438947, 0.51419961, 0.44101599, 0.47761938, 0.51419961, 2.5849626;
  1.2805151, 0.11055713, 0, 0, 0.47761938, 0.76179111, 0.66028661, 0.54294401, 0.76179111, 2.5849626;
  0.84489459, 0.11055713, 0, 0, 0.28655982, 0.40438947, 0.36773998, 0.44101599, 0.40438947, 2.5849626;
  0.91137719, 0.11055713, 0, 0, 0.29437232, 0.51419961, 0.36773998, 0.47761938, 0.51419961, 2.5849626;
  1.0366153, 0.11055713, 0, 0, 0.36773998, 0.51419961, 0.40438947, 0.47761938, 0.51419961, 2.5849626;
  1.0180414, 0.11055713, 0, 0, 0.40438947, 0.51419961, 0.40438947, 0.51419961, 0.51419961, 2.5849626;
  1.1060326, 0.10274463, 0, 0, 0.40438947, 0.57947755, 0.51419961, 0.47761938, 0.57947755, 2.5849626;
  0.96120095, 0.11055713, 0, 0, 0.35992748, 0.51419961, 0.44101599, 0.43320349, 0.51419961, 2.5849626;
  0.70862842, 0.11055713, 0, 0, 0.29437232, 0.50638711, 0.36773998, 0.44101599, 0.50638711, 2.5849626;
  1.0962483, 0.11055713, 0, 0, 0.39657697, 0.50638711, 0.36773998, 0.58729005, 0.50638711, 2.5849626;
  1.2299747, 0.11055713, 0, 0, 0.44101599, 0.57947755, 0.44101599, 0.55075651, 0.58729005, 2.5849626;
  0.85738707, 0.11055713, 0, 0, 0.24984187, 0.58729005, 0.35992748, 0.47761938, 0.58729005, 2.5849626;
  1.0522403, 0.11055713, 0, 0, 0.40438947, 0.6238001, 0.50638711, 0.55075651, 0.6238001, 2.5849626;
  1.0229051, 0.11055713, 0, 0, 0.36773998, 0.49857458, 0.44101599, 0.47761938, 0.50638711, 2.5849626;
  1.0855439, 0.11055713, 0, 0, 0.35992748, 0.51419961, 0.44101599, 0.47761938, 0.51419961, 2.5849626;
  1.4614787, 0.11055713, 0, 0, 0.50638711, 0.65247411, 0.44101599, 0.72537595, 0.66028661, 2.5849626;
  0.74616611, 0.11055713, 0, 0, 0.24984187, 0.51419961, 0.39657697, 0.40438947, 0.51419961, 2.5849626;
  1.1060326, 0.11055713, 0, 0, 0.29437232, 0.55075651, 0.28655982, 0.58729005, 0.54294401, 2.5849626;
  1.0522403, 0.11055713, 0, 0, 0.40438947, 0.55075651, 0.44101599, 0.51419961, 0.55075651, 2.5849626;
  1.3259161, 0.11055713, 0, 0, 0.53513151, 0.76960361, 0.6003626, 0.76179111, 0.76960361, 2.5849626;
  1.2143937, 0.11055713, 0, 0, 0.44101599, 0.79818225, 0.65247411, 0.6238001, 0.79818225, 2.5849626;
  1.383725, 0.10274463, 0, 0, 0.55075651, 0.66028661, 0.55075651, 0.69674939, 0.66028661, 2.5849626;
  1.410006, 0.11055713, 0, 0, 0.55075651, 0.79036975, 0.73318845, 0.65247411, 0.79036975, 2.5849626;
  1.0522403, 0.11055713, 0, 0, 0.40438947, 0.50638711, 0.44101599, 0.47761938, 0.50638711, 2.5849626;
  0.76960361, 0.11055713, 0, 0, 0.29437232, 0.51419961, 0.40438947, 0.40438947, 0.51419961, 2.5849626;
  1.3944863, 0.11055713, 0, 0, 0.55075651, 0.66028661, 0.56871629, 0.6238001, 0.66028661, 2.5849626;
  1.0336664, 0, 0, 0, 0.36773998, 0.51419961, 0.44101599, 0.43320349, 0.51419961, 2.5849626;
  0.98384267, 0.11055713, 0, 0, 0.35992748, 0.57947755, 0.56385255, 0.40438947, 0.57947755, 2.5849626;
  0.95338845, 0.11055713, 0, 0, 0.33106756, 0.47761938, 0.32325506, 0.47761938, 0.47761938, 2.5849626;
  0.5847376, 0.11055713, 0, 0, 0.18415065, 0.40438947, 0.32325506, 0.35992748, 0.40438947, 2.5849626;
  1.1421782, 0.11055713, 0, 0, 0.36773998, 0.55075651, 0.47761938, 0.44101599, 0.55075651, 2.5849626;
  0.99946767, 0.11055713, 0, 0, 0.35992748, 0.68112439, 0.44101599, 0.65247411, 0.67331189, 2.5849626;
  0.66549939, 0.11055713, 0, 0, 0.22091378, 0.47761938, 0.29437232, 0.39657697, 0.47761938, 2.5849626;
  0.81892431, 0.11055713, 0, 0, 0.29437232, 0.50638711, 0.40438947, 0.43320349, 0.50638711, 2.5849626;
  1.1734349, 0.11055713, 0, 0, 0.43320349, 0.6238001, 0.50638711, 0.57947755, 0.6238001, 2.5849626;
  0.94428337, 0.11055713, 0, 0, 0.29437232, 0.44101599, 0.33106756, 0.47761938, 0.44101599, 2.5849626;
  0.83454931, 0.073726915, 0, 0, 0.32325506, 0.50638711, 0.40438947, 0.43320349, 0.50638711, 2.5849626]