1400	14	6
0	1	0.15384 0.92574 0.01688 0.20451 0.98213 0.40556 
1	1	0.22099 0.43447 0.45225 0.16440 0.82288 0.53055 
2	1	0.12782 0.48652 0.44535 0.14188 0.81680 0.54664 
3	1	0.18281 0.42852 0.31488 0.19572 0.86528 0.45474 
4	1	0.16806 0.41409 0.33668 0.17940 0.87695 0.46548 
5	1	0.16869 0.45517 0.47376 0.15605 0.84358 0.52863 
6	1	0.17705 0.61981 0.37321 0.13722 0.87226 0.54183 
7	1	0.20429 0.44516 0.37526 0.19304 0.87109 0.47098 
8	1	0.14580 0.61705 0.28258 0.16249 0.88106 0.49876 
9	1	0.14417 0.48203 0.31983 0.17909 0.86781 0.47157 
10	1	0.21174 0.61202 0.22220 0.21594 0.90784 0.42703 
11	1	0.14076 0.91574 0.11148 0.11309 0.88277 0.59281 
12	1	0.16029 0.92350 0.06343 0.13657 0.91584 0.53449 
13	1	0.10335 0.93179 0.08558 0.10784 0.93593 0.57271 
14	1	0.12970 0.91087 0.07764 0.12920 0.91241 0.54682 
15	1	0.12786 0.90918 0.03995 0.15231 0.93148 0.48093 
16	1	0.18000 0.91515 0.05536 0.13847 0.91401 0.52394 
17	1	0.16234 0.89719 0.04958 0.18290 0.92576 0.46103 
18	1	0.17907 0.50356 0.35925 0.16501 0.87979 0.49552 
19	1	0.18800 0.59404 0.16308 0.23512 0.94069 0.37832 
20	1	0.25038 0.39829 0.26724 0.25521 0.91519 0.38258 
21	1	0.17489 0.48183 0.32216 0.18142 0.90641 0.46007 
22	1	0.17064 0.30417 0.57366 0.15355 0.80433 0.53771 
23	1	0.17197 0.41658 0.45746 0.14566 0.82108 0.54368 
24	1	0.16529 0.45556 0.36397 0.18402 0.89093 0.46372 
25	1	0.15907 0.56581 0.32742 0.17667 0.88624 0.48335 
26	1	0.20729 0.50226 0.30215 0.17405 0.87505 0.47909 
27	1	0.21305 0.33353 0.54878 0.16686 0.82446 0.52857 
28	1	0.15692 0.94279 0.01344 0.16895 0.96425 0.44791 
29	1	0.22211 0.38543 0.35644 0.19701 0.86502 0.46266 
30	1	0.17189 0.61751 0.31876 0.17303 0.88721 0.48962 
31	1	0.21420 0.58590 0.14780 0.24453 0.96626 0.34939 
32	1	0.22459 0.56202 0.13943 0.25727 0.96408 0.33640 
33	1	0.21809 0.56793 0.19284 0.23969 0.94815 0.37351 
34	1	0.21331 0.58561 0.27953 0.19151 0.89110 0.46285 
35	1	0.17083 0.48112 0.28699 0.20835 0.91492 0.42358 
36	1	0.18442 0.42482 0.26294 0.23243 0.91777 0.39641 
37	1	0.11872 0.70722 0.27215 0.06884 0.56615 0.72387 
38	1	0.22648 0.81262 0.19173 0.11406 0.69419 0.66254 
39	1	0.22662 0.72201 0.22454 0.12853 0.62711 0.63570 
40	1	0.33746 0.30412 0.28156 0.26503 0.51682 0.46908 
41	1	0.18541 0.69993 0.24326 0.10185 0.56831 0.67318 
42	1	0.10968 0.83845 0.24785 0.05017 0.58409 0.77478 
43	1	0.16642 0.59989 0.40566 0.07835 0.42868 0.74613 
44	1	0.48524 0.44559 0.27896 0.28336 0.50382 0.51550 
45	1	0.13419 0.72905 0.21983 0.10313 0.69286 0.64627 
46	1	0.07573 0.63277 0.31185 0.05920 0.49271 0.72724 
47	1	0.19176 0.71288 0.22035 0.11122 0.65166 0.64909 
48	1	0.18665 0.67081 0.26251 0.10122 0.57197 0.67269 
49	1	0.15665 0.68663 0.36741 0.06770 0.52199 0.76598 
50	1	0.14399 0.71647 0.25028 0.09151 0.57991 0.68285 
51	1	0.14712 0.62557 0.33700 0.06598 0.47097 0.74750 
52	1	0.10518 0.70707 0.28637 0.06719 0.55006 0.73188 
53	1	0.43450 0.72379 0.23151 0.22430 0.66248 0.60049 
54	1	0.35504 0.47034 0.25081 0.18989 0.51143 0.56767 
55	1	0.26775 0.36587 0.27493 0.20633 0.56197 0.54216 
56	1	0.20239 0.74527 0.15359 0.13724 0.76526 0.56888 
57	1	0.52478 0.22208 0.22861 0.35970 0.60056 0.41095 
58	1	0.19285 0.80260 0.18838 0.13020 0.70212 0.63672 
59	1	0.36561 0.75872 0.25299 0.18412 0.59265 0.63243 
60	1	0.19091 0.27278 0.31466 0.16609 0.52684 0.56798 
61	1	0.20201 0.31328 0.39029 0.10640 0.38323 0.65596 
62	1	0.53454 0.56086 0.23388 0.33425 0.64366 0.47906 
63	1	0.43165 0.73763 0.15012 0.25877 0.70278 0.50227 
64	1	0.28768 0.63634 0.21646 0.15876 0.64333 0.58874 
65	1	0.10722 0.67302 0.25947 0.08173 0.53864 0.69251 
66	1	0.11668 0.43078 0.34285 0.09300 0.49568 0.67037 
67	1	0.14016 0.57753 0.28000 0.11145 0.56678 0.64039 
68	1	0.36372 0.49486 0.16794 0.26211 0.69037 0.44881 
69	1	0.12919 0.68837 0.25023 0.10612 0.58375 0.67134 
70	1	0.28069 0.74057 0.24653 0.14244 0.64386 0.64453 
71	1	0.13710 0.74175 0.23090 0.08205 0.56450 0.68316 
72	1	0.08872 0.71443 0.33122 0.05138 0.50197 0.77900 
73	1	0.09961 0.67040 0.28026 0.06322 0.53046 0.72766 
74	1	0.14383 0.73021 0.28722 0.06886 0.53729 0.73909 
75	1	0.28336 0.45031 0.33652 0.14844 0.46677 0.63239 
76	1	0.13562 0.64333 0.28672 0.08210 0.52955 0.70167 
77	1	0.14020 0.60627 0.30541 0.07885 0.51743 0.70032 
78	1	0.08149 0.72450 0.28586 0.06242 0.55269 0.74683 
79	1	0.13075 0.78064 0.16996 0.10475 0.68782 0.64706 
80	1	0.10233 0.66505 0.27638 0.08166 0.53828 0.69393 
81	1	0.12905 0.76312 0.23216 0.07236 0.59878 0.71515 
82	1	0.14682 0.66049 0.35566 0.06072 0.48528 0.77800 
83	1	0.19768 0.52244 0.27011 0.12511 0.55343 0.61024 
84	1	0.30505 0.59989 0.20222 0.18820 0.62385 0.54790 
85	1	0.23680 0.44222 0.28586 0.15793 0.53341 0.58104 
86	1	0.17463 0.60337 0.24306 0.10776 0.57751 0.63690 
87	1	0.05672 0.77730 0.38724 0.03049 0.43182 0.83399 
88	1	0.02860 0.80897 0.28285 0.02953 0.52537 0.81447 
89	1	0.09626 0.76147 0.21669 0.07014 0.57038 0.70135 
90	1	0.25592 0.27147 0.32809 0.17024 0.47155 0.57547 
91	1	0.11311 0.68791 0.30093 0.06245 0.53665 0.74091 
92	1	0.20695 0.79298 0.16748 0.12018 0.69295 0.63492 
93	1	0.09959 0.74883 0.29722 0.05818 0.57083 0.74617 
94	1	0.08471 0.70194 0.29491 0.07475 0.59674 0.71725 
95	1	0.06973 0.79017 0.29174 0.04391 0.53550 0.79029 
96	1	0.09964 0.77563 0.25269 0.06617 0.57788 0.74105 
97	1	0.12530 0.77857 0.21613 0.07044 0.62892 0.70555 
98	1	0.11084 0.79293 0.24869 0.07268 0.60070 0.73591 
99	1	0.08599 0.80255 0.27610 0.04653 0.58499 0.78018 
100	2	0.12878 0.64033 0.23317 0.09364 0.45520 0.64247 
101	2	0.22593 0.76181 0.23312 0.11571 0.49810 0.65976 
102	2	0.16002 0.74357 0.27406 0.08051 0.44231 0.70245 
103	2	0.18855 0.74151 0.25698 0.09199 0.44751 0.69062 
104	2	0.22524 0.69276 0.19492 0.12668 0.54682 0.60555 
105	2	0.10273 0.71021 0.23221 0.07667 0.46866 0.68607 
106	2	0.10918 0.74216 0.33428 0.03884 0.38586 0.79276 
107	2	0.13324 0.72875 0.28225 0.05438 0.43786 0.74464 
108	2	0.27387 0.66845 0.26596 0.12460 0.48579 0.65053 
109	2	0.25677 0.76503 0.26216 0.11362 0.44778 0.67835 
110	2	0.22189 0.87875 0.19069 0.09845 0.49174 0.69282 
111	2	0.07684 0.73215 0.25288 0.06161 0.46784 0.72059 
112	2	0.07856 0.72292 0.29618 0.05208 0.39669 0.76318 
113	2	0.15366 0.73531 0.24652 0.08066 0.48362 0.69456 
114	2	0.11697 0.68453 0.25184 0.06465 0.43994 0.71316 
115	2	0.14115 0.78413 0.25168 0.06146 0.46736 0.74868 
116	2	0.17027 0.81686 0.20892 0.06918 0.50280 0.72375 
117	2	0.13150 0.67704 0.24146 0.08714 0.44574 0.67337 
118	2	0.09783 0.81135 0.24274 0.04212 0.45343 0.78227 
119	2	0.18786 0.77842 0.26036 0.08475 0.47421 0.71088 
120	2	0.11725 0.76379 0.29385 0.04918 0.42436 0.78219 
121	2	0.20406 0.78622 0.31248 0.07272 0.41805 0.76481 
122	2	0.16959 0.75248 0.30403 0.06594 0.43283 0.74830 
123	2	0.15647 0.76420 0.31557 0.07513 0.43754 0.74342 
124	2	0.17610 0.70055 0.35576 0.08024 0.40488 0.73463 
125	2	0.09278 0.72543 0.34931 0.04458 0.37933 0.79045 
126	2	0.09252 0.74914 0.28986 0.04294 0.40939 0.77849 
127	2	0.07150 0.69918 0.42764 0.02298 0.29190 0.84859 
128	2	0.01280 0.80806 0.35084 0.00522 0.32905 0.90293 
129	2	0.05891 0.76934 0.32006 0.02246 0.36885 0.84411 
130	2	0.03370 0.74554 0.29903 0.02408 0.38583 0.81509 
131	2	0.12740 0.77027 0.30564 0.03908 0.39494 0.81136 
132	2	0.05090 0.66188 0.36551 0.03126 0.31725 0.81974 
133	2	0.05304 0.74806 0.38870 0.02063 0.29845 0.86008 
134	2	0.09778 0.73871 0.34102 0.02778 0.35003 0.81960 
135	2	0.05159 0.71710 0.35964 0.02026 0.32281 0.83662 
136	2	0.00840 0.71483 0.38893 0.00992 0.29061 0.87674 
137	2	0.07468 0.66186 0.39286 0.03044 0.31681 0.82160 
138	2	0.06270 0.68655 0.30609 0.03683 0.37165 0.77111 
139	2	0.07767 0.89101 0.33290 0.02233 0.49332 0.86292 
140	2	0.09597 0.77073 0.28324 0.04018 0.40089 0.78499 
141	2	0.06246 0.65078 0.27916 0.05135 0.41714 0.72631 
142	2	0.08410 0.73878 0.28715 0.03389 0.37052 0.79443 
143	2	0.03972 0.77024 0.27285 0.02958 0.40205 0.80126 
144	2	0.16137 0.79449 0.24468 0.05738 0.42509 0.76705 
145	2	0.08094 0.77125 0.26401 0.04178 0.39031 0.77454 
146	2	0.05212 0.59646 0.35811 0.03834 0.27961 0.77754 
147	2	0.06312 0.68641 0.31767 0.03415 0.34351 0.79908 
148	2	0.04417 0.68667 0.27031 0.03397 0.33895 0.75705 
149	2	0.04891 0.57841 0.31891 0.04277 0.35235 0.74463 
150	2	0.04798 0.65615 0.33458 0.02805 0.29015 0.80338 
151	2	0.03179 0.53558 0.42894 0.02476 0.19706 0.81702 
152	2	0.10651 0.48852 0.33366 0.06866 0.30821 0.70617 
153	2	0.06798 0.57352 0.35533 0.04351 0.27190 0.77068 
154	2	0.10438 0.43712 0.33773 0.06254 0.29467 0.70834 
155	2	0.10408 0.52485 0.44254 0.03547 0.17437 0.81752 
156	2	0.09736 0.55639 0.39772 0.03470 0.21803 0.80077 
157	2	0.05259 0.54846 0.35012 0.03883 0.30292 0.76343 
158	2	0.04355 0.60304 0.36041 0.03155 0.27307 0.79362 
159	2	0.06421 0.50157 0.33960 0.04427 0.29145 0.73838 
160	2	0.09349 0.42937 0.42483 0.04788 0.19617 0.76018 
161	2	0.12595 0.38946 0.47637 0.04254 0.15720 0.79711 
162	2	0.04928 0.56949 0.43419 0.02356 0.18102 0.83893 
163	2	0.02051 0.56970 0.41896 0.01870 0.18875 0.83976 
164	2	0.13911 0.50135 0.46780 0.04322 0.15543 0.80293 
165	2	0.01420 0.54671 0.42911 0.01370 0.17355 0.84935 
166	2	0.02461 0.39582 0.52238 0.01461 0.08361 0.85680 
167	2	0.00666 0.52672 0.51679 0.00362 0.08940 0.90046 
168	2	0.07067 0.24123 0.53366 0.03572 0.06834 0.80046 
169	2	0.02462 0.51937 0.44942 0.01967 0.14993 0.83613 
170	2	0.06242 0.34131 0.46978 0.03898 0.12187 0.79205 
171	2	0.10980 0.30985 0.44173 0.04688 0.15422 0.76236 
172	2	0.04943 0.31904 0.48661 0.03164 0.12283 0.79445 
173	2	0.05377 0.08524 0.51851 0.03495 0.07595 0.77229 
174	2	0.07356 0.24092 0.47837 0.03951 0.13980 0.77022 
175	2	0.03052 0.34662 0.46014 0.02775 0.13022 0.79074 
176	2	0.08804 0.32469 0.54426 0.03300 0.10204 0.80035 
177	2	0.06315 0.34800 0.60266 0.02179 0.03598 0.85307 
178	2	0.04055 0.27960 0.52298 0.02246 0.10121 0.81945 
179	2	0.01685 0.32766 0.64088 0.00801 0.01895 0.88483 
180	2	0.04424 0.43447 0.52286 0.01559 0.05869 0.85018 
181	2	0.06674 0.28707 0.53997 0.02858 0.07252 0.81089 
182	2	0.08550 0.21132 0.51228 0.03878 0.08822 0.77584 
183	2	0.03755 0.37700 0.61833 0.01051 0.00000 0.88539 
184	2	0.04498 0.16180 0.56702 0.02328 0.03604 0.80706 
185	2	0.07521 0.00000 0.50078 0.03738 0.09091 0.75826 
186	2	0.08079 0.07005 0.49170 0.04202 0.09331 0.75227 
187	2	0.08716 0.13495 0.43327 0.05630 0.14960 0.72190 
188	2	0.10012 0.15987 0.47947 0.04396 0.10217 0.75781 
189	2	0.04128 0.34725 0.52440 0.02184 0.07294 0.82911 
190	2	0.07617 0.35488 0.48302 0.03171 0.11354 0.79712 
191	2	0.06090 0.31817 0.49524 0.02864 0.09587 0.79505 
192	2	0.02796 0.15274 0.57692 0.01739 0.03344 0.82897 
193	2	0.06120 0.24208 0.51847 0.02769 0.07921 0.80248 
194	2	0.04445 0.08224 0.61256 0.02250 0.00992 0.81833 
195	2	0.11192 0.29433 0.41347 0.05835 0.17708 0.72402 
196	2	0.11164 0.63268 0.26631 0.06547 0.36603 0.69253 
197	2	0.15516 0.57480 0.24892 0.10128 0.39937 0.62957 
198	2	0.21124 0.65855 0.26685 0.09836 0.39840 0.68023 
199	2	0.15622 0.73640 0.23991 0.07136 0.41850 0.71114 
200	3	0.43935 0.78196 0.17511 0.31741 0.76375 0.44250 
201	3	0.42375 0.50783 0.46804 0.25008 0.57409 0.55113 
202	3	0.19899 0.66272 0.34845 0.14170 0.56825 0.61043 
203	3	0.30064 0.66220 0.32157 0.18241 0.62133 0.57514 
204	3	0.33006 0.69699 0.27789 0.20151 0.60749 0.53972 
205	3	0.31344 0.64748 0.36133 0.19229 0.58838 0.57214 
206	3	0.18612 0.65782 0.36779 0.14989 0.59732 0.61477 
207	3	0.31633 0.62493 0.40534 0.18011 0.53796 0.59157 
208	3	0.37670 0.58890 0.40214 0.24934 0.61103 0.52483 
209	3	0.36966 0.47673 0.56804 0.21210 0.53440 0.58987 
210	3	0.19661 0.59302 0.40290 0.14378 0.57299 0.60224 
211	3	0.29847 0.59576 0.36011 0.19324 0.60270 0.55727 
212	3	0.23479 0.56470 0.42446 0.15885 0.56250 0.61928 
213	3	0.28898 0.58628 0.41746 0.17205 0.57615 0.61305 
214	3	0.33989 0.63221 0.37821 0.18529 0.55601 0.59736 
215	3	0.22861 0.64982 0.34317 0.16371 0.57721 0.58923 
216	3	0.18039 0.60791 0.46877 0.14084 0.54769 0.64451 
217	3	0.40648 0.59932 0.37328 0.22845 0.58970 0.57106 
218	3	0.24556 0.70172 0.28889 0.17020 0.65062 0.57462 
219	3	0.25270 0.73496 0.36089 0.12333 0.53667 0.69729 
220	3	0.41669 0.71827 0.30379 0.23658 0.59666 0.56106 
221	3	0.30254 0.68648 0.35516 0.17159 0.60202 0.60434 
222	3	0.23543 0.65281 0.37010 0.13914 0.58821 0.62764 
223	3	0.40387 0.67089 0.38181 0.24387 0.63750 0.56423 
224	3	0.37833 0.68340 0.36025 0.20534 0.63261 0.59603 
225	3	0.43309 0.70946 0.35261 0.28517 0.66527 0.51658 
226	3	0.45134 0.72740 0.38615 0.28125 0.68067 0.53316 
227	3	0.25464 0.74136 0.30849 0.19181 0.67733 0.56263 
228	3	0.69154 0.63748 0.42176 0.51210 0.72842 0.41850 
229	3	0.32571 0.57842 0.40139 0.21038 0.50118 0.56551 
230	3	0.32722 0.65223 0.44138 0.16610 0.54482 0.63402 
231	3	0.21504 0.66027 0.45920 0.13938 0.50892 0.65557 
232	3	0.20631 0.63544 0.43941 0.11530 0.50050 0.67287 
233	3	0.18650 0.68982 0.41956 0.11068 0.53023 0.68356 
234	3	0.24721 0.62541 0.48985 0.17687 0.49498 0.61949 
235	3	0.23231 0.68103 0.46780 0.15433 0.53126 0.64239 
236	3	0.42285 0.62079 0.48076 0.23844 0.53611 0.58599 
237	3	0.43583 0.45199 0.81803 0.27001 0.54812 0.58394 
238	3	0.33317 0.70605 0.39902 0.20242 0.63557 0.60090 
239	3	0.32481 0.71421 0.35238 0.19265 0.60409 0.60255 
240	3	0.41874 0.74056 0.37892 0.22927 0.59888 0.60029 
241	3	0.41555 0.64267 0.46034 0.22997 0.56755 0.59972 
242	3	0.54832 0.50458 0.50189 0.33727 0.52651 0.52969 
243	3	0.24992 0.61744 0.39017 0.17808 0.57035 0.58627 
244	3	0.41738 0.61613 0.44172 0.23021 0.58381 0.58794 
245	3	0.34987 0.62035 0.46275 0.19028 0.55649 0.61051 
246	3	0.28816 0.64161 0.44583 0.19439 0.52644 0.58447 
247	3	0.28114 0.76421 0.36911 0.12988 0.59136 0.68576 
248	3	0.33335 0.71075 0.38057 0.17474 0.58274 0.61572 
249	3	0.35850 0.63840 0.52055 0.18264 0.53563 0.63642 
250	3	0.38558 0.65110 0.40815 0.20935 0.55078 0.60933 
251	3	0.54397 0.59921 0.45190 0.32753 0.55196 0.55416 
252	3	0.31233 0.65497 0.41485 0.17402 0.53215 0.61882 
253	3	0.61392 0.61479 0.44686 0.40094 0.56044 0.50804 
254	3	0.39424 0.68561 0.40210 0.22109 0.56939 0.60003 
255	3	0.51295 0.53915 0.63191 0.32175 0.55411 0.55860 
256	3	0.35092 0.67635 0.39909 0.21134 0.62472 0.57160 
257	3	0.49959 0.53663 0.61012 0.29360 0.53009 0.57714 
258	3	0.47235 0.72774 0.34964 0.28202 0.66874 0.54096 
259	3	0.42087 0.72579 0.45757 0.23581 0.59814 0.60776 
260	3	0.35546 0.78574 0.28742 0.21993 0.71707 0.54980 
261	3	0.59067 0.70952 0.40751 0.40472 0.68215 0.47625 
262	3	0.62856 0.69204 0.30193 0.43155 0.67673 0.44509 
263	3	0.32234 0.66756 0.45609 0.20561 0.59120 0.60559 
264	3	0.32652 0.66073 0.40539 0.21049 0.58520 0.59853 
265	3	0.36984 0.70419 0.36003 0.22211 0.59562 0.58249 
266	3	0.48563 0.61577 0.44887 0.28925 0.62391 0.56143 
267	3	0.66653 0.62406 0.44244 0.45955 0.62200 0.48519 
268	3	0.61282 0.67336 0.36343 0.40864 0.67467 0.48910 
269	3	0.36669 0.61777 0.50918 0.28025 0.61859 0.55585 
270	3	0.58770 0.66965 0.54136 0.39359 0.66415 0.49949 
271	3	0.66143 0.68619 0.44835 0.48647 0.71752 0.43384 
272	3	0.60050 0.63887 0.47946 0.44523 0.68680 0.44667 
273	3	0.53513 0.69778 0.46156 0.36200 0.70128 0.48333 
274	3	0.44193 0.70731 0.42484 0.32515 0.69578 0.46871 
275	3	0.58721 0.62549 0.52763 0.40340 0.68495 0.48419 
276	3	0.53655 0.65267 0.38769 0.36502 0.68056 0.45784 
277	3	0.54844 0.69322 0.44781 0.38682 0.71282 0.46589 
278	3	0.43682 0.66805 0.49378 0.28195 0.69038 0.52546 
279	3	0.53813 0.56754 0.66430 0.37190 0.67062 0.48717 
280	3	0.75212 0.64171 0.54136 0.57878 0.68824 0.41200 
281	3	0.72488 0.64803 0.46017 0.56732 0.75243 0.39506 
282	3	0.43577 0.73070 0.39265 0.28506 0.67053 0.52610 
283	3	0.58939 0.69176 0.40329 0.38813 0.67451 0.50150 
284	3	0.66218 0.72702 0.33548 0.47901 0.72598 0.43959 
285	3	0.50835 0.68899 0.44462 0.33260 0.66069 0.52950 
286	3	0.53850 0.66261 0.51965 0.34903 0.62069 0.54396 
287	3	0.56616 0.63292 0.36250 0.38388 0.67946 0.47706 
288	3	0.48335 0.68982 0.48719 0.28254 0.61669 0.60782 
289	3	0.46084 0.67106 0.43592 0.28421 0.65019 0.56651 
290	3	0.28036 0.64885 0.44721 0.21892 0.62653 0.58208 
291	3	0.47973 0.73724 0.42033 0.34924 0.69502 0.50055 
292	3	0.50608 0.52753 0.85002 0.34101 0.60065 0.55271 
293	3	0.49945 0.49211 0.70435 0.33687 0.62491 0.55481 
294	3	0.25452 0.68108 0.42632 0.20084 0.60697 0.58985 
295	3	0.50024 0.43814 0.66224 0.30223 0.58336 0.57263 
296	3	0.43494 0.60159 0.49946 0.27969 0.60337 0.56652 
297	3	0.16503 0.68876 0.49605 0.12393 0.56375 0.67884 
298	3	0.52805 0.71130 0.39389 0.35068 0.68908 0.50428 
299	3	0.40447 0.70902 0.43359 0.28127 0.65124 0.52105 
300	4	0.56615 0.90151 0.10582 0.48751 0.90465 0.28340 
301	4	0.51389 0.88563 0.05896 0.52341 0.95149 0.18982 
302	4	0.32634 0.89663 0.22405 0.31128 0.84690 0.42812 
303	4	0.42583 0.94189 0.09502 0.35380 0.86282 0.39091 
304	4	0.55989 0.98367 0.02232 0.42477 0.96520 0.33983 
305	4	0.26917 0.94684 0.13619 0.26547 0.84897 0.45676 
306	4	0.40095 0.93737 0.08465 0.40035 0.89732 0.32926 
307	4	0.34584 0.95104 0.04922 0.40499 0.90662 0.31159 
308	4	0.23653 0.96276 0.09494 0.23750 0.83578 0.48357 
309	4	0.43867 0.92567 0.09239 0.42512 0.92826 0.29613 
310	4	0.50887 0.92047 0.01507 0.51409 0.96504 0.16809 
311	4	0.56539 0.91751 0.03300 0.50582 0.94423 0.20733 
312	4	0.53101 0.92937 0.01381 0.55037 0.97403 0.15262 
313	4	0.35406 0.93141 0.08775 0.39651 0.91205 0.30073 
314	4	0.30141 0.91716 0.11942 0.34669 0.87937 0.35329 
315	4	0.35612 0.93470 0.13083 0.37952 0.87779 0.35813 
316	4	0.37646 0.91250 0.11828 0.38136 0.87808 0.32987 
317	4	0.32838 0.92799 0.09280 0.36655 0.89283 0.33551 
318	4	0.32897 0.93754 0.08717 0.35000 0.89334 0.34843 
319	4	0.34662 0.91526 0.14800 0.35468 0.85900 0.38360 
320	4	0.44142 0.93210 0.11175 0.40946 0.88901 0.33475 
321	4	0.32227 0.94466 0.09875 0.32358 0.87027 0.39531 
322	4	0.24967 0.95365 0.17057 0.25616 0.84128 0.48979 
323	4	0.30393 0.93286 0.19288 0.26864 0.82123 0.48996 
324	4	0.35962 0.94901 0.10526 0.30349 0.86015 0.41380 
325	4	0.48860 0.92788 0.17548 0.39106 0.86650 0.37466 
326	4	0.38415 0.93242 0.08812 0.42783 0.90735 0.29513 
327	4	0.34231 0.94960 0.09914 0.32167 0.87443 0.40594 
328	4	0.51936 0.92994 0.10808 0.43891 0.90012 0.31936 
329	4	0.30767 0.90972 0.28533 0.22758 0.77538 0.54920 
330	4	0.36351 0.93401 0.09273 0.30047 0.86034 0.40495 
331	4	0.32388 0.93487 0.12940 0.24656 0.82553 0.48680 
332	4	0.31189 0.92410 0.11724 0.28497 0.83656 0.43834 
333	4	0.29316 0.92601 0.15463 0.26437 0.81619 0.47145 
334	4	0.29927 0.94340 0.15414 0.22484 0.80419 0.53089 
335	4	0.25502 0.93245 0.14843 0.21541 0.80142 0.52545 
336	4	0.17102 0.95134 0.11460 0.12162 0.81675 0.62369 
337	4	0.29500 0.93979 0.11720 0.20851 0.84418 0.52900 
338	4	0.34422 0.95567 0.11415 0.21836 0.85650 0.54086 
339	4	0.23051 0.92833 0.13697 0.15808 0.84435 0.56634 
340	4	0.26754 0.94702 0.12676 0.20757 0.83808 0.53702 
341	4	0.29370 0.95616 0.08598 0.22438 0.85546 0.51976 
342	4	0.31201 0.95153 0.14847 0.17876 0.79888 0.59766 
343	4	0.25335 0.95935 0.05125 0.17135 0.89550 0.52992 
344	4	0.34771 0.94824 0.11752 0.21761 0.83119 0.53645 
345	4	0.29763 0.94628 0.10364 0.19780 0.84249 0.53965 
346	4	0.40138 0.93658 0.07539 0.26881 0.85375 0.45742 
347	4	0.35272 0.94112 0.11694 0.25334 0.82133 0.49645 
348	4	0.26818 0.96967 0.07274 0.20667 0.87745 0.52359 
349	4	0.28063 0.94054 0.13120 0.19497 0.82059 0.56113 
350	4	0.29528 0.96532 0.09418 0.19749 0.84798 0.55044 
351	4	0.24689 0.95596 0.12552 0.19621 0.80900 0.56630 
352	4	0.34554 0.95260 0.07706 0.22332 0.88104 0.49889 
353	4	0.31309 0.93112 0.08062 0.26823 0.87662 0.44042 
354	4	0.21133 0.93914 0.13400 0.15110 0.79272 0.59328 
355	4	0.35989 0.90823 0.09625 0.26601 0.83074 0.44740 
356	4	0.64420 0.93445 0.14668 0.52171 0.82783 0.35879 
357	4	0.38315 0.92489 0.16857 0.27387 0.78688 0.50415 
358	4	0.60123 0.94516 0.07003 0.45088 0.86991 0.35922 
359	4	0.42182 0.93412 0.08111 0.40607 0.85516 0.36068 
360	4	0.47406 0.94654 0.08614 0.36675 0.84462 0.40560 
361	4	0.36706 0.94249 0.09778 0.22526 0.84362 0.52830 
362	4	0.66846 0.93357 0.10258 0.53109 0.83825 0.32878 
363	4	0.48825 0.93151 0.11511 0.38648 0.84435 0.37251 
364	4	0.62455 0.90297 0.15376 0.51814 0.84040 0.32787 
365	4	0.52201 0.91679 0.09850 0.47246 0.85983 0.30792 
366	4	0.58811 0.93756 0.07877 0.54766 0.86513 0.29017 
367	4	0.71923 0.92835 0.08414 0.62213 0.86742 0.26376 
368	4	0.66137 0.92979 0.12741 0.52774 0.84492 0.35245 
369	4	0.46924 0.93147 0.12277 0.37359 0.81083 0.40563 
370	4	0.50878 0.91084 0.12605 0.44550 0.84754 0.33969 
371	4	0.34152 0.94915 0.05459 0.29095 0.85638 0.41599 
372	4	0.34915 0.93740 0.04601 0.32825 0.87671 0.36967 
373	4	0.30666 0.95338 0.07260 0.24815 0.83072 0.46841 
374	4	0.29487 0.94874 0.07112 0.25478 0.84528 0.44024 
375	4	0.31521 0.95386 0.06865 0.23495 0.83484 0.47385 
376	4	0.38655 0.93246 0.04051 0.36206 0.88942 0.33705 
377	4	0.30640 0.94526 0.06043 0.26132 0.84909 0.42602 
378	4	0.31932 0.94130 0.07751 0.28781 0.84220 0.43029 
379	4	0.27436 0.96784 0.04978 0.20142 0.84764 0.50680 
380	4	0.26166 0.93342 0.13139 0.20012 0.82493 0.53044 
381	4	0.39947 0.95094 0.12401 0.26746 0.78484 0.50830 
382	4	0.36282 0.94585 0.11021 0.29942 0.83298 0.45209 
383	4	0.27303 0.94598 0.13658 0.25195 0.78609 0.50611 
384	4	0.41166 0.91900 0.10951 0.35235 0.83615 0.39003 
385	4	0.33016 0.94742 0.11780 0.24806 0.80855 0.51430 
386	4	0.35934 0.90838 0.16284 0.19494 0.77214 0.57385 
387	4	0.20457 0.90431 0.18471 0.14639 0.77953 0.60672 
388	4	0.40274 0.91709 0.10190 0.28370 0.79899 0.46073 
389	4	0.36695 0.90303 0.05676 0.30662 0.86390 0.39751 
390	4	0.11485 0.90861 0.19102 0.08447 0.74708 0.68558 
391	4	0.23742 0.91375 0.08988 0.16974 0.81213 0.54248 
392	4	0.24900 0.95337 0.10276 0.18134 0.80912 0.57190 
393	4	0.18358 0.93361 0.09458 0.13454 0.77824 0.59019 
394	4	0.19502 0.94856 0.12853 0.14646 0.76264 0.62320 
395	4	0.13345 0.95705 0.10730 0.08335 0.76380 0.69080 
396	4	0.12813 0.95071 0.09604 0.09006 0.80866 0.64697 
397	4	0.17756 0.94903 0.17358 0.11124 0.74284 0.68766 
398	4	0.43089 0.93137 0.10972 0.34178 0.83567 0.44057 
399	4	0.33850 0.92445 0.05057 0.33168 0.86936 0.34479 
400	5	0.33091 0.95090 0.13490 0.23123 0.78312 0.53759 
401	5	0.34172 0.93828 0.14438 0.22594 0.78746 0.52543 
402	5	0.18779 0.92744 0.20899 0.12823 0.74320 0.63607 
403	5	0.38147 0.96594 0.10658 0.21527 0.81130 0.54798 
404	5	0.16346 0.95387 0.12502 0.14770 0.78846 0.58899 
405	5	0.12425 0.96088 0.12085 0.12742 0.78342 0.61474 
406	5	0.27011 0.92830 0.10029 0.23222 0.83828 0.44519 
407	5	0.24407 0.92338 0.08112 0.24911 0.86041 0.42465 
408	5	0.33237 0.92973 0.08452 0.28209 0.85076 0.41814 
409	5	0.35482 0.92196 0.09353 0.26464 0.79672 0.43215 
410	5	0.19527 0.92975 0.16332 0.14260 0.74477 0.61839 
411	5	0.25692 0.92082 0.09609 0.20129 0.79496 0.49368 
412	5	0.18314 0.93773 0.13030 0.16932 0.78868 0.55936 
413	5	0.25349 0.92623 0.07184 0.22153 0.83236 0.45234 
414	5	0.20201 0.92202 0.11399 0.16873 0.80139 0.54605 
415	5	0.25915 0.88895 0.13676 0.21241 0.82782 0.48410 
416	5	0.23554 0.90797 0.06591 0.21322 0.84542 0.43998 
417	5	0.12447 0.96395 0.12298 0.08095 0.73837 0.69665 
418	5	0.21605 0.96172 0.09317 0.16106 0.80456 0.56262 
419	5	0.17021 0.91999 0.09353 0.19104 0.82598 0.47962 
420	5	0.17403 0.95261 0.06974 0.18151 0.82533 0.50710 
421	5	0.19206 0.93880 0.10467 0.20239 0.82805 0.49905 
422	5	0.18564 0.93691 0.09933 0.18174 0.82000 0.51019 
423	5	0.14076 0.94656 0.12253 0.13912 0.78068 0.59641 
424	5	0.20065 0.92429 0.10211 0.17964 0.79568 0.51373 
425	5	0.28439 0.92872 0.05463 0.24231 0.86213 0.42671 
426	5	0.21901 0.93467 0.06433 0.21127 0.84187 0.45858 
427	5	0.26325 0.93261 0.04562 0.24859 0.88439 0.41189 
428	5	0.18825 0.93722 0.12974 0.17208 0.79492 0.55539 
429	5	0.24265 0.91737 0.06442 0.24682 0.86582 0.42233 
430	5	0.26036 0.93710 0.08537 0.20018 0.81987 0.50041 
431	5	0.23595 0.94345 0.08201 0.18356 0.83653 0.52294 
432	5	0.25116 0.94217 0.10929 0.17535 0.81594 0.55233 
433	5	0.20379 0.96195 0.09894 0.15096 0.79045 0.60405 
434	5	0.25036 0.92487 0.08863 0.22892 0.85879 0.44658 
435	5	0.20801 0.94865 0.05674 0.17991 0.85504 0.49721 
436	5	0.30647 0.91740 0.05091 0.27725 0.87064 0.39555 
437	5	0.28375 0.93634 0.13017 0.19486 0.81796 0.54446 
438	5	0.18250 0.94030 0.06532 0.20034 0.84212 0.48211 
439	5	0.28455 0.91495 0.07694 0.29613 0.87074 0.36978 
440	5	0.24105 0.96350 0.06894 0.19459 0.83986 0.52394 
441	5	0.30703 0.92572 0.13951 0.21023 0.81520 0.53535 
442	5	0.29264 0.95138 0.07865 0.23591 0.84167 0.47159 
443	5	0.31579 0.93067 0.04507 0.28858 0.89130 0.37685 
444	5	0.18883 0.93683 0.18672 0.14109 0.76262 0.61902 
445	5	0.26463 0.92271 0.05418 0.29516 0.87496 0.36398 
446	5	0.22469 0.91016 0.05468 0.25057 0.87417 0.39389 
447	5	0.22071 0.92109 0.08013 0.25237 0.86521 0.41566 
448	5	0.21168 0.93626 0.14748 0.18188 0.77827 0.57104 
449	5	0.22288 0.94683 0.13020 0.14429 0.77966 0.60293 
450	5	0.20707 0.94875 0.11655 0.18943 0.78736 0.54561 
451	5	0.19695 0.90782 0.16679 0.18369 0.77760 0.53626 
452	5	0.25896 0.90243 0.09885 0.24277 0.83053 0.44147 
453	5	0.26233 0.93011 0.10981 0.21478 0.80550 0.49630 
454	5	0.23556 0.90462 0.08674 0.24571 0.82968 0.42293 
455	5	0.26226 0.94770 0.12236 0.18979 0.77756 0.55123 
456	5	0.24150 0.93845 0.11120 0.19761 0.79752 0.52341 
457	5	0.31275 0.91134 0.14150 0.28744 0.81884 0.42729 
458	5	0.27884 0.94260 0.08583 0.22722 0.82304 0.47630 
459	5	0.26603 0.93599 0.08853 0.22194 0.82181 0.47067 
460	5	0.27596 0.93706 0.08660 0.22831 0.82429 0.47762 
461	5	0.41885 0.92236 0.08786 0.36258 0.85662 0.33418 
462	5	0.37243 0.93966 0.10746 0.32187 0.83556 0.40848 
463	5	0.32653 0.95886 0.10913 0.27145 0.82277 0.47593 
464	5	0.42976 0.94431 0.06089 0.39169 0.87094 0.31143 
465	5	0.41164 0.94258 0.14061 0.30948 0.79508 0.46149 
466	5	0.38915 0.96335 0.11080 0.28059 0.81261 0.49676 
467	5	0.40226 0.97100 0.09235 0.31354 0.82577 0.46795 
468	5	0.62831 0.93065 0.08587 0.50641 0.86517 0.27995 
469	5	0.40938 0.95080 0.12395 0.33436 0.80930 0.43066 
470	5	0.56679 0.94011 0.07994 0.45309 0.84987 0.29799 
471	5	0.63503 0.92498 0.07908 0.53007 0.86929 0.26548 
472	5	0.51219 0.94735 0.09250 0.44118 0.84928 0.35426 
473	5	0.42183 0.95874 0.12293 0.31577 0.80683 0.46519 
474	5	0.28560 0.96165 0.10270 0.28142 0.84785 0.45845 
475	5	0.39651 0.93434 0.07545 0.36687 0.86036 0.32621 
476	5	0.44420 0.93630 0.06638 0.35246 0.85514 0.33833 
477	5	0.33714 0.93845 0.08281 0.30335 0.83306 0.37838 
478	5	0.38788 0.93878 0.06647 0.38955 0.87386 0.30807 
479	5	0.41309 0.95003 0.12878 0.34354 0.82633 0.43485 
480	5	0.43480 0.96568 0.06065 0.43903 0.87737 0.32372 
481	5	0.43016 0.97137 0.09349 0.34314 0.83996 0.45730 
482	5	0.35991 0.96213 0.11050 0.27430 0.81209 0.49602 
483	5	0.52406 0.95337 0.06593 0.45796 0.90603 0.28570 
484	5	0.28047 0.93848 0.13453 0.27709 0.83543 0.44480 
485	5	0.65361 0.95593 0.03040 0.55636 0.92360 0.23701 
486	5	0.51652 0.94611 0.12211 0.42123 0.85406 0.35714 
487	5	0.32760 0.96521 0.06465 0.31531 0.85800 0.41833 
488	5	0.32222 0.96252 0.12710 0.25608 0.83378 0.49459 
489	5	0.41191 0.96114 0.06782 0.37422 0.88323 0.37725 
490	5	0.59689 0.95559 0.04968 0.52885 0.90726 0.25012 
491	5	0.35787 0.95807 0.12208 0.30199 0.81324 0.45865 
492	5	0.48633 0.94484 0.15492 0.31531 0.81195 0.49062 
493	5	0.29037 0.95344 0.15088 0.26367 0.81914 0.50725 
494	5	0.26673 0.94854 0.15840 0.21155 0.78664 0.54713 
495	5	0.31063 0.92415 0.11392 0.25554 0.87806 0.45622 
496	5	0.40170 0.94114 0.12490 0.32027 0.84283 0.43454 
497	5	0.18549 0.93764 0.31294 0.08118 0.67406 0.76766 
498	5	0.18099 0.91846 0.37371 0.08620 0.65905 0.76205 
499	5	0.36088 0.95833 0.17476 0.19537 0.77197 0.60812 
500	6	0.01215 0.77449 0.41751 0.00333 0.18906 0.89865 
501	6	0.09787 0.83932 0.18416 0.06327 0.53699 0.69645 
502	6	0.07834 0.85443 0.20064 0.05250 0.51009 0.73075 
503	6	0.09236 0.87198 0.20542 0.04921 0.51407 0.75200 
504	6	0.03430 0.85599 0.29380 0.01526 0.32518 0.84710 
505	6	0.05595 0.77862 0.30587 0.02131 0.30454 0.81880 
506	6	0.14582 0.83272 0.23332 0.05320 0.41927 0.75163 
507	6	0.22236 0.75302 0.18280 0.10690 0.54730 0.62700 
508	6	0.10150 0.76499 0.19154 0.06901 0.53955 0.66633 
509	6	0.17035 0.57350 0.17047 0.11965 0.55420 0.55133 
510	6	0.11629 0.64457 0.31776 0.06160 0.33475 0.70885 
511	6	0.10773 0.74510 0.29385 0.05258 0.36570 0.73136 
512	6	0.06858 0.74361 0.33105 0.03457 0.29822 0.79365 
513	6	0.06704 0.74639 0.24323 0.05241 0.44054 0.71919 
514	6	0.11488 0.71415 0.32480 0.04658 0.31147 0.75175 
515	6	0.25644 0.61685 0.18518 0.13362 0.51410 0.56521 
516	6	0.16740 0.60950 0.35018 0.06721 0.28562 0.71753 
517	6	0.14195 0.74575 0.28848 0.04875 0.36062 0.75595 
518	6	0.17871 0.74338 0.25097 0.08812 0.43850 0.68038 
519	6	0.04773 0.62179 0.34679 0.05282 0.31514 0.72584 
520	6	0.23618 0.71452 0.20123 0.10986 0.52732 0.62634 
521	6	0.16102 0.71060 0.19832 0.08919 0.49509 0.63383 
522	6	0.19528 0.69998 0.21133 0.09826 0.52052 0.63760 
523	6	0.05664 0.69314 0.18076 0.06396 0.51744 0.65255 
524	6	0.13402 0.76120 0.22760 0.06437 0.47293 0.70269 
525	6	0.12237 0.63581 0.24802 0.09023 0.42939 0.63793 
526	6	0.15240 0.57446 0.20760 0.09863 0.46149 0.59260 
527	6	0.13223 0.64514 0.24267 0.07219 0.41376 0.66169 
528	6	0.10869 0.88247 0.26522 0.04286 0.38873 0.80426 
529	6	0.06645 0.78931 0.25200 0.03925 0.41340 0.74703 
530	6	0.05486 0.73721 0.27536 0.03265 0.38946 0.77670 
531	6	0.21781 0.77650 0.19843 0.09841 0.53266 0.64767 
532	6	0.08878 0.75282 0.31919 0.03672 0.33734 0.79283 
533	6	0.06983 0.77131 0.32261 0.03326 0.36027 0.80057 
534	6	0.13794 0.76891 0.28709 0.05229 0.39255 0.75605 
535	6	0.04836 0.80641 0.37812 0.01312 0.28372 0.87543 
536	6	0.07665 0.74519 0.30327 0.04657 0.38562 0.75604 
537	6	0.18586 0.79932 0.31920 0.06038 0.35096 0.77182 
538	6	0.11572 0.81292 0.30588 0.03165 0.36378 0.82174 
539	6	0.09124 0.84979 0.27994 0.03070 0.36505 0.81120 
540	6	0.05011 0.75001 0.26456 0.03757 0.37761 0.74493 
541	6	0.14983 0.74047 0.18497 0.09940 0.53377 0.60104 
542	6	0.08842 0.82116 0.28569 0.03511 0.38285 0.79096 
543	6	0.05958 0.66072 0.35188 0.03122 0.32948 0.79111 
544	6	0.13903 0.57985 0.30841 0.07245 0.33211 0.67473 
545	6	0.09630 0.71042 0.26324 0.05304 0.43074 0.71641 
546	6	0.15731 0.77469 0.26208 0.05893 0.43180 0.73482 
547	6	0.14813 0.83782 0.34529 0.03342 0.31196 0.85645 
548	6	0.13773 0.68127 0.24182 0.07894 0.43627 0.66630 
549	6	0.12121 0.69997 0.21922 0.08226 0.47255 0.64215 
550	6	0.07950 0.66610 0.22064 0.07094 0.47101 0.65867 
551	6	0.20090 0.76012 0.23546 0.08153 0.47197 0.69406 
552	6	0.09523 0.73575 0.23095 0.05910 0.48948 0.69606 
553	6	0.06297 0.79117 0.30997 0.02255 0.35903 0.81916 
554	6	0.11561 0.72461 0.26486 0.05998 0.41216 0.70691 
555	6	0.08453 0.76507 0.32090 0.04222 0.33848 0.77026 
556	6	0.11198 0.79153 0.35925 0.02613 0.28129 0.84658 
557	6	0.15308 0.74092 0.23448 0.07475 0.42677 0.66986 
558	6	0.20417 0.62332 0.17560 0.12306 0.53327 0.55071 
559	6	0.13321 0.70154 0.18321 0.08546 0.51995 0.61892 
560	6	0.17286 0.61207 0.18564 0.12264 0.50945 0.54291 
561	6	0.10308 0.82542 0.36612 0.02508 0.25688 0.86410 
562	6	0.15827 0.75719 0.23382 0.06296 0.44682 0.70567 
563	6	0.20367 0.76056 0.24750 0.07660 0.43446 0.70803 
564	6	0.11851 0.66131 0.21245 0.08671 0.47737 0.62164 
565	6	0.12586 0.68842 0.20131 0.07687 0.50237 0.64181 
566	6	0.00000 0.76275 0.39445 0.00313 0.22119 0.89457 
567	6	0.26546 0.68139 0.24180 0.12140 0.45683 0.62186 
568	6	0.11384 0.72387 0.30131 0.05323 0.33971 0.73982 
569	6	0.16542 0.70270 0.20372 0.08444 0.47270 0.63595 
570	6	0.06380 0.82460 0.30200 0.03325 0.32682 0.78176 
571	6	0.17400 0.73429 0.26391 0.06571 0.39470 0.71680 
572	6	0.16100 0.74917 0.28920 0.05286 0.36259 0.75445 
573	6	0.10188 0.74110 0.29278 0.04667 0.34853 0.75221 
574	6	0.13955 0.73480 0.35999 0.04258 0.29447 0.79323 
575	6	0.14238 0.75555 0.33052 0.05133 0.33325 0.77204 
576	6	0.14540 0.76568 0.29365 0.04855 0.36733 0.76485 
577	6	0.17407 0.71496 0.23280 0.07945 0.45272 0.67268 
578	6	0.12466 0.73858 0.25416 0.05936 0.41130 0.71389 
579	6	0.16184 0.77189 0.26584 0.05935 0.39839 0.74320 
580	6	0.04146 0.76104 0.33090 0.02140 0.28244 0.81639 
581	6	0.19285 0.66174 0.17467 0.11404 0.56159 0.57402 
582	6	0.06350 0.73215 0.26602 0.04685 0.39331 0.72103 
583	6	0.16855 0.75638 0.17588 0.10324 0.52618 0.59367 
584	6	0.08220 0.69203 0.25914 0.05969 0.39453 0.69178 
585	6	0.18262 0.71075 0.20397 0.10435 0.48286 0.60993 
586	6	0.13314 0.67176 0.28269 0.06078 0.34734 0.70556 
587	6	0.12264 0.66361 0.16944 0.11952 0.53700 0.54560 
588	6	0.11361 0.72141 0.25009 0.06420 0.40917 0.69283 
589	6	0.14666 0.77071 0.29427 0.05287 0.37458 0.75615 
590	6	0.18422 0.80963 0.22930 0.07176 0.46109 0.70719 
591	6	0.22924 0.72259 0.18515 0.10963 0.53626 0.60935 
592	6	0.09826 0.75811 0.29826 0.04310 0.35601 0.76662 
593	6	0.05322 0.74080 0.30656 0.03528 0.32828 0.77409 
594	6	0.17313 0.74158 0.17862 0.10852 0.53033 0.58506 
595	6	0.19166 0.62270 0.21475 0.09858 0.46836 0.60756 
596	6	0.03480 0.77513 0.36436 0.01511 0.29369 0.85031 
597	6	0.08068 0.78626 0.24249 0.03901 0.43179 0.74785 
598	6	0.06420 0.70206 0.22761 0.05362 0.47097 0.69191 
599	6	0.10786 0.76209 0.24413 0.05273 0.42134 0.72187 
600	7	0.32531 0.70089 0.17190 0.21899 0.89023 0.46396 
601	7	0.17108 0.97537 0.02839 0.12425 0.90623 0.60887 
602	7	0.38465 0.96349 0.02435 0.23978 0.94081 0.49441 
603	7	0.30420 0.96659 0.05225 0.14142 0.87768 0.63179 
604	7	0.12620 0.97453 0.03964 0.09484 0.88689 0.64870 
605	7	0.08464 0.97112 0.04574 0.07793 0.88511 0.66914 
606	7	0.14492 0.96867 0.04700 0.10391 0.88836 0.63461 
607	7	0.28720 0.96173 0.16669 0.18825 0.76821 0.58313 
608	7	0.35022 0.98062 0.12431 0.18025 0.75399 0.60350 
609	7	0.31443 0.98620 0.09317 0.18459 0.80043 0.58744 
610	7	0.37642 0.98031 0.10389 0.20272 0.79793 0.58607 
611	7	0.20054 0.96913 0.14090 0.11938 0.73757 0.65863 
612	7	0.40507 0.98966 0.07362 0.22048 0.83337 0.57402 
613	7	0.36851 0.96199 0.19149 0.19560 0.75531 0.60603 
614	7	0.25955 0.95294 0.19788 0.17199 0.76043 0.60781 
615	7	0.27200 0.97442 0.10505 0.15428 0.78566 0.61321 
616	7	0.22146 1.00000 0.02161 0.16146 0.93100 0.54359 
617	7	0.24628 0.98124 0.11140 0.17005 0.80038 0.58813 
618	7	0.36803 0.97813 0.12352 0.20536 0.77841 0.59668 
619	7	0.17809 0.97011 0.13114 0.12555 0.76286 0.64220 
620	7	0.20840 0.97355 0.13768 0.10630 0.76407 0.67418 
621	7	0.21038 0.96748 0.15247 0.11130 0.73630 0.66348 
622	7	0.22206 0.97795 0.10150 0.14213 0.78593 0.61541 
623	7	0.26187 0.97168 0.13724 0.14008 0.76776 0.63799 
624	7	0.31757 0.97629 0.10200 0.17152 0.78465 0.59639 
625	7	0.07134 0.98070 0.02971 0.06237 0.90179 0.66803 
626	7	0.10771 0.95051 0.01351 0.11971 0.93548 0.52745 
627	7	0.10291 0.93110 0.05308 0.09035 0.86509 0.60760 
628	7	0.07089 0.92380 0.07242 0.07426 0.84803 0.63042 
629	7	0.05099 0.94205 0.10023 0.04321 0.80124 0.72473 
630	7	0.05861 0.92108 0.12516 0.05091 0.78250 0.72013 
631	7	0.12663 0.93632 0.08390 0.07189 0.83128 0.66813 
632	7	0.12497 0.93792 0.07703 0.07868 0.84274 0.65306 
633	7	0.10816 0.96362 0.01297 0.09931 0.93604 0.56432 
634	7	0.14120 0.87124 0.12778 0.09960 0.85243 0.60028 
635	7	0.11557 0.87985 0.08127 0.11939 0.87116 0.55477 
636	7	0.11508 0.90986 0.06302 0.10651 0.84838 0.57731 
637	7	0.09397 0.89374 0.07293 0.10743 0.85471 0.56842 
638	7	0.07526 0.93321 0.05240 0.09160 0.86589 0.58598 
639	7	0.11710 0.95894 0.01480 0.11409 0.93391 0.54164 
640	7	0.08299 0.96176 0.00912 0.10440 0.94662 0.54505 
641	7	0.07555 0.91234 0.06812 0.08622 0.84988 0.59694 
642	7	0.18637 0.75944 0.09795 0.18673 0.92579 0.44038 
643	7	0.12675 0.97705 0.06661 0.06080 0.83241 0.72095 
644	7	0.06861 0.97847 0.07827 0.04447 0.79259 0.75242 
645	7	0.06981 0.98678 0.06397 0.04825 0.81440 0.72935 
646	7	0.11482 0.97464 0.09854 0.04972 0.75984 0.75471 
647	7	0.09224 0.97336 0.08656 0.05329 0.78456 0.73250 
648	7	0.09879 0.99646 0.02213 0.05930 0.91660 0.68654 
649	7	0.16561 0.97351 0.10005 0.06386 0.76184 0.73586 
650	7	0.09394 0.97940 0.07464 0.05297 0.80904 0.72677 
651	7	0.14093 0.99478 0.03354 0.07158 0.89870 0.67948 
652	7	0.07703 0.98204 0.06938 0.04451 0.80402 0.73864 
653	7	0.07719 0.99566 0.02098 0.05331 0.92010 0.69573 
654	7	0.11561 0.97600 0.07305 0.05772 0.81068 0.72609 
655	7	0.15073 0.94713 0.08940 0.08721 0.84765 0.63937 
656	7	0.05945 0.99404 0.02265 0.04961 0.91493 0.70013 
657	7	0.10089 0.99600 0.02159 0.05072 0.92086 0.70247 
658	7	0.10949 0.97229 0.07614 0.06271 0.82196 0.71219 
659	7	0.11275 0.98173 0.05555 0.06623 0.84002 0.69364 
660	7	0.13305 0.97401 0.05857 0.06970 0.84484 0.68842 
661	7	0.11880 0.98203 0.05823 0.06001 0.83786 0.71804 
662	7	0.28267 0.85943 0.14140 0.18672 0.67530 0.55030 
663	7	0.15669 0.86953 0.14773 0.12139 0.70518 0.61086 
664	7	0.15792 0.83750 0.18297 0.11829 0.63657 0.62112 
665	7	0.26765 0.73392 0.19074 0.17432 0.65871 0.53436 
666	7	0.27238 0.86270 0.16962 0.14854 0.61397 0.60065 
667	7	0.33679 0.63899 0.35257 0.19537 0.65804 0.56544 
668	7	0.36910 0.83019 0.15143 0.18899 0.61594 0.57525 
669	7	0.21649 0.82413 0.16986 0.16537 0.66622 0.57514 
670	7	0.17223 0.76176 0.21306 0.12832 0.67672 0.60606 
671	7	0.17463 0.78456 0.21846 0.13682 0.67535 0.56390 
672	7	0.22277 0.84536 0.23528 0.09624 0.51307 0.68017 
673	7	0.34561 0.77320 0.17368 0.19909 0.59716 0.52556 
674	7	0.16381 0.84679 0.13014 0.12543 0.73272 0.58657 
675	7	0.08709 0.87296 0.15737 0.06917 0.60426 0.69040 
676	7	0.16769 0.88180 0.20143 0.06225 0.57150 0.74026 
677	7	0.10394 0.86294 0.15825 0.08617 0.62032 0.66656 
678	7	0.16266 0.84259 0.17940 0.09568 0.56447 0.66025 
679	7	0.20756 0.76629 0.23198 0.12175 0.59984 0.62288 
680	7	0.11156 0.84446 0.16243 0.09011 0.59661 0.66879 
681	7	0.25441 0.73489 0.34055 0.12335 0.49409 0.65426 
682	7	0.14887 0.84041 0.14000 0.10087 0.63794 0.63631 
683	7	0.14461 0.77307 0.19895 0.10270 0.61125 0.64070 
684	7	0.09708 0.87436 0.15404 0.07855 0.61781 0.67994 
685	7	0.20063 0.83850 0.19388 0.11083 0.61859 0.63788 
686	7	0.29672 0.72908 0.21156 0.15737 0.53051 0.58492 
687	7	0.15925 0.77303 0.21794 0.12659 0.52058 0.62037 
688	7	0.24976 0.76706 0.18696 0.15999 0.56223 0.56015 
689	7	0.30302 0.77861 0.23413 0.15829 0.51542 0.61056 
690	7	0.15881 0.79721 0.18378 0.11582 0.59157 0.61815 
691	7	0.19999 0.71549 0.21489 0.15895 0.51930 0.55127 
692	7	0.24092 0.73606 0.23991 0.13309 0.50531 0.62256 
693	7	0.32855 0.67185 0.18915 0.20490 0.57001 0.50220 
694	7	0.35422 0.70042 0.21100 0.20676 0.52422 0.52319 
695	7	0.14036 0.82134 0.27918 0.08042 0.60736 0.69449 
696	7	0.23596 0.72214 0.21876 0.15944 0.56462 0.55170 
697	7	0.22990 0.83214 0.16071 0.13854 0.64981 0.58863 
698	7	0.23741 0.63112 0.33795 0.14306 0.56940 0.60994 
699	7	0.24842 0.77362 0.21050 0.14345 0.55720 0.59962 
700	8	0.43986 0.58377 0.13221 0.46783 0.77822 0.23075 
701	8	0.35560 0.62583 0.19632 0.37300 0.76257 0.32898 
702	8	0.35044 0.61858 0.22097 0.35583 0.72679 0.33759 
703	8	0.41620 0.77935 0.21950 0.36822 0.71935 0.38039 
704	8	0.37908 0.71951 0.20220 0.31671 0.71714 0.38269 
705	8	0.42578 0.77309 0.18977 0.37033 0.68873 0.36431 
706	8	0.40378 0.77719 0.17605 0.34811 0.72576 0.35617 
707	8	0.31594 0.73898 0.20065 0.32275 0.69200 0.37089 
708	8	0.35193 0.55584 0.35428 0.35144 0.69282 0.36421 
709	8	0.32515 0.70186 0.17586 0.31486 0.71073 0.37121 
710	8	0.38832 0.79629 0.21784 0.33695 0.70812 0.41518 
711	8	0.44289 0.71101 0.30991 0.36714 0.69414 0.40724 
712	8	0.38164 0.70003 0.30127 0.34676 0.68833 0.39690 
713	8	0.48892 0.75675 0.31280 0.38228 0.68902 0.42477 
714	8	0.34201 0.67581 0.34544 0.30349 0.68489 0.44422 
715	8	0.38764 0.68986 0.46377 0.28036 0.66033 0.49039 
716	8	0.43349 0.75826 0.27912 0.33859 0.65057 0.42922 
717	8	0.46217 0.76921 0.26210 0.34434 0.67195 0.42350 
718	8	0.44905 0.66370 0.39845 0.32897 0.65515 0.44143 
719	8	0.29634 0.68326 0.31409 0.26608 0.64258 0.43646 
720	8	0.30287 0.58219 0.31250 0.26649 0.65602 0.43582 
721	8	0.49886 0.70845 0.25463 0.36181 0.65726 0.37708 
722	8	0.38623 0.64898 0.44857 0.28530 0.64391 0.47494 
723	8	0.34868 0.69403 0.31549 0.28405 0.64701 0.43346 
724	8	0.38468 0.50703 0.38843 0.33642 0.65458 0.38393 
725	8	0.63627 0.66659 0.21567 0.49892 0.77019 0.29616 
726	8	0.49649 0.68539 0.33672 0.36565 0.71678 0.39920 
727	8	0.35714 0.66409 0.25691 0.32034 0.69804 0.37951 
728	8	0.36428 0.81235 0.20560 0.28181 0.72385 0.42425 
729	8	0.34213 0.67478 0.28212 0.33710 0.70141 0.37730 
730	8	0.55004 0.69318 0.32323 0.44404 0.75089 0.35551 
731	8	0.77417 0.60541 0.24190 0.67389 0.77619 0.21607 
732	8	0.62556 0.72438 0.22690 0.54043 0.77635 0.28784 
733	8	0.46636 0.75109 0.22380 0.45501 0.79270 0.29314 
734	8	0.63007 0.72408 0.24746 0.50696 0.73180 0.31080 
735	8	0.38113 0.46271 0.47855 0.27929 0.60883 0.46219 
736	8	0.41075 0.57396 0.46093 0.30359 0.62900 0.46080 
737	8	0.33137 0.30872 0.27054 0.31139 0.66091 0.34927 
738	8	0.29643 0.57656 0.32328 0.27306 0.65786 0.43755 
739	8	0.44705 0.61092 0.35595 0.33096 0.64736 0.40337 
740	8	0.29572 0.75185 0.33130 0.29960 0.70324 0.43285 
741	8	0.38185 0.68659 0.24413 0.36442 0.74995 0.35163 
742	8	0.36636 0.58097 0.46599 0.27640 0.63149 0.47628 
743	8	0.29445 0.70909 0.35960 0.23625 0.64514 0.51220 
744	8	0.33678 0.55546 0.32099 0.30857 0.66075 0.42688 
745	8	0.33959 0.69553 0.31432 0.24372 0.61209 0.48784 
746	8	0.37793 0.60846 0.23976 0.30151 0.67375 0.41243 
747	8	0.23006 0.68960 0.16694 0.24513 0.67992 0.40937 
748	8	0.29545 0.60953 0.32844 0.24940 0.65996 0.46621 
749	8	0.34520 0.30230 0.30985 0.30190 0.67531 0.38055 
750	8	0.38273 0.47916 0.31064 0.28255 0.63420 0.41089 
751	8	0.29479 0.33000 0.36344 0.28821 0.64334 0.39680 
752	8	0.38619 0.55455 0.43976 0.27468 0.61186 0.47852 
753	8	0.45872 0.53360 0.37128 0.32749 0.65120 0.43052 
754	8	0.43708 0.63787 0.39713 0.32337 0.69083 0.44249 
755	8	0.27656 0.60951 0.41121 0.25142 0.63483 0.49054 
756	8	0.23822 0.68034 0.35398 0.22456 0.59925 0.51779 
757	8	0.44921 0.39848 0.48044 0.35239 0.67606 0.39784 
758	8	0.27262 0.66312 0.28442 0.23863 0.65246 0.46713 
759	8	0.38495 0.68853 0.26666 0.31643 0.69691 0.39266 
760	8	0.43245 0.67405 0.27726 0.36038 0.74867 0.36495 
761	8	0.24071 0.49937 0.34621 0.20473 0.64281 0.48830 
762	8	0.20382 0.66343 0.33054 0.16053 0.58715 0.55581 
763	8	0.20317 0.47597 0.37187 0.19137 0.55199 0.51982 
764	8	0.38051 0.92309 0.07333 0.26809 0.79179 0.42908 
765	8	0.35147 0.42477 0.30200 0.25063 0.61936 0.43781 
766	8	0.30001 0.58403 0.25601 0.25399 0.62110 0.43498 
767	8	0.30901 0.63557 0.54371 0.15655 0.45812 0.65662 
768	8	0.29199 0.73335 0.40535 0.17562 0.48120 0.60361 
769	8	0.27024 0.41832 0.25105 0.23581 0.60352 0.43870 
770	8	0.28837 0.30632 0.26693 0.19404 0.50035 0.47412 
771	8	0.19521 0.23945 0.27791 0.18118 0.52658 0.49291 
772	8	0.31572 0.01066 0.27972 0.25777 0.52638 0.39584 
773	8	0.15374 0.44622 0.30555 0.14130 0.55699 0.56004 
774	8	0.21959 0.64054 0.32813 0.13347 0.46307 0.61065 
775	8	0.26107 0.64679 0.36548 0.17024 0.46632 0.57812 
776	8	0.24122 0.51352 0.34203 0.17374 0.54772 0.53139 
777	8	0.33314 0.47999 0.24104 0.22609 0.59829 0.45298 
778	8	0.22762 0.45541 0.35673 0.16683 0.52555 0.54654 
779	8	0.18734 0.56582 0.41392 0.15146 0.47327 0.58339 
780	8	0.32398 0.39087 0.31723 0.20068 0.50667 0.48446 
781	8	0.31235 0.00248 0.32550 0.23780 0.54004 0.42881 
782	8	0.23025 0.14606 0.30514 0.17965 0.50809 0.48752 
783	8	0.23146 0.24977 0.37442 0.15241 0.45454 0.54458 
784	8	0.31529 0.27127 0.27056 0.23309 0.56676 0.42896 
785	8	0.18922 0.62127 0.35201 0.13895 0.45126 0.59484 
786	8	0.37598 0.64606 0.26964 0.22344 0.54782 0.50353 
787	8	0.22002 0.26254 0.37495 0.14651 0.42564 0.55598 
788	8	0.19872 0.26587 0.43228 0.12266 0.37159 0.60226 
789	8	0.29876 0.33010 0.42010 0.16740 0.39999 0.56071 
790	8	0.27761 0.48971 0.26626 0.22802 0.52017 0.47191 
791	8	0.14224 0.43825 0.49306 0.09175 0.37349 0.68908 
792	8	0.21261 0.27565 0.40974 0.13856 0.46912 0.57720 
793	8	0.22744 0.50154 0.32352 0.17011 0.54160 0.54115 
794	8	0.05849 0.86661 0.35980 0.02250 0.34717 0.86543 
795	8	0.03394 0.86916 0.36989 0.01180 0.32559 0.89114 
796	8	0.04568 0.84922 0.43785 0.00970 0.27504 0.90458 
797	8	0.02771 0.83561 0.55571 0.00000 0.21435 0.95956 
798	8	0.06432 0.86271 0.41130 0.02384 0.28613 0.86971 
799	8	0.08428 0.86111 0.45238 0.01672 0.24052 0.90383 
800	9	0.75167 0.86192 0.12489 0.73569 0.95057 0.14556 
801	9	0.69850 0.88537 0.16527 0.60550 0.86362 0.28624 
802	9	0.54454 0.92794 0.16533 0.56493 0.84041 0.33158 
803	9	0.39651 0.84310 0.13987 0.45697 0.87477 0.29163 
804	9	0.35892 0.81904 0.16263 0.26855 0.75336 0.45168 
805	9	0.29120 0.86557 0.21822 0.24379 0.74481 0.52482 
806	9	0.31239 0.77483 0.17086 0.34327 0.81084 0.37081 
807	9	0.72362 0.83291 0.12795 0.71953 0.90357 0.18250 
808	9	0.37418 0.84481 0.10662 0.41057 0.85926 0.30816 
809	9	0.45161 0.71947 0.03932 0.59309 0.93587 0.10226 
810	9	0.55569 0.79765 0.12951 0.57383 0.91552 0.17621 
811	9	0.49693 0.77135 0.10158 0.57858 0.91425 0.15185 
812	9	0.38862 0.85949 0.19224 0.39047 0.82907 0.34857 
813	9	0.32807 0.83918 0.24345 0.31498 0.73859 0.47472 
814	9	0.39732 0.86414 0.17109 0.41471 0.81729 0.36681 
815	9	0.43904 0.83231 0.27144 0.34222 0.74425 0.45711 
816	9	0.51704 0.84636 0.17746 0.41040 0.82390 0.37192 
817	9	0.52985 0.78868 0.06448 0.48631 0.87463 0.23002 
818	9	0.50814 0.87062 0.15376 0.49910 0.88308 0.25951 
819	9	0.61741 0.95411 0.04107 0.62453 0.95460 0.15574 
820	9	1.00000 0.80740 0.13141 1.00000 0.90439 0.12234 
821	9	0.60039 0.87108 0.16034 0.61996 0.86940 0.23958 
822	9	0.66165 0.81136 0.06339 0.85878 0.98606 0.00000 
823	9	0.62787 0.87023 0.15867 0.60678 0.86883 0.25178 
824	9	0.81452 0.90649 0.12507 0.74477 0.88229 0.22415 
825	9	0.64398 0.78849 0.13172 0.62362 0.89412 0.16250 
826	9	0.48870 0.81561 0.13605 0.49620 0.82993 0.29133 
827	9	0.52743 0.76283 0.13301 0.50776 0.85623 0.20776 
828	9	0.53272 0.71141 0.07162 0.60592 0.88927 0.15454 
829	9	0.40990 0.80920 0.10663 0.38619 0.82370 0.28274 
830	9	0.41227 0.75887 0.19733 0.34027 0.75699 0.40200 
831	9	0.38018 0.81136 0.10979 0.30629 0.79562 0.38076 
832	9	0.35115 0.83476 0.09738 0.31803 0.82425 0.37170 
833	9	0.42830 0.89503 0.08860 0.37300 0.87231 0.33091 
834	9	0.55855 0.88242 0.03303 0.57998 0.94146 0.17347 
835	9	0.42690 0.85340 0.18663 0.40904 0.81698 0.34609 
836	9	0.30247 0.92509 0.08047 0.30420 0.85744 0.40442 
837	9	0.49921 0.87569 0.11721 0.48820 0.85085 0.30757 
838	9	0.46378 0.89987 0.09494 0.41489 0.84299 0.33929 
839	9	0.41958 0.85940 0.06319 0.40801 0.88374 0.25946 
840	9	0.44085 0.83671 0.11382 0.43825 0.87874 0.23977 
841	9	0.66341 0.83897 0.10752 0.65707 0.89680 0.17673 
842	9	0.29210 0.89853 0.04639 0.34986 0.89919 0.27840 
843	9	0.49063 0.92022 0.07478 0.47914 0.93419 0.22059 
844	9	0.63465 0.81248 0.13722 0.66669 0.93277 0.14635 
845	9	0.57396 0.89626 0.04613 0.64808 0.98295 0.10071 
846	9	0.63124 0.91149 0.02690 0.73918 0.97902 0.08781 
847	9	0.31395 0.92251 0.08340 0.32860 0.87705 0.37632 
848	9	0.52011 0.89117 0.10830 0.55011 0.90865 0.25135 
849	9	0.22541 0.77396 0.17788 0.19684 0.66816 0.50195 
850	9	0.31075 0.75852 0.15501 0.26842 0.70828 0.42909 
851	9	0.22654 0.76563 0.13353 0.22496 0.71535 0.45673 
852	9	0.24892 0.78761 0.13881 0.19682 0.68855 0.47557 
853	9	0.34181 0.79326 0.15500 0.22236 0.70431 0.50231 
854	9	0.25005 0.82995 0.15938 0.20929 0.70349 0.50795 
855	9	0.29850 0.78482 0.21936 0.20917 0.64493 0.55914 
856	9	0.22381 0.85201 0.22143 0.15168 0.63452 0.61208 
857	9	0.26403 0.76213 0.19937 0.22308 0.67819 0.47674 
858	9	0.21856 0.72675 0.14728 0.22033 0.67489 0.43590 
859	9	0.24580 0.76456 0.19558 0.17402 0.63271 0.54420 
860	9	0.22412 0.77813 0.20057 0.16876 0.64308 0.56272 
861	9	0.27413 0.79571 0.19739 0.19747 0.65269 0.55265 
862	9	0.23751 0.82490 0.19652 0.17422 0.65060 0.55497 
863	9	0.27916 0.78285 0.18255 0.24969 0.68114 0.44783 
864	9	0.35815 0.87861 0.22518 0.28112 0.77807 0.47315 
865	9	0.33969 0.83332 0.15695 0.36991 0.82350 0.36681 
866	9	0.42787 0.85640 0.13165 0.43421 0.85329 0.30933 
867	9	0.44788 0.81725 0.08801 0.45314 0.90372 0.24710 
868	9	0.37076 0.80204 0.16945 0.27122 0.76503 0.44682 
869	9	0.23803 0.83929 0.20406 0.18699 0.67322 0.53857 
870	9	0.24966 0.79779 0.21426 0.18388 0.65858 0.51644 
871	9	0.39590 0.84440 0.15313 0.29156 0.74952 0.42465 
872	9	0.32699 0.88178 0.15197 0.23081 0.75145 0.49330 
873	9	0.29718 0.90188 0.16515 0.25988 0.78564 0.45638 
874	9	0.49751 0.84798 0.14103 0.36750 0.81947 0.38174 
875	9	0.23245 0.80829 0.14612 0.22616 0.70606 0.45479 
876	9	0.14131 0.79484 0.23365 0.13571 0.61497 0.57819 
877	9	0.21645 0.81687 0.20475 0.16056 0.63243 0.55969 
878	9	0.35298 0.78647 0.15184 0.25769 0.70811 0.45288 
879	9	0.18122 0.79522 0.17917 0.17964 0.67872 0.50871 
880	9	0.21014 0.79053 0.17803 0.20188 0.68891 0.47073 
881	9	0.20319 0.80120 0.18907 0.17390 0.67781 0.51711 
882	9	0.13557 0.85387 0.27730 0.09901 0.54176 0.69096 
883	9	0.33817 0.81673 0.22274 0.21037 0.65325 0.55096 
884	9	0.46825 0.88321 0.14764 0.41033 0.85245 0.32842 
885	9	0.47672 0.94960 0.03925 0.46453 0.95966 0.24000 
886	9	0.57479 0.88536 0.08659 0.53774 0.91880 0.21623 
887	9	0.37888 0.86685 0.14404 0.35809 0.83086 0.35326 
888	9	0.31663 0.86409 0.09532 0.38941 0.86387 0.29902 
889	9	0.33028 0.86816 0.11653 0.32256 0.88064 0.36363 
890	9	0.37948 0.87284 0.20470 0.33251 0.78677 0.41861 
891	9	0.41189 0.85403 0.15571 0.36691 0.84149 0.36068 
892	9	0.25540 0.84567 0.20001 0.31400 0.84664 0.34909 
893	9	0.34803 0.88242 0.17124 0.33058 0.82196 0.40073 
894	9	0.36210 0.86601 0.16422 0.34959 0.80664 0.40181 
895	9	0.24883 0.85479 0.19362 0.25539 0.74190 0.47115 
896	9	0.39574 0.85922 0.18753 0.34803 0.77110 0.43957 
897	9	0.49827 0.80644 0.13436 0.50571 0.86086 0.26728 
898	9	0.38268 0.81650 0.10677 0.42040 0.83270 0.30018 
899	9	0.22098 0.83358 0.22185 0.20905 0.71127 0.52527 
900	10	0.08546 0.83351 0.77583 0.02200 0.34272 0.93280 
901	10	0.08959 0.86902 0.64075 0.00673 0.31269 0.97561 
902	10	0.10608 0.85082 0.66688 0.01624 0.32507 0.95834 
903	10	0.08570 0.86347 0.58745 0.01573 0.36844 0.93067 
904	10	0.08668 0.87200 0.49353 0.02967 0.39186 0.89668 
905	10	0.08898 0.86366 0.61275 0.01093 0.37229 0.94728 
906	10	0.08257 0.85444 0.66894 0.00676 0.32997 0.96060 
907	10	0.08004 0.84582 0.69809 0.00233 0.30741 1.00000 
908	10	0.09475 0.81532 0.84012 0.00756 0.28683 0.98165 
909	10	0.09352 0.85010 0.68736 0.00695 0.30884 0.98072 
910	10	0.10513 0.86736 0.58140 0.01812 0.35781 0.93208 
911	10	0.09599 0.83258 0.81978 0.00522 0.30171 0.99561 
912	10	0.12384 0.85046 0.69444 0.01497 0.32105 0.96624 
913	10	0.12586 0.84342 0.65039 0.02131 0.36941 0.93957 
914	10	0.12626 0.88099 0.36050 0.04037 0.47054 0.84367 
915	10	0.13344 0.83906 0.61572 0.02632 0.38767 0.91681 
916	10	0.18136 0.86083 0.61990 0.04113 0.39070 0.91250 
917	10	0.17392 0.88466 0.51461 0.04163 0.34598 0.90209 
918	10	0.20506 0.86216 0.66965 0.05092 0.35038 0.90470 
919	10	0.23658 0.91707 0.42230 0.06588 0.42211 0.86722 
920	10	0.08396 0.86998 0.48097 0.01931 0.47098 0.89672 
921	10	0.14973 0.86957 0.55822 0.03925 0.49749 0.87315 
922	10	0.14562 0.89879 0.29570 0.08478 0.59871 0.74147 
923	10	0.17443 0.92790 0.33039 0.05712 0.56205 0.81554 
924	10	0.21387 0.90247 0.48286 0.07206 0.53595 0.81770 
925	10	0.18346 0.93841 0.25835 0.06332 0.59105 0.79554 
926	10	0.10922 0.86952 0.45326 0.04522 0.51932 0.81169 
927	10	0.11223 0.86279 0.46714 0.05953 0.53528 0.79647 
928	10	0.12024 0.91357 0.29828 0.06094 0.55839 0.78881 
929	10	0.15104 0.93929 0.27882 0.04924 0.57438 0.81475 
930	10	0.14745 0.93056 0.31470 0.05191 0.55273 0.81213 
931	10	0.16706 0.94723 0.28377 0.04459 0.54577 0.84729 
932	10	0.15350 0.90428 0.41968 0.05070 0.49443 0.85330 
933	10	0.13427 0.89719 0.42805 0.05465 0.49385 0.82462 
934	10	0.13022 0.92941 0.24443 0.05766 0.54140 0.78405 
935	10	0.11388 0.90197 0.36266 0.04976 0.52365 0.81235 
936	10	0.10492 0.92398 0.35409 0.04073 0.47650 0.83856 
937	10	0.09965 0.90603 0.23152 0.04759 0.55630 0.79709 
938	10	0.29502 0.86395 0.65519 0.11751 0.50662 0.79924 
939	10	0.32383 0.86575 0.61104 0.11584 0.48341 0.83253 
940	10	0.41787 0.88457 0.52242 0.19909 0.55622 0.71158 
941	10	0.43804 0.88911 0.57145 0.21448 0.55749 0.72732 
942	10	0.40893 0.87437 0.51521 0.19049 0.54148 0.72282 
943	10	0.32793 0.85821 0.71726 0.11773 0.46319 0.84365 
944	10	0.32584 0.88186 0.55894 0.13528 0.49957 0.78726 
945	10	0.30907 0.88416 0.48771 0.11431 0.50520 0.79743 
946	10	0.34314 0.88791 0.64047 0.13933 0.48299 0.79035 
947	10	0.21410 0.90344 0.44545 0.08079 0.50712 0.80583 
948	10	0.19472 0.84798 0.63588 0.07072 0.49017 0.82201 
949	10	0.43432 0.83716 0.38692 0.26290 0.78716 0.53994 
950	10	0.40497 0.87978 0.36123 0.23888 0.74556 0.58195 
951	10	0.25517 0.90913 0.27925 0.14244 0.65807 0.64987 
952	10	0.38470 0.88473 0.53890 0.17570 0.57609 0.73660 
953	10	0.34538 0.87926 0.42087 0.20307 0.61298 0.64181 
954	10	0.16919 0.82934 0.59552 0.06711 0.47632 0.83820 
955	10	0.25178 0.83796 0.78934 0.07569 0.42295 0.87947 
956	10	0.11150 0.81973 0.62316 0.03356 0.39356 0.87458 
957	10	0.20064 0.87906 0.54073 0.06475 0.46771 0.84789 
958	10	0.25748 0.85050 0.72542 0.09604 0.49744 0.82163 
959	10	0.25509 0.89432 0.48566 0.08484 0.47745 0.83181 
960	10	0.15432 0.85677 0.55256 0.03383 0.36022 0.91360 
961	10	0.16058 0.86739 0.49826 0.04255 0.45479 0.86363 
962	10	0.10290 0.73776 0.68270 0.04648 0.41562 0.85712 
963	10	0.16309 0.88389 0.39977 0.12473 0.57141 0.70691 
964	10	0.14907 0.85480 0.39478 0.11038 0.57274 0.71371 
965	10	0.10070 0.75945 0.77721 0.02644 0.38916 0.91599 
966	10	0.15805 0.84361 0.47755 0.06340 0.51269 0.81094 
967	10	0.10085 0.81439 0.56765 0.03788 0.40779 0.87913 
968	10	0.37117 0.88882 0.60402 0.15935 0.46253 0.77872 
969	10	0.27796 0.88851 0.39704 0.14274 0.59979 0.71953 
970	10	0.16988 0.83015 0.66897 0.05965 0.41207 0.87010 
971	10	0.21373 0.83342 0.73444 0.06494 0.43529 0.87268 
972	10	0.22170 0.83091 0.80265 0.06499 0.39326 0.89808 
973	10	0.20354 0.87735 0.58898 0.05784 0.42182 0.88587 
974	10	0.22173 0.86946 0.56447 0.06396 0.45040 0.87360 
975	10	0.12828 0.84727 0.82863 0.02472 0.39223 0.93750 
976	10	0.05768 0.86345 0.51591 0.01741 0.41037 0.92071 
977	10	0.16436 0.90578 0.47710 0.03558 0.40143 0.91415 
978	10	0.15793 0.91908 0.38657 0.04284 0.44746 0.87967 
979	10	0.10955 0.84723 0.57393 0.02253 0.40310 0.90734 
980	10	0.09780 0.84756 0.55152 0.02633 0.41630 0.90844 
981	10	0.21886 0.91755 0.39482 0.06493 0.48025 0.85112 
982	10	0.24735 0.90643 0.45426 0.08660 0.50001 0.81617 
983	10	0.12188 0.89274 0.35802 0.04887 0.53793 0.83165 
984	10	0.11069 0.91968 0.34358 0.02885 0.54629 0.87100 
985	10	0.21659 0.94155 0.29931 0.08170 0.59228 0.79440 
986	10	0.22271 0.92492 0.36853 0.08444 0.55649 0.79174 
987	10	0.20251 0.91999 0.37234 0.07113 0.58798 0.81215 
988	10	0.24757 0.93737 0.31287 0.09973 0.60158 0.76724 
989	10	0.06364 0.82878 0.50672 0.02169 0.44850 0.87795 
990	10	0.21063 0.93322 0.31531 0.07240 0.55501 0.81314 
991	10	0.26846 0.93398 0.31922 0.11800 0.57763 0.75572 
992	10	0.24130 0.92623 0.38163 0.09283 0.56373 0.76790 
993	10	0.23399 0.88789 0.55215 0.07679 0.50560 0.84555 
994	10	0.23477 0.92853 0.27417 0.10176 0.60524 0.75216 
995	10	0.24640 0.90101 0.53432 0.09675 0.50388 0.81307 
996	10	0.16986 0.90203 0.44649 0.04553 0.49623 0.86687 
997	10	0.23118 0.92519 0.26540 0.09756 0.60762 0.74361 
998	10	0.26173 0.91741 0.39453 0.09594 0.56754 0.78889 
999	10	0.25829 0.93607 0.23542 0.10156 0.60924 0.75271 
1000	11	0.52819 0.98912 0.00000 0.46430 1.00000 0.24803 
1001	11	0.45122 0.94332 0.14281 0.44221 0.89391 0.34951 
1002	11	0.48849 0.89773 0.05883 0.48575 0.92853 0.26619 
1003	11	0.92736 0.92752 0.04666 0.88325 0.95534 0.13311 
1004	11	0.59930 0.94405 0.04160 0.70251 0.96650 0.16228 
1005	11	0.83292 0.90490 0.05329 0.74601 0.95223 0.18125 
1006	11	0.45122 0.92350 0.07075 0.48274 0.93315 0.27621 
1007	11	0.82133 0.89300 0.03029 0.76474 0.96615 0.12929 
1008	11	0.91514 0.90814 0.06659 0.83561 0.93199 0.19082 
1009	11	0.75708 0.91400 0.05794 0.70860 0.93120 0.17616 
1010	11	0.55388 0.91879 0.07493 0.63268 0.92368 0.20442 
1011	11	0.53224 0.89211 0.08509 0.57506 0.91329 0.23894 
1012	11	0.62550 0.90466 0.05912 0.60696 0.93676 0.21641 
1013	11	0.69715 0.89654 0.06626 0.68270 0.93613 0.18238 
1014	11	0.84682 0.90300 0.05925 0.79897 0.94446 0.13514 
1015	11	0.85584 0.89493 0.06072 0.75892 0.93724 0.19514 
1016	11	0.64481 0.91697 0.10342 0.61228 0.90468 0.24164 
1017	11	0.52310 0.90886 0.10048 0.56178 0.90594 0.25707 
1018	11	0.69756 0.91651 0.08662 0.56616 0.91178 0.28292 
1019	11	0.50604 0.92833 0.03685 0.56045 0.95330 0.20703 
1020	11	0.86708 0.92195 0.07547 0.77562 0.92678 0.20434 
1021	11	0.30840 0.90024 0.07644 0.31605 0.92125 0.34989 
1022	11	0.59924 0.92012 0.08373 0.53052 0.93663 0.26058 
1023	11	0.44781 0.92403 0.09640 0.37876 0.93748 0.33100 
1024	11	0.37483 0.91391 0.08701 0.37405 0.92978 0.31564 
1025	11	0.40334 0.93730 0.10175 0.41655 0.89625 0.32973 
1026	11	0.57247 0.92756 0.11922 0.46966 0.89449 0.32452 
1027	11	0.45924 0.90021 0.04887 0.47674 0.95359 0.22117 
1028	11	0.42333 0.91062 0.06191 0.44496 0.93927 0.25853 
1029	11	0.30689 0.92037 0.12499 0.33278 0.89271 0.36938 
1030	11	0.46620 0.92362 0.05710 0.46125 0.93467 0.25941 
1031	11	0.42479 0.90599 0.05899 0.47384 0.94220 0.24000 
1032	11	0.58919 0.90106 0.04539 0.54000 0.95033 0.21473 
1033	11	0.36607 0.89622 0.06730 0.45292 0.93423 0.24107 
1034	11	0.34479 0.92528 0.09011 0.36118 0.92007 0.31673 
1035	11	0.33538 0.91005 0.07512 0.36835 0.92186 0.30981 
1036	11	0.27516 0.87394 0.04768 0.36100 0.94478 0.25895 
1037	11	0.33831 0.86280 0.04777 0.39410 0.94213 0.24582 
1038	11	0.42129 0.94479 0.17997 0.32513 0.85468 0.44530 
1039	11	0.39926 0.95346 0.12947 0.36505 0.87171 0.40177 
1040	11	0.39442 0.91970 0.07787 0.38565 0.89761 0.34118 
1041	11	0.41630 0.93209 0.12495 0.44738 0.87975 0.32450 
1042	11	0.48707 0.91284 0.08007 0.43323 0.92045 0.29202 
1043	11	0.58743 0.87139 0.09074 0.57776 0.87770 0.21562 
1044	11	0.62448 0.91672 0.11881 0.51433 0.84651 0.34223 
1045	11	0.67363 0.90700 0.05047 0.74784 0.93144 0.14847 
1046	11	0.52595 0.89487 0.07662 0.49174 0.91423 0.25430 
1047	11	0.50641 0.88763 0.05535 0.50298 0.93619 0.22267 
1048	11	0.32194 0.95014 0.16652 0.27822 0.87507 0.44868 
1049	11	0.24472 0.94490 0.10209 0.30225 0.92751 0.37408 
1050	11	0.47578 0.92622 0.04266 0.52060 0.95408 0.23286 
1051	11	0.42220 0.91053 0.06454 0.42207 0.93556 0.30120 
1052	11	0.54626 0.93061 0.09827 0.44526 0.89505 0.33600 
1053	11	0.78312 0.86942 0.09378 0.73563 0.89728 0.19132 
1054	11	0.78135 0.80377 0.03315 0.74781 0.95117 0.09420 
1055	11	0.64600 0.80986 0.03422 0.75009 0.95136 0.09210 
1056	11	0.70273 0.87954 0.07590 0.59038 0.91341 0.24764 
1057	11	0.67390 0.90874 0.04956 0.64277 0.95022 0.19717 
1058	11	0.72217 0.82142 0.02550 0.70253 0.95645 0.10368 
1059	11	0.49047 0.92824 0.07259 0.45360 0.92637 0.30584 
1060	11	0.48712 0.90538 0.05916 0.49455 0.92883 0.24483 
1061	11	0.53204 0.89112 0.06690 0.59785 0.90990 0.22933 
1062	11	0.61550 0.90314 0.07885 0.67514 0.91805 0.19605 
1063	11	0.56900 0.90760 0.05416 0.51262 0.92471 0.24692 
1064	11	0.76611 0.91690 0.07209 0.69830 0.92246 0.20607 
1065	11	0.37562 0.90602 0.07487 0.38374 0.90860 0.31811 
1066	11	0.46749 0.91380 0.06654 0.50538 0.93032 0.25507 
1067	11	0.68745 0.92128 0.13171 0.57114 0.86990 0.31728 
1068	11	0.65855 0.89671 0.07836 0.68215 0.93925 0.16995 
1069	11	0.61324 0.93679 0.08702 0.60772 0.91793 0.22927 
1070	11	0.57748 0.94134 0.07196 0.67194 0.93886 0.17685 
1071	11	0.90821 0.91760 0.07788 0.92657 0.94322 0.09020 
1072	11	0.44749 0.91435 0.06572 0.42910 0.92182 0.30201 
1073	11	0.43423 0.91196 0.08503 0.41028 0.92650 0.30563 
1074	11	0.40020 0.93957 0.06190 0.40541 0.92327 0.31793 
1075	11	0.49089 0.93366 0.07227 0.43021 0.92130 0.31354 
1076	11	0.40600 0.91062 0.05951 0.45306 0.92868 0.26577 
1077	11	0.36035 0.93847 0.08724 0.34450 0.89905 0.36441 
1078	11	0.43247 0.91144 0.06232 0.44082 0.94192 0.26392 
1079	11	0.25584 0.92090 0.10056 0.32688 0.92474 0.33917 
1080	11	0.31252 0.93415 0.10545 0.30762 0.91383 0.37289 
1081	11	0.28301 0.91696 0.20414 0.26402 0.86868 0.45990 
1082	11	0.28043 0.95440 0.12270 0.29119 0.88996 0.41205 
1083	11	0.34954 0.93213 0.14834 0.33598 0.86497 0.40896 
1084	11	0.37040 0.93781 0.10446 0.33302 0.89817 0.38039 
1085	11	0.26324 0.93630 0.11528 0.29483 0.88965 0.40278 
1086	11	0.29002 0.92161 0.14312 0.28417 0.86591 0.43443 
1087	11	0.52348 0.87932 0.04844 0.46426 0.95925 0.22374 
1088	11	0.28704 0.96333 0.10673 0.21600 0.89951 0.50135 
1089	11	0.26148 0.97344 0.05425 0.19650 0.93707 0.49887 
1090	11	0.22699 0.95673 0.14986 0.15612 0.85786 0.58167 
1091	11	0.30332 0.95937 0.12000 0.19335 0.87439 0.54664 
1092	11	0.26265 0.95766 0.05387 0.24979 0.94756 0.42285 
1093	11	0.27538 0.95577 0.06467 0.23288 0.93917 0.43615 
1094	11	0.30356 0.95036 0.09553 0.22975 0.92102 0.46583 
1095	11	0.27311 0.94949 0.13450 0.19267 0.88035 0.52847 
1096	11	0.43343 0.93192 0.02983 0.31032 0.96691 0.35313 
1097	11	0.40463 0.91645 0.03898 0.29670 0.96024 0.35370 
1098	11	0.40255 0.93715 0.05369 0.28863 0.95147 0.38455 
1099	11	0.30399 0.94658 0.06414 0.25025 0.92738 0.43402 
1100	12	0.43524 0.92131 0.01854 0.41916 0.96913 0.26992 
1101	12	0.33558 0.85084 0.08690 0.34049 0.92785 0.35901 
1102	12	0.37528 0.88706 0.14256 0.27524 0.84009 0.49013 
1103	12	0.38566 0.94244 0.08003 0.30759 0.88179 0.45269 
1104	12	0.35396 0.91051 0.05599 0.31021 0.92203 0.37493 
1105	12	0.37719 0.92307 0.04497 0.32432 0.91370 0.38985 
1106	12	0.47361 0.93227 0.03110 0.44900 0.95186 0.26500 
1107	12	0.32440 0.90408 0.10602 0.28424 0.88639 0.45279 
1108	12	0.48053 0.91882 0.05601 0.36727 0.91970 0.37308 
1109	12	0.43210 0.91932 0.03384 0.34734 0.93463 0.36700 
1110	12	0.36702 0.90292 0.06771 0.41143 0.93116 0.32993 
1111	12	0.36863 0.88579 0.07429 0.35419 0.92304 0.36136 
1112	12	0.38245 0.89921 0.04646 0.35092 0.92869 0.34737 
1113	12	0.36298 0.88565 0.04485 0.40056 0.94934 0.30210 
1114	12	0.53821 0.86336 0.03315 0.59180 0.99650 0.15570 
1115	12	0.55391 0.90016 0.03168 0.59427 0.98124 0.16640 
1116	12	0.44373 0.85642 0.10583 0.50567 0.92432 0.26584 
1117	12	0.45429 0.89797 0.10799 0.33693 0.87297 0.41994 
1118	12	0.61820 0.89269 0.00958 0.63737 0.98704 0.13048 
1119	12	0.29756 0.92137 0.04347 0.31062 0.94044 0.35369 
1120	12	0.46399 0.93316 0.06286 0.38941 0.91136 0.36864 
1121	12	0.35622 0.91360 0.07460 0.33646 0.89962 0.38967 
1122	12	0.57386 0.90342 0.08394 0.45268 0.89573 0.34227 
1123	12	0.39324 0.89944 0.07935 0.30577 0.92084 0.40898 
1124	12	0.20790 0.90819 0.12088 0.16070 0.81316 0.57461 
1125	12	0.56384 0.88471 0.03358 0.55065 0.94691 0.23497 
1126	12	0.50980 0.89831 0.03970 0.51404 0.95255 0.22790 
1127	12	0.48113 0.95247 0.03983 0.36804 0.91978 0.39225 
1128	12	0.49448 0.90041 0.01746 0.48840 0.98055 0.22542 
1129	12	0.38381 0.90795 0.08649 0.33289 0.87497 0.42422 
1130	12	0.40758 0.90038 0.06202 0.38748 0.91132 0.34860 
1131	12	0.33943 0.88683 0.03289 0.41977 0.96548 0.26530 
1132	12	0.47231 0.91139 0.02258 0.47922 0.98488 0.21650 
1133	12	0.12999 0.98194 0.01739 0.14173 0.92902 0.54399 
1134	12	0.15480 0.97581 0.01902 0.12797 0.92337 0.56846 
1135	12	0.21395 0.89001 0.08321 0.16710 0.85760 0.52004 
1136	12	0.26637 0.92304 0.09276 0.17082 0.82269 0.57083 
1137	12	0.22451 0.90066 0.09378 0.17359 0.84185 0.53369 
1138	12	0.23483 0.98921 0.01085 0.15149 0.94452 0.55186 
1139	12	0.14076 0.93529 0.09938 0.12689 0.83828 0.60418 
1140	12	0.16707 0.94003 0.08702 0.12973 0.81891 0.61115 
1141	12	0.18902 0.92874 0.09513 0.15974 0.84835 0.56703 
1142	12	0.40884 0.89121 0.05742 0.29193 0.89851 0.41666 
1143	12	0.21557 0.93980 0.09239 0.14423 0.84555 0.58906 
1144	12	0.27262 0.92243 0.09967 0.18462 0.83477 0.54114 
1145	12	0.17520 0.90777 0.18665 0.10986 0.74189 0.66895 
1146	12	0.27325 0.91414 0.15428 0.15664 0.77982 0.62398 
1147	12	0.37476 0.91185 0.11927 0.23006 0.83932 0.52178 
1148	12	0.43429 0.93260 0.11591 0.28446 0.89468 0.47739 
1149	12	0.60621 0.93062 0.02732 0.46920 0.94443 0.30179 
1150	12	0.48877 0.91330 0.09755 0.48008 0.88785 0.34000 
1151	12	0.54455 0.93722 0.07144 0.39604 0.88854 0.38656 
1152	12	0.53908 0.89280 0.14895 0.35962 0.87117 0.43904 
1153	12	0.50121 0.91542 0.14395 0.36456 0.85979 0.43541 
1154	12	0.28746 0.91738 0.08589 0.18545 0.86628 0.52864 
1155	12	0.22890 0.93263 0.13280 0.10725 0.78016 0.67583 
1156	12	0.24911 0.95848 0.07908 0.14804 0.86719 0.61125 
1157	12	0.38547 0.94993 0.01685 0.31461 0.94874 0.38899 
1158	12	0.31824 0.93076 0.10683 0.18045 0.83157 0.58210 
1159	12	0.25830 0.98250 0.03621 0.15413 0.88780 0.60505 
1160	12	0.27020 0.93519 0.08563 0.16406 0.81988 0.58666 
1161	12	0.23848 0.97858 0.02090 0.16403 0.92685 0.55070 
1162	12	0.20264 0.97739 0.04355 0.12410 0.87236 0.63231 
1163	12	0.49435 0.93337 0.02602 0.41336 0.95338 0.32628 
1164	12	0.44665 0.95418 0.01404 0.36355 0.95400 0.35007 
1165	12	0.57252 0.93237 0.04510 0.43647 0.91405 0.34601 
1166	12	0.45476 0.93542 0.06110 0.31455 0.87897 0.45448 
1167	12	0.50067 0.93428 0.07818 0.33483 0.87980 0.45934 
1168	12	0.43452 0.94271 0.00184 0.34662 0.99176 0.31965 
1169	12	0.36315 0.93794 0.03176 0.31517 0.94286 0.38612 
1170	12	0.20403 0.94204 0.03958 0.19905 0.93682 0.46363 
1171	12	0.25346 0.91140 0.14179 0.22042 0.87478 0.51898 
1172	12	0.31494 0.94841 0.02539 0.29905 0.96768 0.35865 
1173	12	0.47407 0.89681 0.04209 0.39709 0.97382 0.30654 
1174	12	0.51539 0.90519 0.07377 0.44990 0.92689 0.32413 
1175	12	0.44327 0.93129 0.04934 0.29888 0.89906 0.42609 
1176	12	0.35686 0.90151 0.06775 0.29213 0.89412 0.40887 
1177	12	0.20739 0.95902 0.06880 0.18015 0.85859 0.53767 
1178	12	0.30757 0.91767 0.07390 0.24485 0.86979 0.45565 
1179	12	0.25978 0.84545 0.07769 0.27688 0.87276 0.39355 
1180	12	0.21382 0.82529 0.16282 0.17603 0.76662 0.54763 
1181	12	0.39184 0.84871 0.06235 0.30761 0.87865 0.38757 
1182	12	0.40688 0.82086 0.08142 0.29996 0.87885 0.37996 
1183	12	0.14258 0.92403 0.11753 0.10798 0.79679 0.64434 
1184	12	0.29692 0.83751 0.07296 0.24475 0.87305 0.41808 
1185	12	0.30060 0.90480 0.09451 0.18490 0.83776 0.52803 
1186	12	0.43709 0.87497 0.06951 0.33366 0.90121 0.36150 
1187	12	0.28379 0.92728 0.09269 0.15399 0.81302 0.57979 
1188	12	0.22860 0.89547 0.10522 0.15396 0.81969 0.57085 
1189	12	0.14203 0.95476 0.08475 0.11156 0.81892 0.63110 
1190	12	0.13755 0.85356 0.21202 0.09858 0.72840 0.67021 
1191	12	0.29991 0.87380 0.04934 0.27276 0.89947 0.39253 
1192	12	0.26829 0.87701 0.06369 0.21378 0.87236 0.44910 
1193	12	0.24893 0.86151 0.14896 0.17326 0.79655 0.54733 
1194	12	0.13573 0.95718 0.06650 0.12908 0.84899 0.59645 
1195	12	0.37910 0.91072 0.01946 0.29282 0.94035 0.36207 
1196	12	0.19035 0.94336 0.04721 0.17014 0.89988 0.52066 
1197	12	0.65222 0.81024 0.07257 0.56929 0.87244 0.27173 
1198	12	0.38670 0.93601 0.03936 0.30968 0.89735 0.39725 
1199	12	0.38212 0.83057 0.17212 0.27730 0.78359 0.48805 
1200	13	0.24073 0.88877 0.44369 0.08777 0.55958 0.80635 
1201	13	0.21152 0.91353 0.29736 0.08763 0.63202 0.75872 
1202	13	0.20120 0.89097 0.37042 0.09239 0.61237 0.74870 
1203	13	0.19813 0.89330 0.42900 0.07760 0.57583 0.79468 
1204	13	0.21249 0.88380 0.50143 0.07440 0.53540 0.82477 
1205	13	0.18035 0.86326 0.38464 0.13925 0.65258 0.65971 
1206	13	0.17013 0.84981 0.39578 0.11041 0.64009 0.70407 
1207	13	0.18012 0.86707 0.57792 0.06780 0.54675 0.83600 
1208	13	0.17332 0.86235 0.53059 0.07685 0.57128 0.80594 
1209	13	0.18599 0.89710 0.42914 0.09385 0.56506 0.78462 
1210	13	0.17750 0.87080 0.44261 0.10457 0.59380 0.74056 
1211	13	0.17114 0.86490 0.39355 0.11631 0.63533 0.71128 
1212	13	0.18281 0.92252 0.26380 0.08520 0.63812 0.75366 
1213	13	0.17563 0.88212 0.32588 0.11857 0.62858 0.71132 
1214	13	0.16798 0.85578 0.23945 0.16460 0.72014 0.54075 
1215	13	0.17021 0.88962 0.41958 0.10110 0.59939 0.76085 
1216	13	0.19025 0.90816 0.32710 0.12151 0.64006 0.70703 
1217	13	0.18557 0.88561 0.18816 0.12644 0.67779 0.61342 
1218	13	0.18528 0.86473 0.52386 0.11084 0.58884 0.76431 
1219	13	0.21880 0.90544 0.38639 0.09588 0.63450 0.75994 
1220	13	0.25188 0.89129 0.34133 0.12838 0.68315 0.69518 
1221	13	0.24526 0.88475 0.31065 0.15992 0.70687 0.62417 
1222	13	0.25736 0.90365 0.27386 0.13155 0.68803 0.68062 
1223	13	0.22436 0.86264 0.35606 0.15754 0.69949 0.63165 
1224	13	0.25901 0.87192 0.33701 0.14721 0.69142 0.64978 
1225	13	0.25589 0.88755 0.27282 0.12722 0.67826 0.66956 
1226	13	0.25725 0.90261 0.35074 0.11852 0.67635 0.71444 
1227	13	0.30037 0.87705 0.29940 0.16456 0.74261 0.62478 
1228	13	0.25406 0.93718 0.21612 0.12556 0.70586 0.69073 
1229	13	0.24653 0.88868 0.31935 0.12918 0.68621 0.67953 
1230	13	0.24199 0.91046 0.28117 0.12861 0.68863 0.67167 
1231	13	0.23591 0.87837 0.37428 0.12162 0.68250 0.69455 
1232	13	0.23846 0.89472 0.25919 0.12994 0.71355 0.65023 
1233	13	0.22592 0.92233 0.26400 0.11064 0.68389 0.70056 
1234	13	0.20921 0.86852 0.39776 0.09835 0.62366 0.73987 
1235	13	0.20814 0.86998 0.49948 0.09675 0.60414 0.74842 
1236	13	0.21235 0.82620 0.34558 0.12382 0.67753 0.63638 
1237	13	0.21055 0.86281 0.35679 0.11675 0.67482 0.68255 
1238	13	0.19099 0.82863 0.21974 0.08333 0.57740 0.68241 
1239	13	0.20280 0.87963 0.41986 0.09771 0.61472 0.74367 
1240	13	0.20385 0.85830 0.39164 0.11380 0.65578 0.68909 
1241	13	0.20220 0.84426 0.54850 0.09852 0.61141 0.75158 
1242	13	0.20490 0.89295 0.29385 0.10304 0.63831 0.71540 
1243	13	0.19955 0.84990 0.47518 0.10258 0.62078 0.71623 
1244	13	0.19718 0.86569 0.48310 0.08471 0.57041 0.78267 
1245	13	0.20084 0.89377 0.30178 0.09672 0.65211 0.72436 
1246	13	0.19717 0.86740 0.43772 0.09056 0.60854 0.75556 
1247	13	0.21677 0.88371 0.38355 0.09808 0.61790 0.73778 
1248	13	0.19558 0.87843 0.33417 0.09199 0.64536 0.73182 
1249	13	0.19669 0.87128 0.30286 0.10646 0.66811 0.67709 
1250	13	0.19280 0.86070 0.34387 0.09942 0.65586 0.70087 
1251	13	0.19564 0.85031 0.38703 0.11062 0.65143 0.70447 
1252	13	0.17072 0.86404 0.40486 0.11360 0.64628 0.71170 
1253	13	0.19331 0.85679 0.21202 0.12324 0.68649 0.61080 
1254	13	0.19251 0.83139 0.57482 0.08072 0.57639 0.78541 
1255	13	0.19987 0.86838 0.40874 0.09350 0.61320 0.73763 
1256	13	0.15966 0.85266 0.42700 0.10184 0.63726 0.71741 
1257	13	0.19006 0.84097 0.27428 0.12184 0.65909 0.61588 
1258	13	0.19397 0.86341 0.38163 0.10670 0.64814 0.70871 
1259	13	0.19421 0.88818 0.18439 0.11052 0.66845 0.63178 
1260	13	0.19375 0.85429 0.40585 0.10632 0.65504 0.70396 
1261	13	0.19779 0.84144 0.19950 0.13544 0.69825 0.58297 
1262	13	0.21682 0.87099 0.35266 0.11328 0.66938 0.68798 
1263	13	0.20897 0.87581 0.29513 0.11469 0.68436 0.68015 
1264	13	0.19842 0.81273 0.43909 0.13143 0.65264 0.64335 
1265	13	0.20147 0.85328 0.45554 0.10195 0.64292 0.73062 
1266	13	0.19665 0.85622 0.20553 0.14557 0.70695 0.57091 
1267	13	0.20205 0.85049 0.34071 0.11542 0.64117 0.67919 
1268	13	0.19642 0.83419 0.42479 0.11432 0.65554 0.68931 
1269	13	0.19065 0.87966 0.26032 0.13007 0.66877 0.65367 
1270	13	0.20051 0.90140 0.34712 0.09095 0.64212 0.74851 
1271	13	0.18522 0.86541 0.39453 0.08911 0.62604 0.74471 
1272	13	0.16962 0.86826 0.39540 0.08508 0.61925 0.74766 
1273	13	0.16384 0.85588 0.47623 0.07755 0.59659 0.77137 
1274	13	0.17296 0.84662 0.48154 0.08014 0.58382 0.76932 
1275	13	0.17526 0.85479 0.39234 0.08735 0.61851 0.73545 
1276	13	0.17067 0.86993 0.37061 0.07613 0.59709 0.76621 
1277	13	0.14514 0.82437 0.46839 0.09685 0.60188 0.72219 
1278	13	0.16194 0.83543 0.52302 0.08043 0.57883 0.76828 
1279	13	0.16322 0.83635 0.48122 0.08006 0.57163 0.75941 
1280	13	0.16306 0.84595 0.42879 0.07289 0.58140 0.77423 
1281	13	0.15526 0.86355 0.53040 0.05874 0.52917 0.82455 
1282	13	0.16472 0.85877 0.40657 0.09206 0.64982 0.72898 
1283	13	0.13415 0.86181 0.49117 0.05229 0.51525 0.82944 
1284	13	0.13364 0.86169 0.47633 0.07208 0.54954 0.78996 
1285	13	0.13598 0.88632 0.36977 0.07595 0.57755 0.75791 
1286	13	0.13403 0.88188 0.33361 0.06835 0.55367 0.76384 
1287	13	0.13396 0.87580 0.33803 0.08749 0.60488 0.73640 
1288	13	0.14067 0.85501 0.48331 0.07164 0.56522 0.78575 
1289	13	0.13266 0.87828 0.36089 0.08171 0.59371 0.74857 
1290	13	0.12087 0.85350 0.40208 0.07642 0.59885 0.76656 
1291	13	0.18979 0.84317 0.37212 0.10397 0.60487 0.71063 
1292	13	0.14373 0.84824 0.40457 0.10075 0.60381 0.71547 
1293	13	0.14838 0.83203 0.39674 0.10379 0.62363 0.71020 
1294	13	0.11432 0.86194 0.40640 0.09156 0.60733 0.73265 
1295	13	0.10412 0.84723 0.44999 0.07263 0.58935 0.77930 
1296	13	0.10162 0.89069 0.30572 0.06837 0.62714 0.75372 
1297	13	0.13086 0.87220 0.32531 0.08806 0.65658 0.71615 
1298	13	0.11058 0.84571 0.48473 0.07176 0.61011 0.76425 
1299	13	0.13128 0.85288 0.34450 0.10370 0.64827 0.69707 
1300	14	0.14304 0.83111 0.68577 0.09986 0.63651 0.70326 
1301	14	0.16415 0.81257 0.40028 0.12863 0.72936 0.61851 
1302	14	0.16907 0.82001 0.55630 0.13473 0.73149 0.64256 
1303	14	0.10038 0.85564 0.57091 0.09276 0.67802 0.70991 
1304	14	0.15020 0.87386 0.46521 0.09502 0.65836 0.70151 
1305	14	0.21517 0.77418 0.52969 0.14340 0.70099 0.61255 
1306	14	0.20209 0.79931 0.48018 0.15974 0.75089 0.58168 
1307	14	0.24663 0.78311 0.60545 0.14678 0.68396 0.63666 
1308	14	0.11458 0.97562 0.11192 0.08967 0.88395 0.66402 
1309	14	0.13405 0.84008 0.32483 0.12791 0.77637 0.60580 
1310	14	0.13295 0.96960 0.14224 0.06781 0.85185 0.70670 
1311	14	0.14997 0.78111 0.47314 0.11329 0.75156 0.63738 
1312	14	0.13425 0.84109 0.48010 0.09585 0.72340 0.70051 
1313	14	0.11050 0.82789 0.51297 0.10175 0.70670 0.67645 
1314	14	0.13434 0.78911 0.48392 0.11755 0.75092 0.63024 
1315	14	0.10541 0.80492 0.53355 0.07836 0.68539 0.73342 
1316	14	0.24122 0.79595 0.43118 0.17422 0.75841 0.57492 
1317	14	0.12578 0.84369 0.51183 0.07528 0.67893 0.73175 
1318	14	0.18087 0.81288 0.39326 0.16067 0.79103 0.56638 
1319	14	0.11677 0.95324 0.09059 0.11019 0.87168 0.60249 
1320	14	0.07093 0.97551 0.07483 0.09505 0.89954 0.61679 
1321	14	0.09062 0.65035 0.85040 0.07524 0.58953 0.76684 
1322	14	0.11472 0.66484 0.39024 0.11361 0.76672 0.61017 
1323	14	0.16622 0.66805 0.73192 0.10082 0.59162 0.70477 
1324	14	0.11070 0.95645 0.08016 0.10160 0.89631 0.60434 
1325	14	0.14785 0.78683 0.52594 0.11575 0.69193 0.66009 
1326	14	0.14838 0.78094 0.62131 0.08793 0.60369 0.70941 
1327	14	0.10876 0.71394 0.81653 0.07312 0.59208 0.75117 
1328	14	0.06560 0.94877 0.16331 0.06112 0.82348 0.70768 
1329	14	0.09676 0.70041 0.77940 0.08291 0.64847 0.71137 
1330	14	0.10908 0.73972 0.99061 0.06232 0.51793 0.81600 
1331	14	0.22408 0.75810 0.57798 0.15096 0.73622 0.61346 
1332	14	0.11775 0.77877 0.53822 0.09779 0.68119 0.67748 
1333	14	0.16519 0.67587 0.86455 0.09664 0.58011 0.74483 
1334	14	0.16702 0.77067 0.59868 0.12087 0.72323 0.66126 
1335	14	0.10810 0.82546 0.47465 0.08623 0.72599 0.69788 
1336	14	0.19671 0.68130 0.60981 0.14097 0.70823 0.62680 
1337	14	0.11214 0.71459 0.91859 0.08259 0.59538 0.75583 
1338	14	0.09404 0.75267 0.55600 0.07799 0.67648 0.70782 
1339	14	0.10677 0.66731 0.65910 0.10699 0.71978 0.64919 
1340	14	0.20101 0.67015 0.59713 0.13741 0.71722 0.63085 
1341	14	0.08690 0.79181 0.69844 0.07074 0.59205 0.77306 
1342	14	0.08983 0.67684 0.77343 0.07104 0.66438 0.75710 
1343	14	0.04965 0.94335 0.12467 0.06389 0.83234 0.68584 
1344	14	0.09714 0.65673 0.73162 0.07085 0.61416 0.75447 
1345	14	0.15648 0.76391 0.63729 0.09777 0.67904 0.69620 
1346	14	0.12660 0.70961 0.65696 0.10312 0.70179 0.68449 
1347	14	0.08472 0.49082 0.70615 0.08958 0.66959 0.69688 
1348	14	0.11997 0.60637 0.86913 0.05154 0.55410 0.82164 
1349	14	0.22076 0.71839 0.68434 0.14515 0.64641 0.64909 
1350	14	0.10925 0.67918 0.62223 0.06937 0.63845 0.73918 
1351	14	0.07759 0.98105 0.09658 0.07046 0.85128 0.67919 
1352	14	0.14910 0.73415 0.52805 0.11301 0.68489 0.63806 
1353	14	0.10870 0.82817 0.43063 0.08690 0.65166 0.70320 
1354	14	0.10659 0.62126 0.79922 0.05713 0.50602 0.79375 
1355	14	0.10934 0.73718 0.40952 0.09236 0.73277 0.65340 
1356	14	0.10027 0.71313 0.73037 0.07047 0.59039 0.77279 
1357	14	0.08590 0.68891 1.00000 0.06240 0.52306 0.82174 
1358	14	0.14249 0.61042 0.94372 0.10819 0.54779 0.72540 
1359	14	0.09307 0.97548 0.08942 0.05752 0.82672 0.71955 
1360	14	0.20324 0.70887 0.40149 0.13055 0.66699 0.65223 
1361	14	0.13070 0.78808 0.61119 0.09146 0.63470 0.71613 
1362	14	0.14468 0.67391 0.86319 0.09800 0.58511 0.71484 
1363	14	0.20339 0.96490 0.08765 0.13810 0.86779 0.57415 
1364	14	0.13041 0.79836 0.57452 0.08463 0.65804 0.73674 
1365	14	0.17258 0.79725 0.53416 0.10324 0.70195 0.67531 
1366	14	0.15088 0.85296 0.41724 0.14466 0.71864 0.61374 
1367	14	0.61717 0.78429 0.34939 0.45161 0.73218 0.44894 
1368	14	0.58020 0.76628 0.36891 0.42145 0.75091 0.44759 
1369	14	0.27352 0.74910 0.33404 0.15365 0.59158 0.66557 
1370	14	0.30250 0.80467 0.33061 0.14529 0.58668 0.70460 
1371	14	0.34190 0.80099 0.27225 0.22051 0.60076 0.60231 
1372	14	0.35817 0.42673 0.56537 0.21675 0.58749 0.61535 
1373	14	0.47349 0.53749 0.54419 0.26513 0.55097 0.59541 
1374	14	0.48037 0.74933 0.35357 0.26934 0.61739 0.60835 
1375	14	0.23580 0.81667 0.31240 0.11865 0.58160 0.71593 
1376	14	0.13499 0.72030 0.45412 0.09237 0.61011 0.72727 
1377	14	0.25276 0.76586 0.46128 0.12953 0.57478 0.74121 
1378	14	0.25530 0.83530 0.27671 0.13670 0.65175 0.68291 
1379	14	0.21813 0.65425 0.48134 0.13120 0.53981 0.72573 
1380	14	0.19134 0.69832 0.32881 0.12101 0.62181 0.68269 
1381	14	0.16080 0.52150 0.52614 0.11513 0.63489 0.70648 
1382	14	0.23158 0.41273 0.77087 0.12562 0.51631 0.74547 
1383	14	0.22837 0.34668 0.62207 0.16713 0.54064 0.67631 
1384	14	0.18074 0.42633 0.87545 0.12024 0.47242 0.77590 
1385	14	0.26273 0.49274 0.51815 0.17075 0.65227 0.64200 
1386	14	0.19642 0.50730 0.55278 0.11995 0.61255 0.70242 
1387	14	0.06056 0.57072 0.63814 0.05928 0.59253 0.78696 
1388	14	0.09016 0.69169 0.40318 0.07351 0.59718 0.75652 
1389	14	0.14930 0.65917 0.45426 0.08532 0.58001 0.75293 
1390	14	0.26154 0.44109 0.67872 0.14326 0.57090 0.70878 
1391	14	0.34749 0.03885 0.43044 0.22521 0.41892 0.53006 
1392	14	0.21765 0.62868 0.43593 0.14360 0.64816 0.64352 
1393	14	0.29492 0.34649 0.62794 0.19901 0.63106 0.61465 
1394	14	0.16415 0.78356 0.30728 0.12164 0.60434 0.70879 
1395	14	0.18052 0.39447 0.80916 0.12354 0.50818 0.73910 
1396	14	0.31649 0.73100 0.42171 0.16172 0.59990 0.67663 
1397	14	0.24928 0.62337 0.34176 0.14937 0.64966 0.62875 
1398	14	0.16565 0.68670 0.56028 0.07894 0.48838 0.81116 
1399	14	0.27365 0.53478 0.40581 0.17279 0.61237 0.62729 
