1400	14	6
0	1	0.35433 0.98000 0.05269 0.31276 0.94742 0.41065 
1	1	0.31108 0.89397 0.14297 0.24749 0.83734 0.53399 
2	1	0.27782 0.90147 0.14571 0.25877 0.83922 0.52429 
3	1	0.40421 0.88525 0.16129 0.30302 0.84258 0.47929 
4	1	0.48720 0.88776 0.18599 0.35087 0.86545 0.44317 
5	1	0.33313 0.89710 0.18049 0.26482 0.83902 0.51311 
6	1	0.38971 0.92846 0.12133 0.28853 0.88168 0.49047 
7	1	0.29268 0.90361 0.12250 0.27871 0.85396 0.49362 
8	1	0.36718 0.92753 0.07925 0.28292 0.86615 0.50138 
9	1	0.35759 0.90819 0.11905 0.29153 0.84833 0.49316 
10	1	0.37492 0.93198 0.06887 0.29301 0.87475 0.48129 
11	1	0.32437 0.97483 0.14311 0.28092 0.91603 0.46803 
12	1	0.30774 0.97597 0.08212 0.28902 0.92466 0.45394 
13	1	0.34395 0.98530 0.13056 0.33083 0.95428 0.39486 
14	1	0.40069 0.97153 0.09219 0.30531 0.91714 0.45485 
15	1	0.43408 0.97134 0.05611 0.31376 0.92213 0.45222 
16	1	0.44942 0.96690 0.09552 0.31729 0.91515 0.45779 
17	1	0.36901 0.96959 0.06381 0.29501 0.91214 0.45901 
18	1	0.33203 0.91197 0.16915 0.28230 0.87112 0.47623 
19	1	0.50756 0.93194 0.07986 0.36832 0.90405 0.42381 
20	1	0.29333 0.89981 0.11353 0.29771 0.85815 0.46697 
21	1	0.41228 0.91769 0.12274 0.31525 0.88861 0.45960 
22	1	0.33879 0.87520 0.21834 0.25296 0.81189 0.53988 
23	1	0.32740 0.87672 0.16631 0.22169 0.79898 0.57400 
24	1	0.32576 0.90871 0.11063 0.30392 0.87100 0.46513 
25	1	0.45240 0.90757 0.13997 0.30165 0.85584 0.50480 
26	1	0.40993 0.89992 0.09207 0.28637 0.84171 0.50958 
27	1	0.30246 0.87018 0.22680 0.24036 0.80600 0.55013 
28	1	0.33683 0.97852 0.04935 0.28826 0.93025 0.45537 
29	1	0.47031 0.89469 0.11826 0.31442 0.84522 0.50172 
30	1	0.31498 0.92479 0.11381 0.26442 0.85468 0.51748 
31	1	0.43490 0.94028 0.07405 0.36096 0.91607 0.39505 
32	1	0.59505 0.93453 0.05678 0.44855 0.92724 0.35556 
33	1	0.31694 0.93472 0.09386 0.32970 0.90655 0.42145 
34	1	0.30000 0.92343 0.09643 0.27553 0.86655 0.49354 
35	1	0.40881 0.92163 0.11033 0.32780 0.89207 0.44038 
36	1	0.44226 0.90734 0.09652 0.32971 0.87687 0.45396 
37	1	0.27537 0.81433 0.21689 0.16728 0.59547 0.65973 
38	1	0.15449 0.87441 0.16502 0.12604 0.67835 0.68319 
39	1	0.28010 0.83870 0.11738 0.18417 0.64634 0.64052 
40	1	0.48874 0.61963 0.36425 0.33631 0.58674 0.49062 
41	1	0.33925 0.80884 0.20683 0.21302 0.67464 0.59505 
42	1	0.15893 0.91552 0.21478 0.13334 0.75447 0.66552 
43	1	0.23867 0.76402 0.41858 0.17822 0.55544 0.65009 
44	1	0.25206 0.50878 0.40991 0.20396 0.38476 0.58738 
45	1	0.28548 0.88535 0.11895 0.20228 0.77655 0.60952 
46	1	0.21244 0.81100 0.20286 0.16870 0.62360 0.65749 
47	1	0.19184 0.84657 0.17553 0.15698 0.65907 0.65389 
48	1	0.23887 0.77720 0.35397 0.18908 0.60420 0.62046 
49	1	0.10182 0.85731 0.28997 0.10645 0.59292 0.72772 
50	1	0.13412 0.83956 0.22158 0.11619 0.58625 0.70029 
51	1	0.34883 0.79440 0.40288 0.19861 0.55269 0.64484 
52	1	0.32374 0.84334 0.19151 0.18173 0.63759 0.66308 
53	1	0.32654 0.89878 0.12778 0.19873 0.69712 0.63046 
54	1	0.27596 0.58568 0.42933 0.22984 0.50966 0.56541 
55	1	0.40726 0.71305 0.34417 0.32291 0.69983 0.46243 
56	1	0.25778 0.86918 0.17532 0.18422 0.72832 0.60064 
57	1	0.63175 0.71392 0.24971 0.46641 0.71230 0.38639 
58	1	0.30421 0.92602 0.11410 0.19611 0.77376 0.60731 
59	1	0.40480 0.90779 0.26466 0.24358 0.69714 0.58761 
60	1	0.22672 0.71469 0.30147 0.17199 0.55398 0.61216 
61	1	0.17493 0.60981 0.77447 0.13967 0.34790 0.63480 
62	1	0.57487 0.86427 0.19499 0.40724 0.77768 0.43051 
63	1	0.45615 0.91251 0.10087 0.29909 0.78691 0.51833 
64	1	0.21023 0.84906 0.26123 0.18275 0.70861 0.59554 
65	1	0.25463 0.83854 0.25824 0.16855 0.61513 0.64551 
66	1	0.28647 0.69870 0.34323 0.19062 0.50399 0.62058 
67	1	0.20163 0.85468 0.18430 0.17039 0.65537 0.62157 
68	1	0.44593 0.78217 0.17032 0.29000 0.66351 0.51341 
69	1	0.17888 0.84142 0.24268 0.15151 0.64109 0.65519 
70	1	0.35719 0.90706 0.15098 0.24199 0.76865 0.55671 
71	1	0.14637 0.87464 0.20928 0.14167 0.67543 0.65116 
72	1	0.21432 0.85925 0.23483 0.12281 0.56924 0.72366 
73	1	0.21359 0.83696 0.26823 0.15074 0.60152 0.66361 
74	1	0.15961 0.86335 0.20419 0.13020 0.60528 0.68434 
75	1	0.35613 0.80410 0.41072 0.23554 0.64695 0.54801 
76	1	0.15865 0.83720 0.20336 0.14915 0.60945 0.65371 
77	1	0.17234 0.83829 0.19914 0.14740 0.61640 0.64889 
78	1	0.33074 0.86247 0.22701 0.18946 0.66711 0.64577 
79	1	0.38124 0.88677 0.14535 0.23715 0.77738 0.58489 
80	1	0.12285 0.82844 0.27436 0.13491 0.58705 0.66299 
81	1	0.28330 0.89943 0.15176 0.17616 0.71046 0.64535 
82	1	0.13795 0.81048 0.38198 0.13622 0.57900 0.67826 
83	1	0.17867 0.79372 0.25293 0.17169 0.60831 0.59267 
84	1	0.39676 0.82678 0.24911 0.26785 0.71276 0.53025 
85	1	0.24595 0.75228 0.26112 0.16410 0.52084 0.63474 
86	1	0.15073 0.81723 0.15077 0.15094 0.64099 0.64706 
87	1	0.18546 0.91578 0.19311 0.10738 0.64416 0.73582 
88	1	0.17559 0.92389 0.18456 0.14054 0.72554 0.67947 
89	1	0.24418 0.90721 0.13884 0.17667 0.71991 0.63088 
90	1	0.26211 0.69214 0.42049 0.19343 0.52732 0.58329 
91	1	0.24933 0.87139 0.22344 0.15898 0.67355 0.65963 
92	1	0.36514 0.90116 0.14263 0.21656 0.77551 0.59948 
93	1	0.18965 0.91117 0.13181 0.14034 0.71001 0.68945 
94	1	0.24713 0.89422 0.16050 0.17543 0.71088 0.64178 
95	1	0.12785 0.91407 0.19652 0.13059 0.71227 0.68075 
96	1	0.13598 0.88337 0.19039 0.12205 0.65060 0.69064 
97	1	0.15093 0.92467 0.12182 0.14904 0.77176 0.64734 
98	1	0.17037 0.90357 0.24547 0.14727 0.72954 0.65205 
99	1	0.10452 0.91389 0.18162 0.10395 0.67806 0.72500 
100	2	0.31705 0.54902 0.50559 0.19517 0.40363 0.61807 
101	2	0.14993 0.78511 0.30190 0.09337 0.40608 0.74472 
102	2	0.08459 0.82091 0.28393 0.08655 0.44620 0.74914 
103	2	0.16550 0.76984 0.29794 0.10809 0.43525 0.71771 
104	2	0.17620 0.80745 0.21108 0.14007 0.57112 0.66336 
105	2	0.30686 0.77627 0.27171 0.17463 0.56430 0.64271 
106	2	0.14375 0.84735 0.30907 0.10326 0.53776 0.72119 
107	2	0.13343 0.85139 0.23857 0.10464 0.54749 0.72625 
108	2	0.32598 0.84022 0.20754 0.18860 0.60047 0.63898 
109	2	0.39463 0.86925 0.19796 0.22910 0.61038 0.62368 
110	2	0.32245 0.91625 0.20081 0.18499 0.67860 0.63588 
111	2	0.13982 0.82332 0.31978 0.11116 0.51078 0.71818 
112	2	0.20756 0.79673 0.39288 0.17129 0.54874 0.63981 
113	2	0.25600 0.84845 0.29060 0.16030 0.56158 0.67363 
114	2	0.28569 0.79767 0.26824 0.17348 0.59063 0.64036 
115	2	0.28723 0.87400 0.24885 0.18171 0.63161 0.64910 
116	2	0.22427 0.88494 0.21276 0.12862 0.57564 0.71309 
117	2	0.38999 0.75260 0.27929 0.23544 0.55875 0.60035 
118	2	0.21926 0.88328 0.26146 0.14241 0.61245 0.69545 
119	2	0.38914 0.87475 0.19554 0.22598 0.62161 0.62717 
120	2	0.28345 0.86623 0.27922 0.16256 0.57981 0.68901 
121	2	0.36858 0.89676 0.20171 0.20132 0.61135 0.66645 
122	2	0.31371 0.88380 0.21849 0.17020 0.58632 0.67753 
123	2	0.42592 0.88083 0.18309 0.24122 0.58772 0.65308 
124	2	0.45425 0.86190 0.17764 0.26678 0.59706 0.62556 
125	2	0.26329 0.85727 0.25680 0.14331 0.51762 0.70897 
126	2	0.22814 0.84531 0.39172 0.14152 0.56822 0.68437 
127	2	0.13599 0.82159 0.47101 0.09718 0.48050 0.73180 
128	2	0.03758 0.87689 0.33677 0.06199 0.49873 0.80517 
129	2	0.09477 0.84551 0.34660 0.08362 0.48234 0.77443 
130	2	0.05978 0.81133 0.39414 0.07150 0.42812 0.78413 
131	2	0.12299 0.83367 0.39333 0.08421 0.42400 0.77881 
132	2	0.23088 0.75968 0.48714 0.12010 0.43979 0.72550 
133	2	0.16526 0.82344 0.37948 0.10140 0.44471 0.74721 
134	2	0.13410 0.82552 0.38667 0.08155 0.42128 0.77576 
135	2	0.13142 0.80292 0.51837 0.09042 0.42332 0.76121 
136	2	0.10472 0.78441 0.50289 0.08185 0.42716 0.75846 
137	2	0.22622 0.80775 0.36942 0.12025 0.46313 0.72745 
138	2	0.13585 0.76411 0.37963 0.09177 0.42497 0.73257 
139	2	0.17489 0.95376 0.18063 0.16331 0.78964 0.62785 
140	2	0.17212 0.82550 0.28580 0.13284 0.56804 0.70457 
141	2	0.30421 0.79298 0.15688 0.19032 0.61476 0.64052 
142	2	0.24218 0.81587 0.29390 0.14164 0.54960 0.70699 
143	2	0.14359 0.82376 0.26641 0.10053 0.48026 0.76230 
144	2	0.16830 0.84135 0.18170 0.12968 0.54795 0.72741 
145	2	0.21945 0.80493 0.26055 0.13428 0.49216 0.72353 
146	2	0.46304 0.75367 0.35703 0.31697 0.69635 0.50629 
147	2	0.35174 0.79299 0.21023 0.20442 0.59538 0.65093 
148	2	0.31957 0.74389 0.38632 0.18530 0.53889 0.64800 
149	2	0.31094 0.69027 0.29167 0.17214 0.44343 0.68713 
150	2	0.37641 0.75799 0.25680 0.22267 0.51952 0.65229 
151	2	0.30191 0.69878 0.33332 0.20034 0.49333 0.62801 
152	2	0.57512 0.65996 0.14115 0.40245 0.65586 0.47944 
153	2	0.52400 0.64633 0.36557 0.34169 0.57957 0.53479 
154	2	0.46958 0.58316 0.48377 0.30706 0.59646 0.50999 
155	2	0.56730 0.70333 0.25554 0.39523 0.70688 0.46550 
156	2	0.43397 0.70425 0.23598 0.29882 0.63790 0.53368 
157	2	0.25259 0.62483 0.36943 0.14456 0.30822 0.72247 
158	2	0.40181 0.69165 0.27044 0.23342 0.47741 0.63747 
159	2	0.42173 0.61217 0.24430 0.27266 0.51781 0.57229 
160	2	0.46322 0.55910 0.39173 0.29529 0.53240 0.53564 
161	2	0.49777 0.60201 0.32404 0.33270 0.61846 0.49814 
162	2	0.25945 0.73169 0.31506 0.19198 0.51427 0.64194 
163	2	0.22243 0.72666 0.35570 0.14302 0.45787 0.69974 
164	2	0.38503 0.73095 0.31164 0.23127 0.53026 0.61462 
165	2	0.26860 0.67783 0.34199 0.17883 0.46436 0.65652 
166	2	0.23663 0.57863 0.44942 0.14138 0.30679 0.69840 
167	2	0.16886 0.69290 0.33504 0.11392 0.35165 0.73803 
168	2	0.31155 0.56832 0.37042 0.21103 0.42136 0.60948 
169	2	0.17038 0.72625 0.32031 0.11401 0.38708 0.73367 
170	2	0.26418 0.61250 0.38402 0.18343 0.38978 0.64093 
171	2	0.23832 0.55019 0.48017 0.14072 0.26020 0.70271 
172	2	0.36572 0.62433 0.39244 0.20605 0.40381 0.64864 
173	2	0.32797 0.44781 0.38801 0.17292 0.25738 0.66967 
174	2	0.36107 0.54394 0.45188 0.19713 0.31513 0.66060 
175	2	0.16925 0.62108 0.29659 0.12002 0.29283 0.71670 
176	2	0.16842 0.66116 0.40638 0.12120 0.27657 0.73308 
177	2	0.11955 0.59607 0.60172 0.07583 0.14160 0.78383 
178	2	0.22094 0.57948 0.42739 0.10683 0.22372 0.74904 
179	2	0.17679 0.59303 0.55588 0.08695 0.19393 0.76438 
180	2	0.20160 0.59737 0.44441 0.09355 0.17653 0.77230 
181	2	0.27094 0.54849 0.47217 0.12395 0.13879 0.76076 
182	2	0.15514 0.49166 0.59473 0.06458 0.00000 0.82164 
183	2	0.15008 0.58500 0.59074 0.07575 0.14570 0.78438 
184	2	0.23289 0.53634 0.46278 0.15349 0.33690 0.66552 
185	2	0.31471 0.50752 0.37052 0.16823 0.29990 0.66172 
186	2	0.26085 0.47613 0.41556 0.13928 0.22914 0.68976 
187	2	0.28338 0.49624 0.28410 0.13693 0.19489 0.72404 
188	2	0.31185 0.50701 0.49986 0.15997 0.22883 0.68422 
189	2	0.15345 0.64790 0.60607 0.12299 0.31389 0.70023 
190	2	0.23257 0.62403 0.39048 0.11882 0.26444 0.72764 
191	2	0.16106 0.57351 0.46843 0.08204 0.14496 0.76873 
192	2	0.21959 0.49500 0.58384 0.10769 0.16046 0.74303 
193	2	0.26425 0.51996 0.52608 0.13617 0.22120 0.70960 
194	2	0.25658 0.48498 0.54550 0.12861 0.19055 0.71137 
195	2	0.21949 0.63614 0.33761 0.15037 0.35023 0.68179 
196	2	0.41303 0.74497 0.33062 0.22904 0.48515 0.65339 
197	2	0.37677 0.73095 0.30817 0.21640 0.52665 0.63180 
198	2	0.30164 0.77738 0.33802 0.16362 0.48972 0.69697 
199	2	0.21972 0.81243 0.17201 0.11475 0.48257 0.74829 
200	3	0.67346 0.92921 0.11614 0.50844 0.83040 0.39378 
201	3	0.72894 0.89395 0.19815 0.57630 0.82287 0.35504 
202	3	0.60247 0.89628 0.24231 0.42363 0.76986 0.46500 
203	3	0.62773 0.91105 0.20639 0.45640 0.80939 0.42774 
204	3	0.63938 0.89562 0.16735 0.46337 0.78170 0.43764 
205	3	0.72567 0.89553 0.22350 0.56952 0.79522 0.36995 
206	3	0.56332 0.89412 0.25223 0.37974 0.76355 0.50528 
207	3	0.58397 0.88924 0.21227 0.39860 0.72863 0.50013 
208	3	0.59070 0.89365 0.19325 0.40695 0.76780 0.49551 
209	3	0.63262 0.87716 0.28321 0.45311 0.74826 0.46505 
210	3	0.55933 0.86719 0.30600 0.37517 0.72041 0.50802 
211	3	0.55457 0.88614 0.18897 0.37414 0.74816 0.49930 
212	3	0.57075 0.85290 0.31497 0.38764 0.70369 0.50566 
213	3	0.53408 0.86742 0.26920 0.34469 0.66952 0.55673 
214	3	0.61407 0.88687 0.25842 0.43425 0.75356 0.46748 
215	3	0.57375 0.89573 0.18904 0.39337 0.75664 0.48973 
216	3	0.62016 0.87796 0.29260 0.43660 0.73566 0.48178 
217	3	0.60251 0.88230 0.19405 0.41981 0.74902 0.48590 
218	3	0.55666 0.89511 0.25074 0.37383 0.75659 0.50442 
219	3	0.50285 0.89976 0.23296 0.31307 0.69121 0.58392 
220	3	0.58166 0.89662 0.22481 0.39288 0.70174 0.51829 
221	3	0.71678 0.89695 0.21238 0.55800 0.79823 0.37693 
222	3	0.71244 0.88144 0.24669 0.55208 0.77956 0.38773 
223	3	0.73102 0.88201 0.19473 0.57374 0.76591 0.39375 
224	3	0.74264 0.89545 0.19380 0.59184 0.82219 0.35545 
225	3	0.75679 0.90115 0.17117 0.61295 0.83119 0.33076 
226	3	0.77209 0.90601 0.17613 0.63278 0.83067 0.32648 
227	3	0.75849 0.88782 0.17089 0.61400 0.82685 0.33579 
228	3	0.80903 0.84680 0.14103 0.68581 0.82094 0.28855 
229	3	0.70524 0.87991 0.16069 0.54422 0.80006 0.38607 
230	3	0.66781 0.88932 0.24409 0.49708 0.78709 0.42109 
231	3	0.66508 0.89784 0.17115 0.49433 0.78124 0.42394 
232	3	0.63421 0.88317 0.25461 0.45721 0.76567 0.45242 
233	3	0.65061 0.89282 0.26223 0.47405 0.77082 0.45226 
234	3	0.72017 0.88609 0.24483 0.55982 0.78600 0.39355 
235	3	0.68500 0.90343 0.20828 0.51725 0.80584 0.40560 
236	3	0.72428 0.88290 0.21236 0.56792 0.80569 0.37128 
237	3	0.49906 0.75448 0.40034 0.31384 0.58956 0.55772 
238	3	0.66416 0.84741 0.22043 0.49127 0.76836 0.42431 
239	3	0.67773 0.88391 0.15809 0.50710 0.77977 0.41744 
240	3	0.69647 0.89693 0.21161 0.53057 0.79094 0.40403 
241	3	0.71542 0.88077 0.19320 0.55796 0.81346 0.37044 
242	3	0.75804 0.86059 0.15639 0.61287 0.80667 0.34571 
243	3	0.71678 0.88463 0.15541 0.55834 0.80135 0.37901 
244	3	0.74358 0.87005 0.16095 0.59328 0.79263 0.35405 
245	3	0.70525 0.88436 0.19272 0.54504 0.81290 0.38029 
246	3	0.71962 0.89808 0.19394 0.56277 0.82083 0.37421 
247	3	0.65059 0.90686 0.19712 0.47406 0.81607 0.43670 
248	3	0.72588 0.90236 0.17927 0.57235 0.83475 0.35464 
249	3	0.70737 0.87484 0.24361 0.54733 0.77921 0.37728 
250	3	0.70172 0.87525 0.20748 0.53930 0.79112 0.38731 
251	3	0.71290 0.86421 0.21552 0.55226 0.78693 0.38616 
252	3	0.70791 0.88545 0.14606 0.54639 0.80042 0.38739 
253	3	0.75449 0.88204 0.17796 0.60954 0.82561 0.33550 
254	3	0.70356 0.88629 0.20115 0.54187 0.80230 0.38561 
255	3	0.71813 0.84874 0.26447 0.55884 0.78200 0.38740 
256	3	0.74239 0.89639 0.19058 0.59301 0.82289 0.34700 
257	3	0.70587 0.83354 0.29364 0.54401 0.74635 0.39377 
258	3	0.73956 0.89037 0.16328 0.59182 0.83561 0.33797 
259	3	0.64977 0.88281 0.22787 0.47778 0.77393 0.42631 
260	3	0.69915 0.89675 0.19140 0.53914 0.80726 0.38095 
261	3	0.36354 0.80035 0.38837 0.23812 0.57983 0.58779 
262	3	0.77047 0.86810 0.15747 0.63279 0.83951 0.31109 
263	3	0.72065 0.88349 0.19108 0.56336 0.80805 0.37078 
264	3	0.71975 0.86656 0.19846 0.56184 0.79761 0.37525 
265	3	0.70468 0.89168 0.15733 0.54192 0.79096 0.39529 
266	3	0.70921 0.84924 0.20405 0.54819 0.79137 0.38320 
267	3	0.72661 0.87245 0.18122 0.57075 0.81230 0.36589 
268	3	0.72880 0.85911 0.17368 0.57477 0.81991 0.35673 
269	3	0.68581 0.83298 0.21778 0.51765 0.76842 0.40399 
270	3	0.27967 0.85249 0.38026 0.23760 0.70376 0.55154 
271	3	0.47440 0.83276 0.35996 0.30771 0.72006 0.52185 
272	3	0.55354 0.89125 0.33247 0.39588 0.83469 0.42500 
273	3	0.44256 0.91557 0.22016 0.31480 0.83645 0.47419 
274	3	0.50593 0.90013 0.16773 0.35234 0.82213 0.45784 
275	3	0.50695 0.89211 0.23279 0.36087 0.82968 0.44649 
276	3	0.45256 0.91379 0.14272 0.32479 0.84883 0.46367 
277	3	0.38774 0.90712 0.22819 0.28880 0.83028 0.49017 
278	3	0.46247 0.91015 0.21560 0.32733 0.84539 0.46723 
279	3	0.44701 0.87438 0.24058 0.30628 0.77638 0.50651 
280	3	0.50303 0.89769 0.26563 0.34533 0.80753 0.47085 
281	3	0.44148 0.90751 0.16499 0.32275 0.82979 0.47383 
282	3	0.37534 0.91161 0.23112 0.27845 0.82330 0.50573 
283	3	0.31805 0.88303 0.26973 0.26068 0.79075 0.51370 
284	3	0.33898 0.85818 0.24320 0.25796 0.73544 0.53886 
285	3	0.29484 0.87819 0.24091 0.23369 0.73515 0.55850 
286	3	0.31320 0.87349 0.33516 0.24880 0.74663 0.54308 
287	3	0.71768 0.82500 0.20263 0.55988 0.80099 0.37017 
288	3	0.69856 0.87855 0.26603 0.53284 0.80538 0.39546 
289	3	0.68710 0.85139 0.27366 0.52094 0.79030 0.39347 
290	3	0.39709 0.85167 0.32876 0.26360 0.75086 0.54233 
291	3	0.41743 0.90979 0.23661 0.29974 0.81424 0.49127 
292	3	0.31812 0.87406 0.34418 0.24771 0.74926 0.54138 
293	3	0.64062 0.77412 0.38310 0.46233 0.71966 0.44251 
294	3	0.71166 0.85513 0.25756 0.55365 0.81325 0.36674 
295	3	0.69639 0.83178 0.23048 0.53210 0.77897 0.39426 
296	3	0.68692 0.86754 0.21109 0.51936 0.79017 0.40324 
297	3	0.67042 0.87383 0.27443 0.49763 0.74706 0.42820 
298	3	0.67530 0.85350 0.24447 0.50202 0.75139 0.42974 
299	3	0.68634 0.85758 0.30912 0.51740 0.77174 0.41020 
300	4	0.80438 0.97075 0.04492 0.68297 0.92329 0.25655 
301	4	0.91876 0.97102 0.01668 0.86103 0.97227 0.11484 
302	4	0.72491 0.97532 0.06462 0.56852 0.88243 0.36169 
303	4	0.75613 0.98091 0.04745 0.61375 0.91318 0.31099 
304	4	0.73972 0.99337 0.05148 0.59578 0.95113 0.30393 
305	4	0.76239 0.98202 0.10957 0.62054 0.91098 0.31234 
306	4	0.81915 0.98422 0.03155 0.70281 0.93786 0.24789 
307	4	0.66313 0.97936 0.04471 0.50787 0.91288 0.36163 
308	4	0.54664 0.98213 0.11939 0.38884 0.89835 0.43829 
309	4	0.83930 0.98341 0.01835 0.73298 0.94630 0.22573 
310	4	0.95098 0.98032 0.00000 0.91452 0.98440 0.07444 
311	4	0.95033 0.97821 0.01202 0.91347 0.98475 0.07405 
312	4	0.93680 0.98194 0.00440 0.89050 0.98129 0.09348 
313	4	0.85927 0.98307 0.04136 0.76363 0.94846 0.20280 
314	4	0.86578 0.97793 0.06979 0.77378 0.94412 0.19612 
315	4	0.81717 0.98415 0.06103 0.69913 0.92879 0.25685 
316	4	0.80368 0.97599 0.05527 0.68170 0.93278 0.25744 
317	4	0.83339 0.98322 0.02770 0.72490 0.94143 0.22665 
318	4	0.84387 0.98347 0.04049 0.74055 0.94338 0.21567 
319	4	0.69885 0.97721 0.06689 0.54111 0.89821 0.36040 
320	4	0.80057 0.98431 0.02976 0.67481 0.92585 0.27382 
321	4	0.78208 0.98590 0.06082 0.64871 0.92297 0.28888 
322	4	0.68080 0.98800 0.10761 0.51237 0.88863 0.40020 
323	4	0.61963 0.98110 0.08423 0.43849 0.84946 0.46547 
324	4	0.78380 0.98303 0.09156 0.65171 0.92169 0.28448 
325	4	0.75738 0.97961 0.07878 0.61567 0.91804 0.30791 
326	4	0.82954 0.98343 0.02047 0.71875 0.93854 0.23396 
327	4	0.75029 0.98375 0.07732 0.60334 0.90656 0.32821 
328	4	0.83640 0.98336 0.03845 0.72807 0.93484 0.23612 
329	4	0.61007 0.97734 0.15458 0.42863 0.85452 0.46057 
330	4	0.57747 0.96238 0.05489 0.41567 0.87372 0.43596 
331	4	0.52361 0.96515 0.12147 0.34697 0.86274 0.50244 
332	4	0.50534 0.95184 0.11925 0.35442 0.86260 0.46984 
333	4	0.47539 0.95763 0.08483 0.31754 0.83749 0.51817 
334	4	0.42273 0.97309 0.08198 0.25977 0.83895 0.58209 
335	4	0.46485 0.96793 0.08577 0.29793 0.86440 0.53413 
336	4	0.26174 0.96782 0.07746 0.16730 0.87016 0.62095 
337	4	0.37142 0.96133 0.11575 0.22613 0.86169 0.57525 
338	4	0.35685 0.97267 0.08686 0.22581 0.89155 0.56212 
339	4	0.32352 0.96671 0.11446 0.19392 0.87008 0.60297 
340	4	0.43917 0.97333 0.09998 0.27457 0.88397 0.54802 
341	4	0.44414 0.97476 0.04960 0.27060 0.88080 0.56015 
342	4	0.34223 0.97143 0.10277 0.18979 0.84198 0.63701 
343	4	0.39626 0.95670 0.10529 0.26535 0.90440 0.50006 
344	4	0.35204 0.96551 0.09161 0.21220 0.85997 0.59709 
345	4	0.34963 0.96136 0.09046 0.22665 0.88438 0.54994 
346	4	0.44741 0.95947 0.04222 0.29199 0.89167 0.50776 
347	4	0.42550 0.96098 0.11847 0.28124 0.85738 0.52998 
348	4	0.37707 0.97520 0.10451 0.25256 0.90705 0.52825 
349	4	0.39798 0.95276 0.12464 0.24547 0.84877 0.55836 
350	4	0.37579 0.98079 0.05443 0.22601 0.87349 0.59056 
351	4	0.36190 0.96920 0.09806 0.21930 0.84185 0.59958 
352	4	0.28195 0.96659 0.06830 0.19762 0.87907 0.57473 
353	4	0.35431 0.94758 0.09275 0.28438 0.88301 0.48020 
354	4	0.34593 0.95620 0.10557 0.22479 0.86924 0.55685 
355	4	0.44658 0.89850 0.23623 0.32690 0.86040 0.43966 
356	4	0.39504 0.96873 0.15011 0.26924 0.82877 0.53486 
357	4	0.50587 0.95705 0.14140 0.32393 0.83726 0.52560 
358	4	0.49555 0.95904 0.10913 0.34297 0.86028 0.47486 
359	4	0.43430 0.95231 0.12199 0.31034 0.84438 0.48461 
360	4	0.42287 0.95859 0.11974 0.29337 0.84688 0.50824 
361	4	0.45504 0.95236 0.12886 0.28372 0.84339 0.54720 
362	4	0.29436 0.94318 0.16559 0.26239 0.79596 0.51851 
363	4	0.34423 0.95518 0.13805 0.28481 0.83170 0.50166 
364	4	0.29813 0.94197 0.17290 0.26873 0.80172 0.51034 
365	4	0.31578 0.94840 0.10870 0.28541 0.82655 0.49925 
366	4	0.30403 0.94923 0.15911 0.27184 0.80551 0.51456 
367	4	0.28993 0.94236 0.11977 0.27993 0.80528 0.50384 
368	4	0.30265 0.94633 0.17832 0.24273 0.78847 0.54919 
369	4	0.27601 0.95641 0.19544 0.26496 0.83532 0.51259 
370	4	0.33194 0.94943 0.10010 0.28010 0.84218 0.49669 
371	4	0.37570 0.94454 0.12747 0.29416 0.88429 0.46555 
372	4	0.34848 0.95144 0.08167 0.29074 0.88681 0.46877 
373	4	0.35519 0.95092 0.18156 0.28687 0.89037 0.47009 
374	4	0.29313 0.94592 0.18726 0.29886 0.88675 0.45283 
375	4	0.32283 0.95515 0.16958 0.28674 0.89802 0.46571 
376	4	0.37255 0.93927 0.06027 0.31113 0.88432 0.44662 
377	4	0.32970 0.93544 0.19945 0.30314 0.87914 0.44593 
378	4	0.45744 0.95236 0.10395 0.31295 0.86468 0.48961 
379	4	0.38634 0.95818 0.11391 0.28038 0.89587 0.48450 
380	4	0.31158 0.96388 0.10967 0.20787 0.86697 0.57207 
381	4	0.42612 0.95184 0.18946 0.28169 0.83671 0.52501 
382	4	0.40707 0.95259 0.12121 0.28499 0.84994 0.50972 
383	4	0.35390 0.94914 0.18860 0.25594 0.83953 0.52933 
384	4	0.39335 0.93760 0.12753 0.29370 0.84440 0.48865 
385	4	0.39613 0.96103 0.09330 0.24534 0.84594 0.56862 
386	4	0.22467 0.94790 0.14409 0.18612 0.78105 0.61871 
387	4	0.38485 0.95797 0.09732 0.22558 0.81179 0.60737 
388	4	0.29428 0.95304 0.08430 0.25089 0.81110 0.54367 
389	4	0.40096 0.93891 0.08501 0.33640 0.88570 0.42596 
390	4	0.29653 0.94319 0.22622 0.16433 0.75179 0.66847 
391	4	0.30443 0.92535 0.12801 0.23908 0.83780 0.52321 
392	4	0.17604 0.96778 0.12119 0.14592 0.85069 0.63328 
393	4	0.29811 0.93300 0.15072 0.22795 0.86325 0.51875 
394	4	0.23599 0.96283 0.15316 0.14953 0.81881 0.65300 
395	4	0.17085 0.96819 0.07379 0.13083 0.83959 0.67668 
396	4	0.15215 0.96510 0.06709 0.11668 0.84451 0.67110 
397	4	0.20823 0.96936 0.12516 0.11704 0.81166 0.70031 
398	4	0.39516 0.96916 0.09079 0.26496 0.85249 0.53891 
399	4	0.72857 0.95721 0.06616 0.60030 0.93663 0.25992 
400	5	0.36766 0.98514 0.07800 0.27161 0.87893 0.54373 
401	5	0.33374 0.98623 0.06628 0.27143 0.89352 0.52678 
402	5	0.25639 0.97964 0.08877 0.18880 0.83760 0.63805 
403	5	0.39354 0.98044 0.10156 0.21976 0.73661 0.67605 
404	5	0.49117 0.97068 0.14562 0.29590 0.77586 0.60324 
405	5	0.42866 0.99139 0.06870 0.26573 0.85097 0.59994 
406	5	0.34061 0.98705 0.02672 0.33975 0.92630 0.43613 
407	5	0.40562 0.97384 0.04136 0.34561 0.89942 0.44278 
408	5	0.52512 0.95086 0.10555 0.37871 0.82846 0.45682 
409	5	0.81985 0.98162 0.03395 0.70437 0.93084 0.25114 
410	5	0.23714 0.97017 0.12873 0.15794 0.76087 0.69185 
411	5	0.40549 0.96875 0.05846 0.34920 0.89322 0.42716 
412	5	0.34932 0.97969 0.06922 0.23768 0.82765 0.59847 
413	5	0.42614 0.97051 0.03916 0.35775 0.89967 0.42413 
414	5	0.40305 0.97117 0.09223 0.28770 0.85518 0.52966 
415	5	0.33669 0.96074 0.07443 0.29274 0.85986 0.50531 
416	5	0.49268 0.96620 0.02786 0.39008 0.90094 0.40274 
417	5	0.26378 0.98433 0.07789 0.17640 0.82604 0.64352 
418	5	0.41791 0.98710 0.06668 0.25543 0.82157 0.60686 
419	5	0.55019 0.97455 0.05200 0.42354 0.90909 0.38632 
420	5	0.58390 0.97983 0.04804 0.43738 0.90782 0.39423 
421	5	0.44589 0.97606 0.05320 0.31672 0.85396 0.51276 
422	5	0.42415 0.98133 0.05513 0.30347 0.87842 0.51364 
423	5	0.41870 0.98129 0.05631 0.27152 0.84370 0.57340 
424	5	0.46247 0.96395 0.04458 0.37492 0.91562 0.39859 
425	5	0.56577 0.97757 0.01826 0.42566 0.91602 0.39698 
426	5	0.55070 0.98072 0.04371 0.41626 0.91338 0.40029 
427	5	0.50661 0.97705 0.02185 0.38972 0.90997 0.41274 
428	5	0.35552 0.98230 0.04799 0.24233 0.83510 0.59678 
429	5	0.45658 0.96588 0.03937 0.36384 0.89989 0.42362 
430	5	0.48971 0.97711 0.04417 0.38222 0.91960 0.40798 
431	5	0.52733 0.98277 0.04554 0.36668 0.89499 0.47430 
432	5	0.53444 0.98068 0.05913 0.36656 0.87989 0.49120 
433	5	0.55526 0.98493 0.05890 0.36905 0.86891 0.51273 
434	5	0.79976 0.96354 0.07305 0.67385 0.91402 0.28299 
435	5	0.76323 0.97062 0.06422 0.62750 0.93736 0.28413 
436	5	0.81287 0.97618 0.00966 0.69559 0.94860 0.24055 
437	5	0.60387 0.97911 0.06040 0.42052 0.87601 0.47918 
438	5	0.78767 0.96723 0.07468 0.65716 0.93143 0.28092 
439	5	0.87198 0.98196 0.02336 0.78271 0.94937 0.20322 
440	5	0.70203 0.98839 0.05524 0.53965 0.92512 0.37381 
441	5	0.61950 0.97230 0.07189 0.43806 0.86509 0.47017 
442	5	0.68014 0.98555 0.03477 0.51236 0.89055 0.40753 
443	5	0.79699 0.96660 0.03199 0.67154 0.90983 0.28131 
444	5	0.48705 0.97968 0.08884 0.29503 0.80462 0.60733 
445	5	0.81515 0.96129 0.04304 0.69825 0.91396 0.24302 
446	5	0.80422 0.95707 0.05513 0.68373 0.92385 0.25033 
447	5	0.82540 0.96729 0.06674 0.71112 0.91682 0.25932 
448	5	0.55161 0.97520 0.09826 0.35823 0.81013 0.54992 
449	5	0.54422 0.97816 0.06836 0.35891 0.85596 0.51456 
450	5	0.64346 0.98266 0.05304 0.46303 0.85525 0.46372 
451	5	0.70667 0.96092 0.09392 0.54404 0.85671 0.38964 
452	5	0.78840 0.96347 0.07143 0.65978 0.91048 0.28409 
453	5	0.66772 0.97485 0.07901 0.50116 0.86949 0.40520 
454	5	0.79395 0.96119 0.05864 0.66717 0.89559 0.27817 
455	5	0.60274 0.98204 0.07989 0.41612 0.83633 0.49738 
456	5	0.59534 0.97615 0.05677 0.41245 0.84554 0.48676 
457	5	0.78992 0.97756 0.05166 0.65749 0.89394 0.30956 
458	5	0.73355 0.97848 0.04961 0.57997 0.88139 0.36144 
459	5	0.75289 0.97824 0.05121 0.60782 0.90835 0.32534 
460	5	0.71281 0.97163 0.07735 0.55221 0.86931 0.37940 
461	5	0.49119 0.96708 0.07749 0.39648 0.89697 0.38520 
462	5	0.32740 0.96867 0.09786 0.27037 0.84137 0.52741 
463	5	0.32962 0.97648 0.10080 0.22636 0.79237 0.61346 
464	5	0.46701 0.97659 0.07832 0.38444 0.89604 0.40342 
465	5	0.25438 0.96878 0.10394 0.22423 0.78536 0.59038 
466	5	0.22186 0.97882 0.10370 0.18993 0.78182 0.64480 
467	5	0.33838 0.98880 0.06133 0.22504 0.82425 0.61256 
468	5	0.58877 0.96824 0.11997 0.45434 0.89743 0.36384 
469	5	0.42226 0.97358 0.14696 0.29380 0.82567 0.52562 
470	5	0.59581 0.97454 0.10317 0.45857 0.91076 0.36229 
471	5	0.56083 0.96347 0.06163 0.43277 0.89016 0.38144 
472	5	0.38164 0.97058 0.07819 0.28508 0.83091 0.52692 
473	5	0.30589 0.97131 0.14136 0.21319 0.78517 0.61807 
474	5	0.34037 0.98520 0.07081 0.23988 0.85218 0.58823 
475	5	0.42607 0.97259 0.08141 0.36801 0.89451 0.40772 
476	5	0.36637 0.97813 0.06186 0.35738 0.91650 0.40528 
477	5	0.42414 0.95968 0.07446 0.35302 0.86755 0.43001 
478	5	0.43289 0.97430 0.06468 0.36829 0.88628 0.41501 
479	5	0.29481 0.97263 0.11494 0.21999 0.77655 0.61699 
480	5	0.36705 0.97890 0.07261 0.28641 0.83337 0.52276 
481	5	0.32237 0.98588 0.09490 0.21060 0.80680 0.63504 
482	5	0.54632 0.98347 0.09548 0.36090 0.84276 0.51637 
483	5	0.79051 0.98628 0.04163 0.66684 0.94005 0.25776 
484	5	0.64806 0.97975 0.08722 0.48273 0.89333 0.39235 
485	5	0.69216 0.97203 0.06395 0.54605 0.90974 0.32532 
486	5	0.72200 0.98176 0.09518 0.56935 0.89512 0.35058 
487	5	0.65940 0.98693 0.06819 0.49156 0.90721 0.39410 
488	5	0.45459 0.98745 0.09502 0.29219 0.85115 0.55054 
489	5	0.62320 0.98360 0.04725 0.45210 0.88122 0.43023 
490	5	0.81084 0.98914 0.03686 0.69401 0.94362 0.24333 
491	5	0.56096 0.98818 0.07757 0.39110 0.87520 0.47712 
492	5	0.42847 0.98489 0.06543 0.28919 0.86726 0.54386 
493	5	0.53542 0.98580 0.12651 0.35374 0.86130 0.51573 
494	5	0.30630 0.97638 0.13606 0.22018 0.79925 0.61592 
495	5	0.39357 0.97779 0.04688 0.30946 0.89976 0.48552 
496	5	0.45795 0.98176 0.10350 0.33652 0.88409 0.48071 
497	5	0.19917 0.98162 0.15792 0.08486 0.73479 0.80912 
498	5	0.19605 0.97695 0.14198 0.08854 0.71387 0.81269 
499	5	0.20124 0.98497 0.14458 0.14727 0.79185 0.69934 
500	6	0.18519 0.85029 0.20821 0.16219 0.50254 0.67220 
501	6	0.34953 0.88283 0.12897 0.25539 0.68193 0.57048 
502	6	0.35430 0.88164 0.16229 0.26399 0.68360 0.56753 
503	6	0.36784 0.89103 0.13175 0.24619 0.66889 0.58904 
504	6	0.23342 0.76757 0.48663 0.14178 0.43365 0.69116 
505	6	0.50387 0.76073 0.36750 0.31496 0.60191 0.54694 
506	6	0.37965 0.84047 0.38994 0.20822 0.56370 0.65266 
507	6	0.41168 0.84839 0.16278 0.23426 0.54206 0.65805 
508	6	0.29917 0.84436 0.23272 0.14795 0.47221 0.73873 
509	6	0.60466 0.66916 0.17346 0.41669 0.58913 0.48677 
510	6	0.43923 0.67518 0.43075 0.25720 0.39823 0.59674 
511	6	0.41673 0.80958 0.28224 0.23953 0.48312 0.62491 
512	6	0.43728 0.77694 0.42829 0.26014 0.52445 0.60417 
513	6	0.37776 0.75333 0.27846 0.20942 0.50213 0.64681 
514	6	0.59799 0.77517 0.25500 0.42450 0.63019 0.45790 
515	6	0.50670 0.56191 0.24945 0.31280 0.40959 0.56993 
516	6	0.61896 0.70532 0.39752 0.43713 0.58328 0.45459 
517	6	0.35761 0.83821 0.23480 0.22321 0.57457 0.61895 
518	6	0.36369 0.65772 0.51738 0.18233 0.27738 0.70794 
519	6	0.52091 0.71774 0.53571 0.32797 0.45644 0.55272 
520	6	0.35659 0.72763 0.24533 0.18340 0.41083 0.68607 
521	6	0.24990 0.75543 0.23706 0.13581 0.42751 0.70977 
522	6	0.28499 0.78394 0.22572 0.13171 0.37759 0.76024 
523	6	0.38127 0.81621 0.12090 0.22705 0.57320 0.62003 
524	6	0.21834 0.79797 0.17074 0.09893 0.39187 0.77450 
525	6	0.59915 0.69176 0.24713 0.41481 0.54311 0.47751 
526	6	0.64873 0.63789 0.19040 0.46912 0.59012 0.44517 
527	6	0.48024 0.76458 0.19925 0.30048 0.55628 0.55694 
528	6	0.22584 0.89470 0.17379 0.16084 0.56538 0.67452 
529	6	0.20450 0.75455 0.26490 0.16857 0.50134 0.64514 
530	6	0.42663 0.78459 0.27020 0.24129 0.52169 0.63183 
531	6	0.25173 0.78355 0.23810 0.15461 0.43573 0.68909 
532	6	0.46026 0.77197 0.19390 0.27015 0.53924 0.61203 
533	6	0.29274 0.81279 0.31659 0.15152 0.42165 0.72035 
534	6	0.43991 0.86026 0.18656 0.24964 0.57366 0.64732 
535	6	0.18126 0.85294 0.27021 0.11874 0.49596 0.72245 
536	6	0.47921 0.82569 0.20270 0.28612 0.53962 0.60847 
537	6	0.35987 0.81587 0.24800 0.18119 0.39333 0.70644 
538	6	0.17601 0.89016 0.21249 0.14798 0.60230 0.69159 
539	6	0.20292 0.89627 0.13972 0.17183 0.66225 0.62945 
540	6	0.36190 0.72909 0.17180 0.25296 0.58260 0.55975 
541	6	0.20618 0.75792 0.13843 0.17571 0.50671 0.64614 
542	6	0.16397 0.86179 0.18753 0.10457 0.44942 0.74596 
543	6	0.36607 0.78537 0.23694 0.20082 0.46803 0.66567 
544	6	0.75710 0.68199 0.13814 0.61131 0.70027 0.33197 
545	6	0.32246 0.80230 0.14138 0.17370 0.50554 0.67529 
546	6	0.24747 0.82503 0.24714 0.11688 0.41809 0.75290 
547	6	0.35306 0.84480 0.37111 0.17931 0.44994 0.70689 
548	6	0.54526 0.76801 0.17993 0.35311 0.58858 0.53955 
549	6	0.24500 0.72078 0.22716 0.14541 0.36952 0.70176 
550	6	0.39565 0.78569 0.18531 0.22752 0.55087 0.62236 
551	6	0.30770 0.76718 0.24477 0.14411 0.33171 0.74925 
552	6	0.26389 0.79534 0.32794 0.12738 0.43229 0.73795 
553	6	0.28811 0.86379 0.29883 0.15684 0.57445 0.69177 
554	6	0.30341 0.71615 0.28112 0.15369 0.34927 0.70813 
555	6	0.31348 0.76012 0.24441 0.16685 0.41546 0.68964 
556	6	0.43987 0.83375 0.22850 0.25768 0.56410 0.61717 
557	6	0.26052 0.66264 0.35834 0.14052 0.33958 0.69948 
558	6	0.40256 0.57827 0.30374 0.23357 0.41010 0.60579 
559	6	0.40543 0.65539 0.26507 0.24836 0.48843 0.58685 
560	6	0.42427 0.82297 0.14478 0.26621 0.62079 0.55121 
561	6	0.45990 0.86933 0.28579 0.27930 0.67052 0.57618 
562	6	0.21088 0.79276 0.34719 0.09275 0.33934 0.77881 
563	6	0.24931 0.76378 0.27959 0.11619 0.33367 0.75983 
564	6	0.25494 0.79420 0.20593 0.13368 0.49206 0.70108 
565	6	0.26687 0.72787 0.23518 0.14781 0.43759 0.68601 
566	6	0.28349 0.79564 0.49712 0.17616 0.47499 0.66949 
567	6	0.44220 0.78785 0.17880 0.26664 0.55824 0.58576 
568	6	0.36349 0.70889 0.53313 0.19941 0.38887 0.66885 
569	6	0.41758 0.68387 0.26706 0.24528 0.47835 0.60296 
570	6	0.15152 0.81946 0.60575 0.12675 0.49504 0.69217 
571	6	0.45635 0.79159 0.23878 0.26497 0.53654 0.61588 
572	6	0.43845 0.76246 0.35423 0.24917 0.49197 0.63031 
573	6	0.41505 0.74946 0.50853 0.23902 0.47277 0.62645 
574	6	0.44113 0.75655 0.29891 0.25280 0.46776 0.62979 
575	6	0.41455 0.72532 0.40832 0.22586 0.39457 0.66293 
576	6	0.33552 0.77880 0.36425 0.17981 0.45368 0.67430 
577	6	0.38524 0.69995 0.20144 0.20779 0.42677 0.66045 
578	6	0.21939 0.77450 0.25827 0.15887 0.50408 0.65870 
579	6	0.36052 0.77142 0.31798 0.19030 0.40965 0.68305 
580	6	0.37070 0.70967 0.39896 0.22293 0.54294 0.59453 
581	6	0.39563 0.65803 0.30703 0.23277 0.43621 0.61602 
582	6	0.28623 0.67566 0.49569 0.18549 0.44173 0.63203 
583	6	0.30665 0.76121 0.25088 0.19938 0.53302 0.61495 
584	6	0.38410 0.58768 0.53771 0.23406 0.39879 0.59977 
585	6	0.32506 0.74654 0.33096 0.17479 0.49927 0.65680 
586	6	0.42372 0.79195 0.37473 0.27542 0.57328 0.54685 
587	6	0.20371 0.64471 0.25186 0.15251 0.38446 0.65641 
588	6	0.27619 0.65536 0.38581 0.17463 0.41561 0.63934 
589	6	0.21156 0.74071 0.34679 0.11230 0.34945 0.73922 
590	6	0.17988 0.82924 0.21318 0.09442 0.39078 0.77607 
591	6	0.16922 0.78124 0.20252 0.11571 0.40924 0.72625 
592	6	0.27497 0.75421 0.43861 0.13298 0.35266 0.72880 
593	6	0.40197 0.68777 0.47041 0.23457 0.47996 0.61300 
594	6	0.19388 0.72405 0.30537 0.13951 0.40934 0.67959 
595	6	0.46421 0.59666 0.35805 0.28090 0.45264 0.57508 
596	6	0.34540 0.85821 0.28262 0.18445 0.58028 0.67367 
597	6	0.15273 0.88213 0.17772 0.09462 0.55976 0.74914 
598	6	0.25916 0.77403 0.32566 0.12874 0.40578 0.72455 
599	6	0.27062 0.77151 0.25924 0.13545 0.38321 0.72625 
600	7	0.54461 0.91934 0.08743 0.38299 0.89721 0.42254 
601	7	0.54577 0.97897 0.11567 0.38295 0.95898 0.40435 
602	7	0.64058 0.97343 0.08754 0.47573 0.94616 0.36346 
603	7	0.51982 0.96354 0.10735 0.37179 0.93323 0.40208 
604	7	0.54828 0.96760 0.11052 0.38935 0.93113 0.40384 
605	7	0.55036 0.96586 0.10352 0.39622 0.93555 0.39945 
606	7	0.48582 0.95812 0.14346 0.33648 0.91187 0.43927 
607	7	0.54021 0.98326 0.10254 0.35992 0.84823 0.49535 
608	7	0.51889 0.99308 0.10642 0.33280 0.87259 0.51494 
609	7	0.54084 0.99971 0.09509 0.35811 0.91618 0.48220 
610	7	0.53329 0.99237 0.08515 0.34921 0.89792 0.49455 
611	7	0.50636 0.98993 0.08253 0.32869 0.90341 0.49682 
612	7	0.54821 0.99940 0.04389 0.36805 0.93549 0.46560 
613	7	0.57171 0.98917 0.09149 0.38965 0.89107 0.46870 
614	7	0.46217 0.98148 0.09084 0.27743 0.82954 0.57217 
615	7	0.61151 0.99304 0.05562 0.43514 0.92286 0.42104 
616	7	0.56292 1.00000 0.08324 0.37780 0.92140 0.47155 
617	7	0.54463 0.99398 0.07827 0.36139 0.90322 0.48412 
618	7	0.57064 0.99493 0.05862 0.39204 0.92148 0.45076 
619	7	0.56885 0.99156 0.07224 0.38782 0.90772 0.46168 
620	7	0.48452 0.99127 0.09233 0.30444 0.88755 0.52754 
621	7	0.51663 0.98688 0.10696 0.33411 0.87755 0.50865 
622	7	0.52819 0.99470 0.06605 0.34941 0.91223 0.48244 
623	7	0.52477 0.99183 0.07826 0.34339 0.90547 0.49336 
624	7	0.59411 0.99591 0.04580 0.41626 0.93342 0.43064 
625	7	0.43188 0.97337 0.12443 0.27896 0.92451 0.49071 
626	7	0.18792 0.93807 0.09276 0.20597 0.87749 0.53036 
627	7	0.34172 0.94215 0.10804 0.24563 0.89945 0.49157 
628	7	0.27919 0.92564 0.17307 0.19615 0.85133 0.54561 
629	7	0.26583 0.95009 0.23549 0.18609 0.85981 0.55731 
630	7	0.29447 0.91766 0.26319 0.21171 0.84620 0.52681 
631	7	0.35888 0.94430 0.19534 0.23714 0.88397 0.51403 
632	7	0.39226 0.93332 0.19559 0.26745 0.88511 0.48454 
633	7	0.37960 0.94856 0.08289 0.27115 0.91994 0.46724 
634	7	0.27220 0.91928 0.13606 0.17602 0.79526 0.61639 
635	7	0.29707 0.91922 0.05025 0.20754 0.84331 0.55199 
636	7	0.29229 0.91569 0.14062 0.17366 0.77452 0.62827 
637	7	0.31800 0.90870 0.13073 0.19725 0.79485 0.58994 
638	7	0.29184 0.91599 0.12401 0.18484 0.79756 0.58900 
639	7	0.31506 0.95436 0.04830 0.19650 0.87485 0.57920 
640	7	0.33277 0.95339 0.06995 0.23124 0.90338 0.51085 
641	7	0.29270 0.89719 0.13145 0.19762 0.78676 0.57768 
642	7	0.24268 0.90429 0.04622 0.17593 0.79687 0.60667 
643	7	0.23766 0.98167 0.11347 0.13288 0.85669 0.66363 
644	7	0.16888 0.98246 0.08226 0.11664 0.85767 0.67994 
645	7	0.12405 0.98978 0.08152 0.12221 0.85727 0.66062 
646	7	0.14320 0.97954 0.15317 0.09089 0.80889 0.71916 
647	7	0.18424 0.97932 0.07206 0.10157 0.80303 0.72864 
648	7	0.15268 0.99614 0.07002 0.10494 0.90289 0.68151 
649	7	0.14532 0.98404 0.09436 0.11101 0.83641 0.68661 
650	7	0.16613 0.98687 0.10125 0.12652 0.87274 0.65824 
651	7	0.13738 0.99820 0.09300 0.13058 0.91378 0.64154 
652	7	0.14989 0.98758 0.08211 0.11556 0.85481 0.67586 
653	7	0.06261 0.99584 0.06381 0.08139 0.90881 0.69506 
654	7	0.19632 0.98023 0.11761 0.10423 0.85181 0.70581 
655	7	0.06864 0.97098 0.13412 0.06852 0.78585 0.75705 
656	7	0.10085 0.99205 0.10739 0.08615 0.90193 0.69342 
657	7	0.06779 0.99279 0.11702 0.08104 0.89421 0.70239 
658	7	0.14794 0.97458 0.10116 0.09132 0.82618 0.70686 
659	7	0.04611 0.97932 0.12000 0.07480 0.84978 0.71176 
660	7	0.12271 0.97643 0.08916 0.09497 0.84070 0.69653 
661	7	0.11201 0.98148 0.09060 0.07798 0.84275 0.73310 
662	7	0.83359 0.91006 0.08004 0.73019 0.93279 0.19801 
663	7	0.68133 0.93875 0.17646 0.51731 0.86113 0.38130 
664	7	0.66452 0.90666 0.31170 0.50485 0.84743 0.37263 
665	7	0.71305 0.90921 0.14446 0.55785 0.85026 0.35204 
666	7	0.69046 0.92864 0.19965 0.53004 0.84889 0.36604 
667	7	0.59835 0.86118 0.28181 0.42293 0.78747 0.44599 
668	7	0.61182 0.92279 0.21302 0.43719 0.82576 0.43486 
669	7	0.45035 0.91365 0.23116 0.28156 0.74227 0.54849 
670	7	0.29407 0.88605 0.34902 0.20858 0.74408 0.59221 
671	7	0.41283 0.92807 0.17471 0.24336 0.74985 0.58623 
672	7	0.60485 0.95011 0.15246 0.43988 0.87240 0.40784 
673	7	0.64537 0.94953 0.10998 0.48337 0.87588 0.37240 
674	7	0.15262 0.94940 0.15611 0.14844 0.81344 0.61987 
675	7	0.14478 0.91941 0.24990 0.14248 0.71026 0.64865 
676	7	0.27429 0.95170 0.21977 0.17623 0.81081 0.59603 
677	7	0.17162 0.92815 0.21837 0.14730 0.73943 0.63776 
678	7	0.28556 0.90238 0.28744 0.17858 0.66949 0.61938 
679	7	0.28955 0.89731 0.28883 0.18155 0.68207 0.62297 
680	7	0.20082 0.89020 0.38073 0.15658 0.67091 0.64185 
681	7	0.39903 0.90892 0.28510 0.23791 0.68058 0.58800 
682	7	0.17359 0.87749 0.22445 0.13434 0.64238 0.66835 
683	7	0.21140 0.88340 0.28107 0.16335 0.68457 0.62848 
684	7	0.20975 0.94801 0.16687 0.16476 0.79653 0.61251 
685	7	0.24494 0.93546 0.19222 0.18804 0.77679 0.58979 
686	7	0.53775 0.70759 0.34346 0.36628 0.69874 0.46048 
687	7	0.36743 0.76458 0.50761 0.23291 0.56545 0.56989 
688	7	0.49162 0.79701 0.28893 0.31728 0.65887 0.50469 
689	7	0.45741 0.76208 0.49452 0.28165 0.57069 0.55775 
690	7	0.39178 0.84443 0.38133 0.24095 0.66647 0.56237 
691	7	0.59004 0.78329 0.39986 0.40856 0.64791 0.45072 
692	7	0.44389 0.78107 0.46325 0.27663 0.59245 0.55003 
693	7	0.51612 0.62240 0.48492 0.35378 0.56885 0.45798 
694	7	0.51922 0.64774 0.56728 0.34625 0.50384 0.48537 
695	7	0.16911 0.92864 0.19104 0.10413 0.64542 0.75283 
696	7	0.35840 0.79023 0.40667 0.22404 0.54328 0.57033 
697	7	0.51861 0.84433 0.34238 0.33434 0.70031 0.51659 
698	7	0.43748 0.81324 0.34731 0.26615 0.63205 0.56942 
699	7	0.51771 0.84503 0.26227 0.33513 0.68986 0.51181 
700	8	0.98884 0.91844 0.01458 0.97956 0.96611 0.03562 
701	8	0.93467 0.92505 0.02361 0.88532 0.93075 0.12013 
702	8	0.94930 0.92437 0.03329 0.91036 0.93318 0.09721 
703	8	0.88971 0.94823 0.05225 0.81120 0.90358 0.18233 
704	8	0.92423 0.93720 0.05310 0.86782 0.91529 0.13333 
705	8	0.92854 0.94899 0.06090 0.87513 0.93077 0.12550 
706	8	0.91725 0.95661 0.04022 0.85655 0.93492 0.13882 
707	8	0.91867 0.94511 0.03722 0.85838 0.91939 0.14605 
708	8	0.91776 0.90214 0.08471 0.85666 0.88672 0.15777 
709	8	0.93044 0.92967 0.02668 0.87801 0.91835 0.13144 
710	8	0.86057 0.94885 0.04908 0.76447 0.88428 0.22677 
711	8	0.87461 0.93213 0.07889 0.78629 0.87092 0.21363 
712	8	0.88550 0.93274 0.05613 0.80392 0.88090 0.19785 
713	8	0.82213 0.93312 0.09657 0.70529 0.84474 0.27418 
714	8	0.86804 0.90809 0.11680 0.77569 0.85707 0.22340 
715	8	0.84045 0.92269 0.14800 0.73256 0.84681 0.26482 
716	8	0.86495 0.94377 0.07008 0.77133 0.87989 0.22170 
717	8	0.86808 0.94509 0.06582 0.77638 0.88477 0.21578 
718	8	0.87174 0.91598 0.10926 0.78156 0.85727 0.22449 
719	8	0.92679 0.92170 0.07335 0.87215 0.90787 0.13330 
720	8	0.91074 0.87684 0.08839 0.84494 0.88030 0.16063 
721	8	0.93581 0.93403 0.04663 0.88743 0.93131 0.11538 
722	8	0.85354 0.91308 0.14007 0.75355 0.85292 0.23677 
723	8	0.88071 0.92640 0.06541 0.79600 0.86873 0.20942 
724	8	0.94007 0.89071 0.05229 0.89444 0.90409 0.12073 
725	8	0.94004 0.90575 0.06485 0.89444 0.91741 0.11253 
726	8	0.88295 0.90840 0.08090 0.79972 0.87727 0.19825 
727	8	0.90776 0.90040 0.08051 0.84044 0.89158 0.16371 
728	8	0.90219 0.94286 0.07944 0.83155 0.91908 0.16301 
729	8	0.90405 0.90427 0.06658 0.83397 0.88402 0.17431 
730	8	0.89537 0.90901 0.08454 0.81960 0.86744 0.19083 
731	8	0.96577 0.89999 0.04672 0.93884 0.93989 0.07373 
732	8	0.91259 0.91869 0.04629 0.84846 0.90146 0.16012 
733	8	0.90469 0.92891 0.05522 0.83546 0.90568 0.16449 
734	8	0.90639 0.91966 0.03903 0.83880 0.90102 0.15822 
735	8	0.46031 0.88115 0.17058 0.39613 0.84249 0.38161 
736	8	0.42430 0.89268 0.12342 0.36830 0.82289 0.42149 
737	8	0.48156 0.83462 0.08630 0.43408 0.87387 0.31171 
738	8	0.40111 0.88724 0.14208 0.38568 0.86078 0.37414 
739	8	0.53187 0.90264 0.12484 0.42544 0.85886 0.37405 
740	8	0.59179 0.91484 0.13836 0.44688 0.82119 0.40299 
741	8	0.58934 0.91340 0.07919 0.47229 0.89295 0.32725 
742	8	0.49229 0.90101 0.12834 0.40094 0.84731 0.39392 
743	8	0.35663 0.91768 0.13838 0.34463 0.81854 0.43922 
744	8	0.37638 0.85959 0.14343 0.36074 0.80227 0.40911 
745	8	0.38263 0.91494 0.12640 0.35448 0.82376 0.42892 
746	8	0.46417 0.87890 0.12749 0.40960 0.86179 0.35022 
747	8	0.44420 0.92754 0.11722 0.43393 0.93410 0.29573 
748	8	0.38502 0.88594 0.14878 0.38506 0.84893 0.37229 
749	8	0.42547 0.83839 0.16764 0.42067 0.87620 0.31579 
750	8	0.51818 0.87218 0.16120 0.44740 0.88284 0.31045 
751	8	0.49977 0.84781 0.17868 0.43774 0.87733 0.31528 
752	8	0.48315 0.88216 0.15762 0.39251 0.80890 0.40627 
753	8	0.48007 0.87296 0.12868 0.40497 0.83568 0.37243 
754	8	0.40420 0.86937 0.18356 0.32955 0.77037 0.46903 
755	8	0.40483 0.89827 0.13764 0.35997 0.83272 0.41932 
756	8	0.39872 0.91231 0.15680 0.35396 0.83799 0.42721 
757	8	0.50296 0.87185 0.16462 0.42119 0.85439 0.35993 
758	8	0.41814 0.90656 0.12136 0.39794 0.87340 0.35716 
759	8	0.58582 0.91796 0.09911 0.46975 0.89462 0.33160 
760	8	0.61190 0.91884 0.07937 0.49137 0.89723 0.31931 
761	8	0.88008 0.87715 0.14042 0.79541 0.87181 0.19433 
762	8	0.69314 0.91819 0.13498 0.53017 0.82024 0.38616 
763	8	0.54162 0.83105 0.18736 0.39158 0.72868 0.44063 
764	8	0.62326 0.88142 0.11206 0.46841 0.81131 0.38496 
765	8	0.38512 0.70700 0.24988 0.31525 0.65154 0.47279 
766	8	0.41565 0.75403 0.22554 0.27132 0.50456 0.56924 
767	8	0.50479 0.82678 0.19085 0.30630 0.54048 0.61668 
768	8	0.45056 0.82766 0.19320 0.26712 0.47017 0.62199 
769	8	0.59916 0.88096 0.07351 0.46019 0.82726 0.37822 
770	8	0.69307 0.84240 0.09765 0.56944 0.87979 0.26108 
771	8	0.62922 0.81512 0.06907 0.50854 0.84937 0.29580 
772	8	0.70254 0.79437 0.06288 0.57855 0.86630 0.25863 
773	8	0.32675 0.87962 0.08401 0.34459 0.81902 0.43050 
774	8	0.54828 0.91048 0.09465 0.41218 0.81752 0.41019 
775	8	0.67585 0.84985 0.10870 0.51651 0.76038 0.39529 
776	8	0.44714 0.68707 0.38794 0.32297 0.59029 0.48327 
777	8	0.52775 0.55623 0.34072 0.39059 0.61619 0.40895 
778	8	0.60145 0.61228 0.26990 0.43038 0.59396 0.43558 
779	8	0.58931 0.66913 0.40965 0.41660 0.55475 0.45104 
780	8	0.69649 0.55396 0.23463 0.54173 0.63799 0.34109 
781	8	0.74702 0.35397 0.18019 0.60348 0.66800 0.30721 
782	8	0.77172 0.47459 0.18819 0.63626 0.70355 0.28773 
783	8	0.82520 0.59098 0.20609 0.71109 0.76829 0.24924 
784	8	0.85793 0.70186 0.08934 0.76179 0.82206 0.21276 
785	8	0.62478 0.90162 0.07871 0.47626 0.81592 0.37901 
786	8	0.62676 0.90796 0.06186 0.47310 0.80707 0.39241 
787	8	0.78960 0.74019 0.13669 0.67187 0.83705 0.23891 
788	8	0.73063 0.79458 0.11268 0.60792 0.86821 0.24687 
789	8	0.71729 0.85391 0.07522 0.58439 0.85375 0.28849 
790	8	0.63532 0.90098 0.07086 0.49023 0.83568 0.36555 
791	8	0.42899 0.86874 0.12282 0.35311 0.78256 0.43657 
792	8	0.50911 0.87268 0.07301 0.42126 0.86779 0.35879 
793	8	0.43742 0.90995 0.09818 0.34089 0.80191 0.46688 
794	8	0.27166 0.90952 0.17140 0.15002 0.60028 0.70493 
795	8	0.22810 0.90982 0.25034 0.11859 0.54811 0.75381 
796	8	0.24071 0.90594 0.25412 0.13264 0.56435 0.72561 
797	8	0.19672 0.88060 0.44769 0.09116 0.44008 0.79914 
798	8	0.32674 0.89041 0.32664 0.17763 0.57148 0.68681 
799	8	0.29890 0.92018 0.30050 0.15523 0.59686 0.71068 
800	9	0.88404 0.94982 0.03097 0.80314 0.94453 0.17189 
801	9	0.77965 0.94699 0.04190 0.64691 0.90602 0.28453 
802	9	0.74292 0.96879 0.04501 0.59182 0.87736 0.35752 
803	9	0.80280 0.92113 0.10880 0.68441 0.91698 0.24039 
804	9	0.38031 0.92086 0.15300 0.36576 0.91416 0.37491 
805	9	0.27844 0.94869 0.12768 0.25436 0.82765 0.55251 
806	9	0.48913 0.92467 0.08040 0.38564 0.88246 0.40474 
807	9	0.85746 0.92395 0.03492 0.76308 0.93448 0.18767 
808	9	0.37272 0.91949 0.10310 0.35927 0.88081 0.40540 
809	9	0.41372 0.92292 0.01671 0.44119 0.95240 0.27368 
810	9	0.55969 0.92544 0.05975 0.45235 0.90994 0.33937 
811	9	0.83972 0.92013 0.03702 0.74013 0.95096 0.18455 
812	9	0.58031 0.94628 0.11527 0.43333 0.87658 0.40428 
813	9	0.30007 0.93553 0.14036 0.26128 0.81050 0.54461 
814	9	0.43728 0.93835 0.07596 0.32401 0.85033 0.47962 
815	9	0.57601 0.93351 0.10587 0.40123 0.81196 0.47458 
816	9	0.64426 0.92764 0.12322 0.50125 0.90205 0.33542 
817	9	0.41613 0.90080 0.05819 0.40560 0.91880 0.33022 
818	9	0.86724 0.95447 0.05530 0.77634 0.93468 0.19225 
819	9	0.93078 0.98258 0.01922 0.88048 0.98640 0.09074 
820	9	0.85936 0.89494 0.05028 0.76734 0.93256 0.17503 
821	9	0.82075 0.94346 0.06324 0.70529 0.90539 0.25019 
822	9	0.98232 0.93275 0.01586 0.96828 0.97993 0.03229 
823	9	0.81944 0.94054 0.05022 0.70474 0.91206 0.24065 
824	9	0.82096 0.95800 0.04707 0.70560 0.91425 0.24963 
825	9	0.90608 0.90678 0.12098 0.84122 0.95799 0.11675 
826	9	0.46805 0.92228 0.06536 0.36673 0.85357 0.42581 
827	9	0.48373 0.90782 0.12924 0.43427 0.92621 0.30759 
828	9	0.61070 0.88657 0.11042 0.51017 0.93349 0.25982 
829	9	0.54785 0.89953 0.11804 0.46384 0.92834 0.28918 
830	9	0.35722 0.91933 0.14369 0.34842 0.88372 0.40839 
831	9	0.35480 0.89922 0.13843 0.39038 0.91780 0.33790 
832	9	0.48573 0.92575 0.04081 0.37989 0.87155 0.41511 
833	9	0.63689 0.92285 0.15794 0.49033 0.87027 0.35763 
834	9	0.64254 0.91950 0.05023 0.50963 0.90233 0.31754 
835	9	0.67487 0.91725 0.11767 0.51316 0.81008 0.39999 
836	9	0.61489 0.95789 0.08265 0.45305 0.89506 0.40517 
837	9	0.50113 0.93322 0.07258 0.37586 0.87917 0.42692 
838	9	0.39955 0.95289 0.08874 0.34076 0.88734 0.43498 
839	9	0.47014 0.94193 0.02497 0.39837 0.92403 0.36172 
840	9	0.48294 0.91141 0.11947 0.42554 0.90477 0.33045 
841	9	0.35600 0.92358 0.07300 0.36619 0.87977 0.39193 
842	9	0.49350 0.95824 0.05136 0.44911 0.96765 0.27976 
843	9	0.74270 0.95596 0.08222 0.62074 0.95049 0.23518 
844	9	0.95919 0.91494 0.07488 0.92852 0.97649 0.05705 
845	9	1.00000 0.96027 0.04047 1.00000 1.00000 0.00000 
846	9	0.96677 0.95845 0.00989 0.94178 0.99230 0.04343 
847	9	0.88533 0.94343 0.14636 0.80945 0.97561 0.12760 
848	9	0.86638 0.94443 0.05445 0.77747 0.95351 0.17244 
849	9	0.39328 0.86831 0.14034 0.26871 0.71682 0.53339 
850	9	0.59639 0.84075 0.17541 0.42190 0.72182 0.45540 
851	9	0.48690 0.80851 0.21379 0.30588 0.65905 0.54457 
852	9	0.38522 0.81812 0.25424 0.25646 0.69467 0.52924 
853	9	0.42208 0.84088 0.18719 0.24922 0.63487 0.60879 
854	9	0.41452 0.86400 0.20630 0.23811 0.60197 0.63443 
855	9	0.40568 0.85400 0.23865 0.24493 0.64225 0.60767 
856	9	0.43287 0.88870 0.11510 0.25949 0.65053 0.61462 
857	9	0.54153 0.79032 0.19656 0.35810 0.61844 0.51800 
858	9	0.63159 0.71667 0.30807 0.45287 0.63728 0.43585 
859	9	0.42542 0.79461 0.17684 0.28227 0.64732 0.54773 
860	9	0.48428 0.89159 0.14912 0.32886 0.77363 0.51042 
861	9	0.39083 0.87298 0.17358 0.24922 0.66083 0.60307 
862	9	0.39380 0.86626 0.16818 0.23141 0.60117 0.63240 
863	9	0.45629 0.85949 0.18798 0.31741 0.70767 0.50135 
864	9	0.59338 0.92908 0.10572 0.42147 0.81469 0.46496 
865	9	0.43347 0.89863 0.11012 0.32662 0.83723 0.46692 
866	9	0.77996 0.88001 0.08312 0.65038 0.87775 0.28253 
867	9	0.74406 0.85290 0.07900 0.60957 0.90447 0.27436 
868	9	0.84735 0.90159 0.07699 0.74545 0.90168 0.21895 
869	9	0.59215 0.92057 0.19370 0.42430 0.78626 0.43751 
870	9	0.69730 0.90353 0.10559 0.54359 0.83501 0.34906 
871	9	0.92259 0.95469 0.04764 0.86530 0.94587 0.12817 
872	9	0.80851 0.96449 0.05577 0.68523 0.89449 0.28087 
873	9	0.88598 0.94373 0.10563 0.80556 0.92128 0.17598 
874	9	0.88605 0.93259 0.06633 0.80526 0.91525 0.18404 
875	9	0.51387 0.92521 0.08717 0.35331 0.77637 0.48591 
876	9	0.37612 0.89473 0.23915 0.30861 0.80268 0.46738 
877	9	0.29220 0.90907 0.17003 0.23702 0.73996 0.56856 
878	9	0.39620 0.86750 0.13944 0.28932 0.71870 0.51422 
879	9	0.31101 0.89829 0.15723 0.26421 0.75379 0.52663 
880	9	0.36038 0.90163 0.08225 0.28177 0.73140 0.52100 
881	9	0.23458 0.89357 0.12771 0.19702 0.69123 0.60855 
882	9	0.20032 0.93242 0.20191 0.14472 0.63631 0.71513 
883	9	0.36108 0.92870 0.07862 0.24107 0.75526 0.58722 
884	9	0.52180 0.92832 0.12623 0.39544 0.85464 0.41616 
885	9	0.58072 0.95749 0.08656 0.46141 0.92536 0.33977 
886	9	0.39926 0.94243 0.03404 0.37886 0.91120 0.38016 
887	9	0.47167 0.94116 0.05684 0.39072 0.90385 0.38672 
888	9	0.41591 0.94415 0.04976 0.37425 0.91200 0.38907 
889	9	0.38879 0.94714 0.04998 0.36883 0.93809 0.37652 
890	9	0.39632 0.94170 0.09741 0.30911 0.85810 0.48212 
891	9	0.50846 0.92262 0.08375 0.38428 0.87954 0.42076 
892	9	0.53564 0.94365 0.09442 0.43893 0.92576 0.33824 
893	9	0.56246 0.92488 0.11193 0.40586 0.84393 0.44379 
894	9	0.84641 0.90190 0.07947 0.74325 0.89271 0.22786 
895	9	0.84038 0.95307 0.10792 0.73388 0.90019 0.23598 
896	9	0.75794 0.92252 0.11511 0.61331 0.84444 0.32787 
897	9	0.90983 0.91117 0.05310 0.84436 0.92792 0.14709 
898	9	0.90391 0.94976 0.02551 0.83516 0.94079 0.15066 
899	9	0.78407 0.94844 0.09384 0.65081 0.87485 0.30056 
900	10	0.09870 0.92978 0.40377 0.07813 0.50933 0.81781 
901	10	0.08366 0.93533 0.29162 0.02977 0.39970 0.92180 
902	10	0.09331 0.93383 0.25305 0.03782 0.39737 0.92906 
903	10	0.09236 0.92928 0.27762 0.05602 0.43087 0.88290 
904	10	0.10553 0.91811 0.30071 0.09089 0.55374 0.76758 
905	10	0.11376 0.93509 0.29153 0.03997 0.41690 0.90993 
906	10	0.09544 0.92573 0.31941 0.03720 0.39000 0.90877 
907	10	0.09258 0.93582 0.28487 0.04421 0.43137 0.90360 
908	10	0.06859 0.91903 0.25939 0.01855 0.32020 0.96400 
909	10	0.04295 0.92563 0.37246 0.00000 0.30757 1.00000 
910	10	0.07619 0.92678 0.21958 0.02283 0.35627 0.94776 
911	10	0.10503 0.91992 0.39530 0.01947 0.31186 0.97037 
912	10	0.11794 0.92657 0.36429 0.02504 0.33382 0.96287 
913	10	0.14968 0.91996 0.37916 0.05050 0.40613 0.89966 
914	10	0.17716 0.92110 0.23409 0.12985 0.65600 0.70025 
915	10	0.07631 0.92114 0.31394 0.03270 0.39272 0.92653 
916	10	0.22482 0.94014 0.25663 0.08725 0.48622 0.85461 
917	10	0.14107 0.92996 0.28503 0.04920 0.40710 0.88869 
918	10	0.17503 0.93047 0.31027 0.06034 0.41031 0.88980 
919	10	0.25894 0.95287 0.23214 0.11594 0.54852 0.81246 
920	10	0.04379 0.93216 0.26118 0.02832 0.48745 0.90145 
921	10	0.12539 0.93572 0.28110 0.07825 0.56803 0.82097 
922	10	0.24620 0.94483 0.19916 0.16493 0.77836 0.63659 
923	10	0.14034 0.95499 0.24433 0.08074 0.58237 0.81756 
924	10	0.29626 0.95351 0.18346 0.14885 0.64323 0.74010 
925	10	0.13769 0.95869 0.19968 0.10491 0.63929 0.77417 
926	10	0.08358 0.92696 0.30172 0.04281 0.50217 0.86457 
927	10	0.18006 0.93051 0.27133 0.08374 0.56133 0.81105 
928	10	0.19679 0.94387 0.18462 0.09745 0.59256 0.79121 
929	10	0.13001 0.95684 0.27997 0.09306 0.60833 0.78419 
930	10	0.09891 0.95230 0.17656 0.06966 0.56369 0.84541 
931	10	0.23127 0.97303 0.20172 0.10219 0.63584 0.80596 
932	10	0.23709 0.94993 0.21916 0.14737 0.70240 0.69955 
933	10	0.09866 0.93108 0.35805 0.06447 0.54332 0.83102 
934	10	0.22202 0.95859 0.18609 0.19199 0.78474 0.62032 
935	10	0.18889 0.94975 0.23479 0.12517 0.67731 0.73055 
936	10	0.16196 0.93818 0.27526 0.09884 0.59177 0.75841 
937	10	0.19979 0.93615 0.16972 0.15431 0.67164 0.69037 
938	10	0.14558 0.93552 0.34941 0.08644 0.56441 0.79150 
939	10	0.27772 0.93108 0.34060 0.12762 0.55210 0.76799 
940	10	0.21521 0.93739 0.37350 0.12451 0.63620 0.73624 
941	10	0.30737 0.95564 0.20879 0.19209 0.72595 0.63983 
942	10	0.21396 0.93506 0.27602 0.11204 0.57959 0.77686 
943	10	0.21980 0.93852 0.33678 0.11656 0.60267 0.75344 
944	10	0.17095 0.93434 0.38512 0.08488 0.52515 0.82565 
945	10	0.13582 0.93888 0.28829 0.06399 0.53048 0.84273 
946	10	0.17711 0.94938 0.28660 0.12226 0.63178 0.73435 
947	10	0.06207 0.93931 0.38549 0.05174 0.50844 0.85831 
948	10	0.09609 0.93739 0.39673 0.06248 0.52350 0.84563 
949	10	0.31704 0.93773 0.14315 0.27459 0.82289 0.51976 
950	10	0.30259 0.94484 0.18613 0.27461 0.81587 0.52277 
951	10	0.32885 0.96242 0.13038 0.27845 0.85694 0.49718 
952	10	0.25203 0.95227 0.23468 0.15545 0.69265 0.67767 
953	10	0.22170 0.94073 0.23961 0.18567 0.74893 0.63156 
954	10	0.15668 0.92955 0.32057 0.09551 0.59736 0.77395 
955	10	0.14110 0.92432 0.43461 0.06397 0.48886 0.84042 
956	10	0.00000 0.92057 0.29517 0.02951 0.44458 0.89652 
957	10	0.11542 0.93523 0.38613 0.06735 0.50635 0.83598 
958	10	0.22369 0.94048 0.32095 0.13548 0.63763 0.73723 
959	10	0.28939 0.95384 0.25203 0.15736 0.68048 0.69717 
960	10	0.08188 0.92677 0.30843 0.04082 0.43404 0.89852 
961	10	0.17781 0.94802 0.27546 0.11465 0.65903 0.73648 
962	10	0.12530 0.89868 0.29634 0.06757 0.46007 0.85115 
963	10	0.42103 0.94116 0.26399 0.25557 0.73915 0.60069 
964	10	0.40708 0.94421 0.19002 0.24364 0.74633 0.60057 
965	10	0.19059 0.91477 0.34351 0.10951 0.58565 0.76332 
966	10	0.13936 0.93222 0.22065 0.12821 0.70589 0.69762 
967	10	0.16474 0.92453 0.33539 0.07667 0.48052 0.84074 
968	10	0.31355 0.94527 0.25549 0.15193 0.51608 0.77319 
969	10	0.46916 0.95155 0.15384 0.29628 0.68647 0.59768 
970	10	0.07671 0.92658 0.39332 0.06644 0.50295 0.82208 
971	10	0.32608 0.93394 0.29020 0.14492 0.47321 0.81443 
972	10	0.32428 0.93493 0.27642 0.14740 0.51646 0.79977 
973	10	0.32325 0.94018 0.25852 0.14829 0.51005 0.78937 
974	10	0.33697 0.94263 0.25897 0.15449 0.50696 0.79808 
975	10	0.13644 0.92770 0.47542 0.03653 0.31357 0.94392 
976	10	0.13708 0.93098 0.34048 0.05855 0.45761 0.87426 
977	10	0.23665 0.94678 0.28650 0.08680 0.43215 0.87400 
978	10	0.30889 0.94999 0.24655 0.13592 0.51140 0.80733 
979	10	0.01913 0.92144 0.31947 0.02414 0.38320 0.92230 
980	10	0.12099 0.91540 0.38233 0.05404 0.40509 0.88909 
981	10	0.22278 0.94693 0.24110 0.09223 0.50080 0.84211 
982	10	0.24832 0.95112 0.25071 0.12081 0.58809 0.77394 
983	10	0.04920 0.93407 0.23314 0.04193 0.50388 0.87189 
984	10	0.10397 0.94847 0.27824 0.05296 0.54058 0.85997 
985	10	0.28570 0.96410 0.18168 0.12967 0.61586 0.78830 
986	10	0.31671 0.96053 0.21666 0.15510 0.64192 0.73643 
987	10	0.24372 0.95461 0.20805 0.09984 0.56277 0.82110 
988	10	0.32792 0.96289 0.27646 0.15904 0.62730 0.74649 
989	10	0.07997 0.92262 0.23852 0.04325 0.48896 0.86557 
990	10	0.24144 0.95780 0.19191 0.10876 0.59817 0.79423 
991	10	0.37383 0.96336 0.18463 0.19476 0.67341 0.70330 
992	10	0.18454 0.96092 0.21955 0.10081 0.61939 0.77607 
993	10	0.25689 0.94409 0.34706 0.11690 0.58305 0.78619 
994	10	0.21846 0.95445 0.24656 0.20537 0.80092 0.58553 
995	10	0.25334 0.95661 0.21464 0.11738 0.57677 0.79792 
996	10	0.10189 0.95096 0.26649 0.08648 0.64398 0.77346 
997	10	0.21088 0.95923 0.17265 0.19541 0.80187 0.59834 
998	10	0.22451 0.96210 0.22796 0.12476 0.69838 0.72675 
999	10	0.24222 0.94775 0.24578 0.20157 0.79152 0.59161 
1000	11	0.92656 0.99374 0.00921 0.87222 0.97702 0.12004 
1001	11	0.82499 0.97808 0.03203 0.71046 0.90939 0.26421 
1002	11	0.48017 0.97251 0.03061 0.35770 0.89781 0.44398 
1003	11	0.87051 0.97697 0.01328 0.78223 0.94658 0.19149 
1004	11	0.88225 0.97869 0.01972 0.80020 0.95016 0.18054 
1005	11	0.77150 0.96369 0.02315 0.64004 0.92379 0.28885 
1006	11	0.62616 0.97520 0.03252 0.46685 0.90322 0.40584 
1007	11	0.84546 0.95611 0.02656 0.74806 0.94231 0.19795 
1008	11	0.73778 0.96140 0.03511 0.59481 0.91284 0.31937 
1009	11	0.83943 0.97219 0.02500 0.73355 0.92887 0.23499 
1010	11	0.80787 0.96643 0.02673 0.68939 0.92902 0.25767 
1011	11	0.83730 0.95424 0.02901 0.73453 0.93798 0.21119 
1012	11	0.73967 0.96588 0.02967 0.60102 0.92462 0.30484 
1013	11	0.80812 0.96261 0.03308 0.68852 0.92075 0.26382 
1014	11	0.89345 0.95136 0.02984 0.81731 0.93775 0.17284 
1015	11	0.75121 0.94837 0.05610 0.61095 0.90398 0.31226 
1016	11	0.44381 0.94528 0.10317 0.33694 0.83440 0.46172 
1017	11	0.58406 0.96535 0.07729 0.42036 0.85123 0.44777 
1018	11	0.32548 0.95695 0.09972 0.30185 0.84643 0.49045 
1019	11	0.62563 0.97434 0.04671 0.49207 0.93454 0.33320 
1020	11	0.63574 0.96995 0.03757 0.49325 0.91116 0.35569 
1021	11	0.58158 0.96188 0.05016 0.45557 0.91505 0.35908 
1022	11	0.59424 0.96729 0.04015 0.43165 0.88067 0.43191 
1023	11	0.35692 0.96926 0.06955 0.36572 0.91673 0.39933 
1024	11	0.38176 0.96285 0.05133 0.36331 0.90853 0.40517 
1025	11	0.57493 0.97181 0.06022 0.42774 0.89224 0.40054 
1026	11	0.61567 0.96507 0.09719 0.46266 0.88419 0.38434 
1027	11	0.57288 0.95091 0.07546 0.45195 0.90869 0.34823 
1028	11	0.53916 0.96032 0.05020 0.42222 0.90580 0.37220 
1029	11	0.45461 0.96899 0.04380 0.36655 0.89577 0.42230 
1030	11	0.67344 0.96751 0.03329 0.53022 0.91157 0.32803 
1031	11	0.64792 0.96580 0.03453 0.49969 0.91133 0.35297 
1032	11	0.61495 0.96830 0.03815 0.46751 0.90309 0.37340 
1033	11	0.53683 0.95154 0.04407 0.42446 0.89509 0.36889 
1034	11	0.45801 0.96870 0.03873 0.38498 0.90724 0.39177 
1035	11	0.45109 0.96481 0.02394 0.38256 0.90869 0.39270 
1036	11	0.57351 0.94521 0.03836 0.48299 0.94078 0.28256 
1037	11	0.56388 0.94313 0.06071 0.47956 0.94286 0.27988 
1038	11	0.55621 0.97615 0.10289 0.37958 0.85498 0.49942 
1039	11	0.34420 0.97542 0.06156 0.29508 0.87053 0.50148 
1040	11	0.61759 0.97229 0.04127 0.45964 0.89575 0.39899 
1041	11	0.76337 0.97940 0.05816 0.62152 0.88768 0.33295 
1042	11	0.39971 0.94159 0.08628 0.37816 0.88757 0.37802 
1043	11	0.83059 0.92579 0.05574 0.71944 0.90324 0.24599 
1044	11	0.59851 0.95539 0.07001 0.41252 0.82311 0.49446 
1045	11	0.78332 0.95356 0.03112 0.64906 0.89649 0.30641 
1046	11	0.83516 0.97143 0.01604 0.73046 0.94339 0.21424 
1047	11	0.71513 0.94814 0.05130 0.58855 0.93075 0.26161 
1048	11	0.60858 0.97585 0.06349 0.43738 0.87347 0.45038 
1049	11	0.69825 0.97153 0.05157 0.54826 0.91677 0.34748 
1050	11	0.42474 0.97263 0.03473 0.35646 0.89029 0.43515 
1051	11	0.30464 0.96422 0.04543 0.31120 0.87076 0.47785 
1052	11	0.66432 0.97903 0.03437 0.50780 0.89578 0.38147 
1053	11	0.82645 0.96374 0.02793 0.71336 0.91220 0.25760 
1054	11	0.94500 0.94822 0.00312 0.90491 0.97597 0.08064 
1055	11	0.94288 0.95212 0.00233 0.90132 0.97673 0.08375 
1056	11	0.76830 0.96581 0.03505 0.63516 0.91423 0.28966 
1057	11	0.80994 0.97797 0.01594 0.69156 0.93200 0.25965 
1058	11	0.91960 0.95464 0.00199 0.86367 0.97411 0.10601 
1059	11	0.64868 0.97856 0.03140 0.48875 0.90028 0.39027 
1060	11	0.79229 0.97546 0.02194 0.66927 0.93801 0.25875 
1061	11	0.81167 0.97072 0.03972 0.69373 0.92941 0.25432 
1062	11	0.81352 0.97669 0.02801 0.69340 0.91545 0.27391 
1063	11	0.76626 0.97635 0.01895 0.63182 0.92585 0.28991 
1064	11	0.80433 0.97345 0.02696 0.68503 0.92941 0.25620 
1065	11	0.59948 0.97371 0.03999 0.44815 0.90446 0.39330 
1066	11	0.79719 0.97144 0.02878 0.67884 0.93847 0.24179 
1067	11	0.76974 0.97493 0.04842 0.63130 0.89924 0.30929 
1068	11	0.52201 0.95064 0.05626 0.40386 0.87650 0.40508 
1069	11	0.74537 0.97824 0.05189 0.60476 0.91690 0.31308 
1070	11	0.72791 0.98224 0.04450 0.58589 0.92110 0.31571 
1071	11	0.81980 0.97642 0.02447 0.70861 0.93535 0.23619 
1072	11	0.68164 0.97466 0.03571 0.52955 0.91197 0.34916 
1073	11	0.31983 0.96610 0.03630 0.33425 0.89190 0.44667 
1074	11	0.38191 0.96853 0.04500 0.33865 0.89237 0.44059 
1075	11	0.41480 0.97385 0.03732 0.33354 0.88486 0.45920 
1076	11	0.52224 0.96659 0.04923 0.39271 0.88435 0.41821 
1077	11	0.36549 0.96353 0.04465 0.34583 0.89091 0.42532 
1078	11	0.35000 0.95984 0.02927 0.36670 0.90155 0.39697 
1079	11	0.69575 0.96692 0.04405 0.55095 0.92416 0.32673 
1080	11	0.85773 0.96717 0.03659 0.76059 0.93723 0.21774 
1081	11	0.67889 0.96579 0.06367 0.51979 0.90261 0.37598 
1082	11	0.77417 0.97660 0.05771 0.63606 0.90806 0.31930 
1083	11	0.33474 0.96794 0.06051 0.30658 0.87097 0.47966 
1084	11	0.41680 0.97315 0.05128 0.33449 0.89107 0.46038 
1085	11	0.62876 0.97138 0.06934 0.47509 0.91526 0.37735 
1086	11	0.40575 0.97032 0.04664 0.32322 0.89203 0.46459 
1087	11	0.78640 0.95340 0.01727 0.67630 0.96578 0.20134 
1088	11	0.55332 0.98642 0.04027 0.39403 0.88732 0.45789 
1089	11	0.37831 0.99036 0.02808 0.31464 0.92740 0.47268 
1090	11	0.49926 0.98580 0.05629 0.34254 0.88510 0.49211 
1091	11	0.49473 0.98504 0.06715 0.34812 0.89381 0.47235 
1092	11	0.35910 0.98694 0.04249 0.37096 0.94437 0.38531 
1093	11	0.38969 0.98473 0.01356 0.36443 0.93708 0.40027 
1094	11	0.34065 0.98355 0.04439 0.34560 0.92532 0.42319 
1095	11	0.31675 0.98335 0.08292 0.32142 0.91202 0.45057 
1096	11	0.38593 0.97840 0.02580 0.43377 0.97303 0.28750 
1097	11	0.50546 0.94475 0.04324 0.45084 0.93914 0.29260 
1098	11	0.57961 0.96162 0.03834 0.46671 0.92145 0.32798 
1099	11	0.74831 0.97158 0.04287 0.60305 0.91607 0.32937 
1100	12	0.64347 0.96340 0.02975 0.49760 0.93498 0.34312 
1101	12	0.49530 0.94439 0.05436 0.35909 0.89250 0.45193 
1102	12	0.36161 0.95995 0.09016 0.23912 0.83616 0.58189 
1103	12	0.45813 0.97904 0.05174 0.28748 0.85608 0.56359 
1104	12	0.55440 0.96883 0.03003 0.40777 0.92261 0.40637 
1105	12	0.60070 0.96666 0.02749 0.43582 0.90462 0.42122 
1106	12	0.76381 0.97613 0.02909 0.62880 0.93823 0.28375 
1107	12	0.58684 0.96424 0.05893 0.40937 0.88265 0.47018 
1108	12	0.39875 0.97188 0.04880 0.28712 0.91290 0.49207 
1109	12	0.51332 0.96403 0.02899 0.37153 0.91799 0.43357 
1110	12	0.71490 0.96425 0.03234 0.56254 0.92472 0.33930 
1111	12	0.71815 0.95906 0.03327 0.56963 0.92009 0.32793 
1112	12	0.69271 0.96081 0.03331 0.54220 0.93199 0.33042 
1113	12	0.80603 0.95161 0.01933 0.68509 0.93967 0.25602 
1114	12	0.92585 0.93175 0.00543 0.87271 0.97483 0.10427 
1115	12	0.87117 0.91857 0.03880 0.78179 0.92517 0.19720 
1116	12	0.56014 0.94527 0.05236 0.41218 0.90064 0.42032 
1117	12	0.67626 0.94820 0.06526 0.50596 0.86738 0.41247 
1118	12	0.93137 0.94527 0.01245 0.88157 0.97165 0.10122 
1119	12	0.60480 0.97197 0.02734 0.45226 0.92719 0.38901 
1120	12	0.30552 0.96301 0.03679 0.25425 0.85731 0.53656 
1121	12	0.28527 0.96325 0.05812 0.23535 0.87454 0.55167 
1122	12	0.52378 0.94923 0.04531 0.35987 0.86835 0.47897 
1123	12	0.32611 0.96027 0.04770 0.26904 0.89243 0.50706 
1124	12	0.21613 0.96145 0.06972 0.17106 0.82143 0.63835 
1125	12	0.77052 0.95761 0.03405 0.64214 0.94874 0.26095 
1126	12	0.79337 0.95939 0.04774 0.67104 0.94240 0.25184 
1127	12	0.60367 0.98296 0.04067 0.43207 0.92094 0.42973 
1128	12	0.70923 0.96439 0.01115 0.56889 0.95053 0.29385 
1129	12	0.54405 0.96408 0.06360 0.36985 0.86815 0.49117 
1130	12	0.31383 0.95556 0.05173 0.28112 0.88365 0.49986 
1131	12	0.46345 0.95414 0.03077 0.37890 0.93445 0.38751 
1132	12	0.34798 0.96136 0.02432 0.36245 0.92754 0.38985 
1133	12	0.40007 0.98476 0.05773 0.34172 0.94283 0.42133 
1134	12	0.50006 0.97571 0.04439 0.40608 0.97120 0.33698 
1135	12	0.49169 0.94485 0.04140 0.35838 0.89583 0.43187 
1136	12	0.50897 0.96242 0.03964 0.33491 0.87483 0.50277 
1137	12	0.36493 0.95633 0.04989 0.31028 0.91040 0.44648 
1138	12	0.63977 0.98613 0.07506 0.48190 0.95371 0.35130 
1139	12	0.61059 0.95727 0.06574 0.43760 0.89257 0.42997 
1140	12	0.58837 0.96272 0.04372 0.41574 0.89349 0.44268 
1141	12	0.66855 0.96029 0.04511 0.50788 0.92081 0.36354 
1142	12	0.33998 0.93108 0.05688 0.36573 0.92274 0.37094 
1143	12	0.56537 0.96636 0.05782 0.39422 0.90229 0.44640 
1144	12	0.50827 0.94543 0.08040 0.35260 0.87277 0.46011 
1145	12	0.42216 0.95394 0.13191 0.27172 0.85463 0.52712 
1146	12	0.43736 0.95433 0.10357 0.29459 0.88144 0.48895 
1147	12	0.67269 0.94206 0.04969 0.50563 0.89088 0.38894 
1148	12	0.64913 0.96594 0.08064 0.48455 0.90747 0.39067 
1149	12	0.47985 0.92778 0.04317 0.39889 0.91044 0.35509 
1150	12	0.52073 0.94607 0.10841 0.37519 0.87259 0.43545 
1151	12	0.74775 0.96859 0.04037 0.60336 0.92196 0.30806 
1152	12	0.70735 0.95914 0.05633 0.55170 0.91161 0.33873 
1153	12	0.70170 0.95281 0.07255 0.53916 0.88656 0.37822 
1154	12	0.50350 0.94774 0.06362 0.32314 0.85966 0.52145 
1155	12	0.22090 0.95053 0.09790 0.19499 0.84368 0.57675 
1156	12	0.32395 0.95783 0.13377 0.24969 0.88569 0.50660 
1157	12	0.49982 0.93605 0.07766 0.40119 0.92766 0.36110 
1158	12	0.33996 0.93726 0.11758 0.28088 0.86932 0.48524 
1159	12	0.47711 0.97379 0.17408 0.33129 0.93656 0.44419 
1160	12	0.59567 0.94821 0.10186 0.41830 0.88016 0.44723 
1161	12	0.45854 0.97391 0.08817 0.35034 0.94736 0.41326 
1162	12	0.52299 0.97685 0.10764 0.34982 0.93489 0.45174 
1163	12	0.60421 0.94089 0.04937 0.47028 0.93086 0.33665 
1164	12	0.89336 0.95490 0.05923 0.81934 0.98178 0.13972 
1165	12	0.40497 0.94873 0.08363 0.34490 0.89771 0.41839 
1166	12	0.55847 0.94019 0.08422 0.39583 0.89776 0.42852 
1167	12	0.34763 0.95220 0.06099 0.26827 0.87030 0.51131 
1168	12	0.37981 0.95425 0.02897 0.39492 0.95116 0.33750 
1169	12	0.63584 0.95679 0.04094 0.48632 0.91963 0.35091 
1170	12	0.58314 0.96065 0.05877 0.41737 0.92362 0.41753 
1171	12	0.64989 0.95226 0.06771 0.48604 0.89631 0.38480 
1172	12	0.87838 0.94772 0.02443 0.79599 0.95794 0.16487 
1173	12	0.85212 0.93631 0.02883 0.75695 0.95791 0.18525 
1174	12	0.66354 0.94778 0.05534 0.51171 0.90096 0.34508 
1175	12	0.75677 0.93705 0.10580 0.63553 0.96305 0.21319 
1176	12	0.50002 0.89854 0.13138 0.40944 0.92166 0.33662 
1177	12	0.82404 0.91516 0.13622 0.71960 0.95416 0.19140 
1178	12	0.69303 0.88884 0.16593 0.53805 0.90028 0.32837 
1179	12	0.76660 0.80551 0.13999 0.63758 0.91478 0.23996 
1180	12	0.71823 0.89018 0.04415 0.60128 0.94004 0.22969 
1181	12	0.88792 0.92719 0.01016 0.82135 0.99129 0.08938 
1182	12	0.82466 0.90538 0.06071 0.72759 0.96355 0.16426 
1183	12	0.66539 0.92612 0.28227 0.54814 0.95034 0.25315 
1184	12	0.70337 0.89125 0.09890 0.58594 0.94099 0.23504 
1185	12	0.58072 0.90908 0.33119 0.48325 0.93703 0.27974 
1186	12	0.82900 0.92243 0.07711 0.73688 0.97520 0.14530 
1187	12	0.71803 0.93228 0.10707 0.60407 0.96310 0.21663 
1188	12	0.83331 0.91884 0.11743 0.74595 0.98302 0.12665 
1189	12	0.62470 0.93408 0.20486 0.48696 0.92832 0.31694 
1190	12	0.67769 0.88982 0.05798 0.55569 0.92930 0.26398 
1191	12	0.46180 0.93113 0.14473 0.39270 0.94775 0.32989 
1192	12	0.50760 0.88515 0.15731 0.39259 0.90932 0.35881 
1193	12	0.78264 0.81439 0.15804 0.65842 0.91293 0.24246 
1194	12	0.39738 0.92747 0.18808 0.34684 0.93268 0.36873 
1195	12	0.57041 0.93376 0.04487 0.46214 0.95141 0.28996 
1196	12	0.73227 0.94181 0.09207 0.61011 0.96750 0.21736 
1197	12	0.85543 0.89967 0.04655 0.76304 0.95296 0.16479 
1198	12	0.89332 0.92874 0.05321 0.82366 0.98216 0.11030 
1199	12	0.49297 0.87191 0.18428 0.34876 0.80445 0.45881 
1200	13	0.33199 0.95243 0.19000 0.19149 0.64040 0.71000 
1201	13	0.35171 0.96052 0.19393 0.22974 0.74386 0.61801 
1202	13	0.38944 0.95560 0.15470 0.26493 0.75160 0.58461 
1203	13	0.36835 0.95562 0.17644 0.21847 0.66039 0.67081 
1204	13	0.30951 0.95191 0.20980 0.17371 0.62456 0.72905 
1205	13	0.29080 0.94896 0.13660 0.26070 0.78666 0.56071 
1206	13	0.43713 0.94026 0.16052 0.30153 0.79710 0.53262 
1207	13	0.17955 0.94763 0.21512 0.11247 0.62437 0.78633 
1208	13	0.18715 0.94550 0.22683 0.14757 0.67374 0.72642 
1209	13	0.17347 0.95763 0.18996 0.10823 0.63203 0.79005 
1210	13	0.24407 0.94617 0.18033 0.20399 0.72702 0.64030 
1211	13	0.35040 0.94941 0.17616 0.24622 0.78412 0.59031 
1212	13	0.23443 0.96772 0.12235 0.17691 0.77741 0.65653 
1213	13	0.25336 0.95309 0.14083 0.21802 0.77383 0.62031 
1214	13	0.43208 0.90363 0.19345 0.36948 0.78774 0.40922 
1215	13	0.21756 0.95788 0.18814 0.16073 0.71213 0.70492 
1216	13	0.26601 0.96621 0.11354 0.21896 0.76819 0.62361 
1217	13	0.45500 0.96720 0.04540 0.41082 0.93655 0.34213 
1218	13	0.20683 0.94902 0.18442 0.16334 0.67311 0.71461 
1219	13	0.27973 0.96095 0.19599 0.18791 0.69613 0.68782 
1220	13	0.25938 0.96162 0.12829 0.22480 0.79659 0.59941 
1221	13	0.39738 0.95839 0.10696 0.29750 0.81639 0.53042 
1222	13	0.30314 0.96040 0.12614 0.26136 0.82207 0.54487 
1223	13	0.39950 0.95266 0.12004 0.29598 0.80508 0.53530 
1224	13	0.31393 0.95104 0.11644 0.30296 0.81728 0.50600 
1225	13	0.41776 0.95088 0.10415 0.34530 0.84838 0.44887 
1226	13	0.38646 0.96237 0.15172 0.26185 0.76713 0.59316 
1227	13	0.35177 0.95712 0.08704 0.29009 0.81873 0.52652 
1228	13	0.30977 0.97530 0.10240 0.23605 0.80471 0.59863 
1229	13	0.29365 0.95442 0.13374 0.28776 0.82053 0.51377 
1230	13	0.29628 0.96362 0.13880 0.27565 0.81491 0.53762 
1231	13	0.34019 0.95889 0.12912 0.27089 0.79846 0.55853 
1232	13	0.36759 0.95973 0.10120 0.30215 0.81683 0.51061 
1233	13	0.38802 0.97009 0.09958 0.27162 0.77555 0.58207 
1234	13	0.33804 0.94532 0.20351 0.26760 0.75069 0.56832 
1235	13	0.31896 0.95491 0.17901 0.23726 0.73958 0.61059 
1236	13	0.42131 0.93494 0.11000 0.36746 0.85915 0.41437 
1237	13	0.36135 0.94590 0.11544 0.27778 0.77354 0.54873 
1238	13	0.61771 0.68149 0.38159 0.51220 0.85752 0.25151 
1239	13	0.34151 0.95544 0.17793 0.24497 0.73732 0.61103 
1240	13	0.31507 0.94572 0.16438 0.29811 0.80334 0.51318 
1241	13	0.29116 0.94403 0.23618 0.24088 0.74370 0.60062 
1242	13	0.29962 0.95370 0.12211 0.29007 0.82747 0.50456 
1243	13	0.35796 0.94367 0.20718 0.29715 0.77863 0.53032 
1244	13	0.27188 0.94677 0.20701 0.23550 0.74963 0.59757 
1245	13	0.33842 0.95297 0.15278 0.26992 0.79164 0.54543 
1246	13	0.34122 0.95120 0.16489 0.24368 0.75422 0.59974 
1247	13	0.42595 0.95525 0.13843 0.27475 0.73215 0.59913 
1248	13	0.39368 0.95006 0.13010 0.27766 0.77349 0.55981 
1249	13	0.40377 0.94959 0.11744 0.34120 0.84228 0.45376 
1250	13	0.38615 0.95323 0.11637 0.28823 0.80943 0.52674 
1251	13	0.29470 0.94687 0.13458 0.26601 0.78411 0.56291 
1252	13	0.32473 0.95033 0.15325 0.23969 0.76371 0.60140 
1253	13	0.44936 0.93804 0.06951 0.40074 0.88536 0.36535 
1254	13	0.30736 0.94179 0.22913 0.22829 0.74158 0.60936 
1255	13	0.33416 0.95064 0.14558 0.28044 0.80931 0.52203 
1256	13	0.32883 0.94739 0.16153 0.27434 0.79252 0.54195 
1257	13	0.40111 0.91873 0.11207 0.37719 0.83689 0.39283 
1258	13	0.28594 0.94728 0.17940 0.27479 0.77989 0.54491 
1259	13	0.44498 0.94175 0.09589 0.39372 0.87873 0.36791 
1260	13	0.29350 0.94823 0.11225 0.26834 0.78923 0.55398 
1261	13	0.40174 0.92874 0.07592 0.38342 0.87623 0.37381 
1262	13	0.36370 0.94987 0.14868 0.29405 0.81083 0.51100 
1263	13	0.33544 0.94821 0.11212 0.28941 0.80914 0.52650 
1264	13	0.34882 0.93272 0.12977 0.34654 0.84640 0.42975 
1265	13	0.29540 0.94732 0.14116 0.22699 0.73633 0.62143 
1266	13	0.43976 0.92112 0.13753 0.38108 0.83778 0.38599 
1267	13	0.32190 0.93882 0.10556 0.33219 0.85235 0.45035 
1268	13	0.28876 0.94403 0.15615 0.28432 0.81807 0.51406 
1269	13	0.36148 0.94302 0.13878 0.28707 0.81021 0.52486 
1270	13	0.33195 0.96010 0.15000 0.22398 0.73947 0.62039 
1271	13	0.36111 0.95138 0.11768 0.26011 0.76033 0.58295 
1272	13	0.27719 0.94567 0.16573 0.20474 0.73336 0.63120 
1273	13	0.27535 0.94735 0.20914 0.21504 0.74646 0.61416 
1274	13	0.28136 0.94404 0.17404 0.24403 0.74407 0.59121 
1275	13	0.31379 0.94505 0.15735 0.27835 0.79943 0.52617 
1276	13	0.35444 0.95163 0.14679 0.26985 0.79907 0.54809 
1277	13	0.31984 0.93716 0.15640 0.26111 0.75792 0.56925 
1278	13	0.29796 0.94326 0.17735 0.23102 0.74080 0.61134 
1279	13	0.29676 0.94429 0.17174 0.28128 0.78658 0.52740 
1280	13	0.29334 0.94120 0.16046 0.23433 0.74996 0.59590 
1281	13	0.28299 0.94702 0.24822 0.21443 0.70461 0.63824 
1282	13	0.29460 0.95029 0.14252 0.25736 0.77020 0.57286 
1283	13	0.24342 0.94634 0.21205 0.21512 0.73303 0.62195 
1284	13	0.28459 0.94371 0.19675 0.22176 0.70929 0.63322 
1285	13	0.28261 0.95688 0.15685 0.25367 0.78715 0.56051 
1286	13	0.42421 0.95027 0.16089 0.30205 0.76841 0.53153 
1287	13	0.27049 0.95239 0.16321 0.25682 0.78095 0.56564 
1288	13	0.26964 0.94733 0.18085 0.22142 0.72957 0.62425 
1289	13	0.26877 0.95479 0.15662 0.25988 0.78998 0.55372 
1290	13	0.28027 0.94219 0.15951 0.23341 0.74450 0.60459 
1291	13	0.40472 0.94489 0.15087 0.30086 0.80581 0.52123 
1292	13	0.41851 0.94811 0.14171 0.29372 0.77178 0.55355 
1293	13	0.38945 0.94244 0.10173 0.29114 0.79364 0.53735 
1294	13	0.38477 0.95057 0.16917 0.26669 0.78243 0.56959 
1295	13	0.31158 0.94425 0.16339 0.20965 0.73853 0.63283 
1296	13	0.30848 0.96082 0.12338 0.24460 0.78457 0.58341 
1297	13	0.30585 0.95540 0.11877 0.26193 0.80069 0.55357 
1298	13	0.28189 0.94602 0.17994 0.26137 0.78695 0.55274 
1299	13	0.33490 0.95039 0.14431 0.28888 0.81327 0.52437 
1300	14	0.43400 0.93174 0.25250 0.24116 0.63604 0.66806 
1301	14	0.39049 0.92498 0.18893 0.22703 0.72826 0.63771 
1302	14	0.37961 0.94071 0.16356 0.21139 0.74245 0.65616 
1303	14	0.17135 0.94006 0.29726 0.10610 0.68453 0.74801 
1304	14	0.33688 0.93849 0.31802 0.17439 0.67823 0.69744 
1305	14	0.28612 0.92988 0.25624 0.13663 0.61888 0.76455 
1306	14	0.51339 0.92961 0.16543 0.33432 0.77798 0.54097 
1307	14	0.37164 0.92257 0.28092 0.20375 0.67727 0.66870 
1308	14	0.40410 0.98873 0.14249 0.23940 0.90445 0.56866 
1309	14	0.25581 0.94341 0.15217 0.14010 0.73510 0.70564 
1310	14	0.32666 0.98471 0.16489 0.19626 0.88191 0.59679 
1311	14	0.41857 0.93639 0.20479 0.24756 0.76797 0.60497 
1312	14	0.36890 0.94715 0.19054 0.20460 0.76480 0.65432 
1313	14	0.32602 0.91372 0.23456 0.17822 0.70180 0.69230 
1314	14	0.39876 0.93070 0.21987 0.23678 0.74919 0.61622 
1315	14	0.31473 0.93034 0.19356 0.18944 0.76270 0.64432 
1316	14	0.34172 0.94015 0.17331 0.18693 0.72463 0.68073 
1317	14	0.41456 0.93836 0.20628 0.25170 0.73438 0.60535 
1318	14	0.22171 0.93592 0.11773 0.14004 0.75198 0.70035 
1319	14	0.32534 0.97381 0.08544 0.21184 0.87062 0.59202 
1320	14	0.24495 0.98677 0.06324 0.17767 0.90004 0.61217 
1321	14	0.49092 0.88308 0.39883 0.31311 0.64438 0.57601 
1322	14	0.27102 0.92030 0.11035 0.18794 0.81088 0.58766 
1323	14	0.43193 0.89234 0.19253 0.24969 0.60465 0.65339 
1324	14	0.18197 0.98088 0.10423 0.15196 0.88820 0.62296 
1325	14	0.51185 0.91757 0.31728 0.33524 0.72811 0.54940 
1326	14	0.32668 0.91145 0.35382 0.16354 0.58373 0.72962 
1327	14	0.44211 0.90675 0.41604 0.26522 0.61587 0.64511 
1328	14	0.27736 0.97837 0.15232 0.20529 0.88407 0.55353 
1329	14	0.45257 0.90356 0.36637 0.28953 0.70099 0.58017 
1330	14	0.37475 0.90864 0.38478 0.19612 0.56768 0.71558 
1331	14	0.59576 0.92507 0.17364 0.42879 0.76405 0.46513 
1332	14	0.46547 0.92693 0.29958 0.28898 0.71364 0.58033 
1333	14	0.48520 0.90602 0.35249 0.29135 0.59399 0.63755 
1334	14	0.43181 0.92906 0.30501 0.25415 0.72101 0.62119 
1335	14	0.36295 0.93819 0.22627 0.22473 0.78701 0.59879 
1336	14	0.47690 0.90902 0.31539 0.30754 0.74311 0.55876 
1337	14	0.44382 0.90671 0.32109 0.26021 0.65573 0.63611 
1338	14	0.35272 0.91825 0.27547 0.21785 0.73000 0.61318 
1339	14	0.47478 0.91507 0.27213 0.31712 0.75542 0.53816 
1340	14	0.41080 0.91643 0.19392 0.25260 0.75247 0.61108 
1341	14	0.42868 0.91657 0.30341 0.24278 0.63264 0.66112 
1342	14	0.23896 0.89840 0.32924 0.16355 0.72858 0.66400 
1343	14	0.16279 0.96915 0.16147 0.16445 0.89326 0.59045 
1344	14	0.25119 0.89477 0.39836 0.16179 0.64853 0.69606 
1345	14	0.45325 0.92056 0.24456 0.28152 0.72303 0.58903 
1346	14	0.46080 0.91981 0.19175 0.27917 0.72444 0.60585 
1347	14	0.15085 0.87023 0.26624 0.14161 0.70448 0.68390 
1348	14	0.17593 0.88717 0.41284 0.15327 0.67149 0.66015 
1349	14	0.42525 0.91999 0.31372 0.24061 0.64074 0.66725 
1350	14	0.25562 0.90358 0.25106 0.16868 0.70112 0.66441 
1351	14	0.34413 0.98856 0.14348 0.19325 0.85925 0.62796 
1352	14	0.22491 0.91287 0.26780 0.14513 0.70586 0.70040 
1353	14	0.41729 0.93261 0.30532 0.24865 0.67687 0.62633 
1354	14	0.21754 0.87553 0.40783 0.14970 0.60628 0.70129 
1355	14	0.22619 0.92469 0.18900 0.16610 0.77627 0.63623 
1356	14	0.30320 0.89768 0.31576 0.15623 0.61935 0.72446 
1357	14	0.44518 0.89179 0.47251 0.27489 0.60172 0.62808 
1358	14	0.48865 0.88588 0.38512 0.30466 0.59693 0.61772 
1359	14	0.41178 0.98695 0.09472 0.27614 0.88667 0.52783 
1360	14	0.13967 0.89882 0.20959 0.10393 0.71840 0.72595 
1361	14	0.38122 0.92115 0.33839 0.21852 0.68884 0.64313 
1362	14	0.48237 0.90818 0.37753 0.32576 0.66309 0.55260 
1363	14	0.34339 0.98094 0.09955 0.20368 0.85583 0.60884 
1364	14	0.41303 0.92688 0.21225 0.25607 0.74332 0.59570 
1365	14	0.32544 0.93775 0.20343 0.18775 0.75423 0.65194 
1366	14	0.26956 0.93879 0.17543 0.17530 0.69749 0.68015 
1367	14	0.72577 0.87511 0.12875 0.57644 0.83339 0.33453 
1368	14	0.74544 0.85811 0.16475 0.60500 0.85462 0.30453 
1369	14	0.60615 0.87613 0.12173 0.41950 0.76235 0.50397 
1370	14	0.56448 0.90140 0.16402 0.37183 0.74871 0.54432 
1371	14	0.64558 0.90349 0.16497 0.46587 0.83202 0.45278 
1372	14	0.68546 0.77417 0.16921 0.51705 0.77063 0.41802 
1373	14	0.65026 0.80651 0.23173 0.46926 0.67415 0.48668 
1374	14	0.66115 0.88897 0.13210 0.48365 0.78971 0.45329 
1375	14	0.50913 0.88926 0.19576 0.31180 0.68636 0.60292 
1376	14	0.53672 0.87436 0.20260 0.33988 0.69892 0.58383 
1377	14	0.57540 0.89101 0.18516 0.38066 0.71254 0.55253 
1378	14	0.43499 0.89742 0.17625 0.24407 0.68925 0.64912 
1379	14	0.62958 0.79941 0.23040 0.44718 0.71300 0.48442 
1380	14	0.36363 0.83867 0.23483 0.20805 0.68847 0.63434 
1381	14	0.35691 0.83146 0.23855 0.21868 0.72132 0.60262 
1382	14	0.40918 0.80899 0.28900 0.23186 0.63315 0.66398 
1383	14	0.49998 0.74154 0.28220 0.30744 0.60553 0.60898 
1384	14	0.43145 0.78207 0.32172 0.24233 0.58100 0.67169 
1385	14	0.50495 0.83014 0.25961 0.31431 0.72393 0.58517 
1386	14	0.52624 0.79020 0.32074 0.33988 0.71078 0.54491 
1387	14	0.30829 0.84520 0.23451 0.17193 0.68281 0.67652 
1388	14	0.34677 0.87424 0.15730 0.19765 0.67803 0.65742 
1389	14	0.28776 0.86930 0.18347 0.18086 0.70187 0.63646 
1390	14	0.29383 0.81268 0.30582 0.16372 0.57814 0.70314 
1391	14	0.64035 0.00000 1.00000 0.45733 0.44015 0.45693 
1392	14	0.27429 0.88120 0.23284 0.15041 0.65270 0.71692 
1393	14	0.45025 0.75250 0.33604 0.26773 0.64691 0.62432 
1394	14	0.36536 0.86402 0.22884 0.20623 0.69390 0.64711 
1395	14	0.45355 0.79127 0.37458 0.26106 0.59849 0.65630 
1396	14	0.39873 0.83806 0.35700 0.22787 0.64658 0.64451 
1397	14	0.42236 0.81840 0.24847 0.24722 0.68474 0.61911 
1398	14	0.44578 0.83529 0.37552 0.25919 0.65005 0.63398 
1399	14	0.36902 0.77841 0.26504 0.21667 0.65855 0.62607 
