1400	14	6
0	1	0.14038 0.94063 0.01777 0.18108 0.94506 0.32786 
1	1	0.08602 0.38438 0.44367 0.07274 0.71459 0.56824 
2	1	0.08070 0.44134 0.43048 0.07068 0.71007 0.57813 
3	1	0.12498 0.37949 0.30571 0.11384 0.77611 0.47629 
4	1	0.13416 0.37014 0.33221 0.11793 0.78587 0.45952 
5	1	0.12745 0.40041 0.46742 0.09690 0.75129 0.53162 
6	1	0.12819 0.58665 0.36380 0.09199 0.78431 0.50900 
7	1	0.10534 0.39219 0.37151 0.09574 0.76849 0.51322 
8	1	0.10653 0.59491 0.27698 0.08517 0.78202 0.53194 
9	1	0.10334 0.44004 0.31559 0.08499 0.77346 0.52932 
10	1	0.09845 0.59618 0.21364 0.09893 0.80556 0.50293 
11	1	0.13850 0.91803 0.10274 0.12622 0.83159 0.44315 
12	1	0.16743 0.93215 0.05702 0.12724 0.84637 0.44361 
13	1	0.15046 0.93140 0.08407 0.17879 0.92141 0.33117 
14	1	0.13177 0.91766 0.07156 0.12006 0.85367 0.44756 
15	1	0.13146 0.92786 0.03315 0.11838 0.85302 0.44534 
16	1	0.13217 0.92912 0.04779 0.10966 0.83066 0.46379 
17	1	0.13555 0.91524 0.04166 0.12338 0.85574 0.44584 
18	1	0.13384 0.45667 0.36006 0.10820 0.79152 0.48062 
19	1	0.17278 0.58622 0.15988 0.14875 0.85879 0.41136 
20	1	0.15660 0.35648 0.25227 0.13394 0.82157 0.45930 
21	1	0.14893 0.43420 0.31775 0.11025 0.81778 0.47953 
22	1	0.14312 0.23285 0.57014 0.08976 0.70828 0.55730 
23	1	0.11816 0.36185 0.44407 0.07722 0.71978 0.57431 
24	1	0.12623 0.39833 0.36480 0.11343 0.80547 0.48330 
25	1	0.11891 0.53241 0.32122 0.11468 0.79559 0.48215 
26	1	0.11088 0.46376 0.29383 0.08928 0.77062 0.52906 
27	1	0.09500 0.26105 0.54173 0.07778 0.71747 0.57403 
28	1	0.13149 0.96082 0.01020 0.14203 0.89761 0.40572 
29	1	0.16562 0.35389 0.35151 0.10668 0.77014 0.51089 
30	1	0.10898 0.58912 0.31314 0.09536 0.78622 0.51441 
31	1	0.13121 0.56224 0.14882 0.14626 0.88230 0.39116 
32	1	0.18597 0.55500 0.13647 0.17287 0.89078 0.35491 
33	1	0.12191 0.54087 0.18744 0.13910 0.86378 0.41649 
34	1	0.11901 0.55450 0.27600 0.11377 0.80513 0.48126 
35	1	0.13088 0.44352 0.28196 0.12271 0.82534 0.45115 
36	1	0.17251 0.38205 0.26261 0.13442 0.83267 0.44444 
37	1	0.04196 0.72669 0.23672 0.01536 0.38513 0.80068 
38	1	0.08492 0.82705 0.16289 0.03129 0.49925 0.74916 
39	1	0.08533 0.74965 0.18330 0.03732 0.45900 0.74674 
40	1	0.16603 0.36283 0.23811 0.08253 0.39122 0.60594 
41	1	0.07449 0.73154 0.19613 0.02809 0.39245 0.75673 
42	1	0.06639 0.85187 0.20320 0.01541 0.39227 0.80291 
43	1	0.07876 0.60548 0.35359 0.02455 0.32999 0.79479 
44	1	0.15068 0.49603 0.23365 0.05398 0.33111 0.68686 
45	1	0.07671 0.74989 0.18154 0.02975 0.51609 0.74986 
46	1	0.05013 0.65849 0.25830 0.01107 0.32154 0.83036 
47	1	0.09057 0.73895 0.18358 0.03151 0.48531 0.75098 
48	1	0.06318 0.68934 0.22114 0.02569 0.39972 0.74976 
49	1	0.05760 0.68629 0.33210 0.01983 0.38512 0.82130 
50	1	0.06875 0.74520 0.20348 0.02179 0.39423 0.79360 
51	1	0.06849 0.64153 0.29318 0.01746 0.32964 0.81047 
52	1	0.03820 0.72392 0.24411 0.01359 0.37276 0.82191 
53	1	0.18346 0.74275 0.19677 0.05649 0.46726 0.74762 
54	1	0.07086 0.53701 0.19632 0.03074 0.30835 0.70688 
55	1	0.18636 0.39353 0.23481 0.07184 0.42599 0.63045 
56	1	0.14745 0.77731 0.12824 0.05618 0.59751 0.65066 
57	1	0.20173 0.31046 0.18292 0.11616 0.46497 0.54619 
58	1	0.09800 0.82562 0.15130 0.04617 0.53349 0.70729 
59	1	0.17871 0.77365 0.21539 0.05571 0.43702 0.72370 
60	1	0.12168 0.30301 0.26839 0.04477 0.38165 0.70925 
61	1	0.09610 0.33429 0.33417 0.02770 0.26138 0.70976 
62	1	0.19206 0.58550 0.20352 0.09438 0.47450 0.60982 
63	1	0.17864 0.78508 0.11230 0.07288 0.50308 0.65491 
64	1	0.08234 0.67991 0.17826 0.03477 0.42973 0.71504 
65	1	0.06966 0.70859 0.20889 0.02057 0.36607 0.78297 
66	1	0.05335 0.45648 0.29027 0.02141 0.36013 0.77494 
67	1	0.06436 0.60294 0.24417 0.02552 0.41857 0.75929 
68	1	0.09938 0.56773 0.13314 0.05576 0.51143 0.64407 
69	1	0.06266 0.71549 0.20931 0.02434 0.38497 0.77370 
70	1	0.15407 0.75135 0.21331 0.04348 0.48076 0.72089 
71	1	0.12035 0.77400 0.17838 0.02770 0.38695 0.75932 
72	1	0.04772 0.72702 0.27321 0.00985 0.32882 0.86467 
73	1	0.04781 0.69370 0.23804 0.01246 0.36753 0.83625 
74	1	0.06215 0.74584 0.24330 0.01895 0.36902 0.81308 
75	1	0.12257 0.46332 0.29249 0.04117 0.33020 0.69553 
76	1	0.03282 0.66038 0.24610 0.01593 0.36824 0.80085 
77	1	0.04970 0.63091 0.25856 0.01449 0.35624 0.81169 
78	1	0.03904 0.73971 0.24188 0.01458 0.37755 0.82163 
79	1	0.05740 0.81467 0.13187 0.02649 0.48365 0.75007 
80	1	0.03397 0.68643 0.23422 0.01677 0.37380 0.78632 
81	1	0.09915 0.78750 0.18961 0.02153 0.41920 0.79633 
82	1	0.04764 0.66597 0.31369 0.01590 0.34715 0.82701 
83	1	0.05796 0.54683 0.22854 0.02993 0.40515 0.72083 
84	1	0.07715 0.65925 0.15638 0.03986 0.42682 0.68243 
85	1	0.06640 0.48141 0.23919 0.02527 0.34726 0.74522 
86	1	0.05204 0.65023 0.19621 0.01576 0.36883 0.79333 
87	1	0.01580 0.77970 0.34211 0.00425 0.27279 0.89254 
88	1	0.02281 0.82402 0.23238 0.00543 0.32747 0.87168 
89	1	0.04538 0.79651 0.16878 0.00969 0.32648 0.81911 
90	1	0.09861 0.29096 0.28496 0.03641 0.33047 0.70797 
91	1	0.05514 0.70646 0.25317 0.01310 0.35130 0.82826 
92	1	0.08322 0.82801 0.12924 0.03423 0.50044 0.72492 
93	1	0.03438 0.76466 0.24841 0.01051 0.38305 0.85171 
94	1	0.04693 0.71556 0.25198 0.01695 0.41780 0.81476 
95	1	0.05267 0.80289 0.24482 0.01065 0.34521 0.84944 
96	1	0.04125 0.79712 0.20372 0.01512 0.38291 0.81428 
97	1	0.05029 0.80708 0.17326 0.01397 0.41828 0.81455 
98	1	0.07700 0.81018 0.20594 0.02760 0.43491 0.76830 
99	1	0.04420 0.81508 0.22955 0.01275 0.40095 0.85076 
100	2	0.03021 0.71705 0.16670 0.01468 0.20000 0.72197 
101	2	0.02813 0.80236 0.17560 0.01309 0.21703 0.78328 
102	2	0.02440 0.78199 0.20381 0.01116 0.20451 0.79410 
103	2	0.02479 0.78489 0.19128 0.01300 0.20277 0.78603 
104	2	0.02588 0.76569 0.13428 0.01224 0.24261 0.77119 
105	2	0.01569 0.75796 0.17340 0.00882 0.19730 0.78081 
106	2	0.02319 0.76630 0.27138 0.00573 0.17212 0.84290 
107	2	0.02343 0.76847 0.21291 0.00598 0.19437 0.83776 
108	2	0.03614 0.71258 0.21007 0.01336 0.21468 0.78556 
109	2	0.02892 0.80111 0.19484 0.01508 0.20652 0.77300 
110	2	0.03432 0.90722 0.12972 0.01710 0.22724 0.74538 
111	2	0.01593 0.77441 0.18681 0.00705 0.20533 0.81171 
112	2	0.01039 0.75509 0.23765 0.00779 0.17382 0.80324 
113	2	0.01792 0.77764 0.18657 0.00745 0.20800 0.81553 
114	2	0.01522 0.73728 0.18404 0.00806 0.18987 0.79639 
115	2	0.01814 0.81775 0.18843 0.00676 0.20787 0.83157 
116	2	0.01706 0.85529 0.14839 0.00515 0.21318 0.83958 
117	2	0.01812 0.73670 0.17498 0.01110 0.19440 0.77162 
118	2	0.01902 0.84521 0.17789 0.00489 0.19775 0.84962 
119	2	0.02776 0.80872 0.19794 0.00982 0.21840 0.81451 
120	2	0.02111 0.78984 0.23346 0.00533 0.18037 0.85363 
121	2	0.02387 0.80014 0.25841 0.00714 0.17769 0.84728 
122	2	0.02754 0.77668 0.24604 0.00633 0.18614 0.84699 
123	2	0.02089 0.78308 0.25445 0.00755 0.19392 0.84109 
124	2	0.02463 0.72490 0.29166 0.00926 0.19374 0.82975 
125	2	0.01444 0.74424 0.29028 0.00475 0.16283 0.85705 
126	2	0.01641 0.77894 0.22591 0.00604 0.17584 0.82550 
127	2	0.01466 0.70731 0.36974 0.00417 0.12277 0.84650 
128	2	0.00437 0.82206 0.29588 0.00000 0.12629 0.90746 
129	2	0.00992 0.79154 0.25467 0.00231 0.15237 0.87753 
130	2	0.00436 0.77624 0.23603 0.00192 0.15356 0.86422 
131	2	0.01378 0.79488 0.24374 0.00350 0.15908 0.86861 
132	2	0.01175 0.68340 0.31098 0.00490 0.12758 0.83519 
133	2	0.01301 0.76312 0.31888 0.00437 0.12905 0.84686 
134	2	0.01153 0.75967 0.27864 0.00251 0.14198 0.86565 
135	2	0.00612 0.73699 0.29750 0.00184 0.12676 0.87232 
136	2	0.00092 0.72853 0.32780 0.00178 0.11532 0.86222 
137	2	0.01224 0.67655 0.33485 0.00367 0.13068 0.85423 
138	2	0.00877 0.72034 0.24117 0.00389 0.14842 0.83473 
139	2	0.23486 0.89418 0.28306 0.03972 0.29829 0.86320 
140	2	0.01340 0.79678 0.22547 0.00428 0.16047 0.83807 
141	2	0.00892 0.70137 0.21345 0.00510 0.17141 0.81826 
142	2	0.00408 0.76960 0.22455 0.00291 0.14225 0.84805 
143	2	0.00684 0.80202 0.20873 0.00222 0.16100 0.86415 
144	2	0.01912 0.82690 0.18434 0.00548 0.16744 0.83696 
145	2	0.01310 0.80334 0.20506 0.00481 0.15121 0.83143 
146	2	0.01283 0.62982 0.29250 0.00930 0.11858 0.76995 
147	2	0.00546 0.71672 0.25772 0.00396 0.13604 0.83855 
148	2	0.00848 0.74015 0.19796 0.00637 0.13815 0.78554 
149	2	0.00492 0.62692 0.25248 0.00398 0.13667 0.82951 
150	2	0.00228 0.68523 0.27761 0.00324 0.10278 0.83932 
151	2	0.00310 0.54806 0.37431 0.00493 0.06872 0.80898 
152	2	0.01226 0.54459 0.26570 0.00907 0.11210 0.78118 
153	2	0.00999 0.60336 0.29536 0.00749 0.10000 0.79117 
154	2	0.01121 0.48470 0.27532 0.00958 0.11454 0.76283 
155	2	0.01447 0.52948 0.39303 0.00912 0.06714 0.78451 
156	2	0.00994 0.57302 0.34234 0.00563 0.07632 0.80767 
157	2	0.00289 0.58626 0.28769 0.00329 0.10800 0.83892 
158	2	0.00191 0.62832 0.30175 0.00386 0.09557 0.82774 
159	2	0.00410 0.54122 0.28048 0.00546 0.10476 0.80120 
160	2	0.01522 0.45661 0.36182 0.00969 0.07378 0.77766 
161	2	0.01120 0.38741 0.42244 0.00785 0.05577 0.78576 
162	2	0.00485 0.58384 0.37251 0.00393 0.06299 0.83803 
163	2	0.00030 0.58635 0.36160 0.00250 0.06224 0.84974 
164	2	0.01119 0.50307 0.41375 0.00673 0.04910 0.80932 
165	2	0.00076 0.55664 0.37426 0.00265 0.05763 0.83834 
166	2	0.00447 0.39709 0.46390 0.00392 0.02819 0.82522 
167	2	0.00000 0.52709 0.45914 0.00203 0.02967 0.85162 
168	2	0.00930 0.23476 0.48192 0.00857 0.02220 0.77429 
169	2	0.00344 0.53109 0.38392 0.00328 0.04937 0.83649 
170	2	0.00794 0.35125 0.40892 0.00784 0.04106 0.78651 
171	2	0.00625 0.31701 0.39215 0.00633 0.04292 0.79707 
172	2	0.00636 0.32921 0.41471 0.00589 0.04598 0.80154 
173	2	0.00638 0.07200 0.45388 0.00761 0.02570 0.77321 
174	2	0.00549 0.25148 0.41941 0.00616 0.04425 0.79703 
175	2	0.00550 0.36576 0.39917 0.00525 0.04167 0.80234 
176	2	0.00728 0.30879 0.49859 0.00568 0.02868 0.80281 
177	2	0.00856 0.32659 0.55214 0.00591 0.01097 0.81011 
178	2	0.00390 0.28294 0.46747 0.00376 0.03017 0.82313 
179	2	0.00373 0.29402 0.60298 0.00373 0.00417 0.82192 
180	2	0.00701 0.44043 0.44918 0.00566 0.02430 0.79800 
181	2	0.00477 0.28750 0.47858 0.00474 0.02138 0.81605 
182	2	0.00899 0.21952 0.44888 0.00580 0.02520 0.80521 
183	2	0.00634 0.37093 0.53801 0.00453 0.00402 0.82159 
184	2	0.00630 0.14623 0.51056 0.00534 0.00966 0.79583 
185	2	0.00440 0.00000 0.44099 0.00547 0.02415 0.79458 
186	2	0.00639 0.07636 0.43338 0.00637 0.02785 0.78695 
187	2	0.00561 0.16275 0.37104 0.00636 0.04212 0.79498 
188	2	0.00920 0.16822 0.41983 0.00668 0.02764 0.79245 
189	2	0.00539 0.34267 0.47212 0.00464 0.02145 0.81258 
190	2	0.00401 0.36667 0.43184 0.00453 0.03084 0.81884 
191	2	0.00440 0.32581 0.43360 0.00431 0.02715 0.81454 
192	2	0.00075 0.13662 0.52657 0.00394 0.00733 0.81428 
193	2	0.00351 0.24394 0.44710 0.00474 0.02529 0.80731 
194	2	0.00721 0.05059 0.57035 0.00589 0.00000 0.79122 
195	2	0.00941 0.32142 0.35136 0.00683 0.05458 0.80011 
196	2	0.01394 0.69009 0.19829 0.00662 0.13974 0.79938 
197	2	0.01947 0.65538 0.17986 0.01173 0.15801 0.76674 
198	2	0.02005 0.70377 0.20537 0.00899 0.14554 0.79939 
199	2	0.01572 0.78162 0.17917 0.00597 0.15382 0.83081 
200	3	0.12178 0.79689 0.15123 0.07679 0.55792 0.60406 
201	3	0.08842 0.47639 0.43630 0.04383 0.36999 0.68896 
202	3	0.06732 0.67911 0.30108 0.03400 0.40647 0.70839 
203	3	0.06485 0.66240 0.29043 0.03062 0.39658 0.72479 
204	3	0.08391 0.72248 0.22914 0.04026 0.41189 0.67741 
205	3	0.07563 0.65259 0.31527 0.04194 0.41005 0.69203 
206	3	0.07279 0.66166 0.32896 0.03378 0.40358 0.72578 
207	3	0.09091 0.62552 0.36020 0.03790 0.36431 0.71093 
208	3	0.10469 0.58053 0.36385 0.04262 0.38237 0.69382 
209	3	0.07183 0.44838 0.52584 0.03860 0.35677 0.70835 
210	3	0.08459 0.58639 0.36068 0.03451 0.39920 0.71155 
211	3	0.10585 0.59930 0.32248 0.03815 0.39284 0.70026 
212	3	0.08668 0.55277 0.38495 0.03650 0.39362 0.72938 
213	3	0.07237 0.57328 0.38721 0.02917 0.37467 0.75107 
214	3	0.10201 0.63966 0.33262 0.03733 0.37815 0.70792 
215	3	0.08591 0.66076 0.29850 0.03353 0.39087 0.71871 
216	3	0.08976 0.60086 0.42480 0.03633 0.39676 0.72797 
217	3	0.08163 0.59599 0.33550 0.03719 0.39314 0.71850 
218	3	0.08015 0.70908 0.25638 0.03607 0.43304 0.70353 
219	3	0.06576 0.73929 0.31620 0.02246 0.33668 0.80394 
220	3	0.08549 0.72717 0.26673 0.03522 0.38509 0.72400 
221	3	0.09327 0.68707 0.31396 0.04072 0.42505 0.70377 
222	3	0.06703 0.65638 0.32690 0.03738 0.43859 0.71257 
223	3	0.11074 0.65731 0.35198 0.04774 0.44241 0.70057 
224	3	0.09466 0.67917 0.32260 0.04501 0.45920 0.69853 
225	3	0.17976 0.70708 0.32168 0.08224 0.51819 0.63371 
226	3	0.14781 0.71238 0.36700 0.07775 0.51778 0.63584 
227	3	0.15198 0.74259 0.27791 0.08039 0.54987 0.63157 
228	3	0.36654 0.60374 0.41628 0.19012 0.60158 0.54542 
229	3	0.13408 0.59050 0.34814 0.04937 0.33847 0.70666 
230	3	0.11853 0.65055 0.39517 0.04002 0.38239 0.72866 
231	3	0.07571 0.64814 0.41843 0.02812 0.34477 0.76079 
232	3	0.06851 0.63776 0.38383 0.02590 0.35169 0.76070 
233	3	0.07078 0.68900 0.37383 0.02567 0.36388 0.76481 
234	3	0.09104 0.61357 0.44783 0.03645 0.33499 0.73384 
235	3	0.10075 0.66906 0.42423 0.03906 0.36626 0.72654 
236	3	0.12286 0.60561 0.44224 0.05063 0.37300 0.70732 
237	3	0.25699 0.39332 0.78608 0.12605 0.50579 0.62882 
238	3	0.14598 0.68824 0.37046 0.07511 0.49990 0.67017 
239	3	0.12613 0.71193 0.31966 0.05308 0.45298 0.71468 
240	3	0.11907 0.73459 0.34741 0.05230 0.43785 0.70729 
241	3	0.10470 0.62549 0.42608 0.04865 0.39701 0.70037 
242	3	0.14183 0.49084 0.46048 0.06303 0.35714 0.68410 
243	3	0.10872 0.62233 0.34423 0.04045 0.39791 0.72080 
244	3	0.11710 0.59713 0.41488 0.04134 0.39546 0.71555 
245	3	0.13026 0.61057 0.42282 0.04991 0.40492 0.70054 
246	3	0.12352 0.64512 0.38874 0.05639 0.38041 0.69866 
247	3	0.07192 0.76182 0.33138 0.02852 0.39706 0.75377 
248	3	0.10438 0.71390 0.33530 0.04436 0.41183 0.69855 
249	3	0.08995 0.61907 0.48637 0.04005 0.37784 0.73030 
250	3	0.11650 0.64316 0.37127 0.04189 0.37509 0.72211 
251	3	0.15835 0.57945 0.42880 0.05902 0.36057 0.69898 
252	3	0.11780 0.65604 0.37008 0.05111 0.39667 0.70938 
253	3	0.14327 0.60179 0.41107 0.07811 0.38592 0.66011 
254	3	0.11930 0.67945 0.36617 0.05249 0.41608 0.70246 
255	3	0.14345 0.50420 0.60615 0.07107 0.39600 0.68144 
256	3	0.10170 0.66722 0.36470 0.05060 0.45290 0.69300 
257	3	0.13847 0.49904 0.58308 0.06301 0.39593 0.70157 
258	3	0.12936 0.71468 0.32674 0.06498 0.47810 0.65689 
259	3	0.14623 0.70706 0.43375 0.06650 0.44494 0.69417 
260	3	0.14500 0.78158 0.26288 0.06461 0.52837 0.66147 
261	3	0.37909 0.68731 0.38933 0.23013 0.58635 0.55002 
262	3	0.21254 0.69035 0.27457 0.11030 0.51083 0.59440 
263	3	0.13651 0.64731 0.42695 0.06419 0.44528 0.68425 
264	3	0.14239 0.64794 0.36985 0.06071 0.44568 0.69445 
265	3	0.10440 0.70468 0.32740 0.04777 0.42515 0.71553 
266	3	0.21098 0.58835 0.42717 0.08342 0.48112 0.65896 
267	3	0.21257 0.60234 0.41483 0.12365 0.47407 0.62212 
268	3	0.20723 0.65824 0.34587 0.10784 0.51390 0.61594 
269	3	0.23307 0.59084 0.48141 0.14418 0.53433 0.60239 
270	3	0.37428 0.64220 0.52498 0.22515 0.60118 0.52556 
271	3	0.26597 0.65301 0.43530 0.18156 0.59201 0.52852 
272	3	0.32460 0.60929 0.46403 0.26361 0.63452 0.47613 
273	3	0.34605 0.66839 0.45226 0.20937 0.63596 0.50222 
274	3	0.56473 0.67776 0.41240 0.35059 0.65297 0.46301 
275	3	0.39999 0.58864 0.51733 0.24172 0.62123 0.49446 
276	3	0.34385 0.65054 0.35680 0.21706 0.63528 0.50498 
277	3	0.34728 0.65604 0.44120 0.21712 0.62263 0.50866 
278	3	0.40472 0.64318 0.47259 0.24635 0.64443 0.50000 
279	3	0.55802 0.50922 0.65566 0.32196 0.61863 0.51319 
280	3	0.45951 0.60165 0.53160 0.34726 0.61806 0.46774 
281	3	0.49337 0.60205 0.46240 0.28772 0.63235 0.48909 
282	3	0.28425 0.71320 0.36866 0.16920 0.60073 0.54460 
283	3	0.22201 0.67059 0.39504 0.13391 0.57672 0.57269 
284	3	0.24396 0.70817 0.32295 0.15680 0.60491 0.55582 
285	3	0.18821 0.66308 0.42872 0.12332 0.57479 0.60229 
286	3	0.28787 0.63367 0.49424 0.16764 0.57560 0.56965 
287	3	0.23228 0.61378 0.34240 0.13741 0.55318 0.59213 
288	3	0.22856 0.66288 0.46782 0.10120 0.50019 0.65880 
289	3	0.20899 0.64273 0.42306 0.09657 0.52187 0.63845 
290	3	0.17753 0.62609 0.42802 0.11850 0.57584 0.60945 
291	3	0.25385 0.71598 0.41741 0.18393 0.63719 0.53379 
292	3	0.25619 0.47173 0.82934 0.16681 0.56930 0.57069 
293	3	0.19959 0.43569 0.70330 0.14233 0.55649 0.60156 
294	3	0.21587 0.66630 0.39451 0.09880 0.50931 0.62611 
295	3	0.19262 0.39042 0.63321 0.08846 0.47575 0.66590 
296	3	0.20284 0.58151 0.47611 0.09385 0.49638 0.66065 
297	3	0.12982 0.67136 0.46306 0.04860 0.46512 0.71925 
298	3	0.24103 0.68823 0.37655 0.12780 0.55999 0.60433 
299	3	0.19408 0.69239 0.40835 0.11915 0.55586 0.58871 
300	4	0.30855 0.90947 0.09360 0.23842 0.79959 0.39975 
301	4	0.22540 0.90188 0.05162 0.27341 0.86615 0.29630 
302	4	0.23718 0.89040 0.21229 0.14436 0.72493 0.52752 
303	4	0.20877 0.94833 0.07893 0.14978 0.73074 0.49286 
304	4	0.28919 0.98428 0.02439 0.29910 0.93481 0.34277 
305	4	0.16831 0.94673 0.12210 0.14876 0.73219 0.49445 
306	4	0.20494 0.94347 0.07391 0.18444 0.76847 0.44173 
307	4	0.18873 0.96162 0.03895 0.17171 0.76680 0.44467 
308	4	0.18468 0.96832 0.07257 0.14887 0.72104 0.49070 
309	4	0.20549 0.92779 0.08559 0.19790 0.79698 0.41737 
310	4	0.27390 0.94934 0.00859 0.30254 0.86724 0.27721 
311	4	0.28513 0.94001 0.02420 0.27512 0.84604 0.28909 
312	4	0.29217 0.95246 0.00972 0.29938 0.86529 0.29273 
313	4	0.17306 0.93577 0.07879 0.19658 0.80420 0.40223 
314	4	0.23845 0.92142 0.10579 0.19725 0.78060 0.40983 
315	4	0.16918 0.93467 0.12208 0.15995 0.74351 0.46382 
316	4	0.23251 0.91671 0.10651 0.20354 0.75415 0.41121 
317	4	0.17564 0.93502 0.08011 0.15550 0.76742 0.45666 
318	4	0.18662 0.94265 0.07608 0.16728 0.76886 0.44589 
319	4	0.19864 0.91880 0.13015 0.15671 0.74827 0.47934 
320	4	0.15603 0.93519 0.09936 0.16334 0.76523 0.46622 
321	4	0.24345 0.94990 0.08388 0.16200 0.74046 0.48640 
322	4	0.16565 0.95124 0.15715 0.13139 0.70813 0.54840 
323	4	0.19948 0.93149 0.17460 0.12494 0.69049 0.58174 
324	4	0.21220 0.95305 0.08852 0.19127 0.76239 0.44109 
325	4	0.38119 0.92412 0.16469 0.25663 0.75229 0.43468 
326	4	0.17808 0.93761 0.07795 0.19099 0.78319 0.42848 
327	4	0.16579 0.95324 0.08543 0.15364 0.74071 0.49583 
328	4	0.18366 0.93220 0.09898 0.19254 0.78375 0.43498 
329	4	0.14347 0.90419 0.26673 0.09717 0.64264 0.61886 
330	4	0.19172 0.94453 0.07217 0.12572 0.68976 0.48894 
331	4	0.16384 0.94351 0.10324 0.09311 0.64688 0.55828 
332	4	0.17850 0.93505 0.09216 0.11751 0.66681 0.50822 
333	4	0.17880 0.93112 0.12979 0.11112 0.63879 0.54096 
334	4	0.18872 0.94795 0.12647 0.09281 0.62724 0.59127 
335	4	0.15597 0.94014 0.11929 0.09983 0.62599 0.56416 
336	4	0.14846 0.95863 0.08810 0.06238 0.66253 0.60968 
337	4	0.16615 0.94730 0.09371 0.08904 0.69025 0.56035 
338	4	0.20883 0.95795 0.09648 0.12065 0.72812 0.52230 
339	4	0.13783 0.93398 0.11410 0.07135 0.68827 0.58877 
340	4	0.15998 0.95202 0.10384 0.08976 0.66091 0.56749 
341	4	0.18636 0.96417 0.06500 0.09207 0.68297 0.57125 
342	4	0.18451 0.95473 0.12078 0.07925 0.62397 0.62385 
343	4	0.14621 0.97173 0.03291 0.09649 0.76050 0.50033 
344	4	0.16223 0.95425 0.09405 0.08386 0.66425 0.57924 
345	4	0.17704 0.95407 0.08010 0.09639 0.69641 0.54253 
346	4	0.19419 0.95313 0.05115 0.10186 0.68195 0.54045 
347	4	0.15981 0.95007 0.09001 0.09967 0.64286 0.55757 
348	4	0.15110 0.97412 0.05542 0.12760 0.76909 0.48950 
349	4	0.17954 0.94597 0.10725 0.10749 0.67828 0.54807 
350	4	0.20205 0.96989 0.07368 0.11108 0.69678 0.57351 
351	4	0.15379 0.96124 0.09801 0.09608 0.65001 0.58650 
352	4	0.20994 0.96197 0.05768 0.12257 0.73691 0.51574 
353	4	0.19837 0.94524 0.05991 0.13796 0.73740 0.46530 
354	4	0.14054 0.94651 0.10591 0.08071 0.63121 0.57307 
355	4	0.21445 0.92560 0.07339 0.15358 0.68961 0.44805 
356	4	0.27953 0.93642 0.12792 0.20543 0.67413 0.49499 
357	4	0.15218 0.93010 0.13985 0.10603 0.61821 0.57703 
358	4	0.25124 0.95685 0.05254 0.18170 0.70771 0.47758 
359	4	0.23897 0.94845 0.05882 0.15804 0.69312 0.48302 
360	4	0.19862 0.95893 0.06020 0.15083 0.69042 0.48990 
361	4	0.21531 0.95012 0.07724 0.12401 0.71365 0.55207 
362	4	0.37752 0.94356 0.08136 0.22661 0.66788 0.46634 
363	4	0.27905 0.93873 0.09469 0.18199 0.67690 0.47178 
364	4	0.32398 0.90754 0.13573 0.22058 0.67706 0.46697 
365	4	0.32374 0.92935 0.07872 0.22225 0.70412 0.45235 
366	4	0.35265 0.94983 0.05877 0.25751 0.71885 0.43351 
367	4	0.33613 0.94041 0.06601 0.23344 0.70377 0.43880 
368	4	0.32046 0.93427 0.11078 0.20658 0.67168 0.48557 
369	4	0.27968 0.94156 0.09467 0.16624 0.66011 0.49369 
370	4	0.33311 0.91877 0.10715 0.19047 0.68371 0.47877 
371	4	0.22683 0.96834 0.02911 0.13841 0.69250 0.45225 
372	4	0.23889 0.96551 0.02082 0.14752 0.71538 0.44544 
373	4	0.19439 0.96747 0.04578 0.13330 0.68201 0.45414 
374	4	0.19710 0.96222 0.04834 0.14155 0.68849 0.43686 
375	4	0.17201 0.96911 0.04121 0.13452 0.69411 0.45281 
376	4	0.18720 0.96324 0.01713 0.15006 0.72387 0.43993 
377	4	0.20847 0.96300 0.03679 0.15296 0.70282 0.42992 
378	4	0.16486 0.95794 0.05081 0.12296 0.66763 0.49660 
379	4	0.16814 0.98256 0.02272 0.11526 0.69803 0.47745 
380	4	0.12511 0.94069 0.10698 0.08210 0.65724 0.57380 
381	4	0.20065 0.95746 0.09759 0.14303 0.64221 0.50859 
382	4	0.22532 0.95298 0.08839 0.15634 0.68552 0.48142 
383	4	0.17612 0.95206 0.10872 0.13048 0.64157 0.50582 
384	4	0.21615 0.93259 0.08404 0.14905 0.67510 0.47715 
385	4	0.17271 0.95506 0.09107 0.11145 0.63385 0.56472 
386	4	0.14158 0.91939 0.13034 0.06856 0.57942 0.65472 
387	4	0.15272 0.91056 0.15436 0.05606 0.59552 0.68144 
388	4	0.22192 0.93755 0.07114 0.11093 0.62661 0.58675 
389	4	0.18228 0.93772 0.03266 0.11225 0.67033 0.51931 
390	4	0.08652 0.91588 0.15798 0.02906 0.54127 0.72921 
391	4	0.16928 0.93709 0.06032 0.07943 0.62437 0.58578 
392	4	0.11707 0.96197 0.07671 0.08080 0.63830 0.60143 
393	4	0.12957 0.95175 0.06218 0.07232 0.61192 0.56577 
394	4	0.12793 0.95721 0.09563 0.06143 0.57313 0.64916 
395	4	0.07948 0.96755 0.07156 0.03488 0.55768 0.70558 
396	4	0.06570 0.96263 0.06621 0.03539 0.62597 0.67620 
397	4	0.08786 0.95238 0.14080 0.04612 0.54868 0.70255 
398	4	0.20960 0.94264 0.08545 0.11232 0.65926 0.56547 
399	4	0.21731 0.95141 0.02991 0.14980 0.72203 0.41878 
400	5	0.23884 0.95700 0.10374 0.09746 0.58133 0.61495 
401	5	0.22038 0.94718 0.11015 0.09033 0.58910 0.61072 
402	5	0.13017 0.93194 0.17264 0.04837 0.53778 0.70796 
403	5	0.14132 0.97346 0.07280 0.05613 0.57059 0.66884 
404	5	0.10574 0.96039 0.09675 0.05664 0.58035 0.65817 
405	5	0.07330 0.96733 0.08892 0.03826 0.56773 0.69898 
406	5	0.20733 0.94562 0.06926 0.09373 0.65221 0.54514 
407	5	0.16678 0.94249 0.05649 0.08575 0.68230 0.54640 
408	5	0.12878 0.94751 0.05832 0.09468 0.66875 0.53190 
409	5	0.11218 0.94489 0.06015 0.07317 0.55498 0.54700 
410	5	0.07583 0.93815 0.12821 0.04107 0.50880 0.71220 
411	5	0.09595 0.94362 0.06264 0.07401 0.60625 0.55508 
412	5	0.10422 0.94733 0.09832 0.04946 0.56150 0.66721 
413	5	0.19284 0.95009 0.04430 0.09228 0.62989 0.53669 
414	5	0.08538 0.93839 0.08302 0.05370 0.58488 0.64164 
415	5	0.15943 0.90264 0.11109 0.06572 0.59724 0.60389 
416	5	0.08399 0.94471 0.03403 0.05892 0.62186 0.57145 
417	5	0.07032 0.97263 0.08214 0.03305 0.51695 0.68672 
418	5	0.06675 0.97352 0.05722 0.03764 0.55619 0.68246 
419	5	0.08927 0.94070 0.06404 0.06290 0.61758 0.56924 
420	5	0.09052 0.97004 0.03812 0.06826 0.62692 0.56087 
421	5	0.08505 0.95070 0.07705 0.05935 0.60703 0.60659 
422	5	0.14869 0.95466 0.06421 0.07123 0.61978 0.59422 
423	5	0.07512 0.95728 0.08662 0.04472 0.56096 0.66781 
424	5	0.13677 0.94277 0.07051 0.08411 0.61506 0.53306 
425	5	0.07446 0.95842 0.02791 0.06136 0.63104 0.57589 
426	5	0.13349 0.96102 0.03320 0.07413 0.63884 0.55451 
427	5	0.08961 0.96237 0.02034 0.06746 0.67144 0.55829 
428	5	0.07529 0.94764 0.09762 0.04717 0.56773 0.66606 
429	5	0.11522 0.94326 0.04065 0.06834 0.63453 0.56125 
430	5	0.13471 0.95225 0.06172 0.07887 0.61551 0.55129 
431	5	0.08611 0.95976 0.05344 0.05621 0.62499 0.61789 
432	5	0.09002 0.95267 0.08146 0.05431 0.60448 0.63065 
433	5	0.10958 0.97104 0.06678 0.05399 0.58112 0.65706 
434	5	0.11732 0.93935 0.06653 0.09059 0.68733 0.52610 
435	5	0.11139 0.96640 0.03259 0.08352 0.69130 0.51553 
436	5	0.12151 0.95032 0.02651 0.09560 0.69098 0.51380 
437	5	0.09376 0.94464 0.10125 0.05808 0.61280 0.64332 
438	5	0.11798 0.96048 0.03868 0.09056 0.67943 0.52259 
439	5	0.15704 0.93575 0.05400 0.12167 0.71126 0.48380 
440	5	0.10782 0.97488 0.04130 0.07636 0.64416 0.57740 
441	5	0.08745 0.93388 0.11226 0.06248 0.61219 0.63881 
442	5	0.08680 0.96505 0.05119 0.06465 0.63849 0.60526 
443	5	0.08492 0.95827 0.02302 0.08206 0.69968 0.52792 
444	5	0.08240 0.94238 0.14974 0.03976 0.53987 0.71292 
445	5	0.13728 0.94866 0.03230 0.09475 0.67278 0.51088 
446	5	0.08707 0.94266 0.03091 0.08148 0.67984 0.52121 
447	5	0.12624 0.93948 0.05817 0.08937 0.68418 0.52675 
448	5	0.11457 0.94334 0.11888 0.05972 0.57425 0.67059 
449	5	0.07415 0.95579 0.09655 0.04528 0.56697 0.67366 
450	5	0.09105 0.95900 0.08374 0.05678 0.58106 0.65259 
451	5	0.08915 0.91541 0.13869 0.06334 0.59509 0.61727 
452	5	0.13725 0.92297 0.07265 0.07803 0.63893 0.56037 
453	5	0.11000 0.94465 0.07914 0.07204 0.60731 0.60066 
454	5	0.12603 0.92927 0.05936 0.08497 0.64594 0.54139 
455	5	0.08353 0.95684 0.09095 0.04870 0.55617 0.67554 
456	5	0.12056 0.95124 0.08035 0.06095 0.58160 0.64638 
457	5	0.14908 0.92054 0.11603 0.08858 0.62965 0.56955 
458	5	0.12639 0.95894 0.05562 0.07404 0.61827 0.59129 
459	5	0.08961 0.95369 0.05728 0.07289 0.63544 0.58118 
460	5	0.12244 0.95177 0.06214 0.06475 0.60581 0.61261 
461	5	0.17427 0.93684 0.06631 0.15865 0.71113 0.43888 
462	5	0.17867 0.94666 0.08655 0.12434 0.66466 0.53011 
463	5	0.20820 0.96281 0.08924 0.12410 0.65544 0.57356 
464	5	0.21027 0.95872 0.04086 0.17997 0.72298 0.42209 
465	5	0.23639 0.94746 0.11639 0.12580 0.63084 0.56183 
466	5	0.22052 0.96832 0.08375 0.12615 0.65114 0.57835 
467	5	0.14144 0.97682 0.06606 0.09944 0.64722 0.59529 
468	5	0.24835 0.94175 0.06792 0.19803 0.71670 0.40158 
469	5	0.18704 0.95647 0.09727 0.15068 0.66328 0.50691 
470	5	0.24658 0.95665 0.05237 0.23697 0.73561 0.37327 
471	5	0.32468 0.94052 0.05987 0.23074 0.73074 0.38930 
472	5	0.19858 0.95492 0.07432 0.17418 0.67675 0.48970 
473	5	0.14522 0.96218 0.10020 0.10465 0.61942 0.58112 
474	5	0.19102 0.96616 0.08113 0.14161 0.69914 0.54005 
475	5	0.25119 0.95350 0.04832 0.19041 0.72223 0.41543 
476	5	0.23695 0.95826 0.03845 0.17289 0.71529 0.43379 
477	5	0.22488 0.95594 0.05308 0.15710 0.69015 0.44099 
478	5	0.19555 0.95596 0.04361 0.17163 0.72758 0.43355 
479	5	0.22727 0.95275 0.10911 0.14048 0.64334 0.56118 
480	5	0.17788 0.97434 0.04198 0.15275 0.70487 0.49319 
481	5	0.14250 0.97505 0.07305 0.11388 0.65821 0.58640 
482	5	0.20709 0.96630 0.08848 0.11549 0.65695 0.58584 
483	5	0.33281 0.95949 0.05435 0.25722 0.78978 0.37804 
484	5	0.22975 0.94207 0.11484 0.15815 0.70336 0.49841 
485	5	0.34042 0.97134 0.01796 0.25427 0.77154 0.38829 
486	5	0.26774 0.94882 0.10545 0.21747 0.73012 0.45150 
487	5	0.25783 0.97507 0.04192 0.16645 0.71167 0.50123 
488	5	0.17014 0.96430 0.10645 0.11910 0.66967 0.58043 
489	5	0.22749 0.96776 0.05265 0.19238 0.75200 0.48327 
490	5	0.30235 0.96699 0.03531 0.23572 0.76857 0.38871 
491	5	0.25324 0.96331 0.09521 0.16566 0.67041 0.53299 
492	5	0.29337 0.94768 0.13007 0.15846 0.65027 0.57689 
493	5	0.21793 0.95437 0.13196 0.15568 0.68026 0.56421 
494	5	0.13172 0.95054 0.13414 0.08768 0.63290 0.62399 
495	5	0.18007 0.92819 0.10040 0.10390 0.73602 0.55194 
496	5	0.14321 0.94552 0.10721 0.12774 0.70741 0.52067 
497	5	0.08182 0.93433 0.27955 0.03598 0.49668 0.80451 
498	5	0.08801 0.91271 0.34587 0.03801 0.48752 0.80724 
499	5	0.13184 0.95955 0.14567 0.07033 0.59140 0.67708 
500	6	0.00448 0.78112 0.35892 0.00371 0.07388 0.82133 
501	6	0.01206 0.88159 0.12136 0.00447 0.22833 0.83761 
502	6	0.00942 0.88647 0.14102 0.00421 0.21596 0.84161 
503	6	0.01415 0.89808 0.14454 0.00541 0.22768 0.82946 
504	6	0.02280 0.87075 0.23403 0.01007 0.14837 0.74840 
505	6	0.02518 0.79928 0.24286 0.01122 0.13787 0.73561 
506	6	0.02306 0.85761 0.17653 0.01045 0.17497 0.76151 
507	6	0.01580 0.80969 0.12864 0.00609 0.21115 0.81692 
508	6	0.00893 0.81822 0.13357 0.00355 0.21245 0.84320 
509	6	0.01929 0.69435 0.10800 0.01140 0.23373 0.73478 
510	6	0.01596 0.67855 0.25840 0.01121 0.13462 0.73768 
511	6	0.01893 0.77553 0.22940 0.00891 0.15240 0.77212 
512	6	0.01550 0.75926 0.27555 0.00977 0.12517 0.75741 
513	6	0.00925 0.78959 0.17296 0.00710 0.19000 0.78244 
514	6	0.02507 0.73718 0.27186 0.01315 0.13064 0.73176 
515	6	0.02421 0.71601 0.12217 0.01383 0.21791 0.72009 
516	6	0.03393 0.63253 0.29764 0.01734 0.11680 0.69636 
517	6	0.01633 0.77769 0.22713 0.00777 0.14707 0.79180 
518	6	0.02204 0.77734 0.19868 0.01137 0.17607 0.76221 
519	6	0.01131 0.65142 0.29174 0.01119 0.12948 0.73776 
520	6	0.01877 0.76416 0.15067 0.00802 0.20515 0.78918 
521	6	0.01817 0.79086 0.13031 0.00939 0.21405 0.77080 
522	6	0.01461 0.76052 0.15386 0.00599 0.20381 0.81864 
523	6	0.00357 0.77502 0.11708 0.00372 0.20480 0.81341 
524	6	0.01321 0.80099 0.17129 0.00510 0.18474 0.82368 
525	6	0.01411 0.69253 0.18940 0.01154 0.17275 0.73673 
526	6	0.02571 0.67735 0.14050 0.01402 0.19158 0.71205 
527	6	0.02235 0.70878 0.17750 0.01006 0.16947 0.75797 
528	6	0.02011 0.89565 0.20567 0.00866 0.16208 0.79518 
529	6	0.01112 0.82345 0.19059 0.00736 0.17481 0.77183 
530	6	0.00560 0.77001 0.21114 0.00456 0.16183 0.81409 
531	6	0.02471 0.81817 0.14580 0.00942 0.21498 0.78570 
532	6	0.01780 0.77014 0.26562 0.00802 0.13678 0.78456 
533	6	0.01802 0.79126 0.26013 0.00597 0.15119 0.82286 
534	6	0.02022 0.79495 0.22784 0.00692 0.15952 0.81894 
535	6	0.01212 0.81562 0.31964 0.00514 0.12377 0.82237 
536	6	0.01684 0.77046 0.24196 0.00729 0.16094 0.80655 
537	6	0.02600 0.81518 0.26160 0.01002 0.14239 0.78630 
538	6	0.01923 0.82995 0.24513 0.00498 0.15142 0.83707 
539	6	0.01069 0.86795 0.21888 0.00619 0.15359 0.80066 
540	6	0.01507 0.79034 0.19962 0.00794 0.16082 0.76216 
541	6	0.01177 0.81017 0.12053 0.00861 0.22657 0.76738 
542	6	0.02068 0.84561 0.22101 0.00587 0.16096 0.83031 
543	6	0.00554 0.68807 0.28978 0.00365 0.13137 0.82941 
544	6	0.02529 0.61789 0.24863 0.01687 0.14039 0.69359 
545	6	0.01435 0.75292 0.20175 0.00566 0.17316 0.80725 
546	6	0.01540 0.80419 0.20193 0.00594 0.17264 0.82126 
547	6	0.02040 0.84230 0.28959 0.00711 0.12797 0.80916 
548	6	0.02476 0.72863 0.18409 0.01094 0.17481 0.75940 
549	6	0.02398 0.76839 0.14976 0.01036 0.20697 0.77417 
550	6	0.00653 0.73757 0.15447 0.00641 0.19782 0.79031 
551	6	0.01838 0.79434 0.18186 0.00679 0.18261 0.81527 
552	6	0.00912 0.77784 0.17624 0.00364 0.18844 0.83348 
553	6	0.00571 0.81400 0.24404 0.00277 0.14211 0.84344 
554	6	0.01841 0.76713 0.19857 0.00892 0.17395 0.78285 
555	6	0.02093 0.78475 0.25761 0.01013 0.14237 0.76730 
556	6	0.02079 0.80422 0.29796 0.00831 0.12174 0.79381 
557	6	0.02034 0.79329 0.16465 0.01084 0.17732 0.74730 
558	6	0.02153 0.73829 0.10875 0.01191 0.22575 0.73393 
559	6	0.00951 0.77377 0.12512 0.00778 0.21275 0.76286 
560	6	0.02198 0.71095 0.12204 0.01186 0.20274 0.74484 
561	6	0.02687 0.83351 0.30875 0.01144 0.11374 0.76840 
562	6	0.01852 0.80279 0.17267 0.00550 0.17912 0.82199 
563	6	0.02380 0.79340 0.19123 0.00739 0.16739 0.80772 
564	6	0.01593 0.74169 0.14367 0.00655 0.19668 0.79265 
565	6	0.01083 0.75733 0.14393 0.00620 0.19732 0.78902 
566	6	0.00492 0.76995 0.33816 0.00361 0.08990 0.81789 
567	6	0.02467 0.73379 0.18397 0.01130 0.17725 0.76629 
568	6	0.02027 0.74846 0.24256 0.01002 0.13401 0.76679 
569	6	0.01400 0.77655 0.13728 0.00935 0.19767 0.75488 
570	6	0.01643 0.83955 0.24518 0.00874 0.13549 0.76740 
571	6	0.02068 0.77722 0.19520 0.00937 0.16454 0.77997 
572	6	0.02106 0.77714 0.22793 0.00860 0.14395 0.78589 
573	6	0.02186 0.77415 0.22705 0.00945 0.14190 0.77393 
574	6	0.02289 0.75115 0.30196 0.01012 0.12127 0.77991 
575	6	0.02378 0.76927 0.27749 0.01000 0.12992 0.77649 
576	6	0.01893 0.79203 0.23368 0.00814 0.15013 0.78861 
577	6	0.01740 0.76615 0.17156 0.00769 0.18374 0.78704 
578	6	0.01595 0.78194 0.19452 0.00773 0.16816 0.78463 
579	6	0.01920 0.80018 0.21181 0.00807 0.15443 0.79331 
580	6	0.01153 0.77999 0.27367 0.00807 0.12023 0.76060 
581	6	0.01457 0.73831 0.11893 0.00794 0.22105 0.76889 
582	6	0.01044 0.77423 0.20083 0.00781 0.16493 0.76980 
583	6	0.01426 0.82443 0.11432 0.00873 0.21276 0.76448 
584	6	0.02008 0.74315 0.19570 0.01125 0.16607 0.73849 
585	6	0.01556 0.76666 0.15247 0.01020 0.18189 0.74885 
586	6	0.01864 0.71655 0.21377 0.00979 0.13693 0.76202 
587	6	0.01994 0.77697 0.09911 0.01086 0.22986 0.74565 
588	6	0.01594 0.76417 0.19242 0.00968 0.16468 0.75286 
589	6	0.02220 0.79178 0.23170 0.00783 0.15234 0.79021 
590	6	0.02428 0.84203 0.17040 0.00686 0.18125 0.82212 
591	6	0.01796 0.79666 0.12106 0.00735 0.21989 0.79780 
592	6	0.01716 0.78565 0.23365 0.00792 0.14469 0.79063 
593	6	0.01394 0.76168 0.25795 0.00799 0.12850 0.76621 
594	6	0.01640 0.80255 0.12103 0.00919 0.20905 0.76189 
595	6	0.01841 0.70576 0.15162 0.01088 0.19283 0.74588 
596	6	0.01108 0.78626 0.30116 0.00427 0.11956 0.82503 
597	6	0.00620 0.82200 0.18199 0.00204 0.16704 0.85647 
598	6	0.00892 0.75230 0.17160 0.00300 0.17995 0.83342 
599	6	0.01369 0.80615 0.17831 0.00589 0.17108 0.80907 
600	7	0.24997 0.69905 0.15990 0.16413 0.79764 0.43355 
601	7	0.35635 0.97949 0.02407 0.24325 0.88244 0.32938 
602	7	0.34894 0.97194 0.02046 0.28692 0.89854 0.32008 
603	7	0.42170 0.96938 0.04860 0.25500 0.85344 0.35216 
604	7	0.33945 0.97845 0.03360 0.19980 0.84950 0.37485 
605	7	0.20863 0.97443 0.04077 0.17892 0.86555 0.36706 
606	7	0.20112 0.97231 0.04119 0.18670 0.85428 0.37057 
607	7	0.33423 0.96363 0.13621 0.13806 0.62047 0.58156 
608	7	0.22514 0.98419 0.08563 0.09987 0.56146 0.57144 
609	7	0.30079 0.98875 0.06275 0.13820 0.63126 0.51694 
610	7	0.29011 0.98285 0.07624 0.13162 0.60694 0.53894 
611	7	0.23680 0.97433 0.10049 0.09242 0.56170 0.59359 
612	7	0.23831 0.99188 0.04772 0.12229 0.65241 0.54142 
613	7	0.21982 0.96205 0.16349 0.10849 0.57217 0.58245 
614	7	0.17986 0.95440 0.16333 0.06787 0.56006 0.64289 
615	7	0.19764 0.97930 0.07416 0.09969 0.61482 0.56213 
616	7	0.29846 1.00000 0.01236 0.19077 0.83396 0.43772 
617	7	0.33775 0.98446 0.07883 0.17810 0.64743 0.51105 
618	7	0.28088 0.98018 0.09187 0.14838 0.61518 0.53718 
619	7	0.14655 0.97384 0.09875 0.07670 0.56718 0.59028 
620	7	0.18418 0.97610 0.10602 0.07729 0.58838 0.61332 
621	7	0.12224 0.97137 0.11507 0.05363 0.53289 0.63852 
622	7	0.23842 0.98256 0.06965 0.09960 0.60185 0.57334 
623	7	0.20219 0.97458 0.10405 0.08226 0.56921 0.59800 
624	7	0.20842 0.98069 0.07166 0.09139 0.57216 0.56899 
625	7	0.16428 0.98373 0.02515 0.13553 0.87753 0.37556 
626	7	0.17556 0.97367 0.00373 0.12645 0.85506 0.39276 
627	7	0.10105 0.94989 0.03723 0.08592 0.76199 0.47308 
628	7	0.06869 0.94099 0.05297 0.07168 0.74870 0.49386 
629	7	0.09394 0.94881 0.08210 0.07271 0.72707 0.49040 
630	7	0.09450 0.92693 0.10800 0.07859 0.71489 0.49098 
631	7	0.20746 0.94500 0.06864 0.11954 0.77352 0.43812 
632	7	0.20285 0.94679 0.06375 0.11878 0.78523 0.42301 
633	7	0.16491 0.98148 0.00251 0.12401 0.87023 0.39015 
634	7	0.08496 0.88237 0.10885 0.06965 0.73412 0.54090 
635	7	0.09335 0.90027 0.06554 0.07717 0.75298 0.51241 
636	7	0.10891 0.93618 0.04208 0.07910 0.72918 0.52260 
637	7	0.11681 0.91694 0.05480 0.07554 0.73640 0.51515 
638	7	0.09722 0.95235 0.03451 0.08146 0.75664 0.48157 
639	7	0.14008 0.98029 0.00241 0.09236 0.82402 0.46663 
640	7	0.11376 0.98196 0.00000 0.10501 0.86378 0.41179 
641	7	0.09854 0.93418 0.04846 0.07687 0.74447 0.48556 
642	7	0.10320 0.78060 0.08713 0.06739 0.77622 0.55702 
643	7	0.10404 0.98451 0.04022 0.05113 0.66142 0.63863 
644	7	0.11101 0.98576 0.04563 0.03843 0.59681 0.67950 
645	7	0.13281 0.99297 0.03027 0.04177 0.61273 0.65267 
646	7	0.08340 0.98107 0.06428 0.03612 0.55985 0.69239 
647	7	0.09271 0.98166 0.05283 0.03604 0.58399 0.67989 
648	7	0.14924 0.99949 0.00637 0.06497 0.78952 0.55932 
649	7	0.09901 0.98102 0.06286 0.03906 0.55914 0.68468 
650	7	0.09360 0.98678 0.04243 0.03630 0.61027 0.66344 
651	7	0.15000 0.99784 0.01453 0.06337 0.74403 0.58229 
652	7	0.12886 0.98994 0.03450 0.03993 0.60464 0.66701 
653	7	0.10398 0.99939 0.00495 0.05608 0.78918 0.56989 
654	7	0.06541 0.98404 0.04335 0.03472 0.62145 0.67211 
655	7	0.10023 0.96025 0.06137 0.04184 0.63993 0.67471 
656	7	0.08982 0.99887 0.00497 0.04728 0.78243 0.58224 
657	7	0.11427 0.99914 0.00668 0.05165 0.78955 0.58170 
658	7	0.10509 0.98066 0.04777 0.04864 0.64731 0.64259 
659	7	0.11015 0.98942 0.02884 0.04733 0.64927 0.62923 
660	7	0.11716 0.98371 0.03248 0.04804 0.67846 0.62859 
661	7	0.08879 0.98925 0.03118 0.04079 0.66007 0.64686 
662	7	0.11223 0.88340 0.10409 0.06419 0.47602 0.58969 
663	7	0.06228 0.89307 0.10979 0.03515 0.47523 0.65634 
664	7	0.08990 0.86503 0.13822 0.03759 0.43225 0.65050 
665	7	0.11202 0.78480 0.13611 0.04651 0.45476 0.63697 
666	7	0.10258 0.88480 0.12828 0.04125 0.40597 0.62931 
667	7	0.10785 0.63127 0.32266 0.04172 0.41047 0.66418 
668	7	0.10709 0.87123 0.10325 0.03762 0.38908 0.67250 
669	7	0.07985 0.85542 0.12864 0.04036 0.42990 0.66177 
670	7	0.07167 0.78586 0.17409 0.03005 0.42645 0.70763 
671	7	0.05907 0.81086 0.17482 0.02756 0.42079 0.69314 
672	7	0.11108 0.86643 0.17924 0.03838 0.36290 0.63836 
673	7	0.13361 0.82121 0.12442 0.04388 0.37793 0.64143 
674	7	0.07598 0.88893 0.08789 0.02588 0.45503 0.69811 
675	7	0.03347 0.90660 0.10298 0.01534 0.35276 0.74617 
676	7	0.05653 0.90377 0.14469 0.01828 0.33351 0.73874 
677	7	0.04829 0.89447 0.11044 0.01635 0.35041 0.75148 
678	7	0.03817 0.88005 0.12170 0.01900 0.32607 0.73158 
679	7	0.03594 0.79861 0.18393 0.01794 0.33594 0.74991 
680	7	0.03680 0.88316 0.10946 0.01615 0.33749 0.75389 
681	7	0.05243 0.75396 0.28351 0.02351 0.29261 0.72282 
682	7	0.03524 0.88876 0.08487 0.01734 0.36512 0.74730 
683	7	0.03825 0.81467 0.14329 0.01845 0.35333 0.73929 
684	7	0.03781 0.90781 0.10048 0.01428 0.34640 0.76213 
685	7	0.03669 0.86793 0.14373 0.01766 0.34670 0.73367 
686	7	0.05558 0.77276 0.16213 0.03727 0.35168 0.62960 
687	7	0.04992 0.81084 0.16171 0.03152 0.33449 0.66625 
688	7	0.06265 0.81905 0.12825 0.03767 0.36432 0.62580 
689	7	0.05662 0.79511 0.19530 0.03388 0.31915 0.65352 
690	7	0.04045 0.83464 0.13478 0.02460 0.37362 0.68423 
691	7	0.06251 0.76832 0.15573 0.03952 0.33811 0.62810 
692	7	0.04960 0.77102 0.18472 0.02982 0.32666 0.67809 
693	7	0.08050 0.73969 0.13639 0.04816 0.37451 0.57911 
694	7	0.06946 0.75319 0.15827 0.04293 0.32551 0.61652 
695	7	0.02602 0.83730 0.22827 0.01002 0.34448 0.80417 
696	7	0.05140 0.76341 0.17246 0.02898 0.34859 0.67104 
697	7	0.07813 0.86190 0.11918 0.04058 0.43614 0.63011 
698	7	0.05410 0.64748 0.28568 0.02759 0.35563 0.69604 
699	7	0.05540 0.81591 0.15029 0.03121 0.35737 0.67999 
700	8	0.12626 0.64160 0.10750 0.10892 0.56550 0.47065 
701	8	0.11578 0.65362 0.16605 0.08171 0.55171 0.54725 
702	8	0.14166 0.65797 0.17880 0.09105 0.56012 0.52820 
703	8	0.11621 0.79377 0.18587 0.08611 0.53265 0.56834 
704	8	0.11384 0.74704 0.16413 0.08161 0.54463 0.55450 
705	8	0.14213 0.80184 0.14933 0.09986 0.52063 0.52775 
706	8	0.12157 0.80649 0.14046 0.09085 0.53568 0.54076 
707	8	0.14029 0.77288 0.15737 0.08818 0.50953 0.55235 
708	8	0.11384 0.55180 0.31789 0.08429 0.51750 0.56346 
709	8	0.09248 0.74689 0.13663 0.07242 0.50967 0.56987 
710	8	0.11453 0.80988 0.18525 0.07642 0.51321 0.60859 
711	8	0.11463 0.70832 0.28001 0.08601 0.51259 0.58531 
712	8	0.13957 0.70133 0.27440 0.09044 0.51032 0.58156 
713	8	0.21471 0.74991 0.29018 0.09046 0.48952 0.62160 
714	8	0.13692 0.66970 0.31529 0.08890 0.53845 0.59384 
715	8	0.10756 0.67015 0.43401 0.07110 0.50323 0.63508 
716	8	0.11256 0.76974 0.23992 0.06947 0.47306 0.62129 
717	8	0.11205 0.77976 0.22611 0.07135 0.48871 0.61602 
718	8	0.11523 0.65389 0.36333 0.06572 0.47165 0.63276 
719	8	0.11078 0.68882 0.27636 0.06853 0.47771 0.58881 
720	8	0.12450 0.58384 0.28586 0.06222 0.46920 0.60685 
721	8	0.22494 0.72651 0.21495 0.10779 0.48856 0.53282 
722	8	0.13826 0.63482 0.41642 0.06445 0.47817 0.63660 
723	8	0.18334 0.71140 0.26704 0.08252 0.50992 0.59982 
724	8	0.13807 0.50645 0.34990 0.09449 0.52562 0.55370 
725	8	0.20942 0.68125 0.19277 0.12363 0.57447 0.50030 
726	8	0.25545 0.68002 0.30801 0.12083 0.57233 0.54113 
727	8	0.29445 0.68113 0.21452 0.13287 0.57765 0.51872 
728	8	0.21397 0.82913 0.17164 0.10837 0.57148 0.52918 
729	8	0.22385 0.68823 0.24322 0.13059 0.58066 0.52467 
730	8	0.25366 0.67601 0.31077 0.13398 0.58092 0.53358 
731	8	0.26500 0.61339 0.21451 0.20381 0.62421 0.40794 
732	8	0.21698 0.72343 0.21037 0.14028 0.59522 0.49437 
733	8	0.23539 0.75144 0.20328 0.15115 0.63250 0.48524 
734	8	0.27147 0.73143 0.21555 0.17015 0.61315 0.47147 
735	8	0.09251 0.41180 0.47013 0.06374 0.46632 0.61244 
736	8	0.10342 0.54696 0.43498 0.06617 0.48692 0.62497 
737	8	0.15546 0.34868 0.22771 0.10045 0.54800 0.50714 
738	8	0.13224 0.57407 0.29176 0.07975 0.53516 0.57781 
739	8	0.11093 0.60803 0.32214 0.07401 0.51253 0.58744 
740	8	0.17222 0.74481 0.30653 0.11561 0.61026 0.55618 
741	8	0.12341 0.68584 0.22313 0.10201 0.59120 0.52368 
742	8	0.10795 0.55775 0.44048 0.06716 0.49992 0.61564 
743	8	0.09746 0.70092 0.33599 0.05527 0.49468 0.66349 
744	8	0.10850 0.56078 0.28838 0.06567 0.50627 0.61591 
745	8	0.07478 0.70648 0.27204 0.05329 0.47346 0.64051 
746	8	0.16762 0.62909 0.20640 0.08101 0.51874 0.57142 
747	8	0.09690 0.72304 0.13485 0.08646 0.53852 0.50934 
748	8	0.09740 0.60208 0.29954 0.06501 0.50999 0.60431 
749	8	0.11775 0.28649 0.28669 0.08648 0.52580 0.52832 
750	8	0.09148 0.49017 0.28043 0.07145 0.48321 0.55137 
751	8	0.11194 0.32585 0.33166 0.08574 0.51551 0.53350 
752	8	0.11145 0.52644 0.41507 0.05745 0.46814 0.64955 
753	8	0.09243 0.51069 0.35372 0.05815 0.47135 0.62758 
754	8	0.14465 0.61741 0.37007 0.10134 0.56734 0.56114 
755	8	0.08670 0.59294 0.38561 0.06497 0.50428 0.63284 
756	8	0.08682 0.67823 0.31822 0.05893 0.46781 0.64454 
757	8	0.13505 0.34843 0.46719 0.08339 0.52158 0.57558 
758	8	0.08810 0.66750 0.25339 0.06307 0.50393 0.60609 
759	8	0.13956 0.69201 0.23764 0.09865 0.56004 0.52876 
760	8	0.13318 0.67305 0.25249 0.10629 0.60281 0.51854 
761	8	0.08870 0.49453 0.31875 0.04916 0.46878 0.63152 
762	8	0.06844 0.67389 0.29014 0.03582 0.41421 0.69675 
763	8	0.08118 0.47148 0.33565 0.04081 0.38923 0.66538 
764	8	0.21911 0.95286 0.03831 0.15616 0.62644 0.42658 
765	8	0.08602 0.44486 0.26030 0.04756 0.40634 0.60319 
766	8	0.07511 0.63194 0.20695 0.03921 0.40611 0.65302 
767	8	0.06866 0.62112 0.50079 0.02844 0.30123 0.74466 
768	8	0.10352 0.73703 0.35907 0.03931 0.30849 0.69652 
769	8	0.05613 0.49361 0.19477 0.03154 0.36940 0.66983 
770	8	0.07101 0.37992 0.21868 0.04292 0.29812 0.58303 
771	8	0.07949 0.30110 0.22837 0.03985 0.33077 0.60480 
772	8	0.10000 0.11863 0.22257 0.04936 0.31278 0.57273 
773	8	0.03272 0.48240 0.25536 0.01984 0.33276 0.72427 
774	8	0.04912 0.66819 0.26804 0.02391 0.27232 0.69903 
775	8	0.08621 0.66473 0.31022 0.03760 0.29459 0.66437 
776	8	0.06944 0.53068 0.29854 0.04169 0.37340 0.62627 
777	8	0.07516 0.52817 0.19780 0.05293 0.39499 0.56291 
778	8	0.06818 0.45949 0.31985 0.04037 0.35840 0.62940 
779	8	0.06027 0.56458 0.37801 0.04056 0.33144 0.62835 
780	8	0.07426 0.43223 0.26127 0.04562 0.33657 0.57980 
781	8	0.08248 0.04685 0.28441 0.04634 0.34742 0.58710 
782	8	0.07470 0.22176 0.25019 0.04514 0.34006 0.59134 
783	8	0.06168 0.26349 0.32709 0.04146 0.30864 0.60356 
784	8	0.08828 0.33686 0.22825 0.04760 0.35128 0.58368 
785	8	0.06856 0.64211 0.29422 0.02821 0.28392 0.69783 
786	8	0.05183 0.67531 0.22635 0.02571 0.30666 0.69925 
787	8	0.07089 0.28811 0.32840 0.03986 0.28457 0.61070 
788	8	0.08952 0.25741 0.39692 0.03807 0.25213 0.61732 
789	8	0.07895 0.35827 0.36093 0.03494 0.24736 0.64962 
790	8	0.05751 0.54913 0.21432 0.02654 0.28212 0.70382 
791	8	0.02773 0.44089 0.43374 0.01544 0.22875 0.75622 
792	8	0.04629 0.30210 0.35014 0.02526 0.28985 0.68012 
793	8	0.02951 0.53862 0.27061 0.01648 0.29503 0.75580 
794	8	0.00943 0.87149 0.30859 0.00330 0.14287 0.85963 
795	8	0.00922 0.87409 0.31334 0.00246 0.13597 0.86903 
796	8	0.00897 0.85149 0.37920 0.00274 0.11486 0.87039 
797	8	0.00487 0.83088 0.49968 0.00089 0.09329 0.90631 
798	8	0.01553 0.86503 0.35378 0.00536 0.12171 0.84737 
799	8	0.01565 0.86377 0.38728 0.00456 0.10694 0.86521 
800	9	0.47991 0.85309 0.13014 0.49050 0.90236 0.25749 
801	9	0.34561 0.88126 0.15913 0.37517 0.80830 0.36791 
802	9	0.54589 0.92465 0.15637 0.40070 0.78403 0.40298 
803	9	0.25939 0.84286 0.13240 0.25309 0.79008 0.38477 
804	9	0.15741 0.83248 0.13939 0.12741 0.64174 0.48136 
805	9	0.11015 0.86534 0.19889 0.07360 0.57073 0.65159 
806	9	0.15616 0.78970 0.14743 0.13135 0.68833 0.51063 
807	9	0.63664 0.82826 0.12685 0.58227 0.84532 0.27700 
808	9	0.16769 0.86430 0.08725 0.19298 0.76502 0.41340 
809	9	0.28285 0.79408 0.02839 0.25634 0.82348 0.28024 
810	9	0.28915 0.79435 0.12451 0.25766 0.80605 0.34260 
811	9	0.58922 0.78614 0.09014 0.46642 0.86112 0.25053 
812	9	0.29533 0.85705 0.17567 0.23574 0.74668 0.42371 
813	9	0.19402 0.84231 0.21542 0.16033 0.63632 0.56251 
814	9	0.31538 0.86766 0.15558 0.20659 0.70940 0.48366 
815	9	0.24720 0.83005 0.24703 0.19982 0.67153 0.52615 
816	9	0.28003 0.84576 0.16338 0.20550 0.72252 0.44232 
817	9	0.19496 0.84475 0.04537 0.18884 0.74328 0.39210 
818	9	0.45961 0.87021 0.14537 0.38533 0.84214 0.30687 
819	9	0.41408 0.96081 0.03521 0.52601 0.91587 0.17813 
820	9	0.45625 0.79860 0.12994 0.59982 0.87203 0.23154 
821	9	0.46443 0.86430 0.15948 0.40974 0.81589 0.34294 
822	9	0.54902 0.80989 0.06848 0.71554 0.97022 0.08896 
823	9	0.58086 0.86079 0.15646 0.64618 0.85020 0.27207 
824	9	0.63284 0.90269 0.12188 0.64728 0.85873 0.27582 
825	9	0.59950 0.78705 0.12848 0.50058 0.82292 0.20955 
826	9	0.24095 0.82805 0.12117 0.20398 0.72159 0.45061 
827	9	0.26305 0.76934 0.12365 0.30483 0.78043 0.27633 
828	9	0.31275 0.74647 0.06407 0.32691 0.78929 0.26493 
829	9	0.29359 0.83591 0.08735 0.32147 0.75977 0.27532 
830	9	0.16489 0.77316 0.17220 0.12307 0.64154 0.51277 
831	9	0.21974 0.84700 0.08283 0.18247 0.70419 0.39684 
832	9	0.18674 0.87237 0.06871 0.11140 0.67004 0.52051 
833	9	0.18226 0.91194 0.07034 0.15989 0.75049 0.42972 
834	9	0.25215 0.90938 0.02685 0.22937 0.80664 0.36254 
835	9	0.17840 0.85489 0.17214 0.17392 0.72671 0.46825 
836	9	0.14243 0.93749 0.06395 0.13350 0.71358 0.50663 
837	9	0.21206 0.88527 0.10321 0.20307 0.75313 0.43288 
838	9	0.23334 0.91870 0.07266 0.17863 0.73753 0.44833 
839	9	0.21653 0.90532 0.03796 0.20682 0.79225 0.37778 
840	9	0.27775 0.85002 0.09848 0.28106 0.81793 0.30041 
841	9	0.27153 0.84752 0.09956 0.26596 0.82020 0.35047 
842	9	0.25112 0.92881 0.03167 0.25942 0.81860 0.28160 
843	9	0.36254 0.92441 0.07097 0.32630 0.85019 0.26234 
844	9	0.35213 0.79871 0.13881 0.49958 0.89024 0.18833 
845	9	0.48670 0.90299 0.04833 0.67190 0.95287 0.09830 
846	9	0.38061 0.92289 0.02889 0.55334 0.91921 0.15758 
847	9	0.38592 0.93265 0.07005 0.36782 0.81624 0.28856 
848	9	0.35840 0.89142 0.10614 0.39810 0.83288 0.31290 
849	9	0.08272 0.81161 0.13641 0.04651 0.46351 0.63909 
850	9	0.09357 0.80702 0.11244 0.05933 0.49203 0.59597 
851	9	0.07645 0.82441 0.08959 0.04657 0.47461 0.61788 
852	9	0.14006 0.83709 0.09585 0.06137 0.48005 0.56407 
853	9	0.08895 0.83423 0.11446 0.03573 0.42919 0.68994 
854	9	0.07198 0.86521 0.11627 0.03827 0.45286 0.68203 
855	9	0.10319 0.81159 0.17408 0.04240 0.41371 0.69463 
856	9	0.06321 0.86743 0.17734 0.03025 0.39312 0.72418 
857	9	0.07717 0.78945 0.15994 0.04666 0.44427 0.62821 
858	9	0.06272 0.79222 0.10180 0.05467 0.46405 0.56713 
859	9	0.12833 0.81244 0.14046 0.04874 0.42521 0.65027 
860	9	0.07768 0.81420 0.15263 0.03121 0.40255 0.70687 
861	9	0.08580 0.82873 0.15086 0.03768 0.41618 0.70573 
862	9	0.07338 0.85513 0.14654 0.03246 0.41988 0.70341 
863	9	0.08189 0.81555 0.14190 0.05541 0.45816 0.59482 
864	9	0.14247 0.87636 0.20520 0.12182 0.65425 0.54328 
865	9	0.24134 0.83703 0.14202 0.16665 0.68757 0.49242 
866	9	0.22455 0.86598 0.11569 0.21248 0.74582 0.40816 
867	9	0.19121 0.83482 0.07680 0.19431 0.77585 0.39127 
868	9	0.17010 0.82365 0.13651 0.11630 0.62066 0.54508 
869	9	0.08330 0.85647 0.16562 0.05517 0.48158 0.61364 
870	9	0.14783 0.81924 0.17368 0.08826 0.49893 0.54220 
871	9	0.18393 0.86643 0.12060 0.11829 0.59433 0.49300 
872	9	0.13470 0.89968 0.11668 0.07572 0.54564 0.60295 
873	9	0.33311 0.90704 0.14371 0.20062 0.68221 0.44673 
874	9	0.29885 0.86688 0.11588 0.16530 0.66474 0.49120 
875	9	0.09059 0.85682 0.09925 0.05298 0.49115 0.62758 
876	9	0.06890 0.81084 0.19490 0.05795 0.45968 0.57937 
877	9	0.07648 0.83878 0.16353 0.03909 0.41023 0.66616 
878	9	0.09724 0.81558 0.12230 0.05277 0.45830 0.60363 
879	9	0.05890 0.82046 0.14222 0.04274 0.45059 0.63580 
880	9	0.06490 0.82752 0.13056 0.04700 0.47023 0.62401 
881	9	0.07153 0.83230 0.14683 0.03805 0.44901 0.65504 
882	9	0.07698 0.86589 0.22780 0.02261 0.35143 0.78859 
883	9	0.08627 0.82686 0.18936 0.03128 0.38655 0.71634 
884	9	0.23447 0.88406 0.13643 0.18933 0.71984 0.43002 
885	9	0.32012 0.95620 0.03658 0.29441 0.87298 0.30298 
886	9	0.29264 0.88855 0.08299 0.25109 0.78764 0.36162 
887	9	0.16964 0.87749 0.12323 0.17269 0.72913 0.43824 
888	9	0.20385 0.88427 0.07657 0.19154 0.76551 0.41449 
889	9	0.23031 0.87732 0.10348 0.21596 0.77157 0.40384 
890	9	0.33287 0.86996 0.18961 0.20041 0.68663 0.49301 
891	9	0.16080 0.85887 0.14137 0.14763 0.70221 0.48259 
892	9	0.31212 0.84693 0.17764 0.24590 0.76063 0.35509 
893	9	0.22329 0.88366 0.15439 0.15501 0.69254 0.48678 
894	9	0.19233 0.87224 0.14151 0.15882 0.68941 0.48204 
895	9	0.12525 0.86667 0.16044 0.08930 0.58163 0.55700 
896	9	0.15406 0.86443 0.16683 0.11999 0.60865 0.56764 
897	9	0.15558 0.82124 0.11647 0.17165 0.72064 0.43710 
898	9	0.19364 0.85385 0.07812 0.13856 0.67885 0.46704 
899	9	0.10572 0.84229 0.19316 0.06886 0.52507 0.60283 
900	10	0.28208 0.81395 0.75014 0.05498 0.24449 0.92131 
901	10	0.28868 0.85691 0.60172 0.05512 0.22099 0.96914 
902	10	0.29224 0.83535 0.63573 0.05658 0.22399 0.97905 
903	10	0.28399 0.85231 0.54921 0.05418 0.24691 0.94430 
904	10	0.28744 0.86468 0.44635 0.05793 0.26403 0.87820 
905	10	0.28668 0.85177 0.57568 0.05450 0.25237 0.96295 
906	10	0.27675 0.83969 0.63527 0.05065 0.23017 0.96700 
907	10	0.26887 0.83109 0.65538 0.04765 0.22726 0.99086 
908	10	0.26661 0.79370 0.80952 0.04643 0.20241 1.00000 
909	10	0.27767 0.83649 0.64504 0.04977 0.20341 0.99584 
910	10	0.28498 0.85626 0.54476 0.05386 0.22932 0.96842 
911	10	0.30291 0.81280 0.78967 0.06019 0.21123 0.99323 
912	10	0.32514 0.83524 0.65819 0.06995 0.22876 0.97481 
913	10	0.36450 0.82792 0.61953 0.08844 0.25620 0.93930 
914	10	0.36574 0.87922 0.32450 0.09204 0.31925 0.84134 
915	10	0.39161 0.82476 0.57587 0.10010 0.24811 0.93845 
916	10	0.45182 0.84623 0.58747 0.13450 0.27209 0.92196 
917	10	0.49457 0.87659 0.47622 0.16071 0.25328 0.90304 
918	10	0.54102 0.84741 0.64075 0.19184 0.25986 0.90162 
919	10	0.56521 0.91204 0.38424 0.20939 0.29242 0.87853 
920	10	0.31123 0.86301 0.44146 0.06346 0.27660 0.92336 
921	10	0.44772 0.85897 0.52212 0.13231 0.32264 0.86776 
922	10	0.45729 0.90097 0.25712 0.14603 0.38953 0.73974 
923	10	0.49596 0.92601 0.29455 0.16251 0.34376 0.83750 
924	10	0.54572 0.89432 0.45387 0.19721 0.35145 0.82519 
925	10	0.51268 0.93965 0.21910 0.17427 0.37051 0.81542 
926	10	0.38088 0.86451 0.41088 0.09695 0.30172 0.84903 
927	10	0.38245 0.85547 0.42987 0.09902 0.30780 0.83973 
928	10	0.40392 0.91564 0.25651 0.11039 0.32807 0.83166 
929	10	0.44454 0.94038 0.23533 0.13205 0.35359 0.82106 
930	10	0.43639 0.93208 0.26727 0.12671 0.33486 0.84889 
931	10	0.46348 0.94778 0.23964 0.14181 0.33274 0.86407 
932	10	0.43811 0.90001 0.37779 0.12962 0.32492 0.82500 
933	10	0.42026 0.89330 0.38394 0.11894 0.30415 0.84090 
934	10	0.38356 0.93575 0.19458 0.10206 0.33111 0.78978 
935	10	0.34771 0.90233 0.32014 0.08360 0.31420 0.83992 
936	10	0.32762 0.92368 0.30742 0.07447 0.28673 0.83464 
937	10	0.31760 0.91539 0.18337 0.07021 0.33355 0.84870 
938	10	0.73653 0.84680 0.63497 0.36013 0.39900 0.74297 
939	10	0.82149 0.84746 0.61164 0.44194 0.41861 0.74813 
940	10	0.99738 0.87020 0.50084 0.65321 0.46932 0.63959 
941	10	1.00000 0.87398 0.56337 0.66358 0.50384 0.63867 
942	10	0.96858 0.86043 0.49711 0.61663 0.45178 0.68567 
943	10	0.79841 0.83794 0.70691 0.41815 0.37471 0.77496 
944	10	0.79272 0.86791 0.53903 0.41436 0.38923 0.74850 
945	10	0.76786 0.87279 0.46345 0.38726 0.37927 0.77352 
946	10	0.81870 0.87213 0.62507 0.44209 0.39712 0.71852 
947	10	0.52241 0.89711 0.40632 0.18423 0.35567 0.80902 
948	10	0.51303 0.83006 0.61505 0.17615 0.34315 0.82424 
949	10	0.96342 0.81834 0.38284 0.63240 0.68570 0.50523 
950	10	0.91744 0.86580 0.35494 0.57336 0.65335 0.52991 
951	10	0.63707 0.90730 0.24998 0.27955 0.48104 0.64547 
952	10	0.88585 0.86891 0.53815 0.51883 0.48480 0.67714 
953	10	0.83081 0.86719 0.40754 0.46603 0.49290 0.61530 
954	10	0.49450 0.81187 0.57330 0.16674 0.36022 0.82047 
955	10	0.65902 0.81618 0.77986 0.28506 0.33860 0.81678 
956	10	0.37521 0.80460 0.59159 0.09360 0.25757 0.90385 
957	10	0.52907 0.86665 0.51567 0.18640 0.33533 0.82906 
958	10	0.65370 0.83170 0.70435 0.28511 0.39834 0.76801 
959	10	0.62907 0.88499 0.45286 0.26364 0.38451 0.79816 
960	10	0.42117 0.84603 0.51329 0.11593 0.24036 0.93848 
961	10	0.46243 0.85701 0.46843 0.14153 0.30595 0.85577 
962	10	0.19835 0.71627 0.65989 0.03032 0.24972 0.91048 
963	10	0.49897 0.87741 0.36874 0.18105 0.40907 0.68350 
964	10	0.38240 0.84894 0.36342 0.11369 0.39740 0.73316 
965	10	0.33774 0.73278 0.75206 0.07690 0.27079 0.88791 
966	10	0.44768 0.83383 0.44932 0.13744 0.34700 0.80054 
967	10	0.14632 0.80285 0.52561 0.01827 0.24639 0.93404 
968	10	0.85148 0.87421 0.58270 0.47891 0.37949 0.75997 
969	10	0.62248 0.88022 0.37001 0.27035 0.49337 0.72871 
970	10	0.49042 0.81154 0.64615 0.16190 0.31444 0.84981 
971	10	0.54051 0.81143 0.72362 0.19635 0.34510 0.86693 
972	10	0.55373 0.80824 0.78799 0.20583 0.32909 0.87769 
973	10	0.50997 0.86379 0.56361 0.17551 0.33460 0.87284 
974	10	0.48029 0.85480 0.54152 0.15676 0.34159 0.88479 
975	10	0.33638 0.82523 0.82358 0.07761 0.28309 0.93940 
976	10	0.22713 0.85532 0.47221 0.03520 0.25046 0.94655 
977	10	0.35419 0.89888 0.43916 0.08816 0.29798 0.92476 
978	10	0.40714 0.91431 0.35308 0.11616 0.33002 0.88817 
979	10	0.37387 0.83406 0.54731 0.09174 0.26557 0.92226 
980	10	0.35144 0.83598 0.51266 0.08251 0.27939 0.91073 
981	10	0.54822 0.91274 0.36325 0.20051 0.34289 0.84940 
982	10	0.59451 0.89830 0.42501 0.23660 0.37332 0.81408 
983	10	0.34629 0.89182 0.31589 0.08246 0.33244 0.86483 
984	10	0.35007 0.91750 0.30523 0.08145 0.32561 0.89459 
985	10	0.54366 0.93912 0.26681 0.19850 0.38948 0.81343 
986	10	0.56162 0.92056 0.33438 0.21104 0.37696 0.80038 
987	10	0.52344 0.91527 0.34007 0.18382 0.39055 0.81615 
988	10	0.59273 0.93424 0.28122 0.23665 0.40933 0.77162 
989	10	0.28552 0.82049 0.46277 0.05402 0.26998 0.90848 
990	10	0.53219 0.93161 0.27972 0.18990 0.37373 0.82851 
991	10	0.60872 0.93039 0.28918 0.25077 0.40585 0.77067 
992	10	0.61241 0.92144 0.35462 0.24904 0.37632 0.78183 
993	10	0.57232 0.87627 0.52652 0.21882 0.36687 0.81808 
994	10	0.60166 0.92653 0.24459 0.24600 0.42246 0.70238 
995	10	0.58602 0.89122 0.49948 0.22902 0.35107 0.83122 
996	10	0.45083 0.89580 0.41014 0.13538 0.32860 0.84865 
997	10	0.57552 0.92654 0.22753 0.22437 0.42420 0.72882 
998	10	0.61269 0.91228 0.35716 0.25015 0.39799 0.78385 
999	10	0.66435 0.93903 0.19592 0.29796 0.44571 0.67851 
1000	11	0.44225 0.98985 0.00624 0.51086 1.00000 0.16017 
1001	11	0.52118 0.93959 0.13897 0.43651 0.86151 0.29569 
1002	11	0.34030 0.91091 0.05199 0.24396 0.84841 0.39439 
1003	11	0.49920 0.93163 0.04681 0.54595 0.89372 0.24383 
1004	11	0.46262 0.94757 0.04273 0.52960 0.94375 0.21579 
1005	11	0.37894 0.91404 0.05099 0.38746 0.87748 0.31600 
1006	11	0.30125 0.92886 0.06649 0.30550 0.84853 0.38253 
1007	11	0.39728 0.91428 0.02751 0.39223 0.89738 0.28103 
1008	11	0.32989 0.91334 0.06556 0.36069 0.84575 0.34458 
1009	11	0.43923 0.92496 0.05165 0.41510 0.85635 0.30655 
1010	11	0.41131 0.92342 0.06967 0.40520 0.85544 0.30043 
1011	11	0.38275 0.89755 0.07866 0.37923 0.85046 0.30387 
1012	11	0.37075 0.91561 0.05526 0.36420 0.86816 0.32667 
1013	11	0.38685 0.90636 0.06134 0.39628 0.86869 0.31754 
1014	11	0.39265 0.91028 0.05823 0.45732 0.87986 0.24040 
1015	11	0.47124 0.90510 0.05854 0.37886 0.84639 0.34045 
1016	11	0.63869 0.91821 0.09751 0.50155 0.84808 0.29690 
1017	11	0.33057 0.91174 0.09337 0.36518 0.84715 0.35641 
1018	11	0.69374 0.91905 0.08209 0.48254 0.85143 0.34567 
1019	11	0.47012 0.93851 0.03458 0.48085 0.89639 0.26445 
1020	11	0.77152 0.92568 0.07172 0.59351 0.88452 0.28267 
1021	11	0.46087 0.90562 0.06979 0.31141 0.86582 0.35904 
1022	11	0.36104 0.91970 0.08361 0.36608 0.88516 0.32938 
1023	11	0.56949 0.92118 0.09698 0.41704 0.91092 0.27836 
1024	11	0.49935 0.91179 0.08639 0.37388 0.88666 0.30790 
1025	11	0.35685 0.93786 0.09539 0.32995 0.84217 0.31895 
1026	11	0.43381 0.92530 0.11423 0.38661 0.85158 0.29997 
1027	11	0.37822 0.91012 0.04688 0.36025 0.89074 0.27008 
1028	11	0.31189 0.91743 0.05772 0.33184 0.88663 0.29090 
1029	11	0.24798 0.91850 0.11894 0.25570 0.84324 0.34563 
1030	11	0.29944 0.93161 0.05246 0.32583 0.87693 0.29149 
1031	11	0.33758 0.91309 0.05699 0.32046 0.87550 0.31536 
1032	11	0.28565 0.91273 0.04314 0.30258 0.87450 0.32837 
1033	11	0.44220 0.90365 0.06453 0.35540 0.87394 0.29446 
1034	11	0.29200 0.92399 0.08890 0.29861 0.86533 0.31172 
1035	11	0.24903 0.91495 0.07140 0.26313 0.86944 0.32704 
1036	11	0.30058 0.88852 0.04410 0.35366 0.90992 0.22459 
1037	11	0.31017 0.88264 0.04358 0.36523 0.91278 0.22036 
1038	11	0.23791 0.93938 0.17499 0.23862 0.80166 0.40338 
1039	11	0.33092 0.95139 0.12207 0.31249 0.82646 0.34986 
1040	11	0.26924 0.92843 0.06835 0.24871 0.82892 0.39171 
1041	11	0.28424 0.93178 0.11332 0.28947 0.82195 0.36021 
1042	11	0.43285 0.91677 0.07588 0.39002 0.88746 0.25706 
1043	11	0.30365 0.88869 0.07493 0.32056 0.80224 0.31472 
1044	11	0.32780 0.92184 0.10463 0.27157 0.75874 0.43989 
1045	11	0.30982 0.92336 0.04283 0.31592 0.83442 0.34019 
1046	11	0.30097 0.90491 0.06758 0.30020 0.85141 0.33251 
1047	11	0.49484 0.90230 0.05064 0.47928 0.90845 0.21918 
1048	11	0.22233 0.94487 0.16244 0.29389 0.86420 0.33356 
1049	11	0.32704 0.94143 0.10160 0.34587 0.89980 0.28589 
1050	11	0.26015 0.93656 0.03979 0.29155 0.90081 0.32373 
1051	11	0.24889 0.91643 0.06148 0.23044 0.86720 0.38560 
1052	11	0.34055 0.93261 0.09136 0.26791 0.83163 0.38383 
1053	11	0.37908 0.88122 0.08354 0.32552 0.80165 0.37507 
1054	11	0.38870 0.85086 0.02717 0.37997 0.87014 0.24787 
1055	11	0.30411 0.85291 0.02873 0.34265 0.85820 0.26474 
1056	11	0.36431 0.88966 0.07085 0.28150 0.81610 0.39075 
1057	11	0.33587 0.91951 0.04626 0.34708 0.87321 0.31983 
1058	11	0.38613 0.86611 0.02105 0.40478 0.87807 0.24198 
1059	11	0.27355 0.93238 0.06858 0.24819 0.85254 0.38146 
1060	11	0.25937 0.91842 0.05282 0.26317 0.84890 0.35627 
1061	11	0.22102 0.90665 0.05637 0.25899 0.81539 0.37916 
1062	11	0.26357 0.91103 0.07247 0.25346 0.81531 0.38998 
1063	11	0.23137 0.92287 0.04502 0.24313 0.81599 0.39495 
1064	11	0.49261 0.92194 0.06798 0.53221 0.86521 0.25976 
1065	11	0.63137 0.91612 0.06438 0.45613 0.82895 0.35365 
1066	11	0.25328 0.92222 0.06130 0.29768 0.86235 0.32117 
1067	11	0.26733 0.92130 0.12348 0.27928 0.79030 0.41134 
1068	11	0.59859 0.89769 0.08097 0.61204 0.88119 0.24826 
1069	11	0.54807 0.93676 0.08737 0.62315 0.86941 0.24604 
1070	11	0.63221 0.94254 0.07213 0.70405 0.89587 0.21687 
1071	11	0.47070 0.91748 0.07765 0.56849 0.89297 0.22140 
1072	11	0.26941 0.92182 0.05983 0.25795 0.84361 0.38111 
1073	11	0.26549 0.91369 0.08343 0.23786 0.85645 0.36594 
1074	11	0.35143 0.94488 0.05674 0.29035 0.86812 0.33661 
1075	11	0.33714 0.93900 0.06476 0.27122 0.85704 0.36212 
1076	11	0.30718 0.92085 0.05401 0.30367 0.86107 0.35365 
1077	11	0.29821 0.94020 0.08059 0.28567 0.85088 0.32773 
1078	11	0.27960 0.91910 0.05782 0.27022 0.88818 0.31123 
1079	11	0.22282 0.91869 0.09940 0.29137 0.88855 0.29745 
1080	11	0.32772 0.93300 0.10208 0.31744 0.89008 0.28400 
1081	11	0.22942 0.90831 0.20147 0.26144 0.83776 0.35042 
1082	11	0.31660 0.95144 0.11711 0.30366 0.85813 0.31865 
1083	11	0.22800 0.92900 0.14169 0.24606 0.81794 0.37812 
1084	11	0.31571 0.93861 0.09705 0.25992 0.84822 0.36072 
1085	11	0.26057 0.93437 0.11080 0.29189 0.86060 0.32339 
1086	11	0.33460 0.91916 0.13140 0.25005 0.82473 0.38320 
1087	11	0.35767 0.88767 0.04929 0.42345 0.93303 0.18239 
1088	11	0.38606 0.96215 0.09859 0.23913 0.82400 0.43295 
1089	11	0.29582 0.97458 0.04996 0.19391 0.88757 0.41151 
1090	11	0.24448 0.95442 0.13826 0.15872 0.77747 0.49300 
1091	11	0.34615 0.95839 0.11130 0.21896 0.80406 0.45231 
1092	11	0.29104 0.96048 0.04997 0.23517 0.89057 0.35948 
1093	11	0.29479 0.95785 0.06032 0.21096 0.87384 0.38641 
1094	11	0.34686 0.94910 0.09212 0.23109 0.85857 0.39209 
1095	11	0.27897 0.94769 0.12449 0.18462 0.81931 0.43814 
1096	11	0.42617 0.94437 0.02753 0.29607 0.91748 0.29903 
1097	11	0.43896 0.92767 0.03686 0.29508 0.90621 0.30093 
1098	11	0.37169 0.94232 0.05117 0.25866 0.88814 0.34469 
1099	11	0.27925 0.95143 0.05785 0.22445 0.87364 0.37614 
1100	12	0.30051 0.94091 0.01598 0.22169 0.87547 0.38631 
1101	12	0.20491 0.85906 0.08148 0.16499 0.83064 0.46089 
1102	12	0.19180 0.89259 0.12583 0.13534 0.73644 0.55665 
1103	12	0.23374 0.94985 0.06636 0.14196 0.75574 0.55543 
1104	12	0.22623 0.92501 0.04638 0.19547 0.84212 0.43251 
1105	12	0.22698 0.94202 0.03328 0.19878 0.81742 0.45754 
1106	12	0.26875 0.94706 0.02653 0.27461 0.87752 0.35215 
1107	12	0.22000 0.90877 0.09551 0.14870 0.78493 0.52460 
1108	12	0.26843 0.93268 0.04662 0.19566 0.82327 0.45780 
1109	12	0.28236 0.93958 0.02706 0.18922 0.84392 0.45665 
1110	12	0.31497 0.91049 0.06410 0.25249 0.85557 0.41249 
1111	12	0.42450 0.89665 0.06704 0.28776 0.84640 0.40516 
1112	12	0.28329 0.91615 0.03910 0.22149 0.85033 0.41390 
1113	12	0.25481 0.90080 0.04238 0.22066 0.86132 0.41019 
1114	12	0.53925 0.87557 0.03670 0.52795 0.95755 0.22402 
1115	12	0.44209 0.91035 0.03366 0.46310 0.94424 0.24425 
1116	12	0.30816 0.85671 0.10448 0.29705 0.86554 0.38154 
1117	12	0.23212 0.90329 0.09783 0.21177 0.79466 0.47985 
1118	12	0.34345 0.91905 0.01144 0.39197 0.93546 0.24574 
1119	12	0.17020 0.93553 0.03603 0.16901 0.84172 0.43981 
1120	12	0.27574 0.94411 0.05152 0.24976 0.81932 0.43242 
1121	12	0.19227 0.92496 0.06382 0.17455 0.78757 0.48551 
1122	12	0.34614 0.91208 0.07421 0.27295 0.80858 0.41697 
1123	12	0.20237 0.90840 0.07218 0.15347 0.82014 0.48311 
1124	12	0.14447 0.91796 0.10081 0.07954 0.66510 0.65494 
1125	12	0.27632 0.90904 0.02945 0.31539 0.88861 0.32162 
1126	12	0.26502 0.91454 0.03634 0.28194 0.87906 0.33895 
1127	12	0.22569 0.96319 0.03106 0.18566 0.81311 0.47656 
1128	12	0.26612 0.92712 0.01488 0.30231 0.91538 0.31596 
1129	12	0.19682 0.91851 0.07471 0.15950 0.76428 0.52566 
1130	12	0.21836 0.91431 0.05445 0.18299 0.80368 0.46754 
1131	12	0.23485 0.91014 0.02891 0.22998 0.89108 0.35807 
1132	12	0.38940 0.92943 0.02194 0.32155 0.90665 0.30855 
1133	12	0.19583 0.98790 0.01142 0.19310 0.89315 0.34494 
1134	12	0.20508 0.98252 0.01423 0.19128 0.88490 0.34304 
1135	12	0.19815 0.90831 0.06646 0.12979 0.75231 0.48494 
1136	12	0.34395 0.93640 0.07233 0.16563 0.71019 0.50769 
1137	12	0.21574 0.91470 0.07657 0.14322 0.74839 0.46766 
1138	12	0.34403 0.99349 0.00583 0.21681 0.90373 0.35828 
1139	12	0.14761 0.94319 0.08114 0.10224 0.73572 0.50791 
1140	12	0.16445 0.95062 0.06637 0.12389 0.72676 0.50151 
1141	12	0.24830 0.93578 0.08160 0.17071 0.77457 0.44128 
1142	12	0.40803 0.90873 0.04934 0.30727 0.84462 0.31699 
1143	12	0.34569 0.94684 0.07623 0.18061 0.76315 0.45979 
1144	12	0.29714 0.93060 0.08409 0.17416 0.74988 0.44582 
1145	12	0.22568 0.90960 0.16133 0.11722 0.65893 0.52716 
1146	12	0.31898 0.91830 0.13378 0.18249 0.69948 0.48310 
1147	12	0.27935 0.91890 0.10184 0.17902 0.75343 0.45644 
1148	12	0.44902 0.93317 0.10576 0.26141 0.81109 0.41006 
1149	12	0.43239 0.94808 0.02281 0.40856 0.87204 0.27752 
1150	12	0.56984 0.91846 0.08886 0.48436 0.81946 0.32354 
1151	12	0.94597 0.94577 0.06014 0.74303 0.83031 0.29355 
1152	12	0.34973 0.88969 0.14120 0.27304 0.79625 0.40612 
1153	12	0.71330 0.91205 0.13638 0.48629 0.78933 0.38516 
1154	12	0.28573 0.92785 0.07156 0.15563 0.77199 0.49678 
1155	12	0.22863 0.93725 0.11168 0.10872 0.67707 0.53478 
1156	12	0.22260 0.96266 0.06817 0.18670 0.79963 0.42419 
1157	12	0.31761 0.96362 0.01450 0.33916 0.91159 0.25867 
1158	12	0.22720 0.93571 0.09230 0.18822 0.75914 0.43050 
1159	12	0.50589 0.98535 0.02956 0.32397 0.84894 0.33575 
1160	12	0.33821 0.94432 0.07013 0.22318 0.75140 0.40740 
1161	12	0.43822 0.98321 0.01767 0.31039 0.89535 0.31773 
1162	12	0.40418 0.98174 0.03397 0.26073 0.83499 0.37346 
1163	12	0.54455 0.94585 0.02559 0.52080 0.92026 0.20890 
1164	12	0.51038 0.96283 0.01663 0.52340 0.94853 0.16610 
1165	12	0.51170 0.94532 0.03774 0.52707 0.87364 0.24580 
1166	12	0.52211 0.94560 0.05155 0.37792 0.82042 0.33348 
1167	12	0.40699 0.94033 0.06846 0.34248 0.81528 0.35985 
1168	12	0.35180 0.96092 0.00339 0.41305 0.95940 0.22470 
1169	12	0.36199 0.94996 0.02759 0.33069 0.88896 0.31116 
1170	12	0.30827 0.95242 0.03403 0.23337 0.87795 0.36397 
1171	12	0.28285 0.90965 0.13871 0.25650 0.82081 0.38702 
1172	12	0.52714 0.95504 0.02566 0.42881 0.92799 0.22890 
1173	12	0.52474 0.90587 0.04412 0.50915 0.93389 0.22173 
1174	12	0.62223 0.91109 0.06961 0.50817 0.88467 0.25424 
1175	12	0.61637 0.93495 0.05004 0.61935 0.93518 0.12801 
1176	12	0.50107 0.89496 0.07500 0.68078 0.94042 0.09100 
1177	12	0.51548 0.95247 0.07996 0.54467 0.90334 0.15848 
1178	12	0.79910 0.91998 0.06956 0.65923 0.88693 0.16259 
1179	12	0.68110 0.85097 0.07662 0.64473 0.89732 0.11877 
1180	12	0.51462 0.82329 0.15640 0.43701 0.80394 0.22497 
1181	12	0.98551 0.86036 0.06314 1.00000 0.92477 0.06472 
1182	12	0.71489 0.81971 0.08018 0.73831 0.92055 0.08442 
1183	12	0.36655 0.91929 0.11679 0.34587 0.86428 0.21105 
1184	12	0.42346 0.84584 0.07233 0.48354 0.89655 0.14660 
1185	12	0.86035 0.88041 0.12227 0.87639 0.94551 0.04424 
1186	12	0.63238 0.87895 0.06743 0.96004 0.97285 0.00000 
1187	12	0.78307 0.91883 0.09910 0.62782 0.88119 0.14924 
1188	12	0.48727 0.88612 0.11361 0.56068 0.91733 0.10295 
1189	12	0.46915 0.95205 0.08511 0.44972 0.88486 0.18424 
1190	12	0.27348 0.83995 0.20917 0.29245 0.78739 0.27356 
1191	12	0.53978 0.88452 0.04924 0.65446 0.93557 0.10469 
1192	12	0.60351 0.88876 0.05669 0.49882 0.87481 0.19376 
1193	12	0.43789 0.86124 0.14208 0.39203 0.82180 0.23566 
1194	12	0.36217 0.95548 0.06976 0.40197 0.88926 0.20457 
1195	12	0.40015 0.92612 0.02186 0.49261 0.93549 0.16536 
1196	12	0.39000 0.94625 0.04831 0.43941 0.94534 0.16909 
1197	12	0.45039 0.82081 0.07081 0.56515 0.84089 0.19114 
1198	12	0.69441 0.93696 0.04609 0.70343 0.93093 0.10738 
1199	12	0.32623 0.82847 0.16076 0.29209 0.73747 0.36142 
1200	13	0.51838 0.88034 0.41413 0.18175 0.41015 0.82359 
1201	13	0.52240 0.91150 0.26670 0.18869 0.47439 0.75665 
1202	13	0.50921 0.88463 0.34262 0.17937 0.45177 0.76209 
1203	13	0.50541 0.88504 0.40530 0.17404 0.42303 0.80762 
1204	13	0.49025 0.87449 0.46469 0.16288 0.39530 0.83711 
1205	13	0.48768 0.85507 0.35871 0.17079 0.46160 0.71346 
1206	13	0.40151 0.84175 0.36771 0.12161 0.45484 0.72373 
1207	13	0.48228 0.85392 0.55068 0.15852 0.40098 0.82835 
1208	13	0.47413 0.84934 0.50523 0.15512 0.41144 0.80767 
1209	13	0.48107 0.88998 0.39594 0.16013 0.39697 0.81163 
1210	13	0.48086 0.86142 0.41466 0.16273 0.42318 0.75990 
1211	13	0.47893 0.85738 0.36813 0.16336 0.45607 0.73419 
1212	13	0.48263 0.92280 0.23001 0.16184 0.44863 0.77217 
1213	13	0.47264 0.88038 0.29488 0.16236 0.44766 0.74735 
1214	13	0.47620 0.85956 0.20984 0.17319 0.52717 0.60024 
1215	13	0.46866 0.88131 0.39342 0.15614 0.42398 0.78702 
1216	13	0.49933 0.90387 0.29964 0.17772 0.45316 0.74608 
1217	13	0.49385 0.89858 0.15036 0.17839 0.50162 0.62730 
1218	13	0.49222 0.85044 0.50019 0.17067 0.42195 0.79105 
1219	13	0.43114 0.89828 0.36410 0.13984 0.46906 0.78432 
1220	13	0.49531 0.88619 0.31401 0.18223 0.51358 0.72306 
1221	13	0.50040 0.88173 0.28633 0.19026 0.53216 0.66819 
1222	13	0.49819 0.90235 0.24470 0.18906 0.52170 0.68832 
1223	13	0.47811 0.85696 0.32760 0.17501 0.52859 0.67842 
1224	13	0.49815 0.86548 0.31299 0.19177 0.53822 0.67674 
1225	13	0.49557 0.88694 0.24351 0.18712 0.52935 0.66962 
1226	13	0.49281 0.89610 0.32647 0.18313 0.51838 0.72739 
1227	13	0.49281 0.87128 0.27576 0.18646 0.55300 0.68928 
1228	13	0.49113 0.93838 0.18569 0.18207 0.52681 0.71902 
1229	13	0.48839 0.88450 0.29236 0.18280 0.53040 0.67929 
1230	13	0.48252 0.90973 0.25095 0.17617 0.52611 0.69212 
1231	13	0.47730 0.87063 0.34901 0.17053 0.51741 0.71608 
1232	13	0.47743 0.89395 0.23449 0.17189 0.54000 0.69378 
1233	13	0.46882 0.92095 0.23592 0.16077 0.50908 0.73877 
1234	13	0.56049 0.85908 0.37471 0.21476 0.46815 0.74189 
1235	13	0.56063 0.85693 0.47799 0.21492 0.45625 0.75345 
1236	13	0.56355 0.82004 0.31918 0.22344 0.51726 0.65157 
1237	13	0.56213 0.85382 0.33744 0.21836 0.49901 0.72122 
1238	13	0.55421 0.84264 0.18242 0.22234 0.47282 0.54749 
1239	13	0.54936 0.86949 0.39840 0.20575 0.44616 0.76569 
1240	13	0.54953 0.84931 0.36800 0.21117 0.49895 0.69956 
1241	13	0.54324 0.82690 0.53692 0.20335 0.46391 0.75040 
1242	13	0.54750 0.89129 0.26076 0.20813 0.47692 0.70515 
1243	13	0.53844 0.83652 0.45432 0.20049 0.46498 0.72605 
1244	13	0.53060 0.85356 0.45453 0.19325 0.43434 0.75983 
1245	13	0.53807 0.89065 0.27698 0.20030 0.48170 0.72243 
1246	13	0.53592 0.85634 0.41484 0.19594 0.44309 0.76569 
1247	13	0.52683 0.87639 0.35390 0.19019 0.45520 0.77058 
1248	13	0.53234 0.87227 0.30990 0.19536 0.47697 0.73961 
1249	13	0.53316 0.86864 0.27475 0.19934 0.49789 0.68394 
1250	13	0.51914 0.85391 0.31973 0.18627 0.47262 0.73536 
1251	13	0.53110 0.84066 0.36415 0.19545 0.47221 0.73331 
1252	13	0.49533 0.85417 0.38172 0.17325 0.46138 0.74275 
1253	13	0.52645 0.86525 0.18244 0.19778 0.50011 0.63600 
1254	13	0.52131 0.81353 0.56102 0.18566 0.43235 0.77433 
1255	13	0.53916 0.86037 0.38220 0.20153 0.46872 0.71588 
1256	13	0.47665 0.84024 0.40846 0.16107 0.46167 0.72771 
1257	13	0.52149 0.84514 0.23897 0.19434 0.48654 0.63813 
1258	13	0.52486 0.85447 0.35803 0.19127 0.47023 0.72943 
1259	13	0.52739 0.90121 0.14706 0.19782 0.49549 0.63544 
1260	13	0.52340 0.84396 0.38616 0.18979 0.46754 0.73521 
1261	13	0.53585 0.85421 0.16532 0.20505 0.51034 0.62626 
1262	13	0.56165 0.86431 0.32776 0.22024 0.51486 0.69147 
1263	13	0.55015 0.87271 0.26914 0.21001 0.50014 0.70666 
1264	13	0.52777 0.79954 0.41508 0.19969 0.48752 0.65418 
1265	13	0.53097 0.84028 0.43649 0.19495 0.47623 0.75445 
1266	13	0.52635 0.86583 0.17626 0.20019 0.50978 0.62132 
1267	13	0.53521 0.84479 0.31046 0.20365 0.48315 0.66736 
1268	13	0.52406 0.82286 0.40473 0.19289 0.47910 0.70852 
1269	13	0.51679 0.88214 0.23012 0.18937 0.47193 0.69559 
1270	13	0.52495 0.89592 0.32020 0.18948 0.46723 0.75992 
1271	13	0.49580 0.85707 0.36872 0.16930 0.44242 0.77328 
1272	13	0.48666 0.86034 0.37136 0.16333 0.43375 0.77157 
1273	13	0.47761 0.84512 0.44823 0.15755 0.42684 0.76977 
1274	13	0.48104 0.83476 0.44925 0.15916 0.41997 0.78122 
1275	13	0.48109 0.84690 0.36450 0.16203 0.45009 0.74144 
1276	13	0.47427 0.86473 0.34022 0.15646 0.43131 0.76023 
1277	13	0.44525 0.81227 0.43521 0.14143 0.43594 0.75287 
1278	13	0.46230 0.82219 0.49404 0.14774 0.41050 0.78507 
1279	13	0.46158 0.82512 0.45058 0.14924 0.42183 0.75621 
1280	13	0.46135 0.83709 0.39877 0.14694 0.42176 0.78781 
1281	13	0.44976 0.85171 0.50129 0.13834 0.38189 0.81352 
1282	13	0.37675 0.85051 0.37779 0.10703 0.46959 0.76613 
1283	13	0.39162 0.85193 0.46273 0.10648 0.35595 0.82244 
1284	13	0.39071 0.85271 0.44669 0.10846 0.38227 0.80668 
1285	13	0.39795 0.88214 0.33860 0.11398 0.40545 0.77112 
1286	13	0.39359 0.88195 0.29461 0.10982 0.38781 0.77830 
1287	13	0.39240 0.87308 0.30495 0.11241 0.42077 0.77261 
1288	13	0.40021 0.84449 0.44864 0.11336 0.39864 0.80963 
1289	13	0.38601 0.87362 0.32931 0.10992 0.42242 0.76747 
1290	13	0.36380 0.84511 0.37408 0.09662 0.41719 0.80213 
1291	13	0.32327 0.83794 0.34054 0.08299 0.41790 0.76911 
1292	13	0.32230 0.84155 0.37196 0.08218 0.41889 0.77547 
1293	13	0.32913 0.82361 0.36883 0.08467 0.42956 0.77200 
1294	13	0.33445 0.85444 0.37563 0.08717 0.42693 0.76915 
1295	13	0.33394 0.83721 0.42032 0.08332 0.41287 0.80722 
1296	13	0.33440 0.89029 0.26840 0.08236 0.43010 0.79983 
1297	13	0.34714 0.86938 0.29937 0.09167 0.45876 0.76751 
1298	13	0.34828 0.83331 0.45856 0.09110 0.43462 0.77355 
1299	13	0.35778 0.84919 0.31328 0.10020 0.46557 0.74300 
1300	14	0.07664 0.80777 0.67826 0.06552 0.60744 0.67184 
1301	14	0.08564 0.79491 0.38464 0.07170 0.66837 0.64603 
1302	14	0.11092 0.79613 0.54157 0.08826 0.68714 0.60098 
1303	14	0.08026 0.83611 0.56274 0.07496 0.66869 0.61494 
1304	14	0.07987 0.85990 0.45073 0.06126 0.62152 0.66101 
1305	14	0.10645 0.74567 0.52145 0.07409 0.64753 0.65237 
1306	14	0.10868 0.77755 0.46284 0.09261 0.69203 0.58985 
1307	14	0.14686 0.75582 0.60300 0.09332 0.65386 0.61834 
1308	14	0.12920 0.97370 0.10259 0.09941 0.80855 0.52078 
1309	14	0.07282 0.82794 0.30939 0.06667 0.68834 0.62930 
1310	14	0.10756 0.96729 0.13024 0.07612 0.77552 0.56140 
1311	14	0.08095 0.75964 0.46185 0.06460 0.67144 0.64239 
1312	14	0.07854 0.82166 0.47228 0.06614 0.67080 0.63965 
1313	14	0.09233 0.80736 0.50447 0.07727 0.68067 0.59338 
1314	14	0.11022 0.76508 0.47019 0.07355 0.67807 0.62767 
1315	14	0.09371 0.78030 0.52205 0.06420 0.63430 0.65335 
1316	14	0.12872 0.77608 0.42110 0.09748 0.68722 0.60547 
1317	14	0.09450 0.82600 0.49754 0.06155 0.62054 0.67144 
1318	14	0.10134 0.79267 0.38765 0.09528 0.73272 0.56537 
1319	14	0.09081 0.95364 0.08452 0.09988 0.81155 0.51817 
1320	14	0.10870 0.97603 0.06600 0.09692 0.82795 0.49808 
1321	14	0.06575 0.60329 0.84726 0.05423 0.60300 0.71303 
1322	14	0.08200 0.63662 0.37606 0.05853 0.66188 0.64527 
1323	14	0.10610 0.62549 0.72270 0.05784 0.59068 0.72225 
1324	14	0.14952 0.95939 0.07025 0.10044 0.80642 0.52837 
1325	14	0.10281 0.76026 0.51580 0.07818 0.65748 0.64436 
1326	14	0.10359 0.75393 0.60481 0.05882 0.58652 0.70469 
1327	14	0.07893 0.67660 0.80765 0.05033 0.58168 0.72726 
1328	14	0.07322 0.94631 0.15197 0.05961 0.75343 0.58667 
1329	14	0.06719 0.66499 0.77297 0.05259 0.60846 0.69061 
1330	14	0.09326 0.70291 0.98909 0.05596 0.54434 0.74169 
1331	14	0.14766 0.72840 0.56468 0.09144 0.67626 0.63077 
1332	14	0.10680 0.75482 0.52950 0.06604 0.62173 0.66670 
1333	14	0.08331 0.63254 0.86142 0.05591 0.58342 0.72559 
1334	14	0.12834 0.74209 0.59160 0.08478 0.67615 0.62675 
1335	14	0.09188 0.80553 0.47085 0.07610 0.67667 0.61929 
1336	14	0.13820 0.64347 0.59652 0.08579 0.65935 0.64135 
1337	14	0.11668 0.67233 0.92705 0.06994 0.61700 0.68437 
1338	14	0.06524 0.72693 0.54928 0.05312 0.61666 0.67921 
1339	14	0.08617 0.62563 0.65381 0.06059 0.65942 0.65305 
1340	14	0.10917 0.63609 0.58650 0.07378 0.64863 0.66190 
1341	14	0.07052 0.76316 0.69296 0.05336 0.59018 0.71282 
1342	14	0.07092 0.63400 0.76929 0.05992 0.64122 0.66624 
1343	14	0.07675 0.94547 0.10883 0.05958 0.73996 0.58652 
1344	14	0.06217 0.61034 0.72552 0.04680 0.59305 0.73675 
1345	14	0.13224 0.73448 0.62574 0.07061 0.63430 0.66528 
1346	14	0.09778 0.67458 0.64764 0.06126 0.63317 0.68155 
1347	14	0.08288 0.42862 0.69972 0.05389 0.60416 0.70059 
1348	14	0.08844 0.55863 0.85005 0.04207 0.52562 0.73810 
1349	14	0.11626 0.68459 0.67506 0.07789 0.61239 0.68032 
1350	14	0.06870 0.64502 0.60224 0.03923 0.54476 0.74399 
1351	14	0.09705 0.98088 0.08061 0.06975 0.74476 0.60126 
1352	14	0.09682 0.70673 0.51613 0.05589 0.61030 0.67710 
1353	14	0.08706 0.81450 0.41236 0.05863 0.58351 0.70176 
1354	14	0.06662 0.57134 0.78341 0.03329 0.48445 0.78011 
1355	14	0.07263 0.71734 0.38775 0.04685 0.60824 0.69552 
1356	14	0.10283 0.67741 0.71873 0.05426 0.56840 0.72860 
1357	14	0.08745 0.64467 1.00000 0.04442 0.53412 0.76750 
1358	14	0.08354 0.55874 0.94929 0.05689 0.56221 0.74024 
1359	14	0.09307 0.97794 0.07055 0.05770 0.71395 0.60978 
1360	14	0.12715 0.69126 0.38207 0.06925 0.57676 0.69572 
1361	14	0.11137 0.76259 0.59890 0.06148 0.58807 0.68369 
1362	14	0.09071 0.63052 0.85537 0.05747 0.56679 0.71703 
1363	14	0.11728 0.96542 0.07872 0.10155 0.80202 0.52809 
1364	14	0.09438 0.77606 0.55303 0.06481 0.59069 0.68159 
1365	14	0.08862 0.77597 0.53013 0.05847 0.61463 0.66593 
1366	14	0.12709 0.83674 0.39992 0.09351 0.67106 0.58472 
1367	14	0.39209 0.76372 0.34199 0.31701 0.69905 0.49566 
1368	14	0.45949 0.74063 0.36798 0.29430 0.70877 0.48268 
1369	14	0.13721 0.75231 0.29582 0.05087 0.45831 0.72855 
1370	14	0.16986 0.80606 0.29308 0.04922 0.44030 0.76069 
1371	14	0.19663 0.81284 0.23013 0.10498 0.46958 0.62445 
1372	14	0.14592 0.38776 0.52360 0.06428 0.46861 0.69402 
1373	14	0.11377 0.50858 0.51839 0.05648 0.42539 0.73233 
1374	14	0.13924 0.74657 0.32188 0.07423 0.46972 0.68810 
1375	14	0.10306 0.82014 0.27315 0.03722 0.43690 0.76382 
1376	14	0.11983 0.70424 0.42561 0.04595 0.51157 0.74308 
1377	14	0.11800 0.74824 0.43373 0.05368 0.48911 0.74430 
1378	14	0.13236 0.83713 0.24605 0.06023 0.51592 0.72120 
1379	14	0.11168 0.62955 0.45515 0.05544 0.47744 0.72018 
1380	14	0.13825 0.69160 0.29887 0.04828 0.50772 0.72406 
1381	14	0.10709 0.48117 0.50735 0.05359 0.54596 0.71070 
1382	14	0.09262 0.35077 0.74866 0.04756 0.47093 0.78660 
1383	14	0.11129 0.28767 0.60183 0.05894 0.49185 0.75792 
1384	14	0.10773 0.35870 0.84852 0.05533 0.46901 0.77536 
1385	14	0.11584 0.44850 0.49820 0.06337 0.57412 0.71350 
1386	14	0.08714 0.46501 0.53403 0.05711 0.54656 0.68659 
1387	14	0.05610 0.52997 0.61332 0.02842 0.50892 0.77259 
1388	14	0.04949 0.67036 0.38395 0.03044 0.52630 0.78084 
1389	14	0.07770 0.63715 0.43318 0.04256 0.51664 0.73988 
1390	14	0.11447 0.39118 0.65831 0.05212 0.50138 0.75823 
1391	14	0.14189 0.05643 0.36872 0.08747 0.33606 0.54786 
1392	14	0.12417 0.60713 0.41520 0.05428 0.55120 0.73124 
1393	14	0.15420 0.28079 0.61893 0.07467 0.56805 0.69330 
1394	14	0.09702 0.78098 0.28036 0.05709 0.52651 0.71632 
1395	14	0.07699 0.32687 0.78368 0.04823 0.47513 0.77070 
1396	14	0.13837 0.71517 0.39426 0.06569 0.51204 0.69097 
1397	14	0.08870 0.61080 0.31782 0.04681 0.52608 0.72704 
1398	14	0.09528 0.66027 0.53865 0.04634 0.46407 0.75784 
1399	14	0.12993 0.50958 0.38360 0.07313 0.53026 0.69318 
