600	6	16
0	1	0.10053 0.00000 0.00002 0.00000 0.01092 0.00000 0.70658 0.00000 0.05806 0.00000 0.00130 0.00000 0.04504 0.00000 0.07754 0.00000 
1	1	0.07904 0.00000 0.00000 0.00000 0.04223 0.00000 0.81093 0.00000 0.01874 0.00000 0.00000 0.00000 0.01583 0.00000 0.03322 0.00000 
2	1	0.16632 0.00000 0.09108 0.00000 0.08334 0.00000 0.40262 0.00000 0.05620 0.00000 0.02201 0.00000 0.07854 0.00000 0.09990 0.00000 
3	1	0.26935 0.00000 0.00015 0.00000 0.02137 0.00000 0.30467 0.00000 0.12534 0.00000 0.00451 0.00000 0.11371 0.00000 0.16090 0.00000 
4	1	0.23875 0.00000 0.02004 0.00000 0.00122 0.00000 0.50308 0.00000 0.06846 0.00000 0.05342 0.00000 0.01479 0.00000 0.10024 0.00000 
5	1	0.28959 0.00000 0.00000 0.00000 0.00256 0.00000 0.60013 0.00000 0.04461 0.00000 0.00035 0.00000 0.01875 0.00000 0.04402 0.00000 
6	1	0.12145 0.00000 0.00251 0.00000 0.00942 0.00000 0.74060 0.00000 0.04019 0.00000 0.00306 0.00000 0.01865 0.00000 0.06413 0.00000 
7	1	0.55401 0.00000 0.00447 0.00000 0.01742 0.00000 0.17193 0.00000 0.11729 0.00000 0.01228 0.00000 0.04684 0.00000 0.07576 0.00000 
8	1	0.21730 0.00000 0.00003 0.00000 0.03324 0.00000 0.51258 0.00000 0.08328 0.00000 0.00087 0.00000 0.07914 0.00000 0.07355 0.00000 
9	1	0.33683 0.00000 0.00000 0.00000 0.07033 0.00000 0.43191 0.00000 0.06452 0.00000 0.00002 0.00000 0.05939 0.00000 0.03701 0.00000 
10	1	0.39132 0.00000 0.00429 0.00000 0.00483 0.00000 0.42234 0.00000 0.07833 0.00000 0.01508 0.00000 0.02562 0.00000 0.05820 0.00000 
11	1	0.08404 0.00000 0.00000 0.00000 0.00110 0.00000 0.84463 0.00000 0.02007 0.00000 0.00000 0.00000 0.01233 0.00000 0.03783 0.00000 
12	1	0.28103 0.00000 0.00000 0.00000 0.01238 0.00000 0.58317 0.00000 0.03618 0.00000 0.00012 0.00000 0.02787 0.00000 0.05925 0.00000 
13	1	0.09258 0.00000 0.00000 0.00000 0.00256 0.00000 0.83204 0.00000 0.02159 0.00000 0.00000 0.00000 0.01400 0.00000 0.03723 0.00000 
14	1	0.68759 0.00000 0.00465 0.00000 0.00131 0.00000 0.11971 0.00000 0.08900 0.00000 0.00954 0.00000 0.02504 0.00000 0.06317 0.00000 
15	1	0.20392 0.00000 0.00003 0.00000 0.00389 0.00000 0.67914 0.00000 0.04565 0.00000 0.00452 0.00000 0.00715 0.00000 0.05570 0.00000 
16	1	0.63872 0.00000 0.00670 0.00000 0.02584 0.00000 0.14304 0.00000 0.08903 0.00000 0.02117 0.00000 0.02024 0.00000 0.05525 0.00000 
17	1	0.47626 0.00000 0.00871 0.00000 0.00702 0.00000 0.24669 0.00000 0.11319 0.00000 0.03566 0.00000 0.02362 0.00000 0.08885 0.00000 
18	1	0.24537 0.00000 0.00567 0.00000 0.02708 0.00000 0.56714 0.00000 0.05022 0.00000 0.00730 0.00000 0.03990 0.00000 0.05733 0.00000 
19	1	0.27121 0.00000 0.00191 0.00000 0.00635 0.00000 0.58034 0.00000 0.05267 0.00000 0.00636 0.00000 0.02095 0.00000 0.06020 0.00000 
20	1	0.16679 0.00000 0.06151 0.00000 0.01021 0.00000 0.51921 0.00000 0.06950 0.00000 0.02752 0.00000 0.05205 0.00000 0.09320 0.00000 
21	1	0.14555 0.00000 0.00007 0.00000 0.18859 0.00000 0.51443 0.00000 0.03907 0.00000 0.00377 0.00000 0.05109 0.00000 0.05744 0.00000 
22	1	0.10989 0.00000 0.00000 0.00000 0.04432 0.00000 0.75241 0.00000 0.02723 0.00000 0.00005 0.00000 0.02122 0.00000 0.04488 0.00000 
23	1	0.08770 0.00000 0.02570 0.00000 0.13560 0.00000 0.60845 0.00000 0.03881 0.00000 0.01841 0.00000 0.02972 0.00000 0.05561 0.00000 
24	1	0.09401 0.00000 0.00000 0.00000 0.09440 0.00000 0.71375 0.00000 0.02348 0.00000 0.00000 0.00000 0.02710 0.00000 0.04725 0.00000 
25	1	0.44955 0.00000 0.01041 0.00000 0.00105 0.00000 0.36743 0.00000 0.07552 0.00000 0.02381 0.00000 0.00478 0.00000 0.06745 0.00000 
26	1	0.49126 0.00000 0.01389 0.00000 0.00089 0.00000 0.32151 0.00000 0.07339 0.00000 0.02385 0.00000 0.00413 0.00000 0.07108 0.00000 
27	1	0.37130 0.00000 0.00002 0.00000 0.00002 0.00000 0.53056 0.00000 0.04579 0.00000 0.00452 0.00000 0.00207 0.00000 0.04572 0.00000 
28	1	0.37425 0.00000 0.00003 0.00000 0.00052 0.00000 0.52954 0.00000 0.04393 0.00000 0.00248 0.00000 0.00509 0.00000 0.04414 0.00000 
29	1	0.48485 0.00000 0.00000 0.00000 0.00459 0.00000 0.40140 0.00000 0.04360 0.00000 0.00029 0.00000 0.01966 0.00000 0.04562 0.00000 
30	1	0.16100 0.00000 0.00000 0.00000 0.00000 0.00000 0.79938 0.00000 0.01263 0.00000 0.00138 0.00000 0.00030 0.00000 0.02532 0.00000 
31	1	0.39041 0.00000 0.00331 0.00000 0.00151 0.00000 0.47439 0.00000 0.05376 0.00000 0.01090 0.00000 0.00817 0.00000 0.05755 0.00000 
32	1	0.10421 0.00000 0.00000 0.00000 0.04155 0.00000 0.65155 0.00000 0.04800 0.00000 0.00006 0.00000 0.06716 0.00000 0.08746 0.00000 
33	1	0.24342 0.00000 0.00046 0.00000 0.00765 0.00000 0.54463 0.00000 0.06112 0.00000 0.00278 0.00000 0.04460 0.00000 0.09534 0.00000 
34	1	0.31801 0.00000 0.00000 0.00000 0.03166 0.00000 0.34582 0.00000 0.11073 0.00000 0.00170 0.00000 0.09134 0.00000 0.10073 0.00000 
35	1	0.39323 0.00000 0.00059 0.00000 0.00087 0.00000 0.49562 0.00000 0.04391 0.00000 0.00316 0.00000 0.01210 0.00000 0.05053 0.00000 
36	1	0.55152 0.00000 0.00000 0.00000 0.00040 0.00000 0.37689 0.00000 0.03363 0.00000 0.00001 0.00000 0.00656 0.00000 0.03098 0.00000 
37	1	0.14563 0.00000 0.00312 0.00000 0.00023 0.00000 0.71708 0.00000 0.05186 0.00000 0.01551 0.00000 0.00104 0.00000 0.06554 0.00000 
38	1	0.14590 0.00000 0.00160 0.00000 0.04527 0.00000 0.61575 0.00000 0.05213 0.00000 0.00597 0.00000 0.04815 0.00000 0.08524 0.00000 
39	1	0.25449 0.00000 0.00066 0.00000 0.00565 0.00000 0.54133 0.00000 0.07189 0.00000 0.01506 0.00000 0.02830 0.00000 0.08263 0.00000 
40	1	0.24931 0.00000 0.00008 0.00000 0.01615 0.00000 0.53496 0.00000 0.06975 0.00000 0.00250 0.00000 0.04950 0.00000 0.07774 0.00000 
41	1	0.09406 0.00000 0.00006 0.00000 0.05251 0.00000 0.70980 0.00000 0.03096 0.00000 0.00153 0.00000 0.04721 0.00000 0.06388 0.00000 
42	1	0.15187 0.00000 0.00000 0.00000 0.00019 0.00000 0.79714 0.00000 0.01510 0.00000 0.00000 0.00000 0.00489 0.00000 0.03082 0.00000 
43	1	0.10059 0.00000 0.00000 0.00000 0.00518 0.00000 0.76702 0.00000 0.03386 0.00000 0.00200 0.00000 0.02448 0.00000 0.06686 0.00000 
44	1	0.33166 0.00000 0.00000 0.00000 0.03130 0.00000 0.42606 0.00000 0.07224 0.00000 0.00041 0.00000 0.05887 0.00000 0.07946 0.00000 
45	1	0.30638 0.00000 0.00339 0.00000 0.00395 0.00000 0.50994 0.00000 0.07390 0.00000 0.03014 0.00000 0.01180 0.00000 0.06051 0.00000 
46	1	0.37617 0.00000 0.00007 0.00000 0.00193 0.00000 0.48934 0.00000 0.05388 0.00000 0.00107 0.00000 0.02090 0.00000 0.05663 0.00000 
47	1	0.14788 0.00000 0.00000 0.00000 0.16468 0.00000 0.39582 0.00000 0.08114 0.00000 0.00156 0.00000 0.09905 0.00000 0.10987 0.00000 
48	1	0.05030 0.00000 0.00000 0.00000 0.05776 0.00000 0.83513 0.00000 0.01513 0.00000 0.00000 0.00000 0.01480 0.00000 0.02689 0.00000 
49	1	0.12765 0.00000 0.00017 0.00000 0.00799 0.00000 0.59276 0.00000 0.08145 0.00000 0.00531 0.00000 0.06462 0.00000 0.12007 0.00000 
50	1	0.42193 0.00000 0.00674 0.00000 0.00001 0.00000 0.47596 0.00000 0.03802 0.00000 0.00949 0.00000 0.00258 0.00000 0.04527 0.00000 
51	1	0.17906 0.00000 0.00000 0.00000 0.01685 0.00000 0.56742 0.00000 0.07390 0.00000 0.00316 0.00000 0.06723 0.00000 0.09239 0.00000 
52	1	0.09025 0.00000 0.00045 0.00000 0.00526 0.00000 0.74666 0.00000 0.04631 0.00000 0.00569 0.00000 0.02835 0.00000 0.07703 0.00000 
53	1	0.11281 0.00000 0.00000 0.00000 0.15704 0.00000 0.55071 0.00000 0.03056 0.00000 0.00001 0.00000 0.07494 0.00000 0.07394 0.00000 
54	1	0.09374 0.00000 0.00087 0.00000 0.00463 0.00000 0.69555 0.00000 0.05829 0.00000 0.01162 0.00000 0.02826 0.00000 0.10705 0.00000 
55	1	0.08896 0.00000 0.02206 0.00000 0.00503 0.00000 0.79485 0.00000 0.02653 0.00000 0.01487 0.00000 0.00564 0.00000 0.04206 0.00000 
56	1	0.39438 0.00000 0.08335 0.00000 0.00004 0.00000 0.36112 0.00000 0.06389 0.00000 0.02564 0.00000 0.00556 0.00000 0.06602 0.00000 
57	1	0.45633 0.00000 0.00001 0.00000 0.00206 0.00000 0.37970 0.00000 0.07644 0.00000 0.00662 0.00000 0.01230 0.00000 0.06654 0.00000 
58	1	0.19181 0.00000 0.00012 0.00000 0.11043 0.00000 0.53171 0.00000 0.06289 0.00000 0.00159 0.00000 0.04696 0.00000 0.05448 0.00000 
59	1	0.08817 0.00000 0.00000 0.00000 0.00475 0.00000 0.82816 0.00000 0.02162 0.00000 0.00000 0.00000 0.01734 0.00000 0.03996 0.00000 
60	1	0.12357 0.00000 0.00034 0.00000 0.00507 0.00000 0.73119 0.00000 0.04766 0.00000 0.00916 0.00000 0.01903 0.00000 0.06398 0.00000 
61	1	0.33323 0.00000 0.00000 0.00000 0.00404 0.00000 0.58533 0.00000 0.02945 0.00000 0.00008 0.00000 0.01246 0.00000 0.03542 0.00000 
62	1	0.36051 0.00000 0.07629 0.00000 0.00035 0.00000 0.37837 0.00000 0.05872 0.00000 0.05402 0.00000 0.00153 0.00000 0.07021 0.00000 
63	1	0.23615 0.00000 0.00012 0.00000 0.04463 0.00000 0.49356 0.00000 0.08027 0.00000 0.00232 0.00000 0.07035 0.00000 0.07260 0.00000 
64	1	0.30554 0.00000 0.00000 0.00000 0.00623 0.00000 0.56346 0.00000 0.06120 0.00000 0.00223 0.00000 0.02546 0.00000 0.03587 0.00000 
65	1	0.13804 0.00000 0.00366 0.00000 0.00000 0.00000 0.74907 0.00000 0.03066 0.00000 0.00954 0.00000 0.00726 0.00000 0.06177 0.00000 
66	1	0.09030 0.00000 0.00204 0.00000 0.00023 0.00000 0.84466 0.00000 0.01961 0.00000 0.00476 0.00000 0.00212 0.00000 0.03629 0.00000 
67	1	0.45286 0.00000 0.00001 0.00000 0.02797 0.00000 0.37976 0.00000 0.04021 0.00000 0.00208 0.00000 0.04500 0.00000 0.05210 0.00000 
68	1	0.25428 0.00000 0.00023 0.00000 0.00180 0.00000 0.60733 0.00000 0.04292 0.00000 0.00190 0.00000 0.02717 0.00000 0.06437 0.00000 
69	1	0.15155 0.00000 0.00000 0.00000 0.00117 0.00000 0.73821 0.00000 0.02593 0.00000 0.00115 0.00000 0.01918 0.00000 0.06282 0.00000 
70	1	0.08072 0.00000 0.00000 0.00000 0.00116 0.00000 0.85293 0.00000 0.02012 0.00000 0.00019 0.00000 0.00978 0.00000 0.03510 0.00000 
71	1	0.16002 0.00000 0.00000 0.00000 0.00506 0.00000 0.77344 0.00000 0.02215 0.00000 0.00014 0.00000 0.01124 0.00000 0.02794 0.00000 
72	1	0.07704 0.00000 0.00000 0.00000 0.00002 0.00000 0.81746 0.00000 0.03289 0.00000 0.00464 0.00000 0.00589 0.00000 0.06205 0.00000 
73	1	0.42448 0.00000 0.00000 0.00000 0.02715 0.00000 0.36697 0.00000 0.06616 0.00000 0.00000 0.00000 0.04969 0.00000 0.06556 0.00000 
74	1	0.15183 0.00000 0.00000 0.00000 0.00061 0.00000 0.78779 0.00000 0.01780 0.00000 0.00031 0.00000 0.00852 0.00000 0.03314 0.00000 
75	1	0.17898 0.00000 0.00072 0.00000 0.00107 0.00000 0.67144 0.00000 0.05473 0.00000 0.00473 0.00000 0.02064 0.00000 0.06769 0.00000 
76	1	0.41025 0.00000 0.00034 0.00000 0.00607 0.00000 0.37012 0.00000 0.09160 0.00000 0.00816 0.00000 0.03419 0.00000 0.07927 0.00000 
77	1	0.18523 0.00000 0.00256 0.00000 0.00723 0.00000 0.65006 0.00000 0.03679 0.00000 0.00593 0.00000 0.03078 0.00000 0.08142 0.00000 
78	1	0.37637 0.00000 0.00283 0.00000 0.00145 0.00000 0.42253 0.00000 0.07911 0.00000 0.01202 0.00000 0.02008 0.00000 0.08561 0.00000 
79	1	0.15609 0.00000 0.00087 0.00000 0.00144 0.00000 0.69187 0.00000 0.05329 0.00000 0.01084 0.00000 0.00801 0.00000 0.07760 0.00000 
80	1	0.44153 0.00000 0.00005 0.00000 0.04384 0.00000 0.22948 0.00000 0.11581 0.00000 0.00348 0.00000 0.08321 0.00000 0.08261 0.00000 
81	1	0.37700 0.00000 0.00638 0.00000 0.00040 0.00000 0.50509 0.00000 0.04141 0.00000 0.00783 0.00000 0.00640 0.00000 0.05548 0.00000 
82	1	0.20789 0.00000 0.00275 0.00000 0.00154 0.00000 0.62904 0.00000 0.05510 0.00000 0.00966 0.00000 0.01362 0.00000 0.08040 0.00000 
83	1	0.37296 0.00000 0.01646 0.00000 0.00383 0.00000 0.45978 0.00000 0.05143 0.00000 0.01257 0.00000 0.01638 0.00000 0.06660 0.00000 
84	1	0.09078 0.00000 0.00000 0.00000 0.00470 0.00000 0.79967 0.00000 0.03135 0.00000 0.00040 0.00000 0.01916 0.00000 0.05394 0.00000 
85	1	0.37819 0.00000 0.00029 0.00000 0.00647 0.00000 0.51346 0.00000 0.04077 0.00000 0.00529 0.00000 0.00770 0.00000 0.04783 0.00000 
86	1	0.16854 0.00000 0.00191 0.00000 0.00260 0.00000 0.60132 0.00000 0.06375 0.00000 0.00681 0.00000 0.04804 0.00000 0.10704 0.00000 
87	1	0.45538 0.00000 0.00000 0.00000 0.01584 0.00000 0.42256 0.00000 0.03537 0.00000 0.00038 0.00000 0.02428 0.00000 0.04620 0.00000 
88	1	0.32258 0.00000 0.00165 0.00000 0.00000 0.00000 0.51770 0.00000 0.05777 0.00000 0.02373 0.00000 0.00059 0.00000 0.07597 0.00000 
89	1	0.22434 0.00000 0.07555 0.00000 0.00000 0.00000 0.60674 0.00000 0.02765 0.00000 0.03046 0.00000 0.00031 0.00000 0.03495 0.00000 
90	1	0.10333 0.00000 0.00000 0.00000 0.05936 0.00000 0.61951 0.00000 0.05544 0.00000 0.00132 0.00000 0.06534 0.00000 0.09570 0.00000 
91	1	0.34150 0.00000 0.00001 0.00000 0.01655 0.00000 0.44904 0.00000 0.05846 0.00000 0.00134 0.00000 0.05979 0.00000 0.07330 0.00000 
92	1	0.18157 0.00000 0.00282 0.00000 0.02490 0.00000 0.55564 0.00000 0.07205 0.00000 0.01700 0.00000 0.04532 0.00000 0.10070 0.00000 
93	1	0.09507 0.00000 0.00004 0.00000 0.03143 0.00000 0.66022 0.00000 0.04261 0.00000 0.00181 0.00000 0.06627 0.00000 0.10256 0.00000 
94	1	0.14251 0.00000 0.00134 0.00000 0.01565 0.00000 0.65459 0.00000 0.05075 0.00000 0.00458 0.00000 0.04594 0.00000 0.08465 0.00000 
95	1	0.22843 0.00000 0.00706 0.00000 0.22303 0.00000 0.29447 0.00000 0.06586 0.00000 0.01023 0.00000 0.09681 0.00000 0.07409 0.00000 
96	1	0.23235 0.00000 0.00000 0.00000 0.04811 0.00000 0.49855 0.00000 0.06441 0.00000 0.00025 0.00000 0.07217 0.00000 0.08417 0.00000 
97	1	0.25170 0.00000 0.00047 0.00000 0.02539 0.00000 0.45014 0.00000 0.06332 0.00000 0.00548 0.00000 0.07818 0.00000 0.12533 0.00000 
98	1	0.31074 0.00000 0.00710 0.00000 0.00336 0.00000 0.56316 0.00000 0.04265 0.00000 0.00527 0.00000 0.01009 0.00000 0.05763 0.00000 
99	1	0.19855 0.00000 0.00004 0.00000 0.00647 0.00000 0.69829 0.00000 0.04013 0.00000 0.00040 0.00000 0.01433 0.00000 0.04178 0.00000 
100	2	0.34839 0.00000 0.00000 0.00000 0.00706 0.00000 0.51461 0.00000 0.06096 0.00000 0.00093 0.00000 0.01912 0.00000 0.04893 0.00000 
101	2	0.17209 0.00000 0.00050 0.00000 0.00026 0.00000 0.61277 0.00000 0.09275 0.00000 0.03187 0.00000 0.00813 0.00000 0.08162 0.00000 
102	2	0.61301 0.00000 0.00467 0.00000 0.00629 0.00000 0.14106 0.00000 0.10262 0.00000 0.03478 0.00000 0.02084 0.00000 0.07672 0.00000 
103	2	0.05065 0.00000 0.01520 0.00000 0.00003 0.00000 0.71367 0.00000 0.06265 0.00000 0.04521 0.00000 0.00898 0.00000 0.10361 0.00000 
104	2	0.17657 0.00000 0.00426 0.00000 0.00001 0.00000 0.54436 0.00000 0.10944 0.00000 0.06002 0.00000 0.00195 0.00000 0.10338 0.00000 
105	2	0.07817 0.00000 0.00037 0.00000 0.00606 0.00000 0.70949 0.00000 0.08582 0.00000 0.00867 0.00000 0.01838 0.00000 0.09304 0.00000 
106	2	0.12360 0.00000 0.00061 0.00000 0.00002 0.00000 0.61368 0.00000 0.12380 0.00000 0.03848 0.00000 0.00608 0.00000 0.09374 0.00000 
107	2	0.89038 0.00000 0.00028 0.00000 0.00208 0.00000 0.00031 0.00000 0.07145 0.00000 0.00459 0.00000 0.02310 0.00000 0.00781 0.00000 
108	2	0.12001 0.00000 0.11014 0.00000 0.00000 0.00000 0.35448 0.00000 0.14791 0.00000 0.18937 0.00000 0.00016 0.00000 0.07792 0.00000 
109	2	0.21560 0.00000 0.00861 0.00000 0.02090 0.00000 0.29289 0.00000 0.14981 0.00000 0.04828 0.00000 0.08493 0.00000 0.17898 0.00000 
110	2	0.24250 0.00000 0.00010 0.00000 0.01947 0.00000 0.37678 0.00000 0.13275 0.00000 0.00391 0.00000 0.10821 0.00000 0.11627 0.00000 
111	2	0.10984 0.00000 0.00000 0.00000 0.01060 0.00000 0.55940 0.00000 0.13257 0.00000 0.01026 0.00000 0.02707 0.00000 0.15026 0.00000 
112	2	0.12233 0.00000 0.00000 0.00000 0.00041 0.00000 0.60404 0.00000 0.11558 0.00000 0.00003 0.00000 0.01817 0.00000 0.13944 0.00000 
113	2	0.81490 0.00000 0.00016 0.00000 0.00014 0.00000 0.02154 0.00000 0.08674 0.00000 0.01493 0.00000 0.01073 0.00000 0.05086 0.00000 
114	2	0.77375 0.00000 0.00000 0.00000 0.04776 0.00000 0.00332 0.00000 0.08996 0.00000 0.00000 0.00000 0.06939 0.00000 0.01583 0.00000 
115	2	0.15206 0.00000 0.00003 0.00000 0.00977 0.00000 0.57197 0.00000 0.10805 0.00000 0.00373 0.00000 0.03850 0.00000 0.11589 0.00000 
116	2	0.57316 0.00000 0.09800 0.00000 0.00000 0.00000 0.13751 0.00000 0.07976 0.00000 0.05268 0.00000 0.00005 0.00000 0.05884 0.00000 
117	2	0.66899 0.00000 0.00000 0.00000 0.12535 0.00000 0.05565 0.00000 0.07711 0.00000 0.00000 0.00000 0.06158 0.00000 0.01132 0.00000 
118	2	0.32336 0.00000 0.00003 0.00000 0.01271 0.00000 0.45433 0.00000 0.09051 0.00000 0.00249 0.00000 0.03833 0.00000 0.07824 0.00000 
119	2	0.30792 0.00000 0.00000 0.00000 0.04314 0.00000 0.35071 0.00000 0.11577 0.00000 0.00002 0.00000 0.07296 0.00000 0.10948 0.00000 
120	2	0.25439 0.00000 0.00343 0.00000 0.00023 0.00000 0.37846 0.00000 0.15419 0.00000 0.07684 0.00000 0.00694 0.00000 0.12552 0.00000 
121	2	0.31557 0.00000 0.00000 0.00000 0.02283 0.00000 0.34404 0.00000 0.12856 0.00000 0.00040 0.00000 0.06591 0.00000 0.12268 0.00000 
122	2	0.05529 0.00000 0.01443 0.00000 0.02207 0.00000 0.72723 0.00000 0.02368 0.00000 0.01659 0.00000 0.05158 0.00000 0.08913 0.00000 
123	2	0.45909 0.00000 0.00002 0.00000 0.00030 0.00000 0.11150 0.00000 0.20325 0.00000 0.01810 0.00000 0.02304 0.00000 0.18470 0.00000 
124	2	0.72065 0.00000 0.05311 0.00000 0.00000 0.00000 0.05222 0.00000 0.07993 0.00000 0.04550 0.00000 0.00054 0.00000 0.04805 0.00000 
125	2	0.32068 0.00000 0.00003 0.00000 0.02193 0.00000 0.51904 0.00000 0.04937 0.00000 0.00090 0.00000 0.03655 0.00000 0.05150 0.00000 
126	2	0.19497 0.00000 0.00021 0.00000 0.00000 0.00000 0.63982 0.00000 0.07932 0.00000 0.02766 0.00000 0.00347 0.00000 0.05455 0.00000 
127	2	0.33295 0.00000 0.03305 0.00000 0.00258 0.00000 0.28204 0.00000 0.13247 0.00000 0.08361 0.00000 0.01243 0.00000 0.12086 0.00000 
128	2	0.18794 0.00000 0.00000 0.00000 0.04741 0.00000 0.28665 0.00000 0.20778 0.00000 0.00084 0.00000 0.10548 0.00000 0.16390 0.00000 
129	2	0.57131 0.00000 0.00925 0.00000 0.00006 0.00000 0.08272 0.00000 0.13623 0.00000 0.06589 0.00000 0.00583 0.00000 0.12872 0.00000 
130	2	0.19679 0.00000 0.00061 0.00000 0.00000 0.00000 0.46282 0.00000 0.15767 0.00000 0.04995 0.00000 0.00550 0.00000 0.12667 0.00000 
131	2	0.00710 0.00000 0.00065 0.00000 0.02529 0.00000 0.76348 0.00000 0.05396 0.00000 0.02439 0.00000 0.01920 0.00000 0.10593 0.00000 
132	2	0.10678 0.00000 0.00016 0.00000 0.02427 0.00000 0.69381 0.00000 0.07488 0.00000 0.02339 0.00000 0.00909 0.00000 0.06763 0.00000 
133	2	0.44550 0.00000 0.00000 0.00000 0.22364 0.00000 0.03362 0.00000 0.10937 0.00000 0.00041 0.00000 0.13695 0.00000 0.05051 0.00000 
134	2	0.36481 0.00000 0.00216 0.00000 0.00179 0.00000 0.32123 0.00000 0.12430 0.00000 0.05587 0.00000 0.00874 0.00000 0.12110 0.00000 
135	2	0.07171 0.00000 0.00000 0.00000 0.55480 0.00000 0.08449 0.00000 0.09477 0.00000 0.00077 0.00000 0.10343 0.00000 0.09003 0.00000 
136	2	0.32825 0.00000 0.00003 0.00000 0.00732 0.00000 0.44603 0.00000 0.09967 0.00000 0.02653 0.00000 0.01503 0.00000 0.07714 0.00000 
137	2	0.82762 0.00000 0.00000 0.00000 0.00026 0.00000 0.00145 0.00000 0.11043 0.00000 0.00298 0.00000 0.00560 0.00000 0.05166 0.00000 
138	2	0.30459 0.00000 0.00016 0.00000 0.00000 0.00000 0.51147 0.00000 0.09514 0.00000 0.01891 0.00000 0.00301 0.00000 0.06672 0.00000 
139	2	0.82344 0.00000 0.00000 0.00000 0.00000 0.00000 0.00873 0.00000 0.10174 0.00000 0.00306 0.00000 0.00135 0.00000 0.06168 0.00000 
140	2	0.21840 0.00000 0.00117 0.00000 0.00025 0.00000 0.59833 0.00000 0.07010 0.00000 0.03406 0.00000 0.00136 0.00000 0.07633 0.00000 
141	2	0.46023 0.00000 0.00000 0.00000 0.00000 0.00000 0.38699 0.00000 0.08549 0.00000 0.00339 0.00000 0.00037 0.00000 0.06353 0.00000 
142	2	0.25148 0.00000 0.02659 0.00000 0.00000 0.00000 0.61439 0.00000 0.03818 0.00000 0.02767 0.00000 0.00000 0.00000 0.04169 0.00000 
143	2	0.33987 0.00000 0.00950 0.00000 0.25540 0.00000 0.29441 0.00000 0.04098 0.00000 0.00445 0.00000 0.02821 0.00000 0.02718 0.00000 
144	2	0.70485 0.00000 0.02310 0.00000 0.00000 0.00000 0.04595 0.00000 0.10226 0.00000 0.07509 0.00000 0.00138 0.00000 0.04737 0.00000 
145	2	0.53758 0.00000 0.00130 0.00000 0.00001 0.00000 0.24117 0.00000 0.10920 0.00000 0.02326 0.00000 0.00644 0.00000 0.08104 0.00000 
146	2	0.60496 0.00000 0.03733 0.00000 0.00000 0.00000 0.14842 0.00000 0.10302 0.00000 0.02941 0.00000 0.00013 0.00000 0.07673 0.00000 
147	2	0.47879 0.00000 0.00065 0.00000 0.00033 0.00000 0.28780 0.00000 0.10806 0.00000 0.01811 0.00000 0.01185 0.00000 0.09442 0.00000 
148	2	0.20674 0.00000 0.00000 0.00000 0.00210 0.00000 0.62390 0.00000 0.07428 0.00000 0.00382 0.00000 0.01616 0.00000 0.07300 0.00000 
149	2	0.30560 0.00000 0.00000 0.00000 0.00015 0.00000 0.50919 0.00000 0.08966 0.00000 0.01047 0.00000 0.00533 0.00000 0.07960 0.00000 
150	2	0.21316 0.00000 0.00230 0.00000 0.00078 0.00000 0.56838 0.00000 0.09604 0.00000 0.03063 0.00000 0.00855 0.00000 0.08016 0.00000 
151	2	0.33263 0.00000 0.00001 0.00000 0.00143 0.00000 0.47081 0.00000 0.08311 0.00000 0.00682 0.00000 0.02855 0.00000 0.07664 0.00000 
152	2	0.39299 0.00000 0.02418 0.00000 0.01609 0.00000 0.12346 0.00000 0.16463 0.00000 0.13071 0.00000 0.01814 0.00000 0.12980 0.00000 
153	2	0.40312 0.00000 0.02614 0.00000 0.00028 0.00000 0.16679 0.00000 0.15861 0.00000 0.12386 0.00000 0.00435 0.00000 0.11685 0.00000 
154	2	0.49314 0.00000 0.00271 0.00000 0.00000 0.00000 0.22112 0.00000 0.13973 0.00000 0.03243 0.00000 0.00067 0.00000 0.11020 0.00000 
155	2	0.21702 0.00000 0.00000 0.00000 0.00022 0.00000 0.60172 0.00000 0.08927 0.00000 0.00965 0.00000 0.00244 0.00000 0.07968 0.00000 
156	2	0.65794 0.00000 0.00002 0.00000 0.00606 0.00000 0.09076 0.00000 0.12129 0.00000 0.00965 0.00000 0.02701 0.00000 0.08728 0.00000 
157	2	0.22425 0.00000 0.00863 0.00000 0.00014 0.00000 0.40536 0.00000 0.10804 0.00000 0.05681 0.00000 0.01741 0.00000 0.17936 0.00000 
158	2	0.16959 0.00000 0.00000 0.00000 0.00394 0.00000 0.62120 0.00000 0.08500 0.00000 0.00081 0.00000 0.02865 0.00000 0.09081 0.00000 
159	2	0.08623 0.00000 0.00004 0.00000 0.00000 0.00000 0.64961 0.00000 0.09304 0.00000 0.03142 0.00000 0.00255 0.00000 0.13712 0.00000 
160	2	0.27959 0.00000 0.00001 0.00000 0.26453 0.00000 0.22755 0.00000 0.06943 0.00000 0.00056 0.00000 0.10255 0.00000 0.05577 0.00000 
161	2	0.31980 0.00000 0.00212 0.00000 0.00169 0.00000 0.34136 0.00000 0.13113 0.00000 0.03783 0.00000 0.02264 0.00000 0.14345 0.00000 
162	2	0.27627 0.00000 0.00000 0.00000 0.00006 0.00000 0.43266 0.00000 0.14047 0.00000 0.00795 0.00000 0.00727 0.00000 0.13533 0.00000 
163	2	0.83699 0.00000 0.00181 0.00000 0.00035 0.00000 0.02520 0.00000 0.07137 0.00000 0.02211 0.00000 0.01030 0.00000 0.03188 0.00000 
164	2	0.78371 0.00000 0.00000 0.00000 0.01333 0.00000 0.07777 0.00000 0.04753 0.00000 0.00003 0.00000 0.03684 0.00000 0.04078 0.00000 
165	2	0.47638 0.00000 0.00035 0.00000 0.00008 0.00000 0.39758 0.00000 0.06379 0.00000 0.00823 0.00000 0.00568 0.00000 0.04792 0.00000 
166	2	0.15118 0.00000 0.00905 0.00000 0.00875 0.00000 0.69319 0.00000 0.04473 0.00000 0.02477 0.00000 0.00801 0.00000 0.06032 0.00000 
167	2	0.25571 0.00000 0.00016 0.00000 0.00061 0.00000 0.61499 0.00000 0.05905 0.00000 0.01079 0.00000 0.00665 0.00000 0.05203 0.00000 
168	2	0.15405 0.00000 0.00043 0.00000 0.00000 0.00000 0.65145 0.00000 0.07516 0.00000 0.02039 0.00000 0.00070 0.00000 0.09782 0.00000 
169	2	0.36439 0.00000 0.00000 0.00000 0.00001 0.00000 0.44551 0.00000 0.09860 0.00000 0.00824 0.00000 0.00283 0.00000 0.08041 0.00000 
170	2	0.11818 0.00000 0.00007 0.00000 0.00009 0.00000 0.52204 0.00000 0.14763 0.00000 0.04216 0.00000 0.00815 0.00000 0.16168 0.00000 
171	2	0.68002 0.00000 0.00011 0.00000 0.01711 0.00000 0.15852 0.00000 0.07956 0.00000 0.01132 0.00000 0.01894 0.00000 0.03443 0.00000 
172	2	0.27356 0.00000 0.00750 0.00000 0.00057 0.00000 0.28239 0.00000 0.15437 0.00000 0.10352 0.00000 0.01450 0.00000 0.16359 0.00000 
173	2	0.75566 0.00000 0.00000 0.00000 0.00000 0.00000 0.09333 0.00000 0.08001 0.00000 0.00054 0.00000 0.00532 0.00000 0.06513 0.00000 
174	2	0.33008 0.00000 0.00431 0.00000 0.01515 0.00000 0.35564 0.00000 0.08388 0.00000 0.04410 0.00000 0.03785 0.00000 0.12899 0.00000 
175	2	0.28085 0.00000 0.00663 0.00000 0.00005 0.00000 0.57868 0.00000 0.05944 0.00000 0.03057 0.00000 0.00207 0.00000 0.04171 0.00000 
176	2	0.33545 0.00000 0.00699 0.00000 0.01650 0.00000 0.37721 0.00000 0.11372 0.00000 0.02439 0.00000 0.04080 0.00000 0.08493 0.00000 
177	2	0.23700 0.00000 0.00388 0.00000 0.01285 0.00000 0.44420 0.00000 0.12664 0.00000 0.01429 0.00000 0.04679 0.00000 0.11436 0.00000 
178	2	0.68300 0.00000 0.00006 0.00000 0.02063 0.00000 0.10395 0.00000 0.07720 0.00000 0.00342 0.00000 0.03072 0.00000 0.08101 0.00000 
179	2	0.22615 0.00000 0.00145 0.00000 0.00005 0.00000 0.62482 0.00000 0.05729 0.00000 0.02579 0.00000 0.00171 0.00000 0.06273 0.00000 
180	2	0.42779 0.00000 0.00345 0.00000 0.00042 0.00000 0.23600 0.00000 0.17461 0.00000 0.04871 0.00000 0.01208 0.00000 0.09695 0.00000 
181	2	0.67496 0.00000 0.00001 0.00000 0.00024 0.00000 0.15717 0.00000 0.08579 0.00000 0.00707 0.00000 0.01223 0.00000 0.06252 0.00000 
182	2	0.29563 0.00000 0.01503 0.00000 0.02078 0.00000 0.21765 0.00000 0.12632 0.00000 0.11464 0.00000 0.02780 0.00000 0.18216 0.00000 
183	2	0.30834 0.00000 0.00000 0.00000 0.05224 0.00000 0.36522 0.00000 0.09861 0.00000 0.00018 0.00000 0.08339 0.00000 0.09202 0.00000 
184	2	0.92510 0.00000 0.00849 0.00000 0.00002 0.00000 0.00668 0.00000 0.03354 0.00000 0.01167 0.00000 0.00038 0.00000 0.01412 0.00000 
185	2	0.26268 0.00000 0.00243 0.00000 0.00022 0.00000 0.52025 0.00000 0.09331 0.00000 0.03226 0.00000 0.00693 0.00000 0.08193 0.00000 
186	2	0.14238 0.00000 0.00000 0.00000 0.03201 0.00000 0.67460 0.00000 0.04177 0.00000 0.00000 0.00000 0.04216 0.00000 0.06708 0.00000 
187	2	0.07468 0.00000 0.00001 0.00000 0.01729 0.00000 0.61327 0.00000 0.10569 0.00000 0.00722 0.00000 0.03190 0.00000 0.14994 0.00000 
188	2	0.56274 0.00000 0.00000 0.00000 0.04536 0.00000 0.16243 0.00000 0.10319 0.00000 0.00636 0.00000 0.04482 0.00000 0.07510 0.00000 
189	2	0.43154 0.00000 0.00000 0.00000 0.00000 0.00000 0.43200 0.00000 0.08098 0.00000 0.00473 0.00000 0.00175 0.00000 0.04901 0.00000 
190	2	0.45427 0.00000 0.00000 0.00000 0.02402 0.00000 0.38028 0.00000 0.05340 0.00000 0.00020 0.00000 0.03868 0.00000 0.04915 0.00000 
191	2	0.32380 0.00000 0.00006 0.00000 0.00309 0.00000 0.50909 0.00000 0.07460 0.00000 0.00942 0.00000 0.02066 0.00000 0.05928 0.00000 
192	2	0.57814 0.00000 0.00152 0.00000 0.02453 0.00000 0.25444 0.00000 0.06187 0.00000 0.00920 0.00000 0.01675 0.00000 0.05356 0.00000 
193	2	0.50588 0.00000 0.02014 0.00000 0.02575 0.00000 0.25021 0.00000 0.08484 0.00000 0.03477 0.00000 0.01982 0.00000 0.05860 0.00000 
194	2	0.17616 0.00000 0.00048 0.00000 0.05308 0.00000 0.51779 0.00000 0.12063 0.00000 0.03862 0.00000 0.02309 0.00000 0.07015 0.00000 
195	2	0.08966 0.00000 0.00516 0.00000 0.02709 0.00000 0.65606 0.00000 0.08008 0.00000 0.03858 0.00000 0.02031 0.00000 0.08308 0.00000 
196	2	0.68830 0.00000 0.00025 0.00000 0.00778 0.00000 0.10086 0.00000 0.09649 0.00000 0.00637 0.00000 0.02772 0.00000 0.07222 0.00000 
197	2	0.30271 0.00000 0.00088 0.00000 0.00888 0.00000 0.55394 0.00000 0.04360 0.00000 0.00660 0.00000 0.03096 0.00000 0.05242 0.00000 
198	2	0.17013 0.00000 0.00002 0.00000 0.00057 0.00000 0.63055 0.00000 0.08375 0.00000 0.00893 0.00000 0.01129 0.00000 0.09476 0.00000 
199	2	0.13882 0.00000 0.00002 0.00000 0.00000 0.00000 0.51670 0.00000 0.16179 0.00000 0.04718 0.00000 0.00027 0.00000 0.13523 0.00000 
200	3	0.68561 0.00000 0.00000 0.00000 0.00006 0.00000 0.07194 0.00000 0.10991 0.00000 0.00000 0.00000 0.01548 0.00000 0.11699 0.00000 
201	3	0.88449 0.00000 0.00000 0.00000 0.00062 0.00000 0.02222 0.00000 0.05342 0.00000 0.00001 0.00000 0.00987 0.00000 0.02936 0.00000 
202	3	0.65436 0.00000 0.00000 0.00000 0.05515 0.00000 0.10732 0.00000 0.07957 0.00000 0.00004 0.00000 0.07165 0.00000 0.03193 0.00000 
203	3	0.11172 0.00000 0.00046 0.00000 0.00072 0.00000 0.71795 0.00000 0.07307 0.00000 0.00098 0.00000 0.00915 0.00000 0.08595 0.00000 
204	3	0.81327 0.00000 0.00000 0.00000 0.03822 0.00000 0.03390 0.00000 0.04293 0.00000 0.00000 0.00000 0.04074 0.00000 0.03093 0.00000 
205	3	0.86191 0.00000 0.00000 0.00000 0.00041 0.00000 0.00649 0.00000 0.07918 0.00000 0.00005 0.00000 0.01884 0.00000 0.03311 0.00000 
206	3	0.09412 0.00000 0.00309 0.00000 0.01068 0.00000 0.66529 0.00000 0.08299 0.00000 0.01654 0.00000 0.03020 0.00000 0.09708 0.00000 
207	3	0.14211 0.00000 0.00000 0.00000 0.12665 0.00000 0.46926 0.00000 0.10551 0.00000 0.00007 0.00000 0.07256 0.00000 0.08384 0.00000 
208	3	0.22234 0.00000 0.00000 0.00000 0.03638 0.00000 0.52425 0.00000 0.06989 0.00000 0.00000 0.00000 0.05286 0.00000 0.09428 0.00000 
209	3	0.57261 0.00000 0.03201 0.00000 0.00170 0.00000 0.08419 0.00000 0.13730 0.00000 0.03456 0.00000 0.04914 0.00000 0.08847 0.00000 
210	3	0.00344 0.00000 0.00000 0.00000 0.00039 0.00000 0.90150 0.00000 0.02176 0.00000 0.00004 0.00000 0.01477 0.00000 0.05810 0.00000 
211	3	0.56148 0.00000 0.00000 0.00000 0.00057 0.00000 0.23068 0.00000 0.08940 0.00000 0.00011 0.00000 0.02305 0.00000 0.09469 0.00000 
212	3	0.16671 0.00000 0.00112 0.00000 0.03052 0.00000 0.51325 0.00000 0.08097 0.00000 0.00232 0.00000 0.08670 0.00000 0.11842 0.00000 
213	3	0.69635 0.00000 0.00000 0.00000 0.03286 0.00000 0.08074 0.00000 0.08187 0.00000 0.00000 0.00000 0.05199 0.00000 0.05620 0.00000 
214	3	0.08555 0.00000 0.00000 0.00000 0.00140 0.00000 0.72353 0.00000 0.07376 0.00000 0.00002 0.00000 0.00959 0.00000 0.10616 0.00000 
215	3	0.09350 0.00000 0.00072 0.00000 0.01227 0.00000 0.68547 0.00000 0.07551 0.00000 0.02013 0.00000 0.01879 0.00000 0.09361 0.00000 
216	3	0.42925 0.00000 0.00000 0.00000 0.05235 0.00000 0.26789 0.00000 0.08204 0.00000 0.00003 0.00000 0.07269 0.00000 0.09574 0.00000 
217	3	0.01710 0.00000 0.00194 0.00000 0.05149 0.00000 0.79669 0.00000 0.02464 0.00000 0.00399 0.00000 0.03510 0.00000 0.06906 0.00000 
218	3	0.00906 0.00000 0.00000 0.00000 0.08144 0.00000 0.50637 0.00000 0.07850 0.00000 0.00001 0.00000 0.13822 0.00000 0.18639 0.00000 
219	3	0.73735 0.00000 0.00206 0.00000 0.00000 0.00000 0.03815 0.00000 0.10483 0.00000 0.03638 0.00000 0.00038 0.00000 0.08085 0.00000 
220	3	0.37304 0.00000 0.00000 0.00000 0.02578 0.00000 0.27709 0.00000 0.12791 0.00000 0.00023 0.00000 0.08417 0.00000 0.11180 0.00000 
221	3	0.42023 0.00000 0.00005 0.00000 0.00459 0.00000 0.22658 0.00000 0.15218 0.00000 0.02486 0.00000 0.00514 0.00000 0.16637 0.00000 
222	3	0.89784 0.00000 0.00000 0.00000 0.00089 0.00000 0.01436 0.00000 0.04741 0.00000 0.00000 0.00000 0.01687 0.00000 0.02264 0.00000 
223	3	0.36092 0.00000 0.00000 0.00000 0.04133 0.00000 0.38335 0.00000 0.07080 0.00000 0.00001 0.00000 0.06870 0.00000 0.07488 0.00000 
224	3	0.09461 0.00000 0.00273 0.00000 0.00499 0.00000 0.62967 0.00000 0.12927 0.00000 0.00569 0.00000 0.03646 0.00000 0.09658 0.00000 
225	3	0.04049 0.00000 0.00361 0.00000 0.00052 0.00000 0.86788 0.00000 0.03438 0.00000 0.00883 0.00000 0.00404 0.00000 0.04025 0.00000 
226	3	0.84625 0.00000 0.00039 0.00000 0.00076 0.00000 0.08056 0.00000 0.04139 0.00000 0.00086 0.00000 0.00856 0.00000 0.02124 0.00000 
227	3	0.23892 0.00000 0.00000 0.00000 0.00265 0.00000 0.58279 0.00000 0.06705 0.00000 0.00052 0.00000 0.02043 0.00000 0.08765 0.00000 
228	3	0.58107 0.00000 0.00000 0.00000 0.06264 0.00000 0.11398 0.00000 0.10506 0.00000 0.00019 0.00000 0.08748 0.00000 0.04959 0.00000 
229	3	0.65010 0.00000 0.04972 0.00000 0.00233 0.00000 0.10413 0.00000 0.09179 0.00000 0.02542 0.00000 0.01068 0.00000 0.06582 0.00000 
230	3	0.23521 0.00000 0.00000 0.00000 0.00006 0.00000 0.60702 0.00000 0.07221 0.00000 0.00055 0.00000 0.00995 0.00000 0.07500 0.00000 
231	3	0.58262 0.00000 0.00000 0.00000 0.05626 0.00000 0.04437 0.00000 0.10718 0.00000 0.00000 0.00000 0.14067 0.00000 0.06889 0.00000 
232	3	0.02682 0.00000 0.00000 0.00000 0.00000 0.00000 0.82517 0.00000 0.06192 0.00000 0.00171 0.00000 0.00122 0.00000 0.08316 0.00000 
233	3	0.07841 0.00000 0.00000 0.00000 0.07825 0.00000 0.46302 0.00000 0.11231 0.00000 0.00526 0.00000 0.10483 0.00000 0.15791 0.00000 
234	3	0.07442 0.00000 0.00000 0.00000 0.01640 0.00000 0.69949 0.00000 0.07327 0.00000 0.00009 0.00000 0.05944 0.00000 0.07690 0.00000 
235	3	0.30644 0.00000 0.00058 0.00000 0.00016 0.00000 0.21910 0.00000 0.19148 0.00000 0.02274 0.00000 0.01061 0.00000 0.24889 0.00000 
236	3	0.02361 0.00000 0.00000 0.00000 0.00448 0.00000 0.90185 0.00000 0.01110 0.00000 0.00000 0.00000 0.02012 0.00000 0.03886 0.00000 
237	3	0.74097 0.00000 0.00000 0.00000 0.00006 0.00000 0.05361 0.00000 0.10238 0.00000 0.00044 0.00000 0.01933 0.00000 0.08321 0.00000 
238	3	0.61510 0.00000 0.00000 0.00000 0.00000 0.00000 0.21273 0.00000 0.08307 0.00000 0.00000 0.00000 0.00000 0.00000 0.08911 0.00000 
239	3	0.27543 0.00000 0.00168 0.00000 0.01768 0.00000 0.37156 0.00000 0.13750 0.00000 0.01277 0.00000 0.07421 0.00000 0.10916 0.00000 
240	3	0.60452 0.00000 0.00002 0.00000 0.04635 0.00000 0.19630 0.00000 0.05719 0.00000 0.00249 0.00000 0.03878 0.00000 0.05435 0.00000 
241	3	0.62414 0.00000 0.00000 0.00000 0.00005 0.00000 0.21805 0.00000 0.06854 0.00000 0.00018 0.00000 0.01323 0.00000 0.07581 0.00000 
242	3	0.14392 0.00000 0.00001 0.00000 0.32329 0.00000 0.25209 0.00000 0.09655 0.00000 0.00310 0.00000 0.09509 0.00000 0.08594 0.00000 
243	3	0.72091 0.00000 0.00000 0.00000 0.00068 0.00000 0.16309 0.00000 0.05061 0.00000 0.00000 0.00000 0.01519 0.00000 0.04952 0.00000 
244	3	0.75191 0.00000 0.00000 0.00000 0.00000 0.00000 0.13749 0.00000 0.06055 0.00000 0.00000 0.00000 0.00000 0.00000 0.05005 0.00000 
245	3	0.73753 0.00000 0.00000 0.00000 0.01331 0.00000 0.11511 0.00000 0.05584 0.00000 0.00032 0.00000 0.03670 0.00000 0.04118 0.00000 
246	3	0.19245 0.00000 0.00000 0.00000 0.03958 0.00000 0.52489 0.00000 0.09485 0.00000 0.00000 0.00000 0.06434 0.00000 0.08388 0.00000 
247	3	0.66970 0.00000 0.00047 0.00000 0.00000 0.00000 0.11670 0.00000 0.10875 0.00000 0.00849 0.00000 0.00285 0.00000 0.09304 0.00000 
248	3	0.15562 0.00000 0.00000 0.00000 0.32452 0.00000 0.31867 0.00000 0.04258 0.00000 0.00000 0.00000 0.08124 0.00000 0.07738 0.00000 
249	3	0.68636 0.00000 0.00000 0.00000 0.00646 0.00000 0.13513 0.00000 0.06949 0.00000 0.00000 0.00000 0.04263 0.00000 0.05992 0.00000 
250	3	0.31283 0.00000 0.04467 0.00000 0.11068 0.00000 0.19896 0.00000 0.12449 0.00000 0.06485 0.00000 0.05841 0.00000 0.08511 0.00000 
251	3	0.85228 0.00000 0.00000 0.00000 0.00404 0.00000 0.00846 0.00000 0.07286 0.00000 0.00016 0.00000 0.03618 0.00000 0.02601 0.00000 
252	3	0.21725 0.00000 0.01357 0.00000 0.01385 0.00000 0.62156 0.00000 0.05945 0.00000 0.02218 0.00000 0.00962 0.00000 0.04253 0.00000 
253	3	0.02020 0.00000 0.00000 0.00000 0.00359 0.00000 0.74476 0.00000 0.05140 0.00000 0.00000 0.00000 0.06271 0.00000 0.11734 0.00000 
254	3	0.38112 0.00000 0.00000 0.00000 0.12705 0.00000 0.13195 0.00000 0.13150 0.00000 0.00001 0.00000 0.14251 0.00000 0.08586 0.00000 
255	3	0.63941 0.00000 0.00000 0.00000 0.05240 0.00000 0.02905 0.00000 0.13865 0.00000 0.00000 0.00000 0.10413 0.00000 0.03637 0.00000 
256	3	0.26110 0.00000 0.00004 0.00000 0.08040 0.00000 0.35371 0.00000 0.10372 0.00000 0.00186 0.00000 0.07763 0.00000 0.12155 0.00000 
257	3	0.67925 0.00000 0.00000 0.00000 0.00594 0.00000 0.15917 0.00000 0.06491 0.00000 0.00000 0.00000 0.03572 0.00000 0.05500 0.00000 
258	3	0.04739 0.00000 0.00000 0.00000 0.00006 0.00000 0.84961 0.00000 0.03936 0.00000 0.00000 0.00000 0.00535 0.00000 0.05822 0.00000 
259	3	0.89350 0.00000 0.00000 0.00000 0.00357 0.00000 0.00525 0.00000 0.05837 0.00000 0.00000 0.00000 0.02190 0.00000 0.01741 0.00000 
260	3	0.08882 0.00000 0.00133 0.00000 0.00071 0.00000 0.48409 0.00000 0.18380 0.00000 0.01642 0.00000 0.03201 0.00000 0.19281 0.00000 
261	3	0.00932 0.00000 0.00000 0.00000 0.00070 0.00000 0.83156 0.00000 0.02922 0.00000 0.00100 0.00000 0.03253 0.00000 0.09567 0.00000 
262	3	0.01778 0.00000 0.00000 0.00000 0.01221 0.00000 0.88479 0.00000 0.02073 0.00000 0.00000 0.00000 0.01831 0.00000 0.04619 0.00000 
263	3	0.61654 0.00000 0.01266 0.00000 0.02738 0.00000 0.04274 0.00000 0.16373 0.00000 0.02893 0.00000 0.05487 0.00000 0.05314 0.00000 
264	3	0.59779 0.00000 0.00000 0.00000 0.00307 0.00000 0.20685 0.00000 0.06751 0.00000 0.00000 0.00000 0.03252 0.00000 0.09227 0.00000 
265	3	0.08466 0.00000 0.00010 0.00000 0.09535 0.00000 0.41192 0.00000 0.12318 0.00000 0.01136 0.00000 0.10824 0.00000 0.16518 0.00000 
266	3	0.49507 0.00000 0.00000 0.00000 0.00000 0.00000 0.32911 0.00000 0.07929 0.00000 0.00000 0.00000 0.01184 0.00000 0.08469 0.00000 
267	3	0.02814 0.00000 0.00000 0.00000 0.00000 0.00000 0.84130 0.00000 0.04644 0.00000 0.00737 0.00000 0.00179 0.00000 0.07495 0.00000 
268	3	0.00012 0.00000 0.00000 0.00000 0.00034 0.00000 0.95886 0.00000 0.00303 0.00000 0.00001 0.00000 0.00730 0.00000 0.03034 0.00000 
269	3	0.48383 0.00000 0.00000 0.00000 0.00000 0.00000 0.32819 0.00000 0.08444 0.00000 0.01063 0.00000 0.00378 0.00000 0.08913 0.00000 
270	3	0.45795 0.00000 0.00003 0.00000 0.00000 0.00000 0.37454 0.00000 0.07075 0.00000 0.00668 0.00000 0.00048 0.00000 0.08958 0.00000 
271	3	0.17185 0.00000 0.00010 0.00000 0.11190 0.00000 0.55182 0.00000 0.05106 0.00000 0.00405 0.00000 0.03964 0.00000 0.06958 0.00000 
272	3	0.41427 0.00000 0.00000 0.00000 0.01134 0.00000 0.46548 0.00000 0.04192 0.00000 0.00010 0.00000 0.01781 0.00000 0.04908 0.00000 
273	3	0.00196 0.00000 0.00009 0.00000 0.00288 0.00000 0.89925 0.00000 0.01915 0.00000 0.00313 0.00000 0.01785 0.00000 0.05569 0.00000 
274	3	0.00140 0.00000 0.00000 0.00000 0.00081 0.00000 0.94257 0.00000 0.01040 0.00000 0.00011 0.00000 0.00954 0.00000 0.03517 0.00000 
275	3	0.71961 0.00000 0.00000 0.00000 0.00430 0.00000 0.03711 0.00000 0.12205 0.00000 0.00003 0.00000 0.05106 0.00000 0.06583 0.00000 
276	3	0.12127 0.00000 0.00000 0.00000 0.01548 0.00000 0.69135 0.00000 0.06655 0.00000 0.00007 0.00000 0.02260 0.00000 0.08267 0.00000 
277	3	0.78020 0.00000 0.00422 0.00000 0.00000 0.00000 0.02998 0.00000 0.09662 0.00000 0.02227 0.00000 0.00018 0.00000 0.06653 0.00000 
278	3	0.02783 0.00000 0.00000 0.00000 0.00517 0.00000 0.78111 0.00000 0.03709 0.00000 0.00000 0.00000 0.04398 0.00000 0.10483 0.00000 
279	3	0.75170 0.00000 0.00000 0.00000 0.00000 0.00000 0.01901 0.00000 0.15356 0.00000 0.00279 0.00000 0.00511 0.00000 0.06784 0.00000 
280	3	0.65849 0.00000 0.00000 0.00000 0.00170 0.00000 0.06189 0.00000 0.13465 0.00000 0.00014 0.00000 0.02712 0.00000 0.11601 0.00000 
281	3	0.03776 0.00000 0.01337 0.00000 0.03011 0.00000 0.70623 0.00000 0.05229 0.00000 0.01330 0.00000 0.06618 0.00000 0.08077 0.00000 
282	3	0.01480 0.00000 0.00000 0.00000 0.00276 0.00000 0.84472 0.00000 0.05495 0.00000 0.00002 0.00000 0.03080 0.00000 0.05195 0.00000 
283	3	0.74050 0.00000 0.00003 0.00000 0.00037 0.00000 0.01747 0.00000 0.12702 0.00000 0.00263 0.00000 0.03962 0.00000 0.07236 0.00000 
284	3	0.60087 0.00000 0.00531 0.00000 0.11972 0.00000 0.07672 0.00000 0.08786 0.00000 0.00525 0.00000 0.04103 0.00000 0.06326 0.00000 
285	3	0.16049 0.00000 0.00000 0.00000 0.00446 0.00000 0.51513 0.00000 0.10764 0.00000 0.00052 0.00000 0.05896 0.00000 0.15279 0.00000 
286	3	0.44305 0.00000 0.00000 0.00000 0.12480 0.00000 0.24637 0.00000 0.04573 0.00000 0.00000 0.00000 0.07596 0.00000 0.06409 0.00000 
287	3	0.07752 0.00000 0.06923 0.00000 0.00000 0.00000 0.74781 0.00000 0.04373 0.00000 0.00962 0.00000 0.00091 0.00000 0.05119 0.00000 
288	3	0.41772 0.00000 0.00000 0.00000 0.14310 0.00000 0.24618 0.00000 0.07591 0.00000 0.00000 0.00000 0.06479 0.00000 0.05230 0.00000 
289	3	0.03108 0.00000 0.00000 0.00000 0.01096 0.00000 0.66476 0.00000 0.06247 0.00000 0.00000 0.00000 0.07502 0.00000 0.15570 0.00000 
290	3	0.18146 0.00000 0.00538 0.00000 0.01768 0.00000 0.52686 0.00000 0.09310 0.00000 0.02108 0.00000 0.04571 0.00000 0.10873 0.00000 
291	3	0.02169 0.00000 0.00000 0.00000 0.81802 0.00000 0.02744 0.00000 0.03278 0.00000 0.00000 0.00000 0.07843 0.00000 0.02163 0.00000 
292	3	0.13000 0.00000 0.00000 0.00000 0.05578 0.00000 0.70169 0.00000 0.04510 0.00000 0.00001 0.00000 0.01866 0.00000 0.04876 0.00000 
293	3	0.47936 0.00000 0.00246 0.00000 0.05613 0.00000 0.13812 0.00000 0.15419 0.00000 0.00856 0.00000 0.07271 0.00000 0.08846 0.00000 
294	3	0.00028 0.00000 0.00000 0.00000 0.00809 0.00000 0.86547 0.00000 0.01183 0.00000 0.00000 0.00000 0.04294 0.00000 0.07140 0.00000 
295	3	0.14480 0.00000 0.33498 0.00000 0.00000 0.00000 0.33332 0.00000 0.05012 0.00000 0.05702 0.00000 0.00152 0.00000 0.07823 0.00000 
296	3	0.19455 0.00000 0.00000 0.00000 0.00033 0.00000 0.63056 0.00000 0.06189 0.00000 0.00046 0.00000 0.01893 0.00000 0.09328 0.00000 
297	3	0.26164 0.00000 0.00000 0.00000 0.06645 0.00000 0.50566 0.00000 0.05946 0.00000 0.00000 0.00000 0.03291 0.00000 0.07388 0.00000 
298	3	0.64446 0.00000 0.00000 0.00000 0.05786 0.00000 0.11991 0.00000 0.07128 0.00000 0.00000 0.00000 0.04574 0.00000 0.06074 0.00000 
299	3	0.75402 0.00000 0.00000 0.00000 0.00000 0.00000 0.08277 0.00000 0.08469 0.00000 0.00003 0.00000 0.00578 0.00000 0.07271 0.00000 
300	4	0.43628 0.00000 0.46049 0.00000 0.00000 0.00000 0.01143 0.00000 0.04182 0.00000 0.04387 0.00000 0.00000 0.00000 0.00610 0.00000 
301	4	0.07888 0.00000 0.20964 0.00000 0.00000 0.00000 0.23494 0.00000 0.09299 0.00000 0.16774 0.00000 0.00223 0.00000 0.21358 0.00000 
302	4	0.82965 0.00000 0.00027 0.00000 0.00000 0.00000 0.01453 0.00000 0.09348 0.00000 0.01976 0.00000 0.00086 0.00000 0.04145 0.00000 
303	4	0.78384 0.00000 0.00607 0.00000 0.00000 0.00000 0.02055 0.00000 0.10863 0.00000 0.05362 0.00000 0.00098 0.00000 0.02632 0.00000 
304	4	0.44923 0.00000 0.00000 0.00000 0.01897 0.00000 0.34803 0.00000 0.07374 0.00000 0.00032 0.00000 0.04758 0.00000 0.06213 0.00000 
305	4	0.71474 0.00000 0.11090 0.00000 0.00008 0.00000 0.05183 0.00000 0.06575 0.00000 0.01946 0.00000 0.00360 0.00000 0.03364 0.00000 
306	4	0.37144 0.00000 0.02637 0.00000 0.00036 0.00000 0.30798 0.00000 0.11799 0.00000 0.05901 0.00000 0.01002 0.00000 0.10684 0.00000 
307	4	0.42061 0.00000 0.00000 0.00000 0.13092 0.00000 0.28408 0.00000 0.05242 0.00000 0.00003 0.00000 0.07650 0.00000 0.03545 0.00000 
308	4	0.77546 0.00000 0.00026 0.00000 0.00031 0.00000 0.05760 0.00000 0.08438 0.00000 0.01270 0.00000 0.00596 0.00000 0.06333 0.00000 
309	4	0.51221 0.00000 0.01712 0.00000 0.00000 0.00000 0.01883 0.00000 0.22996 0.00000 0.10183 0.00000 0.00046 0.00000 0.11959 0.00000 
310	4	0.62598 0.00000 0.06170 0.00000 0.00002 0.00000 0.05349 0.00000 0.11989 0.00000 0.07233 0.00000 0.00370 0.00000 0.06289 0.00000 
311	4	0.54718 0.00000 0.00995 0.00000 0.00001 0.00000 0.18317 0.00000 0.11541 0.00000 0.04237 0.00000 0.00384 0.00000 0.09806 0.00000 
312	4	0.17228 0.00000 0.00000 0.00000 0.00003 0.00000 0.43380 0.00000 0.16554 0.00000 0.00131 0.00000 0.02364 0.00000 0.20339 0.00000 
313	4	0.74209 0.00000 0.00023 0.00000 0.00264 0.00000 0.06413 0.00000 0.08309 0.00000 0.00353 0.00000 0.04484 0.00000 0.05945 0.00000 
314	4	0.82902 0.00000 0.00913 0.00000 0.00004 0.00000 0.02627 0.00000 0.07277 0.00000 0.03228 0.00000 0.00067 0.00000 0.02982 0.00000 
315	4	0.83813 0.00000 0.01041 0.00000 0.00000 0.00000 0.02604 0.00000 0.04707 0.00000 0.03716 0.00000 0.00000 0.00000 0.04119 0.00000 
316	4	0.57941 0.00000 0.21860 0.00000 0.00113 0.00000 0.05348 0.00000 0.07371 0.00000 0.02015 0.00000 0.00315 0.00000 0.05036 0.00000 
317	4	0.37562 0.00000 0.11870 0.00000 0.00000 0.00000 0.14895 0.00000 0.09922 0.00000 0.17221 0.00000 0.00002 0.00000 0.08529 0.00000 
318	4	0.65116 0.00000 0.00000 0.00000 0.00015 0.00000 0.07190 0.00000 0.14316 0.00000 0.00234 0.00000 0.02692 0.00000 0.10436 0.00000 
319	4	0.27511 0.00000 0.00000 0.00000 0.00046 0.00000 0.63641 0.00000 0.03498 0.00000 0.00132 0.00000 0.00535 0.00000 0.04637 0.00000 
320	4	0.75592 0.00000 0.00000 0.00000 0.00529 0.00000 0.13443 0.00000 0.05643 0.00000 0.00017 0.00000 0.02422 0.00000 0.02356 0.00000 
321	4	0.18764 0.00000 0.46290 0.00000 0.00000 0.00000 0.04410 0.00000 0.10859 0.00000 0.13461 0.00000 0.00002 0.00000 0.06214 0.00000 
322	4	0.07107 0.00000 0.00000 0.00000 0.01218 0.00000 0.64641 0.00000 0.08529 0.00000 0.00000 0.00000 0.08083 0.00000 0.10422 0.00000 
323	4	0.16085 0.00000 0.00000 0.00000 0.01237 0.00000 0.52060 0.00000 0.12387 0.00000 0.00000 0.00000 0.08508 0.00000 0.09722 0.00000 
324	4	0.41987 0.00000 0.22490 0.00000 0.00000 0.00000 0.09348 0.00000 0.08605 0.00000 0.11853 0.00000 0.00002 0.00000 0.05715 0.00000 
325	4	0.54718 0.00000 0.25872 0.00000 0.00000 0.00000 0.01583 0.00000 0.08627 0.00000 0.04940 0.00000 0.00083 0.00000 0.04177 0.00000 
326	4	0.36537 0.00000 0.00034 0.00000 0.00091 0.00000 0.32193 0.00000 0.11910 0.00000 0.00838 0.00000 0.04301 0.00000 0.14096 0.00000 
327	4	0.27971 0.00000 0.25794 0.00000 0.00095 0.00000 0.16821 0.00000 0.08395 0.00000 0.08197 0.00000 0.02231 0.00000 0.10495 0.00000 
328	4	0.09290 0.00000 0.00008 0.00000 0.00031 0.00000 0.54242 0.00000 0.15720 0.00000 0.01489 0.00000 0.01435 0.00000 0.17785 0.00000 
329	4	0.03783 0.00000 0.32581 0.00000 0.00000 0.00000 0.31919 0.00000 0.09603 0.00000 0.06195 0.00000 0.00747 0.00000 0.15172 0.00000 
330	4	0.42316 0.00000 0.00727 0.00000 0.00000 0.00000 0.18544 0.00000 0.14527 0.00000 0.09981 0.00000 0.00161 0.00000 0.13744 0.00000 
331	4	0.46940 0.00000 0.01546 0.00000 0.00025 0.00000 0.20136 0.00000 0.13212 0.00000 0.09978 0.00000 0.00347 0.00000 0.07816 0.00000 
332	4	0.48447 0.00000 0.00000 0.00000 0.01568 0.00000 0.17423 0.00000 0.13799 0.00000 0.01491 0.00000 0.05715 0.00000 0.11558 0.00000 
333	4	0.85838 0.00000 0.00013 0.00000 0.00000 0.00000 0.01601 0.00000 0.07915 0.00000 0.00421 0.00000 0.00476 0.00000 0.03736 0.00000 
334	4	0.58780 0.00000 0.02166 0.00000 0.06371 0.00000 0.06713 0.00000 0.11995 0.00000 0.01551 0.00000 0.05899 0.00000 0.06525 0.00000 
335	4	0.67256 0.00000 0.01069 0.00000 0.00278 0.00000 0.22897 0.00000 0.03561 0.00000 0.00934 0.00000 0.00985 0.00000 0.03020 0.00000 
336	4	0.20131 0.00000 0.58655 0.00000 0.00022 0.00000 0.04345 0.00000 0.06765 0.00000 0.05586 0.00000 0.00812 0.00000 0.03685 0.00000 
337	4	0.78107 0.00000 0.00436 0.00000 0.00005 0.00000 0.02875 0.00000 0.08597 0.00000 0.04771 0.00000 0.00317 0.00000 0.04893 0.00000 
338	4	0.75318 0.00000 0.00026 0.00000 0.00014 0.00000 0.06631 0.00000 0.08908 0.00000 0.01514 0.00000 0.00511 0.00000 0.07078 0.00000 
339	4	0.28353 0.00000 0.28652 0.00000 0.00086 0.00000 0.14979 0.00000 0.07782 0.00000 0.08129 0.00000 0.01968 0.00000 0.10051 0.00000 
340	4	0.73025 0.00000 0.00752 0.00000 0.00000 0.00000 0.06844 0.00000 0.09131 0.00000 0.04951 0.00000 0.00000 0.00000 0.05297 0.00000 
341	4	0.24053 0.00000 0.00045 0.00000 0.02157 0.00000 0.30974 0.00000 0.15999 0.00000 0.04885 0.00000 0.04134 0.00000 0.17754 0.00000 
342	4	0.91870 0.00000 0.00009 0.00000 0.00000 0.00000 0.01116 0.00000 0.03781 0.00000 0.00439 0.00000 0.00175 0.00000 0.02611 0.00000 
343	4	0.72898 0.00000 0.00014 0.00000 0.00000 0.00000 0.11023 0.00000 0.07923 0.00000 0.00745 0.00000 0.00282 0.00000 0.07114 0.00000 
344	4	0.29060 0.00000 0.00242 0.00000 0.02356 0.00000 0.34179 0.00000 0.11865 0.00000 0.04702 0.00000 0.05356 0.00000 0.12241 0.00000 
345	4	0.79117 0.00000 0.01578 0.00000 0.00000 0.00000 0.00533 0.00000 0.09070 0.00000 0.06837 0.00000 0.00000 0.00000 0.02865 0.00000 
346	4	0.88143 0.00000 0.01797 0.00000 0.00000 0.00000 0.00133 0.00000 0.05350 0.00000 0.02767 0.00000 0.00000 0.00000 0.01810 0.00000 
347	4	0.55139 0.00000 0.18905 0.00000 0.00000 0.00000 0.13733 0.00000 0.05629 0.00000 0.02913 0.00000 0.00000 0.00000 0.03681 0.00000 
348	4	0.46990 0.00000 0.00001 0.00000 0.03257 0.00000 0.07149 0.00000 0.16804 0.00000 0.00795 0.00000 0.12789 0.00000 0.12216 0.00000 
349	4	0.54817 0.00000 0.14550 0.00000 0.00007 0.00000 0.03628 0.00000 0.12260 0.00000 0.07145 0.00000 0.00557 0.00000 0.07037 0.00000 
350	4	0.63049 0.00000 0.13663 0.00000 0.00003 0.00000 0.01941 0.00000 0.10173 0.00000 0.06168 0.00000 0.00277 0.00000 0.04726 0.00000 
351	4	0.44633 0.00000 0.00659 0.00000 0.00018 0.00000 0.08032 0.00000 0.23596 0.00000 0.07984 0.00000 0.00842 0.00000 0.14236 0.00000 
352	4	0.85271 0.00000 0.00000 0.00000 0.00001 0.00000 0.01063 0.00000 0.08244 0.00000 0.00359 0.00000 0.00620 0.00000 0.04443 0.00000 
353	4	0.16352 0.00000 0.00000 0.00000 0.07209 0.00000 0.43460 0.00000 0.13896 0.00000 0.00000 0.00000 0.08785 0.00000 0.10299 0.00000 
354	4	0.92832 0.00000 0.00000 0.00000 0.00000 0.00000 0.01863 0.00000 0.03627 0.00000 0.00200 0.00000 0.00179 0.00000 0.01299 0.00000 
355	4	0.86926 0.00000 0.00135 0.00000 0.00000 0.00000 0.02352 0.00000 0.06702 0.00000 0.01926 0.00000 0.00114 0.00000 0.01845 0.00000 
356	4	0.52143 0.00000 0.08232 0.00000 0.00000 0.00000 0.04691 0.00000 0.12133 0.00000 0.15434 0.00000 0.00000 0.00000 0.07366 0.00000 
357	4	0.45980 0.00000 0.00000 0.00000 0.00719 0.00000 0.04689 0.00000 0.22047 0.00000 0.00044 0.00000 0.12552 0.00000 0.13970 0.00000 
358	4	0.34050 0.00000 0.00820 0.00000 0.00005 0.00000 0.21790 0.00000 0.18960 0.00000 0.08145 0.00000 0.01552 0.00000 0.14678 0.00000 
359	4	0.47087 0.00000 0.24777 0.00000 0.00087 0.00000 0.10977 0.00000 0.06054 0.00000 0.03286 0.00000 0.01565 0.00000 0.06167 0.00000 
360	4	0.13733 0.00000 0.68587 0.00000 0.00001 0.00000 0.00289 0.00000 0.07425 0.00000 0.08757 0.00000 0.00098 0.00000 0.01110 0.00000 
361	4	0.18701 0.00000 0.64123 0.00000 0.00000 0.00000 0.00000 0.00000 0.08172 0.00000 0.08991 0.00000 0.00000 0.00000 0.00012 0.00000 
362	4	0.61406 0.00000 0.09882 0.00000 0.00014 0.00000 0.03452 0.00000 0.11445 0.00000 0.07648 0.00000 0.00780 0.00000 0.05373 0.00000 
363	4	0.85731 0.00000 0.02134 0.00000 0.00000 0.00000 0.00536 0.00000 0.06579 0.00000 0.03921 0.00000 0.00041 0.00000 0.01058 0.00000 
364	4	0.01565 0.00000 0.00262 0.00000 0.00003 0.00000 0.57836 0.00000 0.12195 0.00000 0.03817 0.00000 0.00880 0.00000 0.23442 0.00000 
365	4	0.69430 0.00000 0.00000 0.00000 0.10956 0.00000 0.01767 0.00000 0.07911 0.00000 0.00000 0.00000 0.05427 0.00000 0.04510 0.00000 
366	4	0.44839 0.00000 0.00000 0.00000 0.04130 0.00000 0.21413 0.00000 0.10222 0.00000 0.00000 0.00000 0.06925 0.00000 0.12471 0.00000 
367	4	0.68471 0.00000 0.00052 0.00000 0.00083 0.00000 0.08010 0.00000 0.11120 0.00000 0.03229 0.00000 0.00846 0.00000 0.08188 0.00000 
368	4	0.70073 0.00000 0.00003 0.00000 0.00000 0.00000 0.09208 0.00000 0.08968 0.00000 0.01198 0.00000 0.00211 0.00000 0.10339 0.00000 
369	4	0.62467 0.00000 0.00007 0.00000 0.00652 0.00000 0.10268 0.00000 0.10704 0.00000 0.00588 0.00000 0.04940 0.00000 0.10375 0.00000 
370	4	0.56000 0.00000 0.00105 0.00000 0.00081 0.00000 0.10516 0.00000 0.16056 0.00000 0.03501 0.00000 0.00516 0.00000 0.13225 0.00000 
371	4	0.48939 0.00000 0.01949 0.00000 0.02195 0.00000 0.31647 0.00000 0.05866 0.00000 0.01038 0.00000 0.03099 0.00000 0.05267 0.00000 
372	4	0.14436 0.00000 0.00000 0.00000 0.00811 0.00000 0.33994 0.00000 0.16760 0.00000 0.00000 0.00000 0.12952 0.00000 0.21046 0.00000 
373	4	0.85137 0.00000 0.00010 0.00000 0.00000 0.00000 0.03697 0.00000 0.06238 0.00000 0.00855 0.00000 0.00067 0.00000 0.03997 0.00000 
374	4	0.31894 0.00000 0.07916 0.00000 0.00364 0.00000 0.04659 0.00000 0.24903 0.00000 0.08326 0.00000 0.05251 0.00000 0.16687 0.00000 
375	4	0.37446 0.00000 0.00013 0.00000 0.00013 0.00000 0.38291 0.00000 0.11386 0.00000 0.00200 0.00000 0.02616 0.00000 0.10034 0.00000 
376	4	0.83201 0.00000 0.00000 0.00000 0.03819 0.00000 0.01050 0.00000 0.05476 0.00000 0.00000 0.00000 0.03928 0.00000 0.02526 0.00000 
377	4	0.67477 0.00000 0.00378 0.00000 0.00031 0.00000 0.10472 0.00000 0.10522 0.00000 0.02803 0.00000 0.00706 0.00000 0.07611 0.00000 
378	4	0.83800 0.00000 0.07485 0.00000 0.00000 0.00000 0.00000 0.00000 0.05291 0.00000 0.03421 0.00000 0.00000 0.00000 0.00002 0.00000 
379	4	0.90019 0.00000 0.00307 0.00000 0.00000 0.00000 0.02450 0.00000 0.04295 0.00000 0.01249 0.00000 0.00009 0.00000 0.01672 0.00000 
380	4	0.07563 0.00000 0.83495 0.00000 0.00000 0.00000 0.00000 0.00000 0.03782 0.00000 0.05160 0.00000 0.00000 0.00000 0.00000 0.00000 
381	4	0.60388 0.00000 0.00537 0.00000 0.00478 0.00000 0.11012 0.00000 0.11111 0.00000 0.04262 0.00000 0.01595 0.00000 0.10617 0.00000 
382	4	0.46131 0.00000 0.21018 0.00000 0.00000 0.00000 0.00384 0.00000 0.14140 0.00000 0.15187 0.00000 0.00001 0.00000 0.03138 0.00000 
383	4	0.74031 0.00000 0.00694 0.00000 0.00000 0.00000 0.01079 0.00000 0.13505 0.00000 0.05102 0.00000 0.00000 0.00000 0.05589 0.00000 
384	4	0.86097 0.00000 0.01865 0.00000 0.00000 0.00000 0.00355 0.00000 0.07190 0.00000 0.03920 0.00000 0.00000 0.00000 0.00573 0.00000 
385	4	0.34280 0.00000 0.03294 0.00000 0.00003 0.00000 0.32462 0.00000 0.12027 0.00000 0.07512 0.00000 0.01023 0.00000 0.09398 0.00000 
386	4	0.72868 0.00000 0.06042 0.00000 0.00000 0.00000 0.04858 0.00000 0.06711 0.00000 0.06421 0.00000 0.00000 0.00000 0.03099 0.00000 
387	4	0.64777 0.00000 0.00083 0.00000 0.00054 0.00000 0.17876 0.00000 0.07981 0.00000 0.01155 0.00000 0.00785 0.00000 0.07289 0.00000 
388	4	0.54726 0.00000 0.02951 0.00000 0.00000 0.00000 0.03694 0.00000 0.16616 0.00000 0.12320 0.00000 0.00325 0.00000 0.09369 0.00000 
389	4	0.30340 0.00000 0.19716 0.00000 0.00040 0.00000 0.18395 0.00000 0.11728 0.00000 0.04088 0.00000 0.02599 0.00000 0.13095 0.00000 
390	4	0.54661 0.00000 0.23109 0.00000 0.00000 0.00000 0.04330 0.00000 0.08226 0.00000 0.04564 0.00000 0.00457 0.00000 0.04653 0.00000 
391	4	0.57587 0.00000 0.02987 0.00000 0.00080 0.00000 0.17760 0.00000 0.08647 0.00000 0.05232 0.00000 0.00682 0.00000 0.07027 0.00000 
392	4	0.74146 0.00000 0.10621 0.00000 0.00000 0.00000 0.00076 0.00000 0.07199 0.00000 0.06841 0.00000 0.00000 0.00000 0.01118 0.00000 
393	4	0.84387 0.00000 0.00074 0.00000 0.00153 0.00000 0.01966 0.00000 0.07298 0.00000 0.02207 0.00000 0.00343 0.00000 0.03571 0.00000 
394	4	0.63627 0.00000 0.09401 0.00000 0.00000 0.00000 0.00831 0.00000 0.10290 0.00000 0.11456 0.00000 0.00001 0.00000 0.04393 0.00000 
395	4	0.76311 0.00000 0.00279 0.00000 0.00001 0.00000 0.02041 0.00000 0.12634 0.00000 0.02487 0.00000 0.00575 0.00000 0.05671 0.00000 
396	4	0.15669 0.00000 0.00506 0.00000 0.01736 0.00000 0.62549 0.00000 0.07249 0.00000 0.01287 0.00000 0.05292 0.00000 0.05711 0.00000 
397	4	0.25897 0.00000 0.56249 0.00000 0.00000 0.00000 0.00855 0.00000 0.08228 0.00000 0.07434 0.00000 0.00022 0.00000 0.01316 0.00000 
398	4	0.52560 0.00000 0.00234 0.00000 0.01171 0.00000 0.03932 0.00000 0.19710 0.00000 0.02850 0.00000 0.10402 0.00000 0.09140 0.00000 
399	4	0.56523 0.00000 0.00000 0.00000 0.04211 0.00000 0.15073 0.00000 0.07304 0.00000 0.00000 0.00000 0.08842 0.00000 0.08047 0.00000 
400	5	0.10360 0.00000 0.00000 0.00000 0.00000 0.00000 0.77116 0.00000 0.05087 0.00000 0.00183 0.00000 0.00043 0.00000 0.07212 0.00000 
401	5	0.10855 0.00000 0.00000 0.00000 0.00000 0.00000 0.75414 0.00000 0.05771 0.00000 0.00021 0.00000 0.00329 0.00000 0.07609 0.00000 
402	5	0.08934 0.00000 0.00000 0.00000 0.00597 0.00000 0.72729 0.00000 0.07364 0.00000 0.00028 0.00000 0.02580 0.00000 0.07768 0.00000 
403	5	0.12112 0.00000 0.00000 0.00000 0.00003 0.00000 0.71911 0.00000 0.07025 0.00000 0.00328 0.00000 0.00163 0.00000 0.08458 0.00000 
404	5	0.11860 0.00000 0.00000 0.00000 0.00005 0.00000 0.74703 0.00000 0.05836 0.00000 0.00021 0.00000 0.00074 0.00000 0.07503 0.00000 
405	5	0.10446 0.00000 0.00000 0.00000 0.00002 0.00000 0.76029 0.00000 0.05702 0.00000 0.00028 0.00000 0.00119 0.00000 0.07673 0.00000 
406	5	0.07490 0.00000 0.00000 0.00000 0.00014 0.00000 0.77567 0.00000 0.06079 0.00000 0.00022 0.00000 0.00086 0.00000 0.08743 0.00000 
407	5	0.10823 0.00000 0.00000 0.00000 0.00003 0.00000 0.73603 0.00000 0.06347 0.00000 0.00027 0.00000 0.00315 0.00000 0.08883 0.00000 
408	5	0.10343 0.00000 0.00000 0.00000 0.00891 0.00000 0.72195 0.00000 0.07234 0.00000 0.00015 0.00000 0.01387 0.00000 0.07935 0.00000 
409	5	0.14390 0.00000 0.00000 0.00000 0.00028 0.00000 0.70062 0.00000 0.06741 0.00000 0.00026 0.00000 0.00455 0.00000 0.08298 0.00000 
410	5	0.10107 0.00000 0.00000 0.00000 0.00000 0.00000 0.74007 0.00000 0.06615 0.00000 0.00017 0.00000 0.00173 0.00000 0.09080 0.00000 
411	5	0.13728 0.00000 0.00000 0.00000 0.00000 0.00000 0.72906 0.00000 0.05580 0.00000 0.00033 0.00000 0.00042 0.00000 0.07712 0.00000 
412	5	0.12037 0.00000 0.00000 0.00000 0.00005 0.00000 0.74402 0.00000 0.05653 0.00000 0.00018 0.00000 0.00115 0.00000 0.07770 0.00000 
413	5	0.14261 0.00000 0.00000 0.00000 0.00000 0.00000 0.71398 0.00000 0.06337 0.00000 0.00000 0.00000 0.00052 0.00000 0.07953 0.00000 
414	5	0.07378 0.00000 0.00000 0.00000 0.00000 0.00000 0.78306 0.00000 0.05815 0.00000 0.00000 0.00000 0.00096 0.00000 0.08404 0.00000 
415	5	0.08395 0.00000 0.00000 0.00000 0.00007 0.00000 0.77343 0.00000 0.05589 0.00000 0.00015 0.00000 0.00500 0.00000 0.08151 0.00000 
416	5	0.08765 0.00000 0.00000 0.00000 0.00039 0.00000 0.75959 0.00000 0.05996 0.00000 0.00034 0.00000 0.00666 0.00000 0.08539 0.00000 
417	5	0.08833 0.00000 0.00000 0.00000 0.00000 0.00000 0.76562 0.00000 0.05907 0.00000 0.00012 0.00000 0.00148 0.00000 0.08537 0.00000 
418	5	0.12147 0.00000 0.00000 0.00000 0.00033 0.00000 0.74492 0.00000 0.05452 0.00000 0.00028 0.00000 0.00753 0.00000 0.07095 0.00000 
419	5	0.10522 0.00000 0.00000 0.00000 0.00007 0.00000 0.74671 0.00000 0.06081 0.00000 0.00017 0.00000 0.00304 0.00000 0.08398 0.00000 
420	5	0.11279 0.00000 0.00000 0.00000 0.00012 0.00000 0.73410 0.00000 0.06687 0.00000 0.00041 0.00000 0.00338 0.00000 0.08233 0.00000 
421	5	0.08189 0.00000 0.00000 0.00000 0.00000 0.00000 0.76529 0.00000 0.06293 0.00000 0.00010 0.00000 0.00151 0.00000 0.08828 0.00000 
422	5	0.08167 0.00000 0.00000 0.00000 0.00010 0.00000 0.77593 0.00000 0.05441 0.00000 0.00032 0.00000 0.00374 0.00000 0.08382 0.00000 
423	5	0.08484 0.00000 0.00000 0.00000 0.00025 0.00000 0.77567 0.00000 0.05505 0.00000 0.00030 0.00000 0.00649 0.00000 0.07741 0.00000 
424	5	0.13659 0.00000 0.00000 0.00000 0.00000 0.00000 0.69850 0.00000 0.07161 0.00000 0.00145 0.00000 0.00133 0.00000 0.09052 0.00000 
425	5	0.16228 0.00000 0.00000 0.00000 0.07018 0.00000 0.42081 0.00000 0.09901 0.00000 0.00063 0.00000 0.10281 0.00000 0.14428 0.00000 
426	5	0.13294 0.00000 0.00000 0.00000 0.00000 0.00000 0.76611 0.00000 0.04124 0.00000 0.00102 0.00000 0.00030 0.00000 0.05838 0.00000 
427	5	0.12485 0.00000 0.00011 0.00000 0.00000 0.00000 0.75787 0.00000 0.04784 0.00000 0.00295 0.00000 0.00050 0.00000 0.06588 0.00000 
428	5	0.19370 0.00000 0.00000 0.00000 0.00000 0.00000 0.65592 0.00000 0.06673 0.00000 0.00192 0.00000 0.00143 0.00000 0.08030 0.00000 
429	5	0.11178 0.00000 0.00000 0.00000 0.06062 0.00000 0.55023 0.00000 0.07262 0.00000 0.00002 0.00000 0.06861 0.00000 0.13611 0.00000 
430	5	0.18737 0.00000 0.00000 0.00000 0.00000 0.00000 0.65270 0.00000 0.06956 0.00000 0.00023 0.00000 0.00377 0.00000 0.08636 0.00000 
431	5	0.16535 0.00000 0.00000 0.00000 0.00000 0.00000 0.67424 0.00000 0.07081 0.00000 0.00065 0.00000 0.00211 0.00000 0.08683 0.00000 
432	5	0.23222 0.00000 0.00330 0.00000 0.07191 0.00000 0.43629 0.00000 0.10204 0.00000 0.00880 0.00000 0.05665 0.00000 0.08881 0.00000 
433	5	0.18222 0.00000 0.00000 0.00000 0.00000 0.00000 0.66233 0.00000 0.06923 0.00000 0.00010 0.00000 0.00291 0.00000 0.08321 0.00000 
434	5	0.37293 0.00000 0.00000 0.00000 0.07555 0.00000 0.20547 0.00000 0.11787 0.00000 0.00022 0.00000 0.10893 0.00000 0.11905 0.00000 
435	5	0.11812 0.00000 0.00000 0.00000 0.00000 0.00000 0.71831 0.00000 0.06955 0.00000 0.00000 0.00000 0.00169 0.00000 0.09233 0.00000 
436	5	0.11206 0.00000 0.00000 0.00000 0.00015 0.00000 0.71237 0.00000 0.07316 0.00000 0.00219 0.00000 0.00463 0.00000 0.09545 0.00000 
437	5	0.07488 0.00000 0.00000 0.00000 0.00019 0.00000 0.75442 0.00000 0.06796 0.00000 0.00000 0.00000 0.01156 0.00000 0.09098 0.00000 
438	5	0.08262 0.00000 0.00011 0.00000 0.00000 0.00000 0.79427 0.00000 0.04910 0.00000 0.00391 0.00000 0.00146 0.00000 0.06853 0.00000 
439	5	0.09855 0.00000 0.00046 0.00000 0.00000 0.00000 0.76067 0.00000 0.05613 0.00000 0.00892 0.00000 0.00018 0.00000 0.07509 0.00000 
440	5	0.10101 0.00000 0.00013 0.00000 0.00000 0.00000 0.76681 0.00000 0.05265 0.00000 0.00732 0.00000 0.00030 0.00000 0.07177 0.00000 
441	5	0.11742 0.00000 0.00000 0.00000 0.00000 0.00000 0.76502 0.00000 0.04781 0.00000 0.00241 0.00000 0.00000 0.00000 0.06735 0.00000 
442	5	0.11974 0.00000 0.00000 0.00000 0.00007 0.00000 0.76112 0.00000 0.04928 0.00000 0.00171 0.00000 0.00075 0.00000 0.06733 0.00000 
443	5	0.09294 0.00000 0.00000 0.00000 0.00458 0.00000 0.75251 0.00000 0.06078 0.00000 0.00324 0.00000 0.01675 0.00000 0.06921 0.00000 
444	5	0.10714 0.00000 0.00000 0.00000 0.00000 0.00000 0.76463 0.00000 0.05416 0.00000 0.00045 0.00000 0.00199 0.00000 0.07163 0.00000 
445	5	0.07740 0.00000 0.00000 0.00000 0.00757 0.00000 0.80704 0.00000 0.03577 0.00000 0.00006 0.00000 0.01993 0.00000 0.05224 0.00000 
446	5	0.14493 0.00000 0.00000 0.00000 0.00002 0.00000 0.70550 0.00000 0.06471 0.00000 0.00319 0.00000 0.00047 0.00000 0.08118 0.00000 
447	5	0.12556 0.00000 0.00000 0.00000 0.00000 0.00000 0.70469 0.00000 0.07461 0.00000 0.00006 0.00000 0.00574 0.00000 0.08934 0.00000 
448	5	0.15706 0.00000 0.00000 0.00000 0.00000 0.00000 0.68181 0.00000 0.06953 0.00000 0.00000 0.00000 0.00321 0.00000 0.08839 0.00000 
449	5	0.44301 0.00000 0.00000 0.00000 0.00328 0.00000 0.27354 0.00000 0.12228 0.00000 0.00000 0.00000 0.03527 0.00000 0.12261 0.00000 
450	5	0.15006 0.00000 0.00000 0.00000 0.00003 0.00000 0.70122 0.00000 0.06261 0.00000 0.00003 0.00000 0.00209 0.00000 0.08396 0.00000 
451	5	0.43956 0.00000 0.00000 0.00000 0.10117 0.00000 0.18043 0.00000 0.09821 0.00000 0.00004 0.00000 0.07105 0.00000 0.10954 0.00000 
452	5	0.12894 0.00000 0.00000 0.00000 0.00000 0.00000 0.72169 0.00000 0.06441 0.00000 0.00000 0.00000 0.00056 0.00000 0.08440 0.00000 
453	5	0.63092 0.00000 0.00000 0.00000 0.02890 0.00000 0.15462 0.00000 0.08477 0.00000 0.00296 0.00000 0.02971 0.00000 0.06812 0.00000 
454	5	0.08675 0.00000 0.00000 0.00000 0.00000 0.00000 0.78229 0.00000 0.05271 0.00000 0.00349 0.00000 0.00127 0.00000 0.07349 0.00000 
455	5	0.74873 0.00000 0.00031 0.00000 0.00000 0.00000 0.11229 0.00000 0.07350 0.00000 0.01157 0.00000 0.00004 0.00000 0.05355 0.00000 
456	5	0.09676 0.00000 0.00000 0.00000 0.00000 0.00000 0.76372 0.00000 0.05681 0.00000 0.00257 0.00000 0.00273 0.00000 0.07740 0.00000 
457	5	0.76925 0.00000 0.00075 0.00000 0.00000 0.00000 0.07820 0.00000 0.08145 0.00000 0.01216 0.00000 0.00004 0.00000 0.05814 0.00000 
458	5	0.07967 0.00000 0.00000 0.00000 0.00007 0.00000 0.79072 0.00000 0.05236 0.00000 0.00107 0.00000 0.00201 0.00000 0.07410 0.00000 
459	5	0.08878 0.00000 0.00000 0.00000 0.00000 0.00000 0.79230 0.00000 0.04662 0.00000 0.00121 0.00000 0.00182 0.00000 0.06927 0.00000 
460	5	0.82282 0.00000 0.00002 0.00000 0.00000 0.00000 0.05669 0.00000 0.06529 0.00000 0.00825 0.00000 0.00002 0.00000 0.04692 0.00000 
461	5	0.07756 0.00000 0.00000 0.00000 0.00000 0.00000 0.79972 0.00000 0.04701 0.00000 0.00662 0.00000 0.00024 0.00000 0.06886 0.00000 
462	5	0.08044 0.00000 0.00027 0.00000 0.00000 0.00000 0.79013 0.00000 0.05212 0.00000 0.00593 0.00000 0.00027 0.00000 0.07085 0.00000 
463	5	0.07751 0.00000 0.00005 0.00000 0.00000 0.00000 0.79289 0.00000 0.05152 0.00000 0.00333 0.00000 0.00162 0.00000 0.07308 0.00000 
464	5	0.79552 0.00000 0.00007 0.00000 0.00000 0.00000 0.07255 0.00000 0.07227 0.00000 0.00606 0.00000 0.00015 0.00000 0.05337 0.00000 
465	5	0.08882 0.00000 0.00000 0.00000 0.00000 0.00000 0.79699 0.00000 0.04349 0.00000 0.00214 0.00000 0.00013 0.00000 0.06843 0.00000 
466	5	0.82821 0.00000 0.00017 0.00000 0.00000 0.00000 0.04656 0.00000 0.06627 0.00000 0.00542 0.00000 0.00022 0.00000 0.05314 0.00000 
467	5	0.16718 0.00000 0.00000 0.00000 0.00012 0.00000 0.68493 0.00000 0.06424 0.00000 0.00146 0.00000 0.00430 0.00000 0.07778 0.00000 
468	5	0.13099 0.00000 0.00000 0.00000 0.00099 0.00000 0.75879 0.00000 0.04404 0.00000 0.00000 0.00000 0.00995 0.00000 0.05522 0.00000 
469	5	0.37796 0.00000 0.00000 0.00000 0.00000 0.00000 0.45685 0.00000 0.07895 0.00000 0.01253 0.00000 0.00124 0.00000 0.07247 0.00000 
470	5	0.45068 0.00000 0.00084 0.00000 0.00357 0.00000 0.29089 0.00000 0.11370 0.00000 0.01147 0.00000 0.01404 0.00000 0.11481 0.00000 
471	5	0.55911 0.00000 0.00000 0.00000 0.00074 0.00000 0.28507 0.00000 0.07394 0.00000 0.00137 0.00000 0.00794 0.00000 0.07183 0.00000 
472	5	0.37668 0.00000 0.00002 0.00000 0.02497 0.00000 0.42713 0.00000 0.07176 0.00000 0.00496 0.00000 0.01236 0.00000 0.08212 0.00000 
473	5	0.39528 0.00000 0.00000 0.00000 0.01480 0.00000 0.43059 0.00000 0.06770 0.00000 0.00482 0.00000 0.01052 0.00000 0.07629 0.00000 
474	5	0.12549 0.00000 0.00000 0.00000 0.00005 0.00000 0.76580 0.00000 0.04412 0.00000 0.00074 0.00000 0.00106 0.00000 0.06275 0.00000 
475	5	0.60763 0.00000 0.00000 0.00000 0.01963 0.00000 0.05482 0.00000 0.13841 0.00000 0.00016 0.00000 0.08085 0.00000 0.09850 0.00000 
476	5	0.39805 0.00000 0.00000 0.00000 0.02275 0.00000 0.36688 0.00000 0.07134 0.00000 0.00010 0.00000 0.05120 0.00000 0.08968 0.00000 
477	5	0.25890 0.00000 0.00002 0.00000 0.01912 0.00000 0.45555 0.00000 0.09815 0.00000 0.00167 0.00000 0.05867 0.00000 0.10791 0.00000 
478	5	0.22690 0.00000 0.00000 0.00000 0.00574 0.00000 0.48450 0.00000 0.10461 0.00000 0.00201 0.00000 0.04889 0.00000 0.12735 0.00000 
479	5	0.23079 0.00000 0.00298 0.00000 0.04847 0.00000 0.47532 0.00000 0.08656 0.00000 0.00894 0.00000 0.03116 0.00000 0.11578 0.00000 
480	5	0.57377 0.00000 0.00000 0.00000 0.00324 0.00000 0.24128 0.00000 0.09072 0.00000 0.01087 0.00000 0.00779 0.00000 0.07233 0.00000 
481	5	0.19614 0.00000 0.00016 0.00000 0.04290 0.00000 0.41657 0.00000 0.09561 0.00000 0.00120 0.00000 0.10059 0.00000 0.14684 0.00000 
482	5	0.56628 0.00000 0.00000 0.00000 0.00006 0.00000 0.28030 0.00000 0.07137 0.00000 0.00251 0.00000 0.00124 0.00000 0.07823 0.00000 
483	5	0.48389 0.00000 0.00000 0.00000 0.00000 0.00000 0.35825 0.00000 0.07395 0.00000 0.00037 0.00000 0.00189 0.00000 0.08164 0.00000 
484	5	0.34198 0.00000 0.00000 0.00000 0.00540 0.00000 0.42787 0.00000 0.09589 0.00000 0.00045 0.00000 0.02385 0.00000 0.10456 0.00000 
485	5	0.44531 0.00000 0.00000 0.00000 0.01084 0.00000 0.34219 0.00000 0.08274 0.00000 0.00000 0.00000 0.04421 0.00000 0.07470 0.00000 
486	5	0.51032 0.00000 0.00000 0.00000 0.02049 0.00000 0.29197 0.00000 0.07780 0.00000 0.00024 0.00000 0.02641 0.00000 0.07276 0.00000 
487	5	0.14310 0.00000 0.00000 0.00000 0.00000 0.00000 0.66813 0.00000 0.08541 0.00000 0.00324 0.00000 0.00512 0.00000 0.09500 0.00000 
488	5	0.55159 0.00000 0.00000 0.00000 0.01249 0.00000 0.28370 0.00000 0.06921 0.00000 0.00023 0.00000 0.02154 0.00000 0.06126 0.00000 
489	5	0.56910 0.00000 0.00000 0.00000 0.00930 0.00000 0.29106 0.00000 0.05550 0.00000 0.00003 0.00000 0.01748 0.00000 0.05753 0.00000 
490	5	0.45348 0.00000 0.00000 0.00000 0.02743 0.00000 0.31946 0.00000 0.08426 0.00000 0.00013 0.00000 0.02439 0.00000 0.09084 0.00000 
491	5	0.51064 0.00000 0.00000 0.00000 0.00000 0.00000 0.32252 0.00000 0.07811 0.00000 0.00005 0.00000 0.00400 0.00000 0.08467 0.00000 
492	5	0.38009 0.00000 0.00000 0.00000 0.01977 0.00000 0.38090 0.00000 0.08628 0.00000 0.00000 0.00000 0.04156 0.00000 0.09139 0.00000 
493	5	0.52293 0.00000 0.00000 0.00000 0.00006 0.00000 0.30974 0.00000 0.07994 0.00000 0.00082 0.00000 0.00231 0.00000 0.08420 0.00000 
494	5	0.39713 0.00000 0.00000 0.00000 0.04212 0.00000 0.33898 0.00000 0.08682 0.00000 0.00017 0.00000 0.03749 0.00000 0.09729 0.00000 
495	5	0.47697 0.00000 0.00000 0.00000 0.00005 0.00000 0.40357 0.00000 0.05031 0.00000 0.00155 0.00000 0.00462 0.00000 0.06293 0.00000 
496	5	0.37486 0.00000 0.00617 0.00000 0.00000 0.00000 0.40063 0.00000 0.06452 0.00000 0.05055 0.00000 0.00070 0.00000 0.10256 0.00000 
497	5	0.31588 0.00000 0.00000 0.00000 0.00200 0.00000 0.47423 0.00000 0.08858 0.00000 0.00029 0.00000 0.02492 0.00000 0.09410 0.00000 
498	5	0.12904 0.00000 0.00000 0.00000 0.10985 0.00000 0.51723 0.00000 0.07047 0.00000 0.00000 0.00000 0.08891 0.00000 0.08450 0.00000 
499	5	0.13909 0.00000 0.00000 0.00000 0.00025 0.00000 0.69915 0.00000 0.06786 0.00000 0.00281 0.00000 0.00488 0.00000 0.08596 0.00000 
500	6	0.00887 0.00000 0.00000 0.00000 0.00003 0.00000 0.91149 0.00000 0.02237 0.00000 0.00186 0.00000 0.00511 0.00000 0.05028 0.00000 
501	6	0.24184 0.00000 0.00000 0.00000 0.01554 0.00000 0.50210 0.00000 0.08184 0.00000 0.00107 0.00000 0.06313 0.00000 0.09449 0.00000 
502	6	0.23945 0.00000 0.00014 0.00000 0.02422 0.00000 0.52352 0.00000 0.05335 0.00000 0.00614 0.00000 0.05312 0.00000 0.10006 0.00000 
503	6	0.82413 0.00000 0.00321 0.00000 0.00000 0.00000 0.09651 0.00000 0.03444 0.00000 0.01353 0.00000 0.00008 0.00000 0.02810 0.00000 
504	6	0.12202 0.00000 0.00000 0.00000 0.00000 0.00000 0.72223 0.00000 0.07046 0.00000 0.00402 0.00000 0.00009 0.00000 0.08117 0.00000 
505	6	0.06125 0.00000 0.00000 0.00000 0.00003 0.00000 0.76819 0.00000 0.06745 0.00000 0.00072 0.00000 0.00693 0.00000 0.09543 0.00000 
506	6	0.89372 0.00000 0.00058 0.00000 0.00000 0.00000 0.05742 0.00000 0.02760 0.00000 0.00498 0.00000 0.00007 0.00000 0.01563 0.00000 
507	6	0.37913 0.00000 0.00000 0.00000 0.00027 0.00000 0.57267 0.00000 0.01764 0.00000 0.00018 0.00000 0.00258 0.00000 0.02754 0.00000 
508	6	0.38519 0.00000 0.00000 0.00000 0.00000 0.00000 0.52293 0.00000 0.03924 0.00000 0.00114 0.00000 0.00074 0.00000 0.05074 0.00000 
509	6	0.04484 0.00000 0.00000 0.00000 0.00284 0.00000 0.87781 0.00000 0.02222 0.00000 0.00000 0.00000 0.01540 0.00000 0.03688 0.00000 
510	6	0.24003 0.00000 0.00000 0.00000 0.00033 0.00000 0.55065 0.00000 0.09171 0.00000 0.00124 0.00000 0.02372 0.00000 0.09231 0.00000 
511	6	0.05682 0.00000 0.00000 0.00000 0.00030 0.00000 0.71887 0.00000 0.08480 0.00000 0.00006 0.00000 0.01711 0.00000 0.12204 0.00000 
512	6	0.16553 0.00000 0.00000 0.00000 0.00000 0.00000 0.71643 0.00000 0.05472 0.00000 0.00050 0.00000 0.00008 0.00000 0.06273 0.00000 
513	6	0.76345 0.00000 0.00374 0.00000 0.00168 0.00000 0.10562 0.00000 0.06324 0.00000 0.01718 0.00000 0.00724 0.00000 0.03785 0.00000 
514	6	0.10032 0.00000 0.00106 0.00000 0.00054 0.00000 0.68804 0.00000 0.08062 0.00000 0.01052 0.00000 0.00946 0.00000 0.10945 0.00000 
515	6	0.47620 0.00000 0.00033 0.00000 0.00000 0.00000 0.19892 0.00000 0.13597 0.00000 0.04085 0.00000 0.00047 0.00000 0.14727 0.00000 
516	6	0.15365 0.00000 0.00000 0.00000 0.00142 0.00000 0.62128 0.00000 0.07700 0.00000 0.00012 0.00000 0.03179 0.00000 0.11473 0.00000 
517	6	0.16546 0.00000 0.00021 0.00000 0.00074 0.00000 0.63501 0.00000 0.08209 0.00000 0.00382 0.00000 0.01243 0.00000 0.10024 0.00000 
518	6	0.12410 0.00000 0.00002 0.00000 0.01199 0.00000 0.67262 0.00000 0.07209 0.00000 0.00646 0.00000 0.01182 0.00000 0.10091 0.00000 
519	6	0.13653 0.00000 0.00000 0.00000 0.04689 0.00000 0.58132 0.00000 0.05561 0.00000 0.00074 0.00000 0.07647 0.00000 0.10244 0.00000 
520	6	0.20564 0.00000 0.00000 0.00000 0.00062 0.00000 0.61141 0.00000 0.07456 0.00000 0.00016 0.00000 0.02030 0.00000 0.08730 0.00000 
521	6	0.27231 0.00000 0.16283 0.00000 0.04792 0.00000 0.25319 0.00000 0.07184 0.00000 0.03849 0.00000 0.05453 0.00000 0.09888 0.00000 
522	6	0.54435 0.00000 0.00000 0.00000 0.06099 0.00000 0.08577 0.00000 0.09347 0.00000 0.00216 0.00000 0.11272 0.00000 0.10054 0.00000 
523	6	0.37185 0.00000 0.00000 0.00000 0.00420 0.00000 0.33712 0.00000 0.09155 0.00000 0.00412 0.00000 0.05038 0.00000 0.14078 0.00000 
524	6	0.42006 0.00000 0.00000 0.00000 0.01215 0.00000 0.31145 0.00000 0.11553 0.00000 0.00003 0.00000 0.04230 0.00000 0.09847 0.00000 
525	6	0.23269 0.00000 0.00001 0.00000 0.00199 0.00000 0.57117 0.00000 0.07088 0.00000 0.00063 0.00000 0.02859 0.00000 0.09404 0.00000 
526	6	0.68573 0.00000 0.00000 0.00000 0.00516 0.00000 0.10010 0.00000 0.10171 0.00000 0.00037 0.00000 0.02087 0.00000 0.08606 0.00000 
527	6	0.09224 0.00000 0.00000 0.00000 0.00124 0.00000 0.69969 0.00000 0.07957 0.00000 0.00003 0.00000 0.03308 0.00000 0.09415 0.00000 
528	6	0.03050 0.00000 0.00000 0.00000 0.04095 0.00000 0.62060 0.00000 0.06718 0.00000 0.00000 0.00000 0.10567 0.00000 0.13510 0.00000 
529	6	0.17502 0.00000 0.00293 0.00000 0.00002 0.00000 0.55090 0.00000 0.08652 0.00000 0.01628 0.00000 0.02163 0.00000 0.14670 0.00000 
530	6	0.18192 0.00000 0.00000 0.00000 0.00635 0.00000 0.67187 0.00000 0.06248 0.00000 0.00138 0.00000 0.01153 0.00000 0.06448 0.00000 
531	6	0.37760 0.00000 0.05439 0.00000 0.00480 0.00000 0.35210 0.00000 0.06726 0.00000 0.02124 0.00000 0.04396 0.00000 0.07865 0.00000 
532	6	0.48202 0.00000 0.10687 0.00000 0.00000 0.00000 0.14018 0.00000 0.13075 0.00000 0.05127 0.00000 0.00440 0.00000 0.08451 0.00000 
533	6	0.26502 0.00000 0.00107 0.00000 0.00061 0.00000 0.51548 0.00000 0.10214 0.00000 0.00412 0.00000 0.00842 0.00000 0.10313 0.00000 
534	6	0.43489 0.00000 0.00017 0.00000 0.04400 0.00000 0.30490 0.00000 0.07848 0.00000 0.00704 0.00000 0.04100 0.00000 0.08953 0.00000 
535	6	0.07611 0.00000 0.00315 0.00000 0.00581 0.00000 0.63331 0.00000 0.07544 0.00000 0.00898 0.00000 0.04730 0.00000 0.14989 0.00000 
536	6	0.27811 0.00000 0.00004 0.00000 0.01069 0.00000 0.45345 0.00000 0.08515 0.00000 0.01469 0.00000 0.03529 0.00000 0.12258 0.00000 
537	6	0.08306 0.00000 0.00446 0.00000 0.00959 0.00000 0.56948 0.00000 0.09620 0.00000 0.00931 0.00000 0.05565 0.00000 0.17224 0.00000 
538	6	0.00424 0.00000 0.00000 0.00000 0.00074 0.00000 0.89692 0.00000 0.02052 0.00000 0.00000 0.00000 0.01579 0.00000 0.06179 0.00000 
539	6	0.02729 0.00000 0.00000 0.00000 0.00012 0.00000 0.85034 0.00000 0.04453 0.00000 0.00028 0.00000 0.01240 0.00000 0.06504 0.00000 
540	6	0.13915 0.00000 0.00254 0.00000 0.01199 0.00000 0.66385 0.00000 0.06648 0.00000 0.01292 0.00000 0.02638 0.00000 0.07668 0.00000 
541	6	0.12402 0.00000 0.00000 0.00000 0.00210 0.00000 0.65600 0.00000 0.06840 0.00000 0.00000 0.00000 0.03545 0.00000 0.11402 0.00000 
542	6	0.14108 0.00000 0.00002 0.00000 0.00000 0.00000 0.63454 0.00000 0.09036 0.00000 0.00658 0.00000 0.00011 0.00000 0.12732 0.00000 
543	6	0.00367 0.00000 0.00000 0.00000 0.00444 0.00000 0.78004 0.00000 0.05078 0.00000 0.00000 0.00000 0.04075 0.00000 0.12031 0.00000 
544	6	0.03253 0.00000 0.00000 0.00000 0.00600 0.00000 0.69996 0.00000 0.09184 0.00000 0.00184 0.00000 0.02089 0.00000 0.14693 0.00000 
545	6	0.03068 0.00000 0.00000 0.00000 0.00000 0.00000 0.62678 0.00000 0.13527 0.00000 0.00187 0.00000 0.00011 0.00000 0.20529 0.00000 
546	6	0.17827 0.00000 0.00000 0.00000 0.00240 0.00000 0.59080 0.00000 0.07833 0.00000 0.00013 0.00000 0.02554 0.00000 0.12452 0.00000 
547	6	0.12756 0.00000 0.00000 0.00000 0.00000 0.00000 0.60744 0.00000 0.11100 0.00000 0.00038 0.00000 0.00291 0.00000 0.15071 0.00000 
548	6	0.01000 0.00000 0.00000 0.00000 0.00023 0.00000 0.75740 0.00000 0.06960 0.00000 0.00002 0.00000 0.02804 0.00000 0.13470 0.00000 
549	6	0.02031 0.00000 0.00000 0.00000 0.00014 0.00000 0.72030 0.00000 0.09063 0.00000 0.00061 0.00000 0.02103 0.00000 0.14697 0.00000 
550	6	0.01643 0.00000 0.00000 0.00000 0.00019 0.00000 0.66101 0.00000 0.11138 0.00000 0.00031 0.00000 0.02019 0.00000 0.19048 0.00000 
551	6	0.07419 0.00000 0.00004 0.00000 0.00622 0.00000 0.67626 0.00000 0.07065 0.00000 0.00129 0.00000 0.03370 0.00000 0.13765 0.00000 
552	6	0.01215 0.00000 0.00000 0.00000 0.00002 0.00000 0.77259 0.00000 0.07315 0.00000 0.00010 0.00000 0.00502 0.00000 0.13697 0.00000 
553	6	0.18743 0.00000 0.00000 0.00000 0.00084 0.00000 0.61703 0.00000 0.07663 0.00000 0.00018 0.00000 0.01131 0.00000 0.10659 0.00000 
554	6	0.05655 0.00000 0.00000 0.00000 0.02585 0.00000 0.54984 0.00000 0.15583 0.00000 0.00044 0.00000 0.04607 0.00000 0.16543 0.00000 
555	6	0.04079 0.00000 0.00000 0.00000 0.00522 0.00000 0.68071 0.00000 0.10744 0.00000 0.00254 0.00000 0.01953 0.00000 0.14376 0.00000 
556	6	0.02467 0.00000 0.00000 0.00000 0.00000 0.00000 0.67150 0.00000 0.12712 0.00000 0.00060 0.00000 0.00044 0.00000 0.17567 0.00000 
557	6	0.02770 0.00000 0.00012 0.00000 0.00085 0.00000 0.63665 0.00000 0.11788 0.00000 0.00691 0.00000 0.02226 0.00000 0.18764 0.00000 
558	6	0.01986 0.00000 0.00030 0.00000 0.00000 0.00000 0.74683 0.00000 0.08626 0.00000 0.00545 0.00000 0.00024 0.00000 0.14105 0.00000 
559	6	0.02865 0.00000 0.00000 0.00000 0.00000 0.00000 0.77487 0.00000 0.07398 0.00000 0.00480 0.00000 0.00165 0.00000 0.11606 0.00000 
560	6	0.11341 0.00000 0.01295 0.00000 0.00195 0.00000 0.67077 0.00000 0.06354 0.00000 0.00919 0.00000 0.03186 0.00000 0.09634 0.00000 
561	6	0.27667 0.00000 0.00073 0.00000 0.00000 0.00000 0.59169 0.00000 0.05537 0.00000 0.00765 0.00000 0.00104 0.00000 0.06686 0.00000 
562	6	0.32514 0.00000 0.00166 0.00000 0.00000 0.00000 0.56232 0.00000 0.04428 0.00000 0.00842 0.00000 0.00192 0.00000 0.05626 0.00000 
563	6	0.16541 0.00000 0.00001 0.00000 0.05472 0.00000 0.44395 0.00000 0.12168 0.00000 0.00090 0.00000 0.08564 0.00000 0.12769 0.00000 
564	6	0.19339 0.00000 0.00153 0.00000 0.00071 0.00000 0.54485 0.00000 0.11624 0.00000 0.00728 0.00000 0.02568 0.00000 0.11032 0.00000 
565	6	0.18543 0.00000 0.00000 0.00000 0.00008 0.00000 0.75579 0.00000 0.02007 0.00000 0.00004 0.00000 0.00768 0.00000 0.03091 0.00000 
566	6	0.08154 0.00000 0.00000 0.00000 0.00016 0.00000 0.84240 0.00000 0.02449 0.00000 0.00006 0.00000 0.00951 0.00000 0.04184 0.00000 
567	6	0.49035 0.00000 0.00001 0.00000 0.00260 0.00000 0.31370 0.00000 0.08976 0.00000 0.00270 0.00000 0.01737 0.00000 0.08350 0.00000 
568	6	0.08973 0.00000 0.00000 0.00000 0.00549 0.00000 0.81677 0.00000 0.01999 0.00000 0.00060 0.00000 0.02438 0.00000 0.04305 0.00000 
569	6	0.73725 0.00000 0.00000 0.00000 0.00011 0.00000 0.09252 0.00000 0.09856 0.00000 0.00208 0.00000 0.02230 0.00000 0.04717 0.00000 
570	6	0.63099 0.00000 0.00000 0.00000 0.00090 0.00000 0.18264 0.00000 0.09172 0.00000 0.00071 0.00000 0.01717 0.00000 0.07587 0.00000 
571	6	0.04284 0.00000 0.00000 0.00000 0.00000 0.00000 0.89162 0.00000 0.02080 0.00000 0.00051 0.00000 0.00055 0.00000 0.04368 0.00000 
572	6	0.18800 0.00000 0.00000 0.00000 0.01606 0.00000 0.63283 0.00000 0.06215 0.00000 0.00000 0.00000 0.04933 0.00000 0.05163 0.00000 
573	6	0.33413 0.00000 0.00003 0.00000 0.00858 0.00000 0.32303 0.00000 0.13993 0.00000 0.01042 0.00000 0.03035 0.00000 0.15352 0.00000 
574	6	0.01189 0.00000 0.00000 0.00000 0.00000 0.00000 0.82504 0.00000 0.05072 0.00000 0.00082 0.00000 0.00916 0.00000 0.10237 0.00000 
575	6	0.23946 0.00000 0.00000 0.00000 0.02111 0.00000 0.50384 0.00000 0.08185 0.00000 0.00088 0.00000 0.05655 0.00000 0.09631 0.00000 
576	6	0.16230 0.00000 0.00000 0.00000 0.00002 0.00000 0.66526 0.00000 0.06659 0.00000 0.00279 0.00000 0.00712 0.00000 0.09592 0.00000 
577	6	0.31976 0.00000 0.00017 0.00000 0.00000 0.00000 0.43201 0.00000 0.12394 0.00000 0.00460 0.00000 0.00538 0.00000 0.11413 0.00000 
578	6	0.20888 0.00000 0.00000 0.00000 0.07870 0.00000 0.38272 0.00000 0.12335 0.00000 0.00065 0.00000 0.09622 0.00000 0.10948 0.00000 
579	6	0.15209 0.00000 0.00000 0.00000 0.00000 0.00000 0.70199 0.00000 0.06115 0.00000 0.00071 0.00000 0.00073 0.00000 0.08333 0.00000 
580	6	0.04909 0.00000 0.00000 0.00000 0.03754 0.00000 0.66831 0.00000 0.06963 0.00000 0.00000 0.00000 0.06264 0.00000 0.11279 0.00000 
581	6	0.48708 0.00000 0.00000 0.00000 0.03655 0.00000 0.25191 0.00000 0.10038 0.00000 0.00137 0.00000 0.04713 0.00000 0.07558 0.00000 
582	6	0.74065 0.00000 0.00008 0.00000 0.00831 0.00000 0.11080 0.00000 0.05323 0.00000 0.00161 0.00000 0.03171 0.00000 0.05363 0.00000 
583	6	0.29856 0.00000 0.06035 0.00000 0.00014 0.00000 0.34411 0.00000 0.12691 0.00000 0.06854 0.00000 0.00399 0.00000 0.09740 0.00000 
584	6	0.24637 0.00000 0.00228 0.00000 0.04419 0.00000 0.60160 0.00000 0.04182 0.00000 0.00267 0.00000 0.03139 0.00000 0.02967 0.00000 
585	6	0.09371 0.00000 0.24087 0.00000 0.34353 0.00000 0.14488 0.00000 0.05060 0.00000 0.01600 0.00000 0.05926 0.00000 0.05116 0.00000 
586	6	0.23767 0.00000 0.00000 0.00000 0.01785 0.00000 0.55818 0.00000 0.07356 0.00000 0.00056 0.00000 0.02095 0.00000 0.09123 0.00000 
587	6	0.41725 0.00000 0.00000 0.00000 0.00007 0.00000 0.46015 0.00000 0.05549 0.00000 0.00097 0.00000 0.00419 0.00000 0.06188 0.00000 
588	6	0.36018 0.00000 0.00167 0.00000 0.05695 0.00000 0.33862 0.00000 0.09128 0.00000 0.00457 0.00000 0.05410 0.00000 0.09264 0.00000 
589	6	0.38135 0.00000 0.00006 0.00000 0.15825 0.00000 0.29635 0.00000 0.04654 0.00000 0.00542 0.00000 0.05843 0.00000 0.05360 0.00000 
590	6	0.24525 0.00000 0.00001 0.00000 0.00000 0.00000 0.52533 0.00000 0.10192 0.00000 0.00615 0.00000 0.00097 0.00000 0.12037 0.00000 
591	6	0.06319 0.00000 0.00000 0.00000 0.00113 0.00000 0.76829 0.00000 0.05409 0.00000 0.00009 0.00000 0.02250 0.00000 0.09071 0.00000 
592	6	0.43683 0.00000 0.00000 0.00000 0.00000 0.00000 0.49310 0.00000 0.03210 0.00000 0.00001 0.00000 0.00599 0.00000 0.03197 0.00000 
593	6	0.47478 0.00000 0.00009 0.00000 0.00000 0.00000 0.34922 0.00000 0.08744 0.00000 0.01202 0.00000 0.00669 0.00000 0.06975 0.00000 
594	6	0.14996 0.00000 0.00000 0.00000 0.00098 0.00000 0.70763 0.00000 0.05938 0.00000 0.00098 0.00000 0.00801 0.00000 0.07307 0.00000 
595	6	0.19810 0.00000 0.00000 0.00000 0.00000 0.00000 0.73101 0.00000 0.01917 0.00000 0.00018 0.00000 0.00085 0.00000 0.05068 0.00000 
596	6	0.08935 0.00000 0.00000 0.00000 0.00000 0.00000 0.81008 0.00000 0.03994 0.00000 0.00014 0.00000 0.00147 0.00000 0.05901 0.00000 
597	6	0.09157 0.00000 0.00000 0.00000 0.00015 0.00000 0.78634 0.00000 0.04173 0.00000 0.00293 0.00000 0.01268 0.00000 0.06459 0.00000 
598	6	0.03697 0.00000 0.00000 0.00000 0.00016 0.00000 0.82171 0.00000 0.05320 0.00000 0.00003 0.00000 0.01583 0.00000 0.07210 0.00000 
599	6	0.13494 0.00000 0.00004 0.00000 0.00000 0.00000 0.70101 0.00000 0.07118 0.00000 0.00407 0.00000 0.00086 0.00000 0.08790 0.00000 
