600	6	6
0	1	0.34164 0.81729 0.17351 0.22325 0.75545 0.54229 
1	1	0.45278 0.94792 0.09147 0.36462 0.91349 0.39982 
2	1	0.15870 0.84965 0.21439 0.11643 0.68112 0.68350 
3	1	0.27730 0.76529 0.28782 0.13219 0.55543 0.71994 
4	1	0.15203 0.81864 0.23414 0.12321 0.59217 0.66836 
5	1	0.21345 0.90984 0.19679 0.17402 0.73274 0.62012 
6	1	0.46801 0.85525 0.18149 0.30723 0.76115 0.51537 
7	1	0.15989 0.75882 0.23462 0.11492 0.55155 0.68233 
8	1	0.44699 0.88146 0.16884 0.26984 0.72631 0.54500 
9	1	0.39286 0.97315 0.11559 0.28771 0.86859 0.46556 
10	1	0.32309 0.91834 0.17688 0.18423 0.73253 0.63136 
11	1	0.68375 0.86205 0.10807 0.54115 0.91486 0.30706 
12	1	0.23488 0.91082 0.28683 0.14218 0.64783 0.70777 
13	1	0.41202 0.88998 0.12393 0.35852 0.87420 0.40834 
14	1	0.16753 0.78920 0.22354 0.07289 0.55346 0.77512 
15	1	0.37870 0.91475 0.16601 0.21703 0.74143 0.61127 
16	1	0.07751 0.78291 0.27408 0.04833 0.50725 0.81390 
17	1	0.22134 0.81174 0.20658 0.11208 0.61124 0.72418 
18	1	0.38350 0.92917 0.09619 0.23596 0.83544 0.54029 
19	1	0.49719 0.90570 0.24208 0.30255 0.74136 0.57424 
20	1	0.17513 0.83375 0.15820 0.19395 0.79644 0.55715 
21	1	0.29054 0.90126 0.19190 0.13981 0.64583 0.68916 
22	1	0.22632 0.90443 0.09767 0.23547 0.89636 0.48867 
23	1	0.31200 0.85845 0.15856 0.21930 0.79495 0.54941 
24	1	0.29894 0.88409 0.08700 0.24179 0.88992 0.50119 
25	1	0.08689 0.86319 0.31449 0.05126 0.55852 0.83350 
26	1	0.03543 0.85929 0.33414 0.03128 0.50550 0.87503 
27	1	0.21105 0.85518 0.22849 0.12364 0.65672 0.69817 
28	1	0.24125 0.87379 0.24195 0.11240 0.64142 0.73559 
29	1	0.20260 0.88085 0.28056 0.10329 0.61052 0.75272 
30	1	0.47206 0.95942 0.06766 0.36696 0.90925 0.40701 
31	1	0.14656 0.84825 0.38855 0.07968 0.53309 0.80906 
32	1	0.49426 0.93402 0.11888 0.34969 0.83188 0.45313 
33	1	0.26848 0.87061 0.25776 0.13102 0.64378 0.71507 
34	1	0.16708 0.83564 0.29979 0.08733 0.58096 0.76104 
35	1	0.33536 0.91087 0.23738 0.16981 0.71723 0.66749 
36	1	0.33098 0.96721 0.15025 0.23538 0.76363 0.53995 
37	1	0.76830 0.82249 0.06161 0.63065 0.90548 0.24098 
38	1	0.41847 0.83801 0.20843 0.23676 0.70998 0.59669 
39	1	0.18149 0.90422 0.13696 0.11816 0.71645 0.66494 
40	1	0.43839 0.90524 0.16476 0.28049 0.76994 0.53994 
41	1	0.36598 0.85601 0.15678 0.23005 0.77582 0.55649 
42	1	0.39690 0.96194 0.09841 0.25897 0.89147 0.49695 
43	1	0.44900 0.81148 0.16762 0.27851 0.73617 0.53992 
44	1	0.08476 0.85947 0.28258 0.04854 0.54023 0.82530 
45	1	0.42256 0.91770 0.12262 0.25361 0.77258 0.55188 
46	1	0.41548 0.92326 0.15050 0.24466 0.75626 0.57867 
47	1	0.27229 0.89062 0.18243 0.22582 0.72854 0.55604 
48	1	0.89775 0.94726 0.03916 0.82298 0.96792 0.14718 
49	1	0.35694 0.85815 0.14372 0.21861 0.78391 0.55405 
50	1	0.18332 0.88925 0.20574 0.12065 0.71742 0.68819 
51	1	0.44089 0.87388 0.17346 0.26623 0.73486 0.55926 
52	1	0.47543 0.83883 0.15130 0.32715 0.78589 0.46924 
53	1	0.30289 0.87480 0.14808 0.17617 0.71222 0.59051 
54	1	0.18652 0.71211 0.19222 0.15141 0.63011 0.59259 
55	1	0.51982 0.86180 0.07058 0.37105 0.88363 0.40199 
56	1	0.20154 0.89931 0.25397 0.13428 0.70882 0.68621 
57	1	0.22939 0.87308 0.26982 0.11540 0.60297 0.74990 
58	1	0.42504 0.91866 0.18444 0.24470 0.73852 0.58972 
59	1	0.47137 0.86312 0.09729 0.33908 0.88399 0.42688 
60	1	0.36871 0.79348 0.20834 0.24246 0.74666 0.55914 
61	1	0.21590 0.89322 0.18241 0.18262 0.76320 0.57993 
62	1	0.17541 0.89892 0.20622 0.09117 0.63793 0.74261 
63	1	0.36858 0.91473 0.12217 0.21310 0.74951 0.58121 
64	1	0.25633 0.85795 0.16202 0.17612 0.76936 0.59121 
65	1	0.37071 0.84418 0.16687 0.29507 0.81882 0.48359 
66	1	0.61754 0.90302 0.09328 0.47209 0.90378 0.34799 
67	1	0.31342 0.93804 0.12190 0.19963 0.72483 0.56810 
68	1	0.39253 0.93623 0.15878 0.23306 0.75385 0.60158 
69	1	0.44294 0.89976 0.14253 0.27274 0.76572 0.52775 
70	1	0.88771 0.92167 0.09378 0.80452 0.92666 0.18774 
71	1	0.83499 0.94853 0.10368 0.72155 0.90388 0.23577 
72	1	0.52679 0.81173 0.17826 0.35184 0.77858 0.46641 
73	1	0.11511 0.86068 0.29073 0.06423 0.59586 0.80806 
74	1	0.77637 0.93092 0.07591 0.63557 0.91044 0.28925 
75	1	0.27992 0.74338 0.21106 0.17513 0.67720 0.61817 
76	1	0.15595 0.87449 0.21723 0.11505 0.63697 0.72177 
77	1	0.43852 0.90253 0.14980 0.25206 0.73446 0.57943 
78	1	0.11085 0.88272 0.33099 0.07771 0.59061 0.78924 
79	1	0.23707 0.85275 0.24709 0.15720 0.59886 0.65390 
80	1	0.13830 0.73984 0.25760 0.10569 0.55410 0.69449 
81	1	0.36913 0.88821 0.21460 0.19827 0.70572 0.63631 
82	1	0.30812 0.87525 0.21408 0.17186 0.68093 0.65199 
83	1	0.15569 0.87889 0.19253 0.09961 0.61680 0.73826 
84	1	0.39095 0.84815 0.17404 0.25256 0.74050 0.53848 
85	1	0.37975 0.95605 0.15010 0.20197 0.73170 0.62341 
86	1	0.23200 0.86304 0.22752 0.14601 0.67872 0.68029 
87	1	0.18932 0.97093 0.13266 0.11418 0.73353 0.70262 
88	1	0.43238 0.90331 0.24321 0.27045 0.74667 0.58167 
89	1	0.31320 0.94106 0.07783 0.23052 0.88179 0.51224 
90	1	0.34562 0.79785 0.25829 0.18889 0.66701 0.64197 
91	1	0.37272 0.79681 0.10691 0.23575 0.80316 0.52246 
92	1	0.27345 0.86387 0.21561 0.15788 0.68575 0.64260 
93	1	0.21211 0.82418 0.19355 0.14722 0.67156 0.64871 
94	1	0.36888 0.83369 0.22692 0.20176 0.65372 0.63390 
95	1	0.18995 0.84107 0.18075 0.10900 0.64734 0.68203 
96	1	0.31396 0.88284 0.27479 0.14449 0.59160 0.73179 
97	1	0.22005 0.80576 0.32726 0.09566 0.52584 0.77073 
98	1	0.22326 0.92353 0.23082 0.12837 0.69887 0.71158 
99	1	0.73793 0.89918 0.08933 0.58770 0.90061 0.29409 
100	2	0.36266 0.88041 0.34851 0.18196 0.62766 0.70963 
101	2	0.54415 0.87972 0.12148 0.34822 0.72764 0.48042 
102	2	0.16668 0.59259 0.32119 0.09049 0.49205 0.74172 
103	2	0.67788 0.61924 0.24260 0.50127 0.72601 0.38570 
104	2	0.55092 0.75705 0.35173 0.35302 0.62751 0.53735 
105	2	0.74843 0.71422 0.24948 0.59266 0.77649 0.34144 
106	2	0.65651 0.72687 0.38797 0.47080 0.65450 0.45914 
107	2	0.42571 0.61570 0.28737 0.25504 0.65725 0.55299 
108	2	0.07632 0.77110 0.28087 0.06371 0.52871 0.76955 
109	2	0.14509 0.62396 0.32725 0.08836 0.50920 0.74492 
110	2	0.09405 0.83522 0.33232 0.04115 0.45659 0.85930 
111	2	0.33979 0.61075 0.27872 0.17091 0.58326 0.65332 
112	2	0.60896 0.56238 0.54670 0.40993 0.58935 0.52753 
113	2	0.18423 0.78019 0.26241 0.11596 0.62152 0.72481 
114	2	0.42723 0.61242 0.39330 0.22457 0.55631 0.68671 
115	2	0.28583 0.56670 0.20135 0.19805 0.70567 0.56363 
116	2	0.23740 0.91748 0.30573 0.13539 0.71555 0.70908 
117	2	0.19421 0.76176 0.42130 0.07982 0.43586 0.79925 
118	2	0.09362 0.76558 0.44730 0.07403 0.58232 0.79982 
119	2	0.14899 0.65064 0.48371 0.08036 0.51468 0.80217 
120	2	0.17137 0.79899 0.16916 0.12210 0.63258 0.62615 
121	2	0.07802 0.68931 0.51517 0.05550 0.50144 0.84207 
122	2	0.28412 0.80917 0.14173 0.15256 0.70694 0.64233 
123	2	0.14832 0.56076 0.37198 0.07889 0.40422 0.78893 
124	2	0.36603 0.82737 0.61850 0.17558 0.51248 0.73839 
125	2	0.49465 0.89259 0.30150 0.28673 0.58047 0.62550 
126	2	0.63046 0.84219 0.23676 0.44164 0.71376 0.46127 
127	2	0.11505 0.73666 0.32701 0.05464 0.44203 0.81108 
128	2	0.30178 0.68941 0.83626 0.19202 0.66415 0.62235 
129	2	0.23463 0.44094 0.59191 0.09224 0.46870 0.82197 
130	2	0.26302 0.76938 0.23573 0.15777 0.61811 0.63480 
131	2	0.42344 0.79956 0.22114 0.24843 0.68996 0.56662 
132	2	0.53976 0.61882 0.16808 0.34891 0.74260 0.47064 
133	2	0.33787 0.64812 0.05607 0.27407 0.77249 0.39059 
134	2	0.15510 0.58431 0.31579 0.09203 0.52569 0.73071 
135	2	0.26506 0.59237 0.29575 0.20283 0.65972 0.60529 
136	2	0.30264 0.70060 0.25020 0.22809 0.75435 0.54758 
137	2	0.42168 0.15430 0.48619 0.23169 0.51419 0.64218 
138	2	0.49829 0.82831 0.19640 0.31173 0.65960 0.50031 
139	2	0.32865 0.55455 0.63302 0.17621 0.48614 0.73537 
140	2	0.22631 0.90870 0.09080 0.14329 0.74785 0.59710 
141	2	0.32916 0.78474 0.58271 0.15026 0.41869 0.76395 
142	2	0.32779 0.97058 0.04694 0.20685 0.84062 0.51456 
143	2	0.14074 0.92192 0.13807 0.09618 0.77466 0.68622 
144	2	0.07785 0.71162 0.39525 0.03161 0.40996 0.89512 
145	2	0.01624 0.76805 0.59058 0.00271 0.27706 0.96746 
146	2	0.04599 0.67085 0.55524 0.04733 0.47733 0.84406 
147	2	0.00865 0.80768 0.45899 0.00810 0.33593 0.94040 
148	2	0.50458 0.84233 0.23552 0.30209 0.67692 0.57966 
149	2	0.47267 0.74781 0.21659 0.28404 0.68586 0.54161 
150	2	0.55095 0.77289 0.42860 0.34499 0.58525 0.58454 
151	2	0.18253 0.85910 0.22521 0.08936 0.58418 0.74817 
152	2	0.24205 0.60731 0.26248 0.11824 0.46049 0.70317 
153	2	0.15112 0.61611 0.30141 0.07818 0.43568 0.75510 
154	2	0.07876 0.63613 0.72364 0.01565 0.24178 0.97492 
155	2	0.45482 0.71115 0.53725 0.25572 0.55621 0.67078 
156	2	0.10588 0.64707 0.62919 0.04295 0.44195 0.90049 
157	2	0.35441 0.63805 0.59650 0.16223 0.43306 0.78190 
158	2	0.49395 0.84314 0.35817 0.31527 0.67475 0.46976 
159	2	0.29955 0.61840 0.43186 0.19174 0.57228 0.64572 
160	2	0.56939 0.74971 0.12190 0.38018 0.73619 0.45103 
161	2	0.16308 0.66594 0.28478 0.08203 0.55304 0.73204 
162	2	0.23052 0.52603 0.55550 0.08817 0.33099 0.83104 
163	2	0.35850 0.80582 0.16837 0.20169 0.66871 0.57385 
164	2	0.67926 0.74875 0.07671 0.51625 0.86818 0.32319 
165	2	0.21498 0.78893 0.32599 0.10131 0.61173 0.75720 
166	2	0.49603 0.85869 0.12186 0.32096 0.82884 0.47941 
167	2	0.32947 0.88145 0.36009 0.17776 0.64081 0.68360 
168	2	0.49204 0.82678 0.30449 0.29403 0.65568 0.59703 
169	2	0.27846 0.78172 0.31197 0.13489 0.51653 0.71186 
170	2	0.42741 0.56731 0.54994 0.22462 0.44922 0.68594 
171	2	0.09014 0.79890 0.32792 0.07686 0.52573 0.75566 
172	2	0.24497 0.59775 0.30647 0.13301 0.53374 0.69598 
173	2	0.51991 0.75024 0.58063 0.31560 0.59308 0.60257 
174	2	0.24996 0.86402 0.18973 0.12213 0.60961 0.70641 
175	2	0.54141 0.87067 0.26563 0.34084 0.70820 0.55386 
176	2	0.09471 0.76726 0.61541 0.04435 0.35875 0.89952 
177	2	0.07156 0.74891 0.54636 0.03678 0.37936 0.89628 
178	2	0.31473 0.86235 0.20437 0.16901 0.72091 0.63092 
179	2	0.52749 0.91496 0.12026 0.32949 0.73941 0.52055 
180	2	0.00693 0.63655 0.65757 0.01281 0.25666 0.94042 
181	2	0.17451 0.72728 0.25959 0.10706 0.55432 0.70633 
182	2	0.10081 0.60509 0.29469 0.06413 0.47941 0.74665 
183	2	0.20892 0.73967 0.27826 0.12352 0.60562 0.68944 
184	2	0.32882 0.82899 0.33930 0.16690 0.59378 0.68879 
185	2	0.42770 0.75620 0.57125 0.24062 0.61669 0.64927 
186	2	0.64334 0.75509 0.19043 0.46224 0.79425 0.40359 
187	2	0.61347 0.51034 0.39524 0.43072 0.66815 0.44054 
188	2	0.15241 0.85976 0.48191 0.06447 0.44946 0.84112 
189	2	0.29667 0.84645 0.53687 0.14450 0.50338 0.75039 
190	2	0.13877 0.86442 0.36004 0.08651 0.69876 0.76259 
191	2	0.48064 0.90007 0.17393 0.30077 0.72169 0.50179 
192	2	0.18780 0.91918 0.15227 0.08884 0.64590 0.74644 
193	2	0.06113 0.86730 0.18668 0.05775 0.58567 0.77817 
194	2	0.47998 0.76841 0.46857 0.27475 0.54504 0.63861 
195	2	0.53486 0.84848 0.13307 0.34267 0.75856 0.47613 
196	2	0.10167 0.78582 0.57894 0.03532 0.34220 0.89809 
197	2	0.31569 0.91243 0.20686 0.16813 0.65180 0.65547 
198	2	0.45555 0.79998 0.31562 0.25497 0.58406 0.63260 
199	2	0.48632 0.52287 0.37500 0.28456 0.53592 0.57534 
200	3	0.69248 0.68172 0.28135 0.51614 0.73158 0.40714 
201	3	0.60086 0.85593 0.27055 0.41142 0.73475 0.47666 
202	3	0.29632 0.85702 0.23046 0.13871 0.61113 0.70515 
203	3	0.45947 0.80265 0.32819 0.31117 0.75488 0.52232 
204	3	0.64752 0.93139 0.17864 0.47296 0.83668 0.37817 
205	3	0.70358 0.83754 0.27214 0.53104 0.75421 0.41095 
206	3	0.42962 0.79820 0.12821 0.25475 0.76647 0.53760 
207	3	0.40335 0.56741 0.46840 0.21840 0.57289 0.66330 
208	3	0.41543 0.74388 0.23695 0.25097 0.75488 0.53932 
209	3	0.09804 0.81647 0.31100 0.06102 0.56619 0.81719 
210	3	0.70275 0.69195 0.06032 0.55456 0.87472 0.26144 
211	3	0.47981 0.87348 0.51452 0.27933 0.60310 0.62200 
212	3	0.16191 0.78394 0.13936 0.11621 0.68124 0.63687 
213	3	0.24375 0.88698 0.09765 0.17373 0.79634 0.57421 
214	3	0.39365 0.70083 0.37117 0.30232 0.78586 0.50611 
215	3	0.57474 0.63015 0.12740 0.39090 0.76513 0.42345 
216	3	0.15066 0.80870 0.19005 0.07911 0.58291 0.73511 
217	3	0.76443 0.80254 0.09804 0.62098 0.88355 0.28013 
218	3	0.14963 0.39722 0.60892 0.09682 0.40735 0.74128 
219	3	0.26895 0.84291 0.33909 0.14672 0.61181 0.71183 
220	3	0.39398 0.77805 0.18169 0.21172 0.70565 0.62099 
221	3	0.04910 0.50880 0.92135 0.01835 0.22637 0.95520 
222	3	0.32476 0.84554 0.16508 0.18181 0.63742 0.60908 
223	3	0.12929 0.89888 0.28019 0.07997 0.64206 0.76791 
224	3	0.56388 0.62781 0.17647 0.37971 0.74688 0.43529 
225	3	0.56351 0.93951 0.03391 0.43043 0.94645 0.32532 
226	3	0.39726 0.87336 0.23020 0.24791 0.61088 0.52396 
227	3	0.39579 0.86983 0.37393 0.23395 0.72769 0.60379 
228	3	0.19986 0.74129 0.34653 0.08641 0.57201 0.77791 
229	3	0.32514 0.73341 0.10409 0.28455 0.83877 0.46339 
230	3	0.58224 0.73957 0.31874 0.38106 0.63642 0.53226 
231	3	0.10068 0.73064 0.34289 0.04460 0.41591 0.83301 
232	3	0.52219 0.57021 0.15235 0.36690 0.82923 0.41183 
233	3	0.19004 0.50394 0.46770 0.10568 0.46472 0.72940 
234	3	0.45419 0.77978 0.13672 0.28193 0.73904 0.50937 
235	3	0.66767 0.30819 0.15127 0.49748 0.77416 0.34859 
236	3	0.54886 0.77757 0.06106 0.40019 0.87921 0.37515 
237	3	0.28169 0.88647 0.21301 0.14247 0.66147 0.72077 
238	3	0.00000 0.92526 0.31107 0.01301 0.54960 0.91436 
239	3	0.34392 0.67758 0.16022 0.25018 0.73849 0.53186 
240	3	0.11010 0.89457 0.10409 0.09681 0.73786 0.66185 
241	3	0.63627 0.93364 0.12425 0.48147 0.87846 0.33641 
242	3	0.25473 0.78412 0.11825 0.16277 0.70852 0.59491 
243	3	0.22688 0.95483 0.23706 0.18371 0.78777 0.60469 
244	3	0.45591 0.87978 0.18203 0.27036 0.73127 0.55823 
245	3	0.40220 0.92792 0.06475 0.25286 0.86036 0.53360 
246	3	0.24991 0.74950 0.22787 0.16061 0.75403 0.62349 
247	3	0.11951 0.78716 0.55222 0.03172 0.37585 0.94188 
248	3	0.27652 0.85111 0.21163 0.13879 0.70541 0.70974 
249	3	0.46999 0.71857 0.17373 0.28585 0.74656 0.53717 
250	3	0.11976 0.72562 0.22639 0.11681 0.64646 0.68246 
251	3	0.21943 0.70187 0.26369 0.16643 0.50956 0.61055 
252	3	0.63368 0.86077 0.05949 0.51109 0.96982 0.26574 
253	3	0.31623 0.58290 0.21560 0.18916 0.58951 0.58236 
254	3	0.32622 0.62734 0.11580 0.24912 0.76089 0.49387 
255	3	0.33883 0.52712 0.25395 0.19067 0.54462 0.58804 
256	3	0.20244 0.53008 0.35464 0.12989 0.63888 0.68166 
257	3	0.37933 0.91915 0.35186 0.20922 0.66286 0.63804 
258	3	0.93950 0.62090 0.06935 0.89247 0.94705 0.09345 
259	3	0.46467 0.80833 0.13356 0.27146 0.68570 0.54824 
260	3	0.33057 0.25587 0.79608 0.16604 0.40388 0.74249 
261	3	1.00000 0.32629 0.00000 1.00000 1.00000 0.00000 
262	3	0.44427 0.79673 0.06707 0.39937 0.95095 0.31851 
263	3	0.60182 0.55515 0.19139 0.41541 0.77129 0.44178 
264	3	0.17686 0.82719 0.33477 0.08833 0.62244 0.75471 
265	3	0.19249 0.68985 0.18170 0.11760 0.64893 0.64803 
266	3	0.21564 0.98268 0.18522 0.16835 0.70917 0.63703 
267	3	0.38757 0.70272 0.07632 0.34680 0.83325 0.36968 
268	3	0.61379 0.46170 0.08135 0.44930 0.81089 0.33502 
269	3	0.27151 0.82579 0.19217 0.21809 0.74123 0.54291 
270	3	0.34328 0.88040 0.14495 0.31269 0.80349 0.43666 
271	3	0.35604 0.98968 0.02187 0.34161 0.96674 0.35115 
272	3	0.34331 1.00000 0.07242 0.28233 0.90849 0.43563 
273	3	0.90167 0.89152 0.13390 0.83203 0.94048 0.10144 
274	3	0.72921 0.46777 0.05446 0.58391 0.85576 0.24470 
275	3	0.30099 0.69440 0.28392 0.14163 0.56355 0.72379 
276	3	0.62426 0.68347 0.16280 0.44483 0.76722 0.41599 
277	3	0.62610 0.56227 0.21050 0.43735 0.79741 0.45631 
278	3	0.30353 0.61879 0.14721 0.21459 0.72550 0.50085 
279	3	0.49554 0.02981 0.15850 0.34666 0.57151 0.36461 
280	3	0.35044 0.69694 0.26347 0.17315 0.55554 0.68178 
281	3	0.33646 0.76652 0.14924 0.21415 0.75796 0.55177 
282	3	0.29283 0.78097 0.07929 0.24845 0.83195 0.47237 
283	3	0.54150 0.62200 0.59311 0.33127 0.52930 0.63573 
284	3	0.64897 0.58909 0.16818 0.47145 0.78394 0.38832 
285	3	0.32041 0.52976 0.24596 0.24884 0.68303 0.51479 
286	3	0.31152 0.89902 0.07243 0.18289 0.82375 0.57075 
287	3	0.37453 0.80564 0.12603 0.31132 0.88431 0.43667 
288	3	0.21608 0.85643 0.10425 0.18691 0.80711 0.54733 
289	3	0.56498 0.48853 0.19196 0.38368 0.74615 0.44003 
290	3	0.29525 0.76789 0.11007 0.22898 0.85097 0.49908 
291	3	0.47080 0.52496 0.11632 0.32556 0.75766 0.42542 
292	3	0.54808 0.76038 0.17201 0.38924 0.87290 0.41757 
293	3	0.39682 0.64937 0.40959 0.20390 0.61152 0.69683 
294	3	0.77355 0.54773 0.05877 0.63906 0.87757 0.23810 
295	3	0.67197 0.60308 0.23369 0.49899 0.85045 0.38823 
296	3	0.39805 0.79182 0.40902 0.22906 0.69398 0.64112 
297	3	0.27107 0.89995 0.04186 0.25331 0.90866 0.43921 
298	3	0.43942 0.94529 0.03161 0.30910 0.93145 0.41138 
299	3	0.39358 0.72957 0.14330 0.29770 0.79087 0.45775 
300	4	0.70996 0.69253 0.09614 0.54084 0.79762 0.36637 
301	4	0.43699 0.35924 0.56436 0.24710 0.44229 0.63692 
302	4	0.83058 0.12849 0.12811 0.71548 0.83610 0.22754 
303	4	0.36397 0.35932 0.39294 0.17705 0.47479 0.69730 
304	4	0.16275 0.92635 0.19529 0.10968 0.69294 0.69041 
305	4	0.17319 0.79620 0.18645 0.10624 0.67524 0.68960 
306	4	0.14019 0.55449 0.72559 0.05143 0.37148 0.87857 
307	4	0.07489 0.98442 0.11356 0.04952 0.68234 0.79215 
308	4	0.13089 0.71100 0.28410 0.09565 0.58606 0.72536 
309	4	0.04985 0.17035 1.00000 0.00258 0.00000 0.99385 
310	4	0.09754 0.51413 0.68295 0.02266 0.25927 0.94145 
311	4	0.17536 0.75776 0.21009 0.09972 0.58662 0.70519 
312	4	0.10641 0.44392 0.53753 0.04173 0.22735 0.84183 
313	4	0.43627 0.57049 0.30562 0.23256 0.53908 0.66558 
314	4	0.07412 0.79895 0.25968 0.05970 0.50517 0.78327 
315	4	0.20549 0.65179 0.32871 0.11826 0.40855 0.68979 
316	4	0.09466 0.84537 0.29721 0.06812 0.56619 0.79351 
317	4	0.17254 0.83015 0.16577 0.09298 0.58300 0.71073 
318	4	0.15818 0.55238 0.28143 0.08236 0.42801 0.72540 
319	4	0.65247 0.95775 0.12176 0.46567 0.77173 0.44958 
320	4	0.16401 0.76248 0.20293 0.09772 0.51044 0.69840 
321	4	0.27397 0.53527 0.16991 0.17976 0.61669 0.56187 
322	4	0.56772 0.77361 0.20212 0.37328 0.72399 0.47892 
323	4	0.45658 0.77515 0.34131 0.25634 0.57874 0.61884 
324	4	0.16110 0.74016 0.23826 0.08426 0.57498 0.72854 
325	4	0.36688 0.51363 0.21789 0.20827 0.57955 0.55599 
326	4	0.26080 0.79205 0.17041 0.11908 0.55450 0.70287 
327	4	0.32108 0.91736 0.10835 0.18857 0.69099 0.62007 
328	4	0.48498 0.69917 0.18048 0.30032 0.65853 0.47797 
329	4	0.33829 0.57943 0.18687 0.24250 0.68673 0.50295 
330	4	0.16729 0.76866 0.16633 0.10075 0.56311 0.68850 
331	4	0.29347 0.68149 0.20766 0.14911 0.60249 0.65424 
332	4	0.33513 0.52231 0.48820 0.15883 0.50050 0.73038 
333	4	0.39259 0.78158 0.20625 0.21244 0.66827 0.63768 
334	4	0.56278 0.53159 0.16421 0.36800 0.68677 0.46998 
335	4	0.24821 0.98173 0.11101 0.14561 0.80262 0.61945 
336	4	0.33422 0.64783 0.15226 0.26437 0.75200 0.51058 
337	4	0.42208 0.67016 0.22772 0.23200 0.58405 0.62010 
338	4	0.11735 0.72117 0.50059 0.05424 0.46615 0.86761 
339	4	0.34536 0.93761 0.09707 0.19868 0.70987 0.61418 
340	4	0.11924 0.72892 0.55629 0.05182 0.40039 0.83665 
341	4	0.13807 0.50109 0.25755 0.08669 0.43859 0.70535 
342	4	0.20126 0.74350 0.24193 0.12059 0.66285 0.66896 
343	4	0.23209 0.68297 0.43540 0.09919 0.51119 0.77371 
344	4	0.18060 0.62732 0.19169 0.12464 0.60552 0.64570 
345	4	0.62882 0.47452 0.23813 0.44225 0.71805 0.43118 
346	4	0.80399 0.52444 0.16050 0.67607 0.86173 0.25318 
347	4	0.34665 0.68320 0.42825 0.18861 0.74363 0.61549 
348	4	0.14340 0.31076 0.39464 0.07132 0.29534 0.74562 
349	4	0.10157 0.53642 0.38442 0.04822 0.36645 0.82191 
350	4	0.18242 0.58650 0.28879 0.08699 0.47593 0.75026 
351	4	0.12165 0.72862 0.42952 0.05718 0.36912 0.84519 
352	4	0.41222 0.52972 0.49414 0.21837 0.53127 0.68286 
353	4	0.39345 0.66783 0.73763 0.19164 0.42079 0.75679 
354	4	0.69378 0.87826 0.09770 0.52612 0.84908 0.36654 
355	4	0.17372 0.90684 0.14307 0.11708 0.66330 0.65299 
356	4	0.15251 0.64883 0.20158 0.11067 0.53550 0.67832 
357	4	0.63339 0.39957 0.15443 0.46041 0.77157 0.38771 
358	4	0.08682 0.64938 0.30458 0.06557 0.46849 0.77522 
359	4	0.22472 0.82795 0.08221 0.16833 0.74810 0.55039 
360	4	0.30369 0.61294 0.08244 0.20822 0.68727 0.44899 
361	4	0.38486 0.45354 0.22306 0.21783 0.58049 0.58680 
362	4	0.49584 0.58332 0.15722 0.30234 0.67760 0.50271 
363	4	0.19559 0.50112 0.26343 0.15203 0.60665 0.64379 
364	4	0.48806 0.02077 0.39849 0.29645 0.45823 0.52738 
365	4	0.08863 0.80857 0.28192 0.06543 0.58180 0.78292 
366	4	0.34051 0.47762 0.25188 0.19373 0.63563 0.58111 
367	4	0.03670 0.72599 0.54306 0.01474 0.24189 0.93662 
368	4	0.32791 0.65898 0.20174 0.20344 0.68142 0.56664 
369	4	0.27851 0.67096 0.12298 0.17462 0.68301 0.55713 
370	4	0.06693 0.49175 0.72965 0.02941 0.27764 0.90163 
371	4	0.25858 0.86131 0.20301 0.13642 0.65254 0.69084 
372	4	0.13515 0.41523 0.77033 0.04680 0.15865 0.88476 
373	4	0.48622 0.75257 0.24514 0.30562 0.71395 0.55491 
374	4	0.14350 0.00000 0.69759 0.06708 0.24087 0.81296 
375	4	0.29700 0.85089 0.13562 0.16210 0.71333 0.61375 
376	4	0.54913 0.71703 0.10147 0.44791 0.91684 0.28148 
377	4	0.00175 0.59730 0.75877 0.00000 0.11948 1.00000 
378	4	0.40241 0.24083 0.45408 0.24027 0.50980 0.47909 
379	4	0.24479 0.67281 0.18312 0.14527 0.58740 0.62768 
380	4	0.37336 0.25292 0.25380 0.21927 0.49714 0.55101 
381	4	0.00638 0.83502 0.34845 0.00663 0.40218 0.93816 
382	4	0.12018 0.69772 0.21670 0.07676 0.49700 0.71189 
383	4	0.23225 0.48839 0.68393 0.11217 0.46222 0.79786 
384	4	0.42934 0.40070 0.26676 0.24683 0.57320 0.58755 
385	4	0.11621 0.73043 0.36700 0.05713 0.44843 0.81526 
386	4	0.42058 0.69974 0.18429 0.23672 0.62914 0.58069 
387	4	0.16253 0.73086 0.39831 0.07450 0.47590 0.79279 
388	4	0.12868 0.57408 0.34430 0.05483 0.37915 0.79896 
389	4	0.20829 0.81455 0.12100 0.13134 0.68443 0.61707 
390	4	0.22624 0.84850 0.14824 0.11201 0.66055 0.69259 
391	4	0.20136 0.79135 0.21565 0.09523 0.58448 0.74187 
392	4	0.41035 0.53275 0.21559 0.25711 0.64423 0.51928 
393	4	0.11119 0.78686 0.26987 0.05093 0.47159 0.82926 
394	4	0.18085 0.70009 0.15579 0.11671 0.58489 0.65008 
395	4	0.24514 0.51009 0.32863 0.10989 0.40565 0.71420 
396	4	0.58564 0.81874 0.09943 0.40376 0.80887 0.42439 
397	4	0.24270 0.85490 0.15180 0.17463 0.68189 0.58783 
398	4	0.05164 0.41046 0.65217 0.02912 0.16469 0.90015 
399	4	0.04839 0.82009 0.52100 0.03434 0.46281 0.89966 
400	5	0.76995 0.71861 0.36734 0.62186 0.75713 0.36198 
401	5	0.77061 0.69531 0.35600 0.62233 0.75322 0.36268 
402	5	0.73149 0.71460 0.33396 0.56728 0.73485 0.39960 
403	5	0.73617 0.72463 0.31159 0.57389 0.73972 0.38974 
404	5	0.76751 0.73072 0.31573 0.61802 0.75657 0.36021 
405	5	0.77234 0.77981 0.27246 0.62494 0.75840 0.35575 
406	5	0.73748 0.69448 0.34304 0.57955 0.75611 0.37157 
407	5	0.72911 0.74383 0.25172 0.56477 0.74506 0.38627 
408	5	0.74022 0.70431 0.33635 0.57905 0.73529 0.39299 
409	5	0.74702 0.75436 0.39703 0.58768 0.71549 0.40284 
410	5	0.77652 0.71585 0.31042 0.63069 0.75361 0.35147 
411	5	0.75892 0.76613 0.28497 0.60563 0.75600 0.36973 
412	5	0.74723 0.72147 0.41608 0.58838 0.71204 0.39995 
413	5	0.77088 0.75961 0.38660 0.62169 0.72374 0.37689 
414	5	0.77535 0.64126 0.49530 0.63051 0.74013 0.35330 
415	5	0.75813 0.72350 0.32487 0.60588 0.75369 0.36398 
416	5	0.76513 0.73956 0.30972 0.61496 0.75457 0.36286 
417	5	0.77190 0.71347 0.35544 0.62503 0.75888 0.35531 
418	5	0.73746 0.76007 0.37980 0.57519 0.71993 0.40794 
419	5	0.74046 0.76736 0.33541 0.57956 0.72186 0.39760 
420	5	0.77648 0.76765 0.30637 0.63055 0.76241 0.35395 
421	5	0.78277 0.71410 0.33840 0.64045 0.75541 0.34375 
422	5	0.75716 0.76183 0.29663 0.60504 0.76384 0.36011 
423	5	0.77400 0.71923 0.33369 0.62808 0.75910 0.35208 
424	5	0.71317 0.68158 0.41022 0.54093 0.67732 0.43352 
425	5	0.34119 0.42113 0.47482 0.21408 0.57474 0.63825 
426	5	0.46853 0.73395 0.30543 0.31982 0.72143 0.49600 
427	5	0.79502 0.72767 0.32411 0.65809 0.76157 0.32832 
428	5	0.68053 0.74550 0.47365 0.49744 0.66169 0.47947 
429	5	0.16263 0.66899 0.46759 0.11904 0.56926 0.73535 
430	5	0.67067 0.74806 0.43403 0.48509 0.67380 0.48125 
431	5	0.69753 0.70728 0.50351 0.51941 0.65286 0.46555 
432	5	0.12698 0.72385 0.48339 0.06907 0.51986 0.82416 
433	5	0.68986 0.72387 0.45532 0.51074 0.68588 0.45459 
434	5	0.04303 0.64075 0.50193 0.03323 0.41288 0.87308 
435	5	0.72837 0.64226 0.45066 0.56197 0.68723 0.41511 
436	5	0.71927 0.62323 0.53840 0.54928 0.67528 0.43551 
437	5	0.76846 0.63091 0.38049 0.61921 0.72663 0.35968 
438	5	0.82137 0.68324 0.23622 0.69880 0.79978 0.27621 
439	5	0.79449 0.67810 0.36194 0.65725 0.75581 0.33354 
440	5	0.78203 0.71624 0.25193 0.63974 0.76897 0.32279 
441	5	0.77183 0.72190 0.34318 0.62443 0.75139 0.35186 
442	5	0.79321 0.75697 0.32956 0.65575 0.77463 0.32755 
443	5	0.78460 0.73442 0.32127 0.64275 0.76623 0.34288 
444	5	0.78421 0.73991 0.26390 0.64247 0.77914 0.33153 
445	5	0.80961 0.82144 0.12593 0.68259 0.86747 0.26892 
446	5	0.73316 0.75443 0.39316 0.56840 0.71330 0.41430 
447	5	0.73807 0.69553 0.38443 0.57510 0.70457 0.40397 
448	5	0.70353 0.70505 0.53292 0.52699 0.65281 0.46592 
449	5	0.00646 0.73268 0.76270 0.01717 0.34405 0.93502 
450	5	0.72231 0.72035 0.36740 0.55373 0.70678 0.41432 
451	5	0.13167 0.77476 0.50151 0.06072 0.49379 0.83971 
452	5	0.74227 0.68137 0.37328 0.58148 0.71551 0.39077 
453	5	0.06502 0.76557 0.48895 0.04046 0.42576 0.87576 
454	5	0.82410 0.69347 0.26931 0.70240 0.79670 0.28430 
455	5	0.21050 0.73655 0.49605 0.10382 0.46837 0.74087 
456	5	0.67450 0.69036 0.27355 0.49814 0.73703 0.41402 
457	5	0.18444 0.65403 0.56785 0.07884 0.36894 0.79580 
458	5	0.78073 0.67477 0.26601 0.63839 0.77021 0.32277 
459	5	0.80539 0.69818 0.21062 0.67508 0.80263 0.28378 
460	5	0.28622 0.64257 0.53360 0.12866 0.43506 0.74506 
461	5	0.73641 0.68701 0.17049 0.58174 0.81148 0.31606 
462	5	0.72886 0.68039 0.22157 0.56962 0.78396 0.34788 
463	5	0.77318 0.67767 0.27745 0.62818 0.77505 0.33075 
464	5	0.43937 0.68025 0.56139 0.24130 0.50414 0.65749 
465	5	0.79794 0.69747 0.21041 0.66454 0.81202 0.28952 
466	5	0.31011 0.64413 0.49349 0.14698 0.47125 0.72106 
467	5	0.70535 0.72511 0.32826 0.53167 0.70258 0.42153 
468	5	0.80658 0.80326 0.21481 0.67581 0.81421 0.30257 
469	5	0.41839 0.79871 0.53573 0.23942 0.58651 0.65522 
470	5	0.18464 0.82588 0.48941 0.10270 0.46761 0.77016 
471	5	0.24305 0.85753 0.44520 0.14409 0.57365 0.69747 
472	5	0.30627 0.83639 0.23615 0.19565 0.76156 0.58940 
473	5	0.32140 0.84347 0.23311 0.21054 0.77184 0.57619 
474	5	0.65551 0.78458 0.29935 0.47722 0.75980 0.43160 
475	5	0.14520 0.59413 0.41993 0.05999 0.40411 0.83577 
476	5	0.09624 0.81042 0.32101 0.05714 0.52829 0.81452 
477	5	0.32123 0.62436 0.31915 0.17453 0.59711 0.66859 
478	5	0.32209 0.80338 0.34577 0.16143 0.61015 0.68998 
479	5	0.32454 0.73774 0.29787 0.16145 0.56622 0.68261 
480	5	0.12341 0.75874 0.50682 0.05185 0.45048 0.86445 
481	5	0.30486 0.77317 0.34197 0.13898 0.52473 0.72515 
482	5	0.28734 0.84451 0.34943 0.18874 0.62573 0.60784 
483	5	0.36695 0.83377 0.58229 0.23948 0.62058 0.61623 
484	5	0.37079 0.87416 0.30091 0.20587 0.67534 0.62386 
485	5	0.34248 0.88132 0.33631 0.19234 0.67200 0.62862 
486	5	0.30811 0.84940 0.51384 0.21060 0.63906 0.62629 
487	5	0.38167 0.75751 0.34191 0.21930 0.66384 0.62341 
488	5	0.29565 0.84897 0.55408 0.19590 0.62098 0.64365 
489	5	0.32104 0.89582 0.26970 0.29821 0.78837 0.44521 
490	5	0.31678 0.85884 0.44452 0.20955 0.64409 0.62265 
491	5	0.32483 0.86368 0.42190 0.19713 0.65378 0.62456 
492	5	0.37360 0.84498 0.46032 0.21571 0.62551 0.63551 
493	5	0.32185 0.81671 0.61224 0.21660 0.61244 0.61994 
494	5	0.32116 0.81855 0.47938 0.16343 0.60255 0.69086 
495	5	0.40216 0.88700 0.40398 0.28414 0.73533 0.52687 
496	5	0.12280 0.79589 0.33545 0.08490 0.51969 0.76830 
497	5	0.30620 0.67810 0.32207 0.16419 0.60959 0.68194 
498	5	0.20613 0.85579 0.16539 0.18861 0.77980 0.55934 
499	5	0.75720 0.71247 0.58519 0.60162 0.68620 0.40276 
500	6	0.72738 0.83637 0.07932 0.57347 0.87096 0.30039 
501	6	0.11424 0.87417 0.14493 0.12251 0.75345 0.64473 
502	6	0.26429 0.83483 0.16711 0.14369 0.66494 0.63744 
503	6	0.29091 0.98386 0.09587 0.20185 0.83462 0.57642 
504	6	0.60081 0.81260 0.13941 0.41085 0.75788 0.43862 
505	6	0.59623 0.72210 0.11651 0.41688 0.79773 0.39219 
506	6	0.55479 0.96625 0.09335 0.38256 0.89395 0.41013 
507	6	0.57364 0.97247 0.13153 0.39201 0.81288 0.47554 
508	6	0.50166 0.93662 0.09451 0.36360 0.83862 0.41899 
509	6	0.37465 0.90331 0.02371 0.31413 0.93575 0.38707 
510	6	0.15968 0.78912 0.15428 0.12006 0.68876 0.63493 
511	6	0.54032 0.63059 0.18225 0.35661 0.72714 0.45236 
512	6	0.63112 0.90543 0.23225 0.44356 0.77040 0.47527 
513	6	0.46243 0.83511 0.09924 0.28131 0.78691 0.51642 
514	6	0.51638 0.70418 0.21982 0.32782 0.72701 0.50320 
515	6	0.02328 0.84040 0.49200 0.02694 0.45284 0.87270 
516	6	0.57739 0.72101 0.23252 0.38462 0.74792 0.48401 
517	6	0.21669 0.81930 0.10976 0.20660 0.82403 0.51226 
518	6	0.55567 0.79702 0.47316 0.35811 0.65783 0.55204 
519	6	0.33686 0.71318 0.15583 0.25445 0.70024 0.51076 
520	6	0.55801 0.85239 0.23281 0.36692 0.76749 0.51125 
521	6	0.24460 0.77638 0.10174 0.21171 0.79284 0.53190 
522	6	0.43743 0.76766 0.23504 0.25566 0.71910 0.57919 
523	6	0.50155 0.64419 0.44416 0.30451 0.65022 0.59489 
524	6	0.08539 0.71532 0.39103 0.05620 0.52282 0.83480 
525	6	0.32478 0.83821 0.31755 0.16762 0.63992 0.69259 
526	6	0.58457 0.55372 0.40997 0.38467 0.68806 0.54120 
527	6	0.71383 0.81000 0.25318 0.54279 0.73776 0.41320 
528	6	0.48209 0.68678 0.10200 0.31137 0.79360 0.45053 
529	6	0.25093 0.87864 0.14274 0.16488 0.78160 0.59157 
530	6	0.41431 0.85627 0.12196 0.26773 0.83846 0.46889 
531	6	0.61106 0.82238 0.01898 0.45462 0.92087 0.31369 
532	6	0.28346 0.65506 0.39016 0.12989 0.56271 0.74615 
533	6	0.21228 0.72870 0.52777 0.11493 0.59131 0.77575 
534	6	0.23892 0.81477 0.28531 0.11649 0.61456 0.75166 
535	6	0.49345 0.65084 0.12925 0.32158 0.74366 0.47629 
536	6	0.18357 0.77031 0.24850 0.09181 0.56363 0.72320 
537	6	0.48209 0.60329 0.14814 0.29831 0.73068 0.50864 
538	6	0.34855 0.77297 0.04314 0.32531 0.87284 0.36586 
539	6	0.85240 0.79223 0.08248 0.75059 0.92773 0.19322 
540	6	0.56908 0.83408 0.08412 0.38285 0.83461 0.43749 
541	6	0.48562 0.82089 0.39777 0.30231 0.68245 0.57409 
542	6	0.43602 0.78557 0.47783 0.25575 0.63903 0.62241 
543	6	0.57127 0.47143 0.40240 0.41584 0.77280 0.41184 
544	6	0.51515 0.48918 0.39252 0.34004 0.72497 0.49415 
545	6	0.47329 0.42041 0.57604 0.28700 0.59800 0.56805 
546	6	0.39963 0.75045 0.70482 0.22652 0.59531 0.66657 
547	6	0.49622 0.72980 0.67823 0.29183 0.57812 0.63316 
548	6	0.63646 0.30014 0.50610 0.46219 0.70348 0.41470 
549	6	0.67489 0.50411 0.32138 0.49738 0.72185 0.40156 
550	6	0.47687 0.43576 0.36861 0.30869 0.69016 0.50067 
551	6	0.38331 0.59097 0.40816 0.25444 0.67618 0.57354 
552	6	0.57507 0.34957 0.28682 0.39493 0.67876 0.41766 
553	6	0.45177 0.79281 0.60232 0.26322 0.62704 0.63370 
554	6	0.48449 0.41737 0.74365 0.28012 0.52061 0.62895 
555	6	0.57044 0.52632 0.42927 0.38444 0.74353 0.47920 
556	6	0.58450 0.29505 0.74471 0.38980 0.60733 0.51393 
557	6	0.41116 0.37786 0.58509 0.24860 0.61930 0.58509 
558	6	0.61386 0.31572 0.48314 0.43460 0.72092 0.42096 
559	6	0.66131 0.54110 0.35355 0.48890 0.75857 0.39002 
560	6	0.49617 0.88352 0.10487 0.30553 0.77008 0.49842 
561	6	0.53423 0.84775 0.16440 0.34511 0.74817 0.49904 
562	6	0.53158 0.87248 0.15728 0.35428 0.76139 0.47901 
563	6	0.27655 0.79314 0.16878 0.22731 0.77316 0.55679 
564	6	0.21566 0.70979 0.22391 0.15205 0.65451 0.64988 
565	6	0.80190 0.96487 0.09169 0.66991 0.86594 0.28701 
566	6	0.86837 0.86283 0.09305 0.77489 0.93771 0.18565 
567	6	0.19972 0.93945 0.13031 0.14700 0.73898 0.61196 
568	6	0.73593 0.94669 0.02789 0.57877 0.91453 0.31433 
569	6	0.19529 0.72250 0.25778 0.09276 0.52897 0.72291 
570	6	0.22937 0.87243 0.20855 0.12241 0.69736 0.68625 
571	6	0.92339 0.86651 0.01853 0.86697 0.99865 0.09100 
572	6	0.30503 0.92342 0.10793 0.21418 0.83500 0.55874 
573	6	0.14301 0.77635 0.14831 0.11176 0.66573 0.64295 
574	6	0.78146 0.52913 0.15809 0.64622 0.85497 0.25318 
575	6	0.08461 0.82092 0.24475 0.05465 0.56074 0.79368 
576	6	0.51581 0.89620 0.11111 0.32944 0.79010 0.48758 
577	6	0.38917 0.62442 0.21263 0.23712 0.70456 0.54680 
578	6	0.12207 0.79596 0.34303 0.05068 0.50472 0.84344 
579	6	0.66714 0.82564 0.31613 0.48518 0.73457 0.44449 
580	6	0.49486 0.67637 0.29954 0.31855 0.72823 0.49242 
581	6	0.13389 0.85654 0.21493 0.07179 0.63278 0.77837 
582	6	0.32755 0.94889 0.22398 0.16202 0.67534 0.70443 
583	6	0.10386 0.72740 0.27929 0.07805 0.57242 0.71919 
584	6	0.44243 0.90234 0.05878 0.31986 0.91948 0.42754 
585	6	0.63167 0.81318 0.06670 0.45117 0.83263 0.39314 
586	6	0.16381 0.84454 0.11164 0.14811 0.78614 0.58579 
587	6	0.32548 0.87893 0.16817 0.17268 0.73176 0.66049 
588	6	0.15123 0.76756 0.20889 0.10709 0.61105 0.70597 
589	6	0.58487 0.90522 0.06192 0.39584 0.84223 0.43007 
590	6	0.27974 0.70216 0.64487 0.14403 0.57620 0.75073 
591	6	0.40648 0.82580 0.10840 0.28351 0.79940 0.47054 
592	6	0.50217 0.97429 0.16642 0.31120 0.81586 0.52544 
593	6	0.19234 0.77586 0.14500 0.11311 0.59004 0.65365 
594	6	0.33175 0.83589 0.31975 0.25026 0.73229 0.58484 
595	6	0.63106 0.93074 0.11186 0.45819 0.83901 0.37462 
596	6	0.66514 0.77814 0.15110 0.50235 0.84996 0.35588 
597	6	0.74940 0.84213 0.08796 0.59947 0.88128 0.30035 
598	6	0.75594 0.75335 0.14324 0.60769 0.86330 0.30441 
599	6	0.64983 0.71998 0.17604 0.47816 0.77890 0.39099 
