600	6	6
0	1	0.66703 0.67920 0.29610 0.48806 0.63959 0.48828 
1	1	0.79427 0.91542 0.06333 0.66691 0.93127 0.29957 
2	1	0.25396 0.82599 0.23599 0.07713 0.55222 0.89051 
3	1	0.12514 0.63602 0.56867 0.04753 0.22658 0.88493 
4	1	0.38391 0.74558 0.40518 0.21130 0.50016 0.72734 
5	1	0.47456 0.94244 0.16027 0.35846 0.83981 0.46152 
6	1	0.71443 0.80346 0.19933 0.55867 0.79814 0.40108 
7	1	0.43612 0.68719 0.45136 0.24874 0.49192 0.69247 
8	1	0.36687 0.80269 0.31661 0.20058 0.55133 0.70192 
9	1	0.23507 0.90408 0.20572 0.16344 0.71536 0.66917 
10	1	0.23005 0.88716 0.25732 0.22643 0.70575 0.62965 
11	1	0.84350 0.86900 0.09192 0.74266 0.91376 0.22775 
12	1	0.49567 0.93787 0.15328 0.35497 0.81979 0.49613 
13	1	0.82595 0.88055 0.09451 0.71669 0.90960 0.24902 
14	1	0.62340 0.70691 0.33672 0.44093 0.64461 0.51875 
15	1	0.59281 0.85264 0.23923 0.43657 0.79652 0.43875 
16	1	0.55349 0.73368 0.32917 0.35816 0.64146 0.60516 
17	1	0.31932 0.70784 0.47747 0.17258 0.44593 0.76069 
18	1	0.44124 0.88222 0.21594 0.27644 0.71072 0.63199 
19	1	0.48510 0.86546 0.25358 0.33785 0.74449 0.53524 
20	1	0.39344 0.77186 0.31887 0.19489 0.54738 0.77984 
21	1	0.38994 0.88436 0.14289 0.21493 0.74654 0.66975 
22	1	0.69638 0.86922 0.13215 0.53333 0.85549 0.40995 
23	1	0.49253 0.75431 0.20742 0.29565 0.74707 0.63750 
24	1	0.66680 0.86953 0.10782 0.49354 0.86070 0.44316 
25	1	0.26893 0.86466 0.29336 0.23936 0.70884 0.59625 
26	1	0.32454 0.85265 0.30350 0.24565 0.69679 0.59943 
27	1	0.36075 0.91467 0.22098 0.31420 0.82745 0.46237 
28	1	0.36763 0.93174 0.19399 0.32048 0.84681 0.45789 
29	1	0.29783 0.96108 0.14941 0.29538 0.84514 0.49576 
30	1	0.76922 0.98796 0.05147 0.65055 0.98162 0.23672 
31	1	0.31980 0.90318 0.23703 0.28024 0.78093 0.53455 
32	1	0.57757 0.72732 0.25286 0.37607 0.61001 0.58394 
33	1	0.42692 0.77474 0.35264 0.25717 0.59271 0.64620 
34	1	0.13590 0.71641 0.47415 0.09101 0.41234 0.80852 
35	1	0.32809 0.91954 0.21284 0.29502 0.80891 0.50303 
36	1	0.38524 0.98225 0.11581 0.34576 0.91525 0.41391 
37	1	0.69166 0.81593 0.22529 0.53515 0.79161 0.39047 
38	1	0.52187 0.77267 0.26714 0.32260 0.65137 0.62727 
39	1	0.41127 0.83185 0.30762 0.26839 0.64304 0.62664 
40	1	0.40069 0.81358 0.31951 0.24557 0.60296 0.64902 
41	1	0.65517 0.85297 0.13292 0.47427 0.76561 0.48701 
42	1	0.77619 0.97711 0.05729 0.65703 0.96757 0.24601 
43	1	0.75385 0.80588 0.16643 0.60971 0.80045 0.36308 
44	1	0.24425 0.84127 0.30963 0.17630 0.60551 0.68876 
45	1	0.35531 0.88836 0.24653 0.25545 0.69833 0.61395 
46	1	0.32725 0.91888 0.21177 0.28522 0.78717 0.52155 
47	1	0.25793 0.67745 0.36468 0.09546 0.45314 0.82040 
48	1	0.81999 0.88376 0.05239 0.70408 0.94626 0.27020 
49	1	0.51574 0.60683 0.44392 0.30911 0.46727 0.65827 
50	1	0.32878 0.94455 0.17437 0.30290 0.84740 0.48748 
51	1	0.45225 0.76489 0.33610 0.26385 0.54242 0.66656 
52	1	0.70742 0.67425 0.27388 0.54187 0.69806 0.44463 
53	1	0.41278 0.82722 0.16145 0.22087 0.63585 0.67615 
54	1	0.65671 0.58960 0.37383 0.47421 0.59747 0.51190 
55	1	0.74243 0.87712 0.12257 0.59330 0.87587 0.37963 
56	1	0.18538 0.84867 0.29465 0.15931 0.68971 0.69655 
57	1	0.27646 0.86638 0.29657 0.26288 0.73165 0.54883 
58	1	0.41065 0.82627 0.24851 0.23029 0.69243 0.66129 
59	1	0.82096 0.87631 0.09370 0.70802 0.89601 0.26435 
60	1	0.69064 0.77849 0.23263 0.52606 0.74677 0.44197 
61	1	0.44683 0.97761 0.11539 0.35682 0.89382 0.43793 
62	1	0.16059 0.87005 0.26117 0.14512 0.65540 0.71643 
63	1	0.34442 0.80878 0.31526 0.18963 0.58460 0.70798 
64	1	0.41708 0.92414 0.19153 0.31177 0.79227 0.51275 
65	1	0.72157 0.82147 0.19380 0.57204 0.81681 0.37453 
66	1	0.83906 0.86233 0.10422 0.73701 0.92425 0.22799 
67	1	0.20951 0.94352 0.16570 0.20673 0.75325 0.63447 
68	1	0.51949 0.88056 0.22078 0.36509 0.75168 0.50893 
69	1	0.69855 0.86341 0.16366 0.54443 0.81606 0.38374 
70	1	0.84824 0.85011 0.10012 0.74979 0.91479 0.22228 
71	1	0.72993 0.94906 0.09010 0.59323 0.92094 0.31451 
72	1	0.81149 0.68761 0.21321 0.69252 0.81930 0.28101 
73	1	0.22891 0.89266 0.24401 0.20459 0.68312 0.63879 
74	1	0.76306 0.94255 0.08753 0.63626 0.92883 0.27801 
75	1	0.60131 0.77971 0.29972 0.42913 0.70785 0.48902 
76	1	0.22240 0.81379 0.36866 0.20175 0.60570 0.66081 
77	1	0.59666 0.85018 0.21166 0.42204 0.73713 0.50729 
78	1	0.25163 0.79270 0.40460 0.21168 0.59240 0.64202 
79	1	0.64947 0.76987 0.28683 0.48318 0.73732 0.44417 
80	1	0.26918 0.70808 0.46261 0.12035 0.40453 0.80071 
81	1	0.37554 0.91769 0.20928 0.30226 0.81641 0.51150 
82	1	0.55035 0.79213 0.31376 0.38084 0.70247 0.52243 
83	1	0.31185 0.87819 0.26599 0.24166 0.71935 0.61462 
84	1	0.78721 0.79620 0.15828 0.65740 0.83863 0.31506 
85	1	0.35955 0.95883 0.15067 0.31507 0.86786 0.47978 
86	1	0.53083 0.74450 0.33563 0.34009 0.58121 0.60616 
87	1	0.25805 0.97056 0.13322 0.27585 0.84559 0.52561 
88	1	0.40399 0.83559 0.32152 0.28756 0.69000 0.54822 
89	1	0.51044 0.99320 0.07256 0.34313 0.88398 0.51909 
90	1	0.52488 0.68015 0.29956 0.31842 0.59934 0.63152 
91	1	0.26633 0.86561 0.27418 0.18915 0.60452 0.67853 
92	1	0.44527 0.74527 0.35479 0.25231 0.55153 0.70426 
93	1	0.60515 0.70708 0.24468 0.40738 0.60651 0.56561 
94	1	0.59553 0.77797 0.25748 0.40635 0.65298 0.55373 
95	1	0.07692 0.80123 0.26160 0.03634 0.54932 0.86529 
96	1	0.35259 0.82954 0.28023 0.19231 0.58066 0.70295 
97	1	0.31141 0.78847 0.33836 0.16045 0.50804 0.75002 
98	1	0.45017 0.90567 0.21290 0.33189 0.81031 0.50515 
99	1	0.64278 0.90928 0.15710 0.49096 0.86186 0.39174 
100	2	0.34958 0.89044 0.25033 0.28103 0.78126 0.53060 
101	2	0.54032 0.79765 0.31137 0.36418 0.65204 0.55464 
102	2	0.53487 0.77510 0.30395 0.34154 0.61832 0.62594 
103	2	0.69246 0.54184 0.35675 0.51528 0.58737 0.49969 
104	2	0.45289 0.72568 0.42133 0.26951 0.52668 0.64707 
105	2	0.68391 0.63160 0.35233 0.51298 0.66475 0.45714 
106	2	0.55408 0.70759 0.39963 0.36574 0.57084 0.57057 
107	2	0.93677 0.41054 0.06783 0.88910 0.91192 0.13178 
108	2	0.13668 0.79883 0.29595 0.02612 0.34067 0.87205 
109	2	0.17583 0.72071 0.44118 0.06368 0.35343 0.92000 
110	2	0.20004 0.68266 0.50689 0.08906 0.30198 0.83317 
111	2	0.50817 0.53473 0.58517 0.31049 0.43576 0.63161 
112	2	0.56790 0.53369 0.57562 0.38207 0.50365 0.51626 
113	2	0.83799 0.51139 0.22366 0.72792 0.76264 0.29524 
114	2	0.77272 0.52248 0.18874 0.63314 0.73556 0.34073 
115	2	0.48013 0.65812 0.47887 0.29410 0.52880 0.62326 
116	2	0.46423 0.83100 0.21759 0.27231 0.70464 0.63152 
117	2	0.60577 0.77234 0.18691 0.42013 0.72212 0.49662 
118	2	0.29756 0.87504 0.26693 0.22833 0.71259 0.61876 
119	2	0.19596 0.80858 0.34805 0.13824 0.57033 0.73231 
120	2	0.21004 0.67587 0.55457 0.11487 0.32252 0.79861 
121	2	0.20521 0.79951 0.37287 0.15816 0.56424 0.70986 
122	2	0.70459 0.78945 0.12644 0.53159 0.72407 0.48765 
123	2	0.38413 0.43381 0.82161 0.20086 0.22917 0.71586 
124	2	0.66268 0.68463 0.23524 0.48068 0.71833 0.49066 
125	2	0.39079 0.90826 0.20722 0.27439 0.75624 0.57485 
126	2	0.54837 0.89417 0.20284 0.38907 0.76047 0.49397 
127	2	0.13975 0.74849 0.42706 0.08589 0.40492 0.84425 
128	2	0.05680 0.48068 0.79073 0.01914 0.12183 0.90231 
129	2	0.50017 0.50026 0.56294 0.28847 0.35599 0.68780 
130	2	0.35500 0.66649 0.54865 0.19776 0.40113 0.70407 
131	2	0.77264 0.31660 0.29476 0.62681 0.65785 0.41360 
132	2	0.64256 0.76299 0.26715 0.46211 0.70500 0.50736 
133	2	0.28958 0.68546 0.31609 0.14613 0.41495 0.73944 
134	2	0.16234 0.73113 0.48577 0.14502 0.43474 0.74946 
135	2	0.45464 0.49904 0.29912 0.24771 0.55781 0.69006 
136	2	0.27038 0.82292 0.35232 0.21121 0.61308 0.65903 
137	2	0.87707 0.00000 0.32413 0.79144 0.73731 0.20634 
138	2	0.38252 0.83762 0.32623 0.27788 0.68283 0.55083 
139	2	0.85548 0.21762 0.33862 0.75771 0.74072 0.22357 
140	2	0.48345 0.82049 0.31084 0.32474 0.66504 0.55351 
141	2	0.30709 0.85283 0.32094 0.28370 0.75674 0.48487 
142	2	0.51950 0.95388 0.12933 0.36540 0.82999 0.50020 
143	2	0.07630 0.94723 0.12381 0.10100 0.85007 0.71143 
144	2	0.69203 0.60577 0.23051 0.51551 0.66519 0.48106 
145	2	0.42753 0.75567 0.41244 0.27936 0.60267 0.59466 
146	2	0.52986 0.73414 0.34473 0.34298 0.68444 0.56155 
147	2	0.34341 0.76667 0.42793 0.23686 0.58818 0.62349 
148	2	0.54340 0.80238 0.31311 0.38073 0.71162 0.49972 
149	2	0.35155 0.78725 0.40756 0.26131 0.64460 0.56080 
150	2	0.47487 0.80355 0.33323 0.31062 0.63902 0.58802 
151	2	0.30031 0.84318 0.32247 0.23522 0.65106 0.61362 
152	2	0.25768 0.56146 0.55151 0.06616 0.16886 0.94366 
153	2	0.26164 0.63250 0.50888 0.09184 0.25048 0.85669 
154	2	0.40992 0.70198 0.48579 0.25679 0.53494 0.61245 
155	2	0.52011 0.78637 0.35364 0.36559 0.70100 0.48641 
156	2	0.58915 0.62616 0.43765 0.39838 0.56816 0.55757 
157	2	0.30046 0.60104 0.61766 0.14682 0.32355 0.78188 
158	2	0.53227 0.73733 0.37713 0.35603 0.62381 0.54188 
159	2	0.63829 0.55179 0.46662 0.45409 0.54086 0.50307 
160	2	0.01226 0.86503 0.19825 0.05348 0.63091 0.79122 
161	2	0.13716 0.64461 0.61758 0.12487 0.34985 0.78431 
162	2	0.29952 0.66084 0.60506 0.21208 0.48893 0.61101 
163	2	0.84319 0.59309 0.16486 0.73570 0.79642 0.29361 
164	2	0.75262 0.82480 0.15661 0.60420 0.78316 0.37856 
165	2	0.30368 0.89531 0.25178 0.28142 0.77363 0.51752 
166	2	0.64003 0.86545 0.18451 0.46873 0.79078 0.48076 
167	2	0.49428 0.88960 0.22853 0.35932 0.78472 0.48613 
168	2	0.60999 0.72648 0.35921 0.43650 0.66854 0.47155 
169	2	0.26418 0.78774 0.42264 0.24405 0.64772 0.55266 
170	2	0.45088 0.45782 0.72945 0.25108 0.28058 0.68536 
171	2	0.61208 0.84658 0.21392 0.43933 0.76326 0.48976 
172	2	0.09159 0.60810 0.63278 0.05189 0.20015 0.90255 
173	2	0.74181 0.67090 0.30841 0.59692 0.76066 0.33316 
174	2	0.17510 0.77299 0.40633 0.12530 0.47396 0.80920 
175	2	0.46435 0.93577 0.16720 0.33106 0.79542 0.51894 
176	2	0.19562 0.80359 0.36964 0.15406 0.55458 0.75515 
177	2	0.24834 0.74548 0.44870 0.15373 0.46692 0.75670 
178	2	0.57262 0.80888 0.27395 0.39258 0.70734 0.53369 
179	2	0.54403 0.87453 0.22774 0.38589 0.75608 0.49275 
180	2	0.32130 0.68655 0.50335 0.17564 0.42641 0.73445 
181	2	0.60120 0.75371 0.33355 0.42955 0.69077 0.48211 
182	2	0.09484 0.59873 0.60656 0.01608 0.17520 0.97667 
183	2	0.19775 0.78875 0.36675 0.11778 0.49659 0.76746 
184	2	0.89032 0.85103 0.04092 0.81259 0.94751 0.18717 
185	2	0.34357 0.82915 0.33562 0.24363 0.64539 0.61801 
186	2	0.60424 0.84354 0.18611 0.41976 0.75362 0.51342 
187	2	0.58570 0.46668 0.53014 0.38761 0.49270 0.57242 
188	2	0.48858 0.76007 0.34133 0.29782 0.63056 0.62864 
189	2	0.27444 0.92361 0.21158 0.30195 0.83436 0.46554 
190	2	0.26444 0.93134 0.18638 0.23110 0.79088 0.59249 
191	2	0.38146 0.87485 0.26734 0.28054 0.72078 0.56631 
192	2	0.45655 0.89356 0.21800 0.31138 0.77530 0.56382 
193	2	0.35577 0.86166 0.25676 0.20862 0.66046 0.71126 
194	2	0.38382 0.81363 0.30071 0.20637 0.59541 0.73046 
195	2	0.59671 0.66880 0.34663 0.39660 0.58366 0.60821 
196	2	0.62257 0.67159 0.37453 0.43802 0.61375 0.52198 
197	2	0.44387 0.93999 0.15918 0.31546 0.79264 0.54558 
198	2	0.56675 0.68893 0.42601 0.39013 0.61781 0.51453 
199	2	0.42597 0.57931 0.62666 0.23955 0.35411 0.66077 
200	3	0.67879 0.69280 0.34148 0.51403 0.69785 0.41126 
201	3	0.91127 0.62996 0.12094 0.84682 0.90349 0.15901 
202	3	0.59053 0.86908 0.16536 0.39925 0.74439 0.52997 
203	3	0.71994 0.86351 0.17045 0.57736 0.87565 0.33137 
204	3	0.80383 0.88865 0.07355 0.67772 0.87990 0.31009 
205	3	0.90854 0.44915 0.15009 0.84157 0.85420 0.17441 
206	3	0.63024 0.73134 0.29351 0.44506 0.66573 0.53867 
207	3	0.31911 0.71584 0.35722 0.14889 0.57502 0.74220 
208	3	0.42388 0.84973 0.25099 0.25734 0.67343 0.62937 
209	3	0.54204 0.72284 0.30319 0.33464 0.59323 0.65770 
210	3	0.94352 0.36279 0.08924 0.90066 0.90956 0.11517 
211	3	0.47264 0.78465 0.36940 0.31968 0.65266 0.53659 
212	3	0.43594 0.77618 0.30424 0.24090 0.53557 0.69483 
213	3	0.65230 0.83594 0.18610 0.47173 0.73886 0.48480 
214	3	0.74556 0.75985 0.23314 0.60373 0.81406 0.32981 
215	3	0.66240 0.75062 0.26326 0.48581 0.70060 0.49788 
216	3	0.28506 0.89395 0.22405 0.17258 0.64528 0.69524 
217	3	0.80114 0.65778 0.10030 0.67332 0.85081 0.33138 
218	3	0.42362 0.21279 0.46113 0.21162 0.26933 0.73654 
219	3	0.74743 0.61837 0.27278 0.59526 0.70503 0.39338 
220	3	0.19284 0.70994 0.49449 0.10975 0.39073 0.78500 
221	3	0.24510 0.65038 0.61657 0.17356 0.42957 0.67956 
222	3	0.93235 0.75909 0.05794 0.88190 0.93851 0.13026 
223	3	0.22169 0.88166 0.24782 0.16959 0.64925 0.68742 
224	3	0.55723 0.66654 0.41854 0.36544 0.55977 0.58246 
225	3	0.83507 0.85620 0.10437 0.72936 0.91283 0.24959 
226	3	0.84428 0.83955 0.11134 0.74374 0.90836 0.22926 
227	3	0.51276 0.84605 0.27235 0.36262 0.75336 0.49404 
228	3	0.48010 0.81596 0.24983 0.27798 0.60713 0.64645 
229	3	0.60778 0.81260 0.20867 0.42025 0.75973 0.54118 
230	3	0.52237 0.83998 0.28303 0.37615 0.76443 0.46626 
231	3	0.49979 0.74640 0.26632 0.28997 0.50532 0.65175 
232	3	0.86012 0.60133 0.21066 0.76610 0.84942 0.20789 
233	3	0.36493 0.46338 0.53560 0.15161 0.26280 0.82089 
234	3	0.66049 0.68318 0.27875 0.47761 0.64968 0.49826 
235	3	0.13515 0.42584 0.97056 0.10068 0.13155 0.76194 
236	3	0.91907 0.79773 0.03829 0.85950 0.93731 0.15134 
237	3	0.74421 0.59979 0.33415 0.59368 0.69067 0.37346 
238	3	0.49155 0.78963 0.36986 0.35598 0.73336 0.43865 
239	3	0.18568 0.77224 0.40695 0.12937 0.48089 0.78517 
240	3	0.43481 0.90030 0.20261 0.28024 0.74951 0.59611 
241	3	0.53377 0.87566 0.23723 0.39036 0.79391 0.45051 
242	3	0.10304 0.72418 0.29212 0.06549 0.58716 0.80928 
243	3	0.67650 0.90348 0.15366 0.52604 0.85354 0.37130 
244	3	0.70964 0.77831 0.25980 0.56397 0.82143 0.31707 
245	3	0.70667 0.91245 0.11735 0.54917 0.83382 0.39954 
246	3	0.38834 0.82767 0.28597 0.22570 0.62633 0.66333 
247	3	0.64318 0.68036 0.38131 0.47445 0.68659 0.43449 
248	3	0.13165 0.86641 0.14843 0.10793 0.71947 0.72768 
249	3	0.63924 0.84530 0.20811 0.46546 0.74153 0.46999 
250	3	0.11506 0.71215 0.39493 0.00490 0.40576 0.97855 
251	3	0.88436 0.56863 0.12819 0.80151 0.83647 0.21769 
252	3	0.50360 0.96820 0.11157 0.35387 0.86251 0.52190 
253	3	0.74504 0.51399 0.23915 0.58822 0.63448 0.41587 
254	3	0.18016 0.63786 0.47469 0.03891 0.26799 0.87699 
255	3	0.62435 0.60622 0.28416 0.43173 0.56749 0.53110 
256	3	0.20115 0.75644 0.39186 0.09947 0.49465 0.79839 
257	3	0.63110 0.88331 0.17957 0.46295 0.77936 0.45487 
258	3	0.86660 0.69493 0.15967 0.77663 0.88526 0.20005 
259	3	0.93047 0.46909 0.09651 0.87833 0.89364 0.13906 
260	3	0.40283 0.39822 0.82962 0.20812 0.20701 0.72821 
261	3	0.87921 0.50913 0.11594 0.79326 0.82398 0.22592 
262	3	0.90681 0.70666 0.06543 0.83903 0.93163 0.17178 
263	3	0.60806 0.53930 0.33687 0.40289 0.55590 0.62503 
264	3	0.45246 0.88435 0.23962 0.31574 0.73562 0.53508 
265	3	0.27768 0.55900 0.48906 0.09259 0.32781 0.87078 
266	3	0.35539 0.89816 0.24439 0.29975 0.78886 0.48947 
267	3	0.86894 0.54745 0.20658 0.77851 0.83123 0.21799 
268	3	1.00000 0.07775 0.00138 1.00000 1.00000 0.00000 
269	3	0.30795 0.87157 0.28807 0.27523 0.74656 0.52560 
270	3	0.25747 0.88211 0.27675 0.28421 0.78063 0.48950 
271	3	0.44614 0.89425 0.16331 0.26739 0.79399 0.61782 
272	3	0.29649 0.99723 0.09265 0.30571 0.90458 0.47520 
273	3	0.93593 0.27161 0.09341 0.88752 0.89871 0.13847 
274	3	0.97951 0.27637 0.03958 0.96339 0.96710 0.04750 
275	3	0.72669 0.54745 0.32787 0.56340 0.61772 0.43235 
276	3	0.63219 0.70655 0.31946 0.45285 0.70204 0.48112 
277	3	0.80107 0.59190 0.23753 0.67332 0.76475 0.31957 
278	3	0.79841 0.56019 0.17925 0.66714 0.74084 0.33799 
279	3	0.81397 0.23910 0.40545 0.69379 0.67437 0.28441 
280	3	0.65867 0.59861 0.41920 0.48121 0.59969 0.46755 
281	3	0.67479 0.70365 0.18936 0.49101 0.68950 0.53074 
282	3	0.85581 0.65557 0.14779 0.75635 0.83342 0.25292 
283	3	0.76710 0.42171 0.35150 0.62038 0.61717 0.39104 
284	3	0.51827 0.76270 0.26628 0.31792 0.69412 0.62460 
285	3	0.44769 0.70649 0.40831 0.26051 0.54568 0.65277 
286	3	0.21521 0.97192 0.10866 0.14014 0.76725 0.68604 
287	3	0.70422 0.86059 0.14542 0.54302 0.88466 0.39305 
288	3	0.24369 0.89812 0.19737 0.13251 0.71694 0.71402 
289	3	0.69091 0.60040 0.23663 0.51404 0.62901 0.47549 
290	3	0.41399 0.79070 0.32957 0.23694 0.58346 0.70624 
291	3	0.83779 0.54117 0.07563 0.72846 0.86193 0.26886 
292	3	0.62125 0.83924 0.19184 0.44400 0.82225 0.46963 
293	3	0.40895 0.69614 0.41342 0.21091 0.51389 0.73282 
294	3	0.89977 0.32130 0.05497 0.82750 0.86459 0.17982 
295	3	0.12353 0.81317 0.23652 0.11541 0.72773 0.71841 
296	3	0.58881 0.87346 0.21005 0.43179 0.83265 0.43650 
297	3	0.36076 0.89548 0.21121 0.23200 0.76530 0.61692 
298	3	0.57590 0.89781 0.15947 0.39070 0.79330 0.52406 
299	3	0.75024 0.69633 0.28298 0.60885 0.78094 0.32153 
300	4	0.26035 0.89641 0.02038 0.29723 0.89450 0.47344 
301	4	0.03823 0.37805 0.66700 0.01581 0.18217 0.88809 
302	4	0.86440 0.28984 0.23530 0.76980 0.76675 0.24108 
303	4	0.80143 0.49224 0.15400 0.67169 0.73710 0.33553 
304	4	0.26672 0.88043 0.26161 0.21342 0.69654 0.63073 
305	4	0.65599 0.72026 0.17456 0.47905 0.81313 0.46791 
306	4	0.15906 0.73311 0.46502 0.11541 0.44038 0.79077 
307	4	0.21786 0.95911 0.12226 0.12984 0.73473 0.69752 
308	4	0.77128 0.60876 0.28663 0.63135 0.73407 0.35440 
309	4	0.51119 0.23258 0.60711 0.29199 0.25052 0.68587 
310	4	0.56539 0.59484 0.29005 0.36120 0.60114 0.60430 
311	4	0.44800 0.68966 0.45601 0.26815 0.52224 0.64534 
312	4	0.32024 0.34322 1.00000 0.16280 0.13221 0.69379 
313	4	0.71735 0.65813 0.28451 0.55220 0.65486 0.44714 
314	4	0.84224 0.57180 0.14757 0.73437 0.80474 0.28005 
315	4	0.83546 0.68571 0.13064 0.72414 0.82782 0.28552 
316	4	0.48462 0.64049 0.23554 0.31284 0.78126 0.56912 
317	4	0.16781 0.77722 0.27469 0.04508 0.39074 0.84292 
318	4	0.62812 0.47884 0.54150 0.44105 0.49709 0.51097 
319	4	0.55557 0.93354 0.15999 0.42395 0.87833 0.39899 
320	4	0.70590 0.89169 0.14262 0.55552 0.84899 0.36756 
321	4	0.32691 0.47375 0.27764 0.16212 0.49023 0.73934 
322	4	0.59570 0.65065 0.32642 0.39539 0.53978 0.57661 
323	4	0.40537 0.69003 0.44509 0.21739 0.42947 0.70224 
324	4	0.22953 0.75072 0.21946 0.11001 0.55635 0.76688 
325	4	0.41448 0.49678 0.21231 0.27501 0.71458 0.58698 
326	4	0.16975 0.70093 0.53879 0.15227 0.42729 0.72877 
327	4	0.03808 0.63917 0.40913 0.02176 0.43674 0.91026 
328	4	0.50583 0.38749 0.76308 0.30794 0.31308 0.61418 
329	4	0.15133 0.48744 0.53271 0.10756 0.45288 0.78097 
330	4	0.27573 0.61794 0.57204 0.11653 0.25765 0.81070 
331	4	0.35159 0.73893 0.37453 0.17060 0.41070 0.76108 
332	4	0.36804 0.68898 0.48157 0.19496 0.44771 0.74331 
333	4	0.89739 0.32682 0.21445 0.82380 0.82731 0.18384 
334	4	0.50764 0.63228 0.36367 0.29145 0.54657 0.70571 
335	4	0.56849 0.98192 0.08805 0.42332 0.90703 0.44140 
336	4	0.46653 0.59061 0.17304 0.29290 0.72822 0.61424 
337	4	0.77988 0.54807 0.21888 0.63873 0.69865 0.38103 
338	4	0.74177 0.62877 0.30677 0.59082 0.71673 0.38378 
339	4	0.04064 0.63839 0.38658 0.03382 0.46585 0.89140 
340	4	0.66829 0.77198 0.21325 0.49230 0.70264 0.46890 
341	4	0.13751 0.50386 0.78236 0.04862 0.12935 0.92021 
342	4	0.85940 0.77096 0.13261 0.76628 0.90033 0.20830 
343	4	0.63484 0.72398 0.35076 0.46928 0.71466 0.42658 
344	4	0.14599 0.68213 0.52483 0.07779 0.32558 0.88778 
345	4	0.78009 0.59287 0.12649 0.64025 0.73570 0.35825 
346	4	0.88176 0.41653 0.09160 0.79796 0.87128 0.21222 
347	4	0.43527 0.84645 0.16840 0.25776 0.79890 0.60644 
348	4	0.36335 0.59076 0.52815 0.15492 0.29455 0.81742 
349	4	0.43889 0.45982 0.35130 0.24008 0.51255 0.70068 
350	4	0.54996 0.48119 0.23747 0.35918 0.65135 0.57453 
351	4	0.40624 0.37638 0.71444 0.19319 0.16846 0.77598 
352	4	0.88567 0.23009 0.25637 0.80476 0.78874 0.20085 
353	4	0.30863 0.61571 0.52540 0.13072 0.38104 0.78521 
354	4	0.96150 0.63700 0.05961 0.93214 0.96664 0.07246 
355	4	0.90666 0.64869 0.08548 0.83865 0.88885 0.17789 
356	4	0.39257 0.55403 0.33408 0.18096 0.29922 0.76085 
357	4	0.38704 0.31575 0.79149 0.16721 0.03342 0.80129 
358	4	0.21375 0.58772 0.64566 0.08807 0.23363 0.85999 
359	4	0.28358 0.77485 0.23239 0.15112 0.70496 0.73750 
360	4	0.63103 0.48428 0.07331 0.46116 0.74959 0.44141 
361	4	0.55839 0.73064 0.02532 0.40106 0.78144 0.42273 
362	4	0.55578 0.55107 0.25870 0.35313 0.59393 0.61948 
363	4	0.87807 0.45388 0.05768 0.79228 0.86034 0.21277 
364	4	0.60130 0.11181 0.77005 0.40181 0.26484 0.58085 
365	4	0.64127 0.72079 0.21709 0.46054 0.72192 0.49038 
366	4	0.26879 0.71664 0.47294 0.13571 0.44870 0.75860 
367	4	0.65222 0.61958 0.37240 0.46987 0.59424 0.51094 
368	4	0.62079 0.67863 0.39941 0.44860 0.65885 0.45526 
369	4	0.55758 0.67034 0.41473 0.35960 0.52590 0.60238 
370	4	0.44153 0.57760 0.59826 0.25774 0.41240 0.64778 
371	4	0.33647 0.90894 0.20779 0.22678 0.74279 0.65798 
372	4	0.22763 0.43069 0.77284 0.05753 0.00000 0.88521 
373	4	0.86905 0.59005 0.18652 0.77892 0.84570 0.21448 
374	4	0.21747 0.27174 0.78905 0.02854 0.01859 1.00000 
375	4	0.19713 0.73688 0.49613 0.20082 0.54201 0.62943 
376	4	0.79038 0.74000 0.14323 0.65658 0.81319 0.33647 
377	4	0.62514 0.66832 0.36247 0.44167 0.62311 0.51874 
378	4	0.83373 0.74199 0.00000 0.72887 0.92090 0.21235 
379	4	0.92371 0.70273 0.06838 0.86742 0.93594 0.14221 
380	4	0.80385 0.74650 0.00277 0.68591 0.90461 0.24131 
381	4	0.52481 0.60458 0.47955 0.32169 0.47054 0.65593 
382	4	0.36050 0.46606 0.16934 0.20995 0.49743 0.64876 
383	4	0.75230 0.17695 0.33734 0.59901 0.57973 0.40016 
384	4	0.89483 0.54640 0.02485 0.81987 0.88265 0.17785 
385	4	0.17446 0.77914 0.38493 0.10627 0.49130 0.81364 
386	4	0.67337 0.78782 0.12026 0.49466 0.73522 0.47117 
387	4	0.51311 0.78992 0.34205 0.35493 0.69005 0.51748 
388	4	0.49219 0.49475 0.40581 0.27250 0.36569 0.71054 
389	4	0.08493 0.56476 0.56953 0.02214 0.39573 0.90192 
390	4	0.42739 0.61483 0.22535 0.26391 0.70615 0.62746 
391	4	0.44381 0.80192 0.29327 0.25962 0.61422 0.67083 
392	4	0.71380 0.56890 0.05870 0.56143 0.81436 0.36373 
393	4	0.86462 0.47923 0.17943 0.76968 0.80629 0.25505 
394	4	0.58220 0.56802 0.17023 0.39105 0.62614 0.54444 
395	4	0.79575 0.31550 0.32054 0.66328 0.66832 0.34914 
396	4	0.53996 0.82627 0.24348 0.34930 0.67423 0.60491 
397	4	0.42512 0.64100 0.08305 0.29762 0.75788 0.53370 
398	4	0.49037 0.45316 0.52378 0.26537 0.28264 0.76559 
399	4	0.48678 0.83534 0.24866 0.28543 0.58662 0.64558 
400	5	0.76346 0.69491 0.27501 0.62789 0.80061 0.29691 
401	5	0.74261 0.68798 0.29852 0.59961 0.77820 0.32011 
402	5	0.70296 0.62401 0.34651 0.53821 0.67685 0.42130 
403	5	0.69934 0.68138 0.34313 0.54370 0.73613 0.36509 
404	5	0.73011 0.70077 0.30407 0.58493 0.78260 0.31830 
405	5	0.75178 0.68291 0.29515 0.61227 0.78832 0.30425 
406	5	0.78127 0.55362 0.34070 0.64968 0.75260 0.28485 
407	5	0.72890 0.64900 0.33863 0.58046 0.74616 0.33575 
408	5	0.70169 0.66947 0.32854 0.54101 0.72355 0.39807 
409	5	0.66745 0.68673 0.36473 0.50619 0.72130 0.38604 
410	5	0.73251 0.61280 0.36277 0.58458 0.73217 0.32953 
411	5	0.70980 0.73566 0.29431 0.56130 0.79083 0.32903 
412	5	0.73112 0.70405 0.30003 0.58622 0.78496 0.31883 
413	5	0.68529 0.69469 0.34934 0.52968 0.74772 0.35151 
414	5	0.78723 0.54953 0.33562 0.65809 0.75712 0.27778 
415	5	0.77246 0.60615 0.31412 0.63711 0.75966 0.30595 
416	5	0.75643 0.59246 0.33954 0.61425 0.73478 0.32880 
417	5	0.76584 0.61072 0.32587 0.62920 0.76287 0.29790 
418	5	0.72932 0.74345 0.26418 0.58310 0.79388 0.33939 
419	5	0.73766 0.66099 0.32042 0.59225 0.76024 0.32637 
420	5	0.71583 0.66007 0.34372 0.56402 0.74159 0.34771 
421	5	0.76721 0.58628 0.33881 0.63057 0.75270 0.29799 
422	5	0.77756 0.59429 0.31513 0.64430 0.76236 0.29786 
423	5	0.77426 0.63281 0.29514 0.63967 0.77086 0.30781 
424	5	0.67390 0.67554 0.37291 0.51401 0.72009 0.37578 
425	5	0.23522 0.61609 0.50456 0.07606 0.31977 0.84549 
426	5	0.74627 0.79477 0.21894 0.60967 0.84869 0.29466 
427	5	0.73821 0.74813 0.25853 0.59615 0.80908 0.31795 
428	5	0.60712 0.76079 0.34192 0.44747 0.74215 0.40928 
429	5	0.48843 0.59972 0.39985 0.27737 0.48209 0.66902 
430	5	0.60730 0.73557 0.36685 0.44505 0.72115 0.41519 
431	5	0.63446 0.69861 0.38537 0.47104 0.71021 0.39982 
432	5	0.26781 0.74478 0.40893 0.13323 0.50984 0.78380 
433	5	0.61704 0.73199 0.36532 0.45530 0.72625 0.40508 
434	5	0.19954 0.71115 0.45271 0.07520 0.40021 0.83108 
435	5	0.70522 0.63556 0.37581 0.55061 0.72195 0.34893 
436	5	0.69737 0.61272 0.39355 0.53784 0.69040 0.38136 
437	5	0.74914 0.54341 0.36702 0.60203 0.69427 0.35008 
438	5	0.79267 0.67891 0.25088 0.66668 0.80885 0.28422 
439	5	0.74852 0.68107 0.29080 0.60485 0.76327 0.33547 
440	5	0.75552 0.70407 0.27036 0.61552 0.78522 0.32223 
441	5	0.74919 0.72742 0.26574 0.60999 0.80728 0.30560 
442	5	0.74636 0.74965 0.25150 0.60724 0.81955 0.30652 
443	5	0.73329 0.69676 0.27448 0.58137 0.75228 0.38267 
444	5	0.75241 0.70619 0.27667 0.61347 0.79839 0.30638 
445	5	0.79941 0.77240 0.16128 0.67389 0.84484 0.30467 
446	5	0.67780 0.72247 0.32852 0.52084 0.75333 0.36910 
447	5	0.68159 0.65495 0.37815 0.52080 0.70595 0.38202 
448	5	0.65227 0.70703 0.36163 0.49100 0.72764 0.38643 
449	5	0.27220 0.73775 0.48142 0.19480 0.52681 0.65212 
450	5	0.67827 0.72422 0.32725 0.52237 0.75989 0.36065 
451	5	0.22909 0.74532 0.40008 0.09947 0.52806 0.78445 
452	5	0.70350 0.68124 0.34396 0.55094 0.75196 0.33946 
453	5	0.50862 0.81577 0.28704 0.32904 0.70058 0.57793 
454	5	0.78030 0.67109 0.26962 0.64933 0.79505 0.29458 
455	5	0.70737 0.80027 0.22671 0.55684 0.80613 0.35898 
456	5	0.75731 0.67728 0.28826 0.61791 0.77780 0.31820 
457	5	0.74169 0.70897 0.26498 0.59574 0.77110 0.34574 
458	5	0.79101 0.63645 0.27924 0.66421 0.79447 0.28003 
459	5	0.79068 0.68008 0.25476 0.66467 0.81379 0.27691 
460	5	0.80851 0.74091 0.19065 0.68986 0.84524 0.26749 
461	5	0.80120 0.67259 0.24430 0.67824 0.80879 0.27896 
462	5	0.78951 0.67501 0.25634 0.66179 0.80111 0.28914 
463	5	0.79528 0.65097 0.26447 0.66989 0.79850 0.28269 
464	5	0.77419 0.72455 0.23660 0.64201 0.81690 0.29729 
465	5	0.79853 0.69568 0.23925 0.67634 0.82915 0.26350 
466	5	0.81667 0.68342 0.21923 0.70123 0.83326 0.25835 
467	5	0.64378 0.74337 0.33218 0.48276 0.74225 0.39999 
468	5	0.73266 0.81627 0.20159 0.58980 0.83588 0.33245 
469	5	0.29602 0.87164 0.28997 0.27292 0.74441 0.52175 
470	5	0.27599 0.74630 0.47485 0.21302 0.56646 0.63162 
471	5	0.40815 0.84612 0.31301 0.30960 0.74697 0.49397 
472	5	0.29265 0.82384 0.35081 0.23347 0.69191 0.59770 
473	5	0.29244 0.83838 0.33456 0.24902 0.71313 0.56961 
474	5	0.74634 0.74652 0.25446 0.60735 0.81895 0.30408 
475	5	0.57514 0.53350 0.47058 0.36681 0.43395 0.61372 
476	5	0.20699 0.83084 0.33239 0.18098 0.63524 0.67034 
477	5	0.33377 0.72259 0.45262 0.18733 0.48001 0.70952 
478	5	0.38896 0.73218 0.43569 0.23315 0.52227 0.65656 
479	5	0.35347 0.69285 0.47092 0.19148 0.52855 0.71775 
480	5	0.43874 0.82256 0.32962 0.30832 0.70362 0.53758 
481	5	0.32974 0.70355 0.41204 0.14986 0.40767 0.77609 
482	5	0.37296 0.85192 0.31380 0.30256 0.76445 0.47515 
483	5	0.26316 0.84588 0.33515 0.27880 0.75299 0.48186 
484	5	0.31748 0.77163 0.42912 0.23454 0.61307 0.59527 
485	5	0.21779 0.84903 0.31496 0.21466 0.65975 0.62049 
486	5	0.30028 0.85174 0.30848 0.24047 0.71582 0.58464 
487	5	0.63858 0.69781 0.37589 0.47230 0.69843 0.42169 
488	5	0.35646 0.88694 0.25372 0.27934 0.76810 0.53599 
489	5	0.36404 0.91008 0.22104 0.29542 0.79959 0.50923 
490	5	0.22496 0.79557 0.39654 0.20352 0.63499 0.62906 
491	5	0.30547 0.82283 0.36746 0.27402 0.72062 0.49696 
492	5	0.24698 0.81694 0.35801 0.20090 0.62561 0.64442 
493	5	0.31743 0.81559 0.37743 0.27556 0.71599 0.49579 
494	5	0.18739 0.76803 0.42669 0.16586 0.58296 0.68526 
495	5	0.25807 0.90796 0.23635 0.29653 0.81898 0.47187 
496	5	0.25391 0.82066 0.35298 0.20263 0.58651 0.64630 
497	5	0.34837 0.75041 0.45239 0.24115 0.58549 0.59531 
498	5	0.42848 0.79396 0.23316 0.22926 0.60170 0.68519 
499	5	0.67182 0.68989 0.35576 0.51001 0.71826 0.39626 
500	6	0.94889 0.42711 0.10051 0.91011 0.92316 0.10205 
501	6	0.36443 0.82281 0.31329 0.22218 0.60179 0.66236 
502	6	0.41414 0.83422 0.27380 0.24702 0.62618 0.66211 
503	6	0.81276 0.91269 0.08382 0.69910 0.92723 0.25525 
504	6	0.70041 0.73745 0.29776 0.54811 0.77508 0.35148 
505	6	0.77497 0.54551 0.33869 0.63883 0.72963 0.31671 
506	6	0.90246 0.88552 0.05499 0.83504 0.97049 0.14411 
507	6	0.44951 1.00000 0.08509 0.38003 0.95204 0.37850 
508	6	0.39114 0.91816 0.21307 0.33165 0.85111 0.43195 
509	6	0.88433 0.83668 0.07104 0.80392 0.92812 0.19209 
510	6	0.43821 0.82661 0.32256 0.30596 0.69423 0.54063 
511	6	0.72728 0.49405 0.41044 0.57028 0.64183 0.38701 
512	6	0.67631 0.84821 0.21576 0.53051 0.85459 0.33095 
513	6	0.73564 0.82870 0.16590 0.58638 0.80811 0.38254 
514	6	0.68407 0.68528 0.33241 0.51903 0.70536 0.42911 
515	6	0.40070 0.73562 0.44214 0.25213 0.55046 0.62085 
516	6	0.60580 0.80304 0.26578 0.43366 0.71712 0.47763 
517	6	0.59342 0.76735 0.32840 0.42630 0.71323 0.46687 
518	6	0.65646 0.74724 0.29082 0.48776 0.74438 0.44696 
519	6	0.48426 0.79588 0.24154 0.28398 0.62941 0.64435 
520	6	0.54002 0.80418 0.31224 0.37897 0.71073 0.49051 
521	6	0.00000 0.76001 0.33460 0.00000 0.53743 0.94907 
522	6	0.39647 0.80617 0.27495 0.19695 0.54032 0.73263 
523	6	0.19921 0.82840 0.34065 0.18030 0.57623 0.67770 
524	6	0.24357 0.75754 0.44842 0.18250 0.53916 0.67184 
525	6	0.48811 0.80540 0.32462 0.33038 0.67424 0.54061 
526	6	0.67590 0.75523 0.28252 0.51086 0.74226 0.42271 
527	6	0.69454 0.79917 0.21534 0.53339 0.77128 0.41211 
528	6	0.60965 0.57986 0.25311 0.41042 0.57519 0.56430 
529	6	0.53786 0.79634 0.30548 0.36344 0.68602 0.55566 
530	6	0.55047 0.86030 0.24403 0.39884 0.79492 0.45921 
531	6	0.15361 0.89395 0.22936 0.14565 0.65813 0.76014 
532	6	0.35942 0.68463 0.38152 0.17709 0.58091 0.72260 
533	6	0.42311 0.78289 0.39445 0.29813 0.67211 0.53171 
534	6	0.24319 0.89252 0.23654 0.18592 0.71427 0.67773 
535	6	0.62222 0.54190 0.40981 0.42800 0.54588 0.56327 
536	6	0.33600 0.78133 0.38910 0.21311 0.56874 0.68197 
537	6	0.55123 0.51725 0.48852 0.34460 0.46827 0.63626 
538	6	0.94411 0.45793 0.07388 0.90169 0.92901 0.11317 
539	6	0.86936 0.60473 0.17349 0.77907 0.84860 0.21911 
540	6	0.59992 0.83933 0.22031 0.42144 0.74239 0.52516 
541	6	0.65224 0.78792 0.24389 0.48162 0.73994 0.44985 
542	6	0.62709 0.66609 0.41806 0.45883 0.67354 0.42313 
543	6	0.82654 0.21994 0.25637 0.70956 0.71257 0.30407 
544	6	0.73333 0.37258 0.43984 0.57554 0.60803 0.40463 
545	6	0.70035 0.36548 0.56899 0.53811 0.56620 0.37134 
546	6	0.56610 0.74928 0.34937 0.39314 0.68356 0.49726 
547	6	0.61978 0.65405 0.43823 0.45181 0.66622 0.41816 
548	6	0.79110 0.09629 0.41530 0.65743 0.60052 0.33632 
549	6	0.77559 0.44606 0.35015 0.63585 0.67725 0.34872 
550	6	0.73348 0.33428 0.47192 0.57681 0.58519 0.38997 
551	6	0.69353 0.58575 0.34377 0.52318 0.66217 0.44519 
552	6	0.83557 0.23409 0.37167 0.72699 0.71295 0.24645 
553	6	0.58513 0.77075 0.33334 0.42203 0.72895 0.44670 
554	6	0.52706 0.34905 0.70277 0.32000 0.36378 0.61739 
555	6	0.70817 0.49336 0.42160 0.54340 0.63310 0.42332 
556	6	0.71721 0.31679 0.57255 0.56006 0.56720 0.35268 
557	6	0.68155 0.33465 0.54123 0.50593 0.51246 0.46929 
558	6	0.79579 0.27450 0.44087 0.66765 0.65988 0.29298 
559	6	0.80960 0.38024 0.36988 0.68784 0.71190 0.28211 
560	6	0.64594 0.76835 0.25522 0.46739 0.71815 0.50325 
561	6	0.49384 0.86974 0.25849 0.36416 0.79228 0.45627 
562	6	0.44288 0.90626 0.21924 0.33949 0.81515 0.46650 
563	6	0.32631 0.64676 0.48962 0.14700 0.41230 0.77563 
564	6	0.47127 0.73184 0.42345 0.30447 0.59173 0.58899 
565	6	0.70473 0.96593 0.08480 0.56905 0.93519 0.30892 
566	6	0.84643 0.91146 0.07064 0.74890 0.94720 0.21163 
567	6	0.37195 0.80228 0.37774 0.26792 0.66190 0.56566 
568	6	0.79318 0.98509 0.03446 0.67022 0.93875 0.28280 
569	6	0.73413 0.70193 0.26691 0.58257 0.74181 0.38004 
570	6	0.56629 0.74198 0.37472 0.39589 0.66935 0.48892 
571	6	0.91822 0.77800 0.08404 0.86014 0.95813 0.11983 
572	6	0.55425 0.91329 0.15793 0.38365 0.78161 0.50978 
573	6	0.19366 0.70479 0.53393 0.16533 0.47416 0.70746 
574	6	0.87785 0.34065 0.23893 0.79220 0.80093 0.20790 
575	6	0.37576 0.83820 0.28702 0.22849 0.62844 0.65614 
576	6	0.64202 0.77732 0.29459 0.48141 0.76144 0.40930 
577	6	0.32285 0.77992 0.42713 0.25739 0.65513 0.54287 
578	6	0.21267 0.73533 0.39656 0.09351 0.50829 0.79611 
579	6	0.68360 0.78537 0.26990 0.53301 0.80779 0.34451 
580	6	0.65802 0.57414 0.30036 0.47121 0.63022 0.51233 
581	6	0.35636 0.82745 0.31532 0.21798 0.64545 0.65985 
582	6	0.70533 0.87510 0.15376 0.54714 0.81057 0.40742 
583	6	0.12584 0.79565 0.36063 0.11189 0.57925 0.76377 
584	6	0.45112 0.98344 0.09176 0.31088 0.86891 0.54347 
585	6	0.09532 0.78639 0.15906 0.03234 0.73421 0.86567 
586	6	0.45997 0.81402 0.31687 0.30670 0.70496 0.55774 
587	6	0.32479 0.93076 0.19859 0.31321 0.85107 0.45244 
588	6	0.14160 0.80235 0.35869 0.13060 0.59722 0.74856 
589	6	0.16178 0.93913 0.14464 0.11319 0.77290 0.72568 
590	6	0.45164 0.71967 0.47291 0.30968 0.62716 0.51117 
591	6	0.77595 0.63636 0.25349 0.63806 0.75184 0.34070 
592	6	0.34529 0.99364 0.09996 0.34161 0.93598 0.40778 
593	6	0.36133 0.88738 0.25593 0.28728 0.75286 0.52913 
594	6	0.66954 0.80448 0.25186 0.51416 0.79902 0.38260 
595	6	0.70620 0.95827 0.09517 0.57417 0.94921 0.28428 
596	6	0.81208 0.79457 0.16795 0.69831 0.88812 0.23750 
597	6	0.78108 0.78206 0.18334 0.65036 0.83315 0.31420 
598	6	0.83527 0.62088 0.20624 0.72604 0.81213 0.26433 
599	6	0.66201 0.66202 0.39171 0.49818 0.69652 0.39734 
