600	6	6
0	1	0.28888 0.90755 0.12663 0.16882 0.75470 0.59107 
1	1	0.31501 0.96227 0.05515 0.24957 0.94881 0.44698 
2	1	0.21745 0.93345 0.11762 0.18010 0.75289 0.54098 
3	1	0.10584 0.85237 0.21340 0.07515 0.56012 0.72228 
4	1	0.19760 0.91573 0.18580 0.13810 0.65516 0.62852 
5	1	0.20246 0.95141 0.14199 0.16997 0.80440 0.56973 
6	1	0.24024 0.90423 0.15236 0.16402 0.74033 0.60931 
7	1	0.22411 0.84817 0.25074 0.11186 0.54215 0.68450 
8	1	0.32251 0.95071 0.14687 0.18010 0.72552 0.58383 
9	1	0.29285 0.98372 0.10956 0.16243 0.78835 0.57019 
10	1	0.25794 0.97714 0.11304 0.14987 0.77667 0.61224 
11	1	0.42977 0.90074 0.08567 0.33953 0.94266 0.37218 
12	1	0.14086 0.93981 0.20042 0.10731 0.76433 0.63490 
13	1	0.36872 0.91794 0.09057 0.29239 0.92589 0.42493 
14	1	0.27944 0.82511 0.18056 0.16091 0.65003 0.63335 
15	1	0.37729 0.95344 0.13137 0.22278 0.79963 0.56616 
16	1	0.16299 0.86416 0.19760 0.11191 0.65359 0.66557 
17	1	0.15575 0.86351 0.19622 0.09637 0.61135 0.70714 
18	1	0.23783 0.96896 0.08169 0.14746 0.85107 0.58933 
19	1	0.32416 0.92612 0.23605 0.16722 0.71351 0.63562 
20	1	0.17764 0.92161 0.13471 0.12601 0.72393 0.64840 
21	1	0.16645 0.97540 0.07922 0.10579 0.76629 0.64051 
22	1	0.16075 0.94637 0.07641 0.15722 0.92065 0.53821 
23	1	0.20807 0.93418 0.11127 0.14081 0.78717 0.60748 
24	1	0.26899 0.92345 0.07308 0.18377 0.91662 0.52582 
25	1	0.09510 0.90984 0.27467 0.06463 0.60364 0.75825 
26	1	0.09781 0.89704 0.28748 0.05913 0.58284 0.77503 
27	1	0.10944 0.91792 0.20579 0.10888 0.72615 0.63890 
28	1	0.12467 0.92238 0.18009 0.11086 0.75348 0.64207 
29	1	0.14230 0.96041 0.15942 0.10096 0.72848 0.65608 
30	1	0.63321 0.97895 0.04028 0.46170 0.96086 0.32779 
31	1	0.16224 0.93685 0.22497 0.08544 0.62133 0.71679 
32	1	0.36707 0.96084 0.10189 0.22719 0.81557 0.52253 
33	1	0.25558 0.92395 0.19652 0.11460 0.64451 0.70642 
34	1	0.17879 0.89800 0.28690 0.09388 0.59532 0.72741 
35	1	0.19760 0.94988 0.19924 0.15543 0.83626 0.58100 
36	1	0.35811 0.99032 0.10981 0.23397 0.78141 0.47051 
37	1	0.78519 0.87158 0.14019 0.64785 0.88136 0.25451 
38	1	0.19253 0.91282 0.18892 0.13320 0.72953 0.64781 
39	1	0.09826 0.95565 0.11325 0.07647 0.73246 0.69930 
40	1	0.46344 0.96527 0.14224 0.27630 0.75096 0.52507 
41	1	0.20632 0.91151 0.12257 0.13009 0.69699 0.63414 
42	1	0.23081 0.97853 0.04717 0.19984 0.96071 0.46563 
43	1	0.24566 0.91636 0.09054 0.17174 0.80864 0.56146 
44	1	0.06318 0.92709 0.18264 0.05953 0.65788 0.74291 
45	1	0.34317 0.97343 0.10658 0.18466 0.76954 0.58600 
46	1	0.44355 0.97081 0.15375 0.26834 0.75146 0.52510 
47	1	0.29885 0.92262 0.19877 0.19024 0.70563 0.55555 
48	1	0.63913 0.96474 0.04415 0.50665 0.98311 0.26239 
49	1	0.32352 0.91113 0.18711 0.16845 0.69684 0.63331 
50	1	0.18237 0.94873 0.15542 0.11148 0.80776 0.63292 
51	1	0.27124 0.92157 0.19382 0.14154 0.69389 0.65339 
52	1	0.48429 0.89977 0.20192 0.29491 0.72763 0.52447 
53	1	0.24738 0.93195 0.07078 0.18717 0.82509 0.51359 
54	1	0.16959 0.81424 0.20548 0.10611 0.57623 0.64744 
55	1	0.40856 0.89918 0.06298 0.29134 0.89509 0.43511 
56	1	0.20294 0.92504 0.26326 0.15922 0.75816 0.61773 
57	1	0.20542 0.93684 0.21510 0.13309 0.68230 0.66980 
58	1	0.43958 0.95427 0.17101 0.25884 0.80876 0.53017 
59	1	0.48251 0.88944 0.07869 0.34670 0.89104 0.39296 
60	1	0.25313 0.91155 0.11398 0.17872 0.81750 0.56223 
61	1	0.21041 0.95620 0.11928 0.16937 0.82779 0.55518 
62	1	0.18676 0.95551 0.14940 0.11124 0.70342 0.67781 
63	1	0.21051 0.94917 0.13990 0.12368 0.72881 0.64364 
64	1	0.17531 0.94131 0.14329 0.11926 0.76717 0.62682 
65	1	0.25098 0.86491 0.17600 0.14202 0.70769 0.63256 
66	1	0.40245 0.92625 0.08121 0.26476 0.86049 0.47464 
67	1	0.25390 0.98901 0.08304 0.16312 0.79453 0.54794 
68	1	0.26262 0.97048 0.10858 0.14232 0.75575 0.62113 
69	1	0.19481 0.93682 0.12929 0.13168 0.74607 0.63261 
70	1	0.70926 0.94904 0.07847 0.55557 0.91255 0.29044 
71	1	0.69723 0.95847 0.08586 0.53863 0.92609 0.29561 
72	1	0.31152 0.86771 0.17995 0.19419 0.77393 0.56847 
73	1	0.26518 0.94291 0.14748 0.15562 0.75007 0.61663 
74	1	0.90013 0.95423 0.06771 0.82514 0.96539 0.13734 
75	1	0.07815 0.80566 0.27919 0.05963 0.53515 0.76281 
76	1	0.14648 0.93671 0.18624 0.07392 0.61432 0.74350 
77	1	0.46504 0.95043 0.15755 0.27233 0.74748 0.54531 
78	1	0.12381 0.89772 0.34794 0.08089 0.55924 0.75574 
79	1	0.15130 0.86807 0.27435 0.08470 0.54184 0.73675 
80	1	0.17145 0.85433 0.25731 0.10391 0.53747 0.68306 
81	1	0.23267 0.94817 0.17197 0.12896 0.75896 0.64364 
82	1	0.30358 0.93773 0.18072 0.15792 0.69482 0.63874 
83	1	0.16068 0.91129 0.16215 0.08312 0.63996 0.71100 
84	1	0.19773 0.91264 0.13818 0.16009 0.76782 0.59451 
85	1	0.27117 0.98417 0.11101 0.18976 0.81799 0.56230 
86	1	0.11945 0.92067 0.14172 0.07740 0.70486 0.71013 
87	1	0.19843 0.98714 0.09650 0.11492 0.79134 0.63569 
88	1	0.20415 0.93757 0.20946 0.13648 0.76686 0.63598 
89	1	0.17587 0.98539 0.02674 0.13766 0.91578 0.56374 
90	1	0.17926 0.87409 0.24997 0.11639 0.68791 0.69025 
91	1	0.26643 0.85252 0.10765 0.14550 0.71057 0.60016 
92	1	0.20201 0.90647 0.21075 0.11445 0.70179 0.67281 
93	1	0.16504 0.90283 0.16926 0.09479 0.70460 0.69204 
94	1	0.17697 0.90506 0.19099 0.11166 0.68541 0.67238 
95	1	0.17872 0.93842 0.10897 0.11476 0.71342 0.62794 
96	1	0.25067 0.94308 0.20339 0.11017 0.62684 0.71530 
97	1	0.19455 0.90747 0.24372 0.08275 0.56782 0.74744 
98	1	0.13505 0.94012 0.21685 0.07818 0.67652 0.73172 
99	1	0.77181 0.94789 0.13408 0.62972 0.90434 0.26225 
100	2	0.34743 0.89373 0.30548 0.17308 0.63459 0.66409 
101	2	0.51525 0.88898 0.12253 0.31746 0.73477 0.49000 
102	2	0.20833 0.74307 0.24651 0.11025 0.56376 0.68086 
103	2	0.49360 0.69995 0.40967 0.29858 0.61181 0.55842 
104	2	0.57668 0.86407 0.39579 0.37167 0.59589 0.51989 
105	2	0.69929 0.79846 0.34848 0.52127 0.71704 0.39361 
106	2	0.68838 0.85483 0.39662 0.50638 0.65314 0.41682 
107	2	0.21277 0.71547 0.15080 0.14242 0.70082 0.56433 
108	2	0.08375 0.80590 0.25680 0.06558 0.42607 0.73324 
109	2	0.07206 0.67791 0.27217 0.05867 0.47278 0.74930 
110	2	0.07768 0.82752 0.20618 0.05026 0.48015 0.77049 
111	2	0.21102 0.64769 0.30799 0.09995 0.50838 0.72144 
112	2	0.58148 0.68840 0.74178 0.37420 0.52614 0.56040 
113	2	0.31933 0.69236 0.18172 0.18146 0.65426 0.57829 
114	2	0.42749 0.55627 0.20253 0.26711 0.61427 0.47603 
115	2	0.17653 0.69096 0.29951 0.08940 0.58839 0.72285 
116	2	0.26587 0.88571 0.16808 0.15908 0.76050 0.59544 
117	2	0.48207 0.85322 0.17568 0.28678 0.66065 0.50780 
118	2	0.07128 0.87691 0.29907 0.05757 0.62992 0.76649 
119	2	0.03109 0.77539 0.39294 0.04893 0.55642 0.80099 
120	2	0.18397 0.87805 0.19764 0.10675 0.56735 0.65223 
121	2	0.06094 0.78570 0.42125 0.04535 0.54086 0.81424 
122	2	0.26647 0.85132 0.07418 0.16283 0.75992 0.56584 
123	2	0.10515 0.54897 0.51120 0.04145 0.26517 0.86057 
124	2	0.67467 0.73185 0.37005 0.49193 0.72843 0.40804 
125	2	0.50581 0.95327 0.23087 0.30967 0.67847 0.52326 
126	2	0.44038 0.91158 0.20017 0.26338 0.69109 0.54662 
127	2	0.02195 0.75269 0.32992 0.02863 0.37504 0.84688 
128	2	0.16730 0.64608 0.89170 0.11883 0.56966 0.65332 
129	2	0.22147 0.42535 0.56110 0.12830 0.46115 0.73433 
130	2	0.22105 0.89824 0.22134 0.09174 0.52136 0.73405 
131	2	0.50178 0.80152 0.16291 0.31649 0.72054 0.47593 
132	2	0.52960 0.79759 0.22216 0.34717 0.75340 0.46194 
133	2	0.48921 0.68985 0.02978 0.32759 0.79763 0.34882 
134	2	0.14932 0.70890 0.30264 0.08058 0.53381 0.74000 
135	2	0.61109 0.59429 0.19058 0.41488 0.71292 0.44292 
136	2	0.18555 0.84953 0.25773 0.12942 0.72246 0.66022 
137	2	0.68997 0.03887 0.47016 0.51513 0.64418 0.36183 
138	2	0.52002 0.90167 0.29946 0.32818 0.63356 0.49029 
139	2	0.74865 0.47319 0.41626 0.58941 0.67327 0.34983 
140	2	0.31748 0.91905 0.09487 0.17370 0.73857 0.56117 
141	2	0.33679 0.87916 0.52603 0.19779 0.52460 0.59959 
142	2	0.24563 0.97798 0.05544 0.14030 0.79447 0.58530 
143	2	0.23011 0.97561 0.06494 0.15590 0.86073 0.56611 
144	2	0.37620 0.69186 0.24869 0.21683 0.62259 0.57962 
145	2	0.07941 0.84866 0.38096 0.03634 0.36469 0.84878 
146	2	0.14669 0.72006 0.44943 0.06973 0.51709 0.76709 
147	2	0.04879 0.86601 0.31704 0.02991 0.38693 0.85556 
148	2	0.37371 0.88942 0.29901 0.19805 0.62949 0.65067 
149	2	0.44460 0.76319 0.24061 0.25005 0.64502 0.56496 
150	2	0.54581 0.86974 0.41465 0.33623 0.57000 0.57068 
151	2	0.14763 0.92789 0.20577 0.06839 0.57514 0.76537 
152	2	0.05808 0.65586 0.25058 0.05177 0.36068 0.75618 
153	2	0.02410 0.72041 0.27339 0.03709 0.35485 0.79878 
154	2	0.05081 0.72840 0.48833 0.03792 0.35170 0.83878 
155	2	0.18425 0.81158 0.41516 0.11966 0.57921 0.71464 
156	2	0.21697 0.70279 0.51292 0.13234 0.54568 0.71996 
157	2	0.18527 0.69964 0.53727 0.06524 0.35239 0.83132 
158	2	0.49221 0.93081 0.22091 0.30235 0.68632 0.50815 
159	2	0.27005 0.76510 0.41452 0.12915 0.51037 0.72346 
160	2	0.39275 0.79773 0.09564 0.22000 0.70688 0.52914 
161	2	0.06960 0.68030 0.38526 0.03689 0.39530 0.82437 
162	2	0.05389 0.64868 0.55553 0.03082 0.30173 0.87435 
163	2	0.62228 0.72816 0.10838 0.43289 0.72738 0.39367 
164	2	0.69332 0.81983 0.04901 0.53048 0.88024 0.27968 
165	2	0.20758 0.85458 0.29099 0.09499 0.59316 0.73408 
166	2	0.21247 0.90320 0.15677 0.16256 0.76914 0.61241 
167	2	0.42948 0.92264 0.22166 0.24941 0.73654 0.55693 
168	2	0.36732 0.88100 0.29224 0.19295 0.61258 0.66172 
169	2	0.33096 0.82546 0.33494 0.16086 0.50907 0.67254 
170	2	0.33081 0.69104 0.69638 0.14214 0.32015 0.78368 
171	2	0.09764 0.91785 0.19228 0.09060 0.57873 0.65536 
172	2	0.12078 0.63757 0.31814 0.06395 0.44410 0.76340 
173	2	0.76506 0.72050 0.43936 0.61381 0.75621 0.32060 
174	2	0.04867 0.85806 0.20062 0.04809 0.51260 0.77060 
175	2	0.56150 0.93967 0.23648 0.35935 0.73062 0.49959 
176	2	0.04047 0.85888 0.43461 0.03352 0.37830 0.85244 
177	2	0.06193 0.79686 0.49130 0.02580 0.38135 0.89320 
178	2	0.49152 0.89607 0.14758 0.30297 0.78307 0.47585 
179	2	0.54194 0.95122 0.15976 0.33577 0.69114 0.53054 
180	2	0.03365 0.75357 0.47858 0.01988 0.27451 0.88539 
181	2	0.05803 0.76906 0.21958 0.06626 0.53874 0.71976 
182	2	0.09296 0.61890 0.30581 0.06021 0.41541 0.76296 
183	2	0.11840 0.83517 0.23984 0.07675 0.60147 0.71003 
184	2	0.75819 0.82968 0.12505 0.61153 0.87079 0.24655 
185	2	0.44498 0.86709 0.47668 0.25239 0.63351 0.60582 
186	2	0.47598 0.77397 0.14788 0.31152 0.78732 0.46039 
187	2	0.54631 0.65760 0.57726 0.33741 0.53012 0.56656 
188	2	0.53519 0.80809 0.30810 0.32624 0.59798 0.55409 
189	2	0.29747 0.93488 0.34139 0.15814 0.58838 0.63290 
190	2	0.13126 0.91102 0.32263 0.08678 0.74761 0.70156 
191	2	0.47510 0.92737 0.22773 0.29649 0.68444 0.49969 
192	2	0.10508 0.95642 0.12379 0.08191 0.65220 0.70589 
193	2	0.04068 0.91539 0.16602 0.04687 0.57125 0.77218 
194	2	0.49485 0.89398 0.35703 0.28387 0.55793 0.60810 
195	2	0.41431 0.89464 0.16880 0.22810 0.67992 0.57271 
196	2	0.47914 0.75080 0.29155 0.27239 0.56192 0.57339 
197	2	0.23843 0.95097 0.17092 0.12170 0.67295 0.66397 
198	2	0.36181 0.82233 0.32738 0.17061 0.51645 0.71056 
199	2	0.48637 0.59136 0.43657 0.27855 0.49343 0.59284 
200	3	0.35615 0.65633 0.37452 0.22885 0.57384 0.57142 
201	3	0.94256 0.77581 0.12167 0.89548 0.94349 0.10929 
202	3	0.23033 0.92453 0.13853 0.15839 0.68301 0.59804 
203	3	0.73328 0.83417 0.28905 0.57027 0.82226 0.33911 
204	3	0.93564 0.89979 0.09168 0.88443 0.95942 0.10125 
205	3	0.91041 0.67736 0.11525 0.84033 0.88200 0.14121 
206	3	0.19551 0.83233 0.10859 0.14671 0.73228 0.57781 
207	3	0.22343 0.70056 0.41818 0.10334 0.56935 0.73459 
208	3	0.30272 0.76157 0.23034 0.20309 0.77045 0.54088 
209	3	0.18289 0.80064 0.30224 0.08870 0.57359 0.74616 
210	3	0.66760 0.77139 0.11851 0.49167 0.80647 0.35079 
211	3	0.60113 0.84835 0.45715 0.39709 0.62031 0.52798 
212	3	0.16604 0.82407 0.18720 0.08906 0.61905 0.69170 
213	3	0.54458 0.86290 0.09613 0.34816 0.77110 0.46704 
214	3	0.26460 0.75326 0.39402 0.18911 0.78492 0.57775 
215	3	0.28396 0.71710 0.13994 0.21301 0.73328 0.52802 
216	3	0.23645 0.86072 0.23608 0.10180 0.54942 0.73310 
217	3	0.81463 0.80595 0.09658 0.68796 0.89055 0.24042 
218	3	0.01411 0.56045 0.57847 0.02403 0.28037 0.86888 
219	3	0.47340 0.78478 0.27618 0.30739 0.68540 0.50849 
220	3	0.14992 0.79788 0.17103 0.10907 0.65646 0.64834 
221	3	0.00000 0.59571 0.95663 0.00744 0.17810 0.96915 
222	3	0.93605 0.85222 0.05197 0.88580 0.96288 0.09804 
223	3	0.05174 0.92966 0.18331 0.05530 0.63795 0.76384 
224	3	0.36998 0.58157 0.18483 0.25258 0.71136 0.49114 
225	3	0.32705 0.91893 0.08592 0.22449 0.87684 0.48026 
226	3	0.87332 0.89506 0.15665 0.78045 0.90264 0.18257 
227	3	0.30150 0.89556 0.39410 0.16626 0.72204 0.63304 
228	3	0.30968 0.79294 0.19301 0.17689 0.72528 0.57834 
229	3	0.25059 0.80480 0.10514 0.19704 0.80804 0.52920 
230	3	0.44354 0.82867 0.21988 0.26209 0.66138 0.54253 
231	3	0.32037 0.74125 0.21895 0.16236 0.55029 0.63465 
232	3	0.33153 0.58445 0.24602 0.28388 0.79103 0.44660 
233	3	0.07520 0.67340 0.47886 0.04137 0.34684 0.84320 
234	3	0.31367 0.85674 0.13657 0.19620 0.71135 0.56684 
235	3	0.23775 0.40423 0.22311 0.17742 0.58563 0.53987 
236	3	0.46862 0.77915 0.05033 0.34948 0.88029 0.37748 
237	3	0.51232 0.81928 0.22802 0.34017 0.71134 0.49006 
238	3	0.21903 0.91676 0.26260 0.11245 0.62071 0.71170 
239	3	0.09466 0.73948 0.20310 0.09736 0.63937 0.68281 
240	3	0.25496 0.91567 0.07794 0.14970 0.77079 0.56018 
241	3	0.66453 0.93688 0.19890 0.50499 0.83783 0.34253 
242	3	0.18123 0.81952 0.15613 0.13433 0.66678 0.63015 
243	3	0.78741 0.92120 0.21526 0.64637 0.85525 0.29348 
244	3	0.74357 0.87019 0.13543 0.58315 0.82297 0.32863 
245	3	0.32813 0.92902 0.06501 0.22213 0.85277 0.52037 
246	3	0.09766 0.79617 0.21566 0.10555 0.74088 0.66299 
247	3	0.35304 0.78298 0.39547 0.16831 0.50081 0.70708 
248	3	0.26062 0.87366 0.13144 0.15234 0.79498 0.60375 
249	3	0.36930 0.75201 0.13081 0.26657 0.79759 0.46840 
250	3	0.10545 0.78451 0.16610 0.09615 0.64833 0.66694 
251	3	0.74120 0.74305 0.10747 0.59032 0.82773 0.27155 
252	3	0.57134 0.90440 0.03524 0.42029 0.95933 0.31739 
253	3	0.18699 0.62185 0.27108 0.09660 0.47406 0.70490 
254	3	0.57983 0.61420 0.11358 0.39971 0.77363 0.39684 
255	3	0.29742 0.52302 0.16191 0.24527 0.64828 0.45196 
256	3	0.17127 0.62457 0.36024 0.11944 0.61744 0.68716 
257	3	0.74599 0.90269 0.19058 0.58617 0.82023 0.33738 
258	3	0.90383 0.67435 0.10663 0.82991 0.92135 0.14156 
259	3	0.34623 0.75284 0.08009 0.26511 0.75880 0.42483 
260	3	0.21443 0.31933 0.80305 0.08446 0.31309 0.83340 
261	3	1.00000 0.36552 0.00107 1.00000 0.98371 0.00000 
262	3	0.22298 0.86362 0.06805 0.23469 0.92454 0.43350 
263	3	0.40072 0.65325 0.17992 0.24186 0.68438 0.52446 
264	3	0.45826 0.84824 0.36204 0.26010 0.66338 0.59314 
265	3	0.17610 0.68843 0.22321 0.11758 0.56314 0.67837 
266	3	0.44781 0.98532 0.16566 0.33992 0.81367 0.43980 
267	3	0.57746 0.60386 0.09926 0.41047 0.76957 0.36529 
268	3	0.82148 0.50873 0.01087 0.70714 0.88641 0.14893 
269	3	0.33640 0.90795 0.23505 0.25833 0.72877 0.52141 
270	3	0.32932 0.92129 0.20345 0.27555 0.75218 0.48860 
271	3	0.36590 0.98012 0.00929 0.31951 0.97829 0.32522 
272	3	0.29230 0.99517 0.03256 0.25256 0.91160 0.43129 
273	3	0.88552 0.92846 0.08743 0.79950 0.90742 0.16886 
274	3	0.62693 0.56747 0.08031 0.45937 0.81208 0.32363 
275	3	0.14570 0.66408 0.23483 0.12272 0.58508 0.64312 
276	3	0.52899 0.69646 0.22816 0.34456 0.72816 0.47861 
277	3	0.40470 0.66500 0.21287 0.30178 0.79760 0.46816 
278	3	0.18943 0.66955 0.24352 0.12603 0.61144 0.63636 
279	3	0.25758 0.20478 0.20523 0.20169 0.43953 0.48299 
280	3	0.58040 0.69126 0.33553 0.37543 0.60739 0.52801 
281	3	0.16117 0.85003 0.12332 0.11330 0.71033 0.64006 
282	3	0.29786 0.81197 0.06705 0.25191 0.85256 0.45309 
283	3	0.71934 0.60582 0.37135 0.54801 0.67942 0.38342 
284	3	0.49135 0.67527 0.19629 0.31752 0.74968 0.46614 
285	3	0.22358 0.61028 0.27335 0.11652 0.54997 0.67981 
286	3	0.19048 0.94320 0.04340 0.13786 0.81847 0.56894 
287	3	0.20745 0.86914 0.12817 0.17801 0.88124 0.54183 
288	3	0.26221 0.85838 0.09740 0.18877 0.81874 0.51150 
289	3	0.31752 0.46951 0.22888 0.24393 0.69596 0.52287 
290	3	0.30195 0.80758 0.07981 0.26013 0.83836 0.45917 
291	3	0.58449 0.60569 0.06931 0.40769 0.78482 0.35571 
292	3	0.28303 0.79146 0.21146 0.18736 0.83910 0.56179 
293	3	0.25178 0.65701 0.36239 0.12103 0.61193 0.71134 
294	3	0.40267 0.59676 0.12180 0.25964 0.69952 0.45292 
295	3	0.36100 0.69938 0.22346 0.25147 0.82181 0.51402 
296	3	0.33744 0.82528 0.38045 0.19584 0.72690 0.59745 
297	3	0.22125 0.94214 0.03981 0.21586 0.92238 0.43628 
298	3	0.47695 0.97381 0.02018 0.32953 0.96201 0.37332 
299	3	0.67652 0.67052 0.17196 0.50113 0.79466 0.36859 
300	4	0.43434 0.84494 0.02713 0.31933 0.87509 0.38612 
301	4	0.19919 0.39604 0.56078 0.09782 0.27838 0.75292 
302	4	0.75785 0.10862 0.18173 0.60554 0.76568 0.29758 
303	4	0.22609 0.46815 0.25853 0.15715 0.58544 0.60238 
304	4	0.22029 0.93106 0.21196 0.13414 0.69820 0.65346 
305	4	0.26547 0.85575 0.16237 0.14658 0.71347 0.60500 
306	4	0.10263 0.69390 0.72740 0.04180 0.34841 0.87308 
307	4	0.34687 0.97469 0.05508 0.18042 0.77787 0.58199 
308	4	0.23558 0.64597 0.21968 0.17214 0.67554 0.58841 
309	4	0.06824 0.24776 0.93475 0.02779 0.02894 0.91050 
310	4	0.41671 0.58669 0.55114 0.21176 0.44873 0.69346 
311	4	0.11539 0.79297 0.21062 0.06288 0.49972 0.74712 
312	4	0.06923 0.44663 0.75645 0.02354 0.11051 0.89702 
313	4	0.45215 0.63420 0.25998 0.26046 0.60970 0.57344 
314	4	0.69184 0.75996 0.10111 0.51740 0.79126 0.35069 
315	4	0.71803 0.74796 0.17916 0.55135 0.79374 0.33886 
316	4	0.14391 0.85977 0.22372 0.09433 0.65802 0.68919 
317	4	0.00800 0.86173 0.15977 0.03722 0.46912 0.78021 
318	4	0.17307 0.57643 0.33161 0.09689 0.39986 0.69556 
319	4	0.69277 0.98448 0.11008 0.52274 0.82276 0.34502 
320	4	0.37629 0.88078 0.13724 0.20567 0.62216 0.56874 
321	4	0.14638 0.62637 0.22042 0.09496 0.53182 0.67801 
322	4	0.58497 0.85981 0.27930 0.38190 0.66300 0.50479 
323	4	0.47092 0.87920 0.34159 0.26738 0.57406 0.59322 
324	4	0.26955 0.71188 0.21861 0.14045 0.59342 0.65060 
325	4	0.32769 0.56036 0.15574 0.23261 0.74758 0.47639 
326	4	0.05662 0.80177 0.22751 0.04352 0.44354 0.78625 
327	4	0.17021 0.86770 0.12681 0.09115 0.61164 0.67810 
328	4	0.52064 0.78221 0.36262 0.31399 0.54708 0.54022 
329	4	0.29973 0.66601 0.26018 0.16289 0.57102 0.62343 
330	4	0.08326 0.74163 0.18072 0.06385 0.47510 0.70821 
331	4	0.35375 0.70456 0.29493 0.17139 0.52469 0.65473 
332	4	0.23552 0.57019 0.50636 0.11029 0.46991 0.75463 
333	4	0.49255 0.59501 0.22134 0.32844 0.68195 0.44772 
334	4	0.32203 0.56618 0.20311 0.20879 0.58622 0.54576 
335	4	0.11425 0.97957 0.06033 0.10520 0.85402 0.59645 
336	4	0.41195 0.67188 0.09976 0.27311 0.75390 0.46977 
337	4	0.35397 0.64520 0.18054 0.22205 0.61959 0.53547 
338	4	0.19949 0.68883 0.38167 0.12337 0.60689 0.68565 
339	4	0.18442 0.89178 0.11110 0.09900 0.63765 0.66173 
340	4	0.30961 0.75948 0.32381 0.15156 0.53830 0.66169 
341	4	0.05480 0.55767 0.27016 0.05490 0.33772 0.73391 
342	4	0.19434 0.78346 0.22145 0.17452 0.75781 0.52978 
343	4	0.18499 0.76988 0.40510 0.13138 0.65018 0.65454 
344	4	0.09429 0.69464 0.17205 0.08441 0.52727 0.66481 
345	4	0.37447 0.50692 0.21366 0.25007 0.67340 0.48383 
346	4	0.75629 0.43468 0.10023 0.62240 0.93070 0.21301 
347	4	0.26276 0.74109 0.41609 0.18248 0.87471 0.51541 
348	4	0.02239 0.56083 0.33229 0.03859 0.23114 0.78230 
349	4	0.34558 0.48108 0.37851 0.17189 0.53687 0.66537 
350	4	0.44045 0.54976 0.24979 0.25093 0.65521 0.56170 
351	4	0.04696 0.53497 0.50281 0.04145 0.29945 0.83364 
352	4	0.29458 0.51480 0.36769 0.17323 0.58425 0.58931 
353	4	0.27463 0.78381 0.65083 0.11918 0.44305 0.76439 
354	4	0.61681 0.79209 0.05766 0.50480 0.92499 0.24843 
355	4	0.41147 0.86624 0.08190 0.23990 0.70432 0.49786 
356	4	0.29459 0.62898 0.19545 0.15249 0.53629 0.61570 
357	4	0.37581 0.40201 0.28355 0.20703 0.55149 0.56541 
358	4	0.01522 0.70935 0.35937 0.03008 0.36629 0.83832 
359	4	0.10913 0.85586 0.12310 0.09992 0.67929 0.63551 
360	4	0.66023 0.63380 0.00000 0.54877 0.92666 0.15770 
361	4	0.36783 0.78552 0.10692 0.20677 0.72746 0.52721 
362	4	0.20959 0.61403 0.17291 0.15637 0.57181 0.59505 
363	4	0.35788 0.55995 0.14638 0.31624 0.79581 0.40931 
364	4	0.16760 0.07670 0.60265 0.07657 0.19995 0.76595 
365	4	0.23508 0.74582 0.19245 0.15799 0.71875 0.57111 
366	4	0.32206 0.59524 0.42975 0.16807 0.53269 0.65987 
367	4	0.35114 0.75888 0.30279 0.16873 0.47592 0.66981 
368	4	0.57963 0.58634 0.30825 0.37705 0.66087 0.49536 
369	4	0.22336 0.66694 0.12209 0.16585 0.67151 0.54497 
370	4	0.14781 0.62045 0.81288 0.06759 0.30926 0.81096 
371	4	0.29617 0.89701 0.20733 0.13323 0.61618 0.69994 
372	4	0.00657 0.46476 0.89996 0.00000 0.00000 1.00000 
373	4	0.37242 0.74893 0.19178 0.27127 0.81638 0.45857 
374	4	0.23992 0.00000 0.88058 0.09202 0.21511 0.81969 
375	4	0.27242 0.80164 0.17167 0.16409 0.70481 0.59116 
376	4	0.52362 0.74780 0.13228 0.42378 0.88425 0.27983 
377	4	0.07218 0.67630 0.50838 0.04725 0.23552 0.83419 
378	4	0.74351 0.55505 0.01566 0.60246 0.88972 0.19666 
379	4	0.42941 0.72682 0.10243 0.36522 0.82217 0.34598 
380	4	0.55778 0.57620 0.07696 0.39564 0.76316 0.35265 
381	4	0.16806 0.78611 0.38235 0.07953 0.43765 0.79176 
382	4	0.07714 0.70411 0.21575 0.07006 0.47684 0.70043 
383	4	0.17624 0.34226 0.62121 0.11263 0.51614 0.70591 
384	4	0.39430 0.52378 0.15933 0.23449 0.64534 0.51762 
385	4	0.08761 0.77479 0.38968 0.06086 0.42198 0.76966 
386	4	0.28855 0.75261 0.11012 0.17623 0.65656 0.55014 
387	4	0.22044 0.83246 0.39438 0.12054 0.52545 0.68865 
388	4	0.15358 0.60289 0.29734 0.08849 0.41740 0.71670 
389	4	0.19820 0.79636 0.12108 0.11391 0.64315 0.63409 
390	4	0.13331 0.84342 0.12434 0.11339 0.69930 0.62875 
391	4	0.16923 0.81237 0.20109 0.08091 0.54732 0.73934 
392	4	0.34402 0.55276 0.14784 0.31758 0.78832 0.42328 
393	4	0.38320 0.70059 0.17666 0.23223 0.68599 0.52463 
394	4	0.26356 0.73369 0.09818 0.15580 0.64546 0.54075 
395	4	0.22188 0.49689 0.25615 0.12533 0.43149 0.63887 
396	4	0.49481 0.83270 0.09838 0.29768 0.71809 0.49033 
397	4	0.28450 0.82705 0.09224 0.18478 0.77511 0.52760 
398	4	0.01241 0.49681 0.40710 0.03196 0.21470 0.81350 
399	4	0.33083 0.81561 0.29964 0.17161 0.58641 0.66397 
400	5	0.79934 0.79647 0.38790 0.66082 0.76084 0.32594 
401	5	0.80743 0.78686 0.41225 0.67289 0.75645 0.31881 
402	5	0.76666 0.80580 0.38768 0.61224 0.73177 0.36609 
403	5	0.76777 0.80967 0.37814 0.61372 0.71936 0.36597 
404	5	0.79941 0.81575 0.37043 0.66092 0.75166 0.32545 
405	5	0.80415 0.83587 0.31764 0.66800 0.76201 0.31897 
406	5	0.77118 0.76023 0.40677 0.61978 0.73886 0.35337 
407	5	0.76312 0.80499 0.35679 0.60704 0.72646 0.36875 
408	5	0.77392 0.80116 0.40379 0.62305 0.73909 0.35610 
409	5	0.78406 0.83043 0.42397 0.63847 0.73266 0.33707 
410	5	0.80164 0.78425 0.40838 0.66421 0.73939 0.32497 
411	5	0.79407 0.81975 0.37818 0.65329 0.75779 0.32565 
412	5	0.78299 0.80911 0.41822 0.63643 0.73005 0.34540 
413	5	0.79820 0.82419 0.43474 0.66030 0.75203 0.31296 
414	5	0.79940 0.72026 0.50068 0.66131 0.73474 0.32362 
415	5	0.78700 0.78049 0.39150 0.64220 0.73116 0.34214 
416	5	0.79398 0.77830 0.40842 0.65262 0.74256 0.33395 
417	5	0.79613 0.78460 0.39833 0.65587 0.74637 0.33122 
418	5	0.76976 0.84552 0.35819 0.61741 0.74317 0.35337 
419	5	0.77428 0.82010 0.38024 0.62363 0.72684 0.35496 
420	5	0.80349 0.82796 0.36763 0.66745 0.76352 0.31445 
421	5	0.80785 0.77302 0.40193 0.67346 0.74660 0.31944 
422	5	0.79010 0.80476 0.35436 0.64735 0.76127 0.32992 
423	5	0.80331 0.78279 0.38749 0.66679 0.75338 0.32108 
424	5	0.73691 0.77501 0.49494 0.56984 0.67623 0.40307 
425	5	0.19162 0.45699 0.48137 0.09609 0.44708 0.74514 
426	5	0.63012 0.80045 0.31139 0.46022 0.81631 0.37658 
427	5	0.67546 0.80004 0.38945 0.49740 0.73897 0.39696 
428	5	0.69803 0.81135 0.54101 0.51882 0.68833 0.42452 
429	5	0.15487 0.72819 0.48510 0.06852 0.47428 0.80157 
430	5	0.68576 0.81073 0.53451 0.50293 0.66702 0.43974 
431	5	0.71396 0.77217 0.58821 0.53899 0.66787 0.42005 
432	5	0.06525 0.82598 0.41484 0.04279 0.53191 0.82781 
433	5	0.71574 0.78529 0.58962 0.54380 0.68178 0.40009 
434	5	0.04756 0.77081 0.44984 0.05229 0.46893 0.79806 
435	5	0.74034 0.73946 0.54700 0.57466 0.66355 0.40012 
436	5	0.74480 0.72985 0.58724 0.58046 0.66902 0.40154 
437	5	0.48499 0.68777 0.50546 0.32006 0.64359 0.51832 
438	5	0.48014 0.74498 0.34034 0.33872 0.72073 0.45173 
439	5	0.75109 0.76130 0.42933 0.59170 0.72339 0.36574 
440	5	0.31198 0.76245 0.34719 0.26005 0.67251 0.51154 
441	5	0.59981 0.74992 0.37358 0.42406 0.75815 0.42607 
442	5	0.71842 0.80726 0.39721 0.55006 0.74921 0.37539 
443	5	0.79098 0.82602 0.34028 0.64839 0.74977 0.33170 
444	5	0.64796 0.80592 0.34234 0.46013 0.68711 0.44205 
445	5	0.82953 0.87858 0.17857 0.70835 0.85134 0.26262 
446	5	0.51517 0.82313 0.40829 0.33348 0.67848 0.51746 
447	5	0.77112 0.77508 0.50082 0.61950 0.71051 0.35871 
448	5	0.73284 0.79666 0.54947 0.56499 0.67788 0.40032 
449	5	0.15941 0.77064 0.66781 0.07186 0.45978 0.80141 
450	5	0.64838 0.79775 0.46034 0.45680 0.64950 0.46256 
451	5	0.11018 0.82435 0.48638 0.06193 0.48328 0.79180 
452	5	0.75702 0.77640 0.46904 0.59948 0.70239 0.36869 
453	5	0.10266 0.85401 0.40823 0.08500 0.54542 0.71054 
454	5	0.50647 0.69997 0.36958 0.34868 0.70510 0.45997 
455	5	0.46034 0.83774 0.36643 0.27551 0.61922 0.52781 
456	5	0.47775 0.73380 0.34759 0.32821 0.72287 0.48662 
457	5	0.45747 0.76134 0.43382 0.26507 0.57209 0.55558 
458	5	0.45337 0.74568 0.34536 0.33420 0.74452 0.45911 
459	5	0.53441 0.72302 0.31579 0.38420 0.77263 0.41677 
460	5	0.43925 0.77580 0.35745 0.27014 0.62240 0.50599 
461	5	0.43843 0.72583 0.28154 0.32920 0.75025 0.44672 
462	5	0.44162 0.73716 0.30544 0.33524 0.75921 0.44866 
463	5	0.47625 0.72019 0.33426 0.34322 0.73340 0.45739 
464	5	0.32886 0.80797 0.39442 0.23931 0.66653 0.51710 
465	5	0.41555 0.73649 0.31266 0.32378 0.76566 0.45060 
466	5	0.45118 0.73759 0.37497 0.27512 0.59213 0.51053 
467	5	0.72176 0.81348 0.42607 0.55098 0.70642 0.39461 
468	5	0.43222 0.85458 0.26478 0.31819 0.77354 0.46220 
469	5	0.39103 0.88598 0.45653 0.21268 0.62749 0.62345 
470	5	0.16079 0.84150 0.58080 0.06854 0.38447 0.83039 
471	5	0.27752 0.90550 0.43899 0.20444 0.67434 0.54179 
472	5	0.34782 0.91337 0.28729 0.19068 0.73023 0.60223 
473	5	0.35846 0.92290 0.27489 0.20332 0.73742 0.58754 
474	5	0.32869 0.81973 0.33634 0.28643 0.76240 0.49290 
475	5	0.09187 0.55784 0.32090 0.07195 0.45422 0.72558 
476	5	0.08795 0.82354 0.41345 0.05146 0.54086 0.81009 
477	5	0.20963 0.71015 0.32864 0.08860 0.49542 0.76399 
478	5	0.34714 0.87938 0.34532 0.16185 0.57376 0.70472 
479	5	0.31320 0.78260 0.49217 0.13631 0.49093 0.75336 
480	5	0.11446 0.84993 0.44606 0.06192 0.49505 0.79440 
481	5	0.33992 0.84184 0.37731 0.16146 0.51181 0.69051 
482	5	0.43221 0.89771 0.41812 0.38359 0.79852 0.34870 
483	5	0.41029 0.88363 0.59007 0.25915 0.67045 0.50903 
484	5	0.41280 0.90227 0.30011 0.23439 0.69636 0.55464 
485	5	0.38562 0.90499 0.38485 0.28762 0.73398 0.47087 
486	5	0.35104 0.89982 0.50180 0.22662 0.69153 0.51801 
487	5	0.39313 0.86502 0.31614 0.20759 0.65046 0.64149 
488	5	0.33829 0.90620 0.51022 0.28234 0.74368 0.44566 
489	5	0.42393 0.92236 0.34381 0.39509 0.85159 0.30875 
490	5	0.35609 0.86836 0.52573 0.25360 0.64734 0.54268 
491	5	0.36533 0.88116 0.50547 0.28434 0.70164 0.48889 
492	5	0.40032 0.87518 0.49131 0.27701 0.67579 0.52833 
493	5	0.36361 0.85558 0.57997 0.31852 0.69686 0.44485 
494	5	0.35940 0.83764 0.58833 0.27517 0.68621 0.52058 
495	5	0.44478 0.91653 0.43076 0.29203 0.76854 0.47157 
496	5	0.02245 0.85571 0.31537 0.03544 0.45478 0.82536 
497	5	0.22226 0.77249 0.37620 0.09627 0.51395 0.75745 
498	5	0.23460 0.90445 0.17865 0.15328 0.73382 0.61024 
499	5	0.78634 0.78145 0.58972 0.64351 0.73282 0.32739 
500	6	0.57362 0.91815 0.04104 0.40107 0.87346 0.37062 
501	6	0.04958 0.90146 0.18460 0.06276 0.66135 0.73351 
502	6	0.10919 0.85291 0.19289 0.08016 0.58356 0.71467 
503	6	0.85374 0.97511 0.03860 0.74952 0.97409 0.19210 
504	6	0.52865 0.86224 0.20593 0.32727 0.70161 0.52235 
505	6	0.52133 0.80334 0.22300 0.32073 0.69576 0.52375 
506	6	0.89057 0.91962 0.06072 0.81323 0.98061 0.12533 
507	6	0.61038 1.00000 0.08412 0.43340 0.89006 0.35609 
508	6	0.53451 0.96538 0.15237 0.36394 0.81050 0.41879 
509	6	0.19236 0.93094 0.03005 0.19233 0.92425 0.47930 
510	6	0.12194 0.85741 0.22952 0.08565 0.62060 0.71226 
511	6	0.50902 0.72093 0.35437 0.30114 0.60510 0.57453 
512	6	0.64987 0.95066 0.17073 0.46356 0.82512 0.42150 
513	6	0.39244 0.85711 0.07438 0.23352 0.76667 0.52473 
514	6	0.41155 0.77459 0.35696 0.21869 0.62697 0.63189 
515	6	0.27829 0.80715 0.54391 0.10985 0.44399 0.80523 
516	6	0.50252 0.74648 0.26511 0.29775 0.66688 0.56486 
517	6	0.24273 0.89173 0.15456 0.14857 0.73410 0.61562 
518	6	0.33581 0.80666 0.49679 0.18254 0.59810 0.63538 
519	6	0.17204 0.75972 0.16814 0.12410 0.58113 0.63936 
520	6	0.58270 0.90813 0.27726 0.38198 0.75620 0.49907 
521	6	0.26131 0.74398 0.16718 0.14766 0.72204 0.61185 
522	6	0.19952 0.79354 0.17184 0.12648 0.67685 0.61272 
523	6	0.33098 0.69952 0.37413 0.17210 0.58843 0.63037 
524	6	0.05768 0.77035 0.38161 0.05033 0.53987 0.80754 
525	6	0.26682 0.89905 0.30194 0.11579 0.61144 0.73268 
526	6	0.72424 0.62857 0.36015 0.55437 0.76511 0.38688 
527	6	0.66950 0.86542 0.29884 0.48172 0.69941 0.44195 
528	6	0.43449 0.72184 0.11371 0.26949 0.77490 0.48477 
529	6	0.29873 0.84484 0.18068 0.17605 0.69854 0.59945 
530	6	0.32482 0.85606 0.28428 0.18398 0.70890 0.59870 
531	6	0.24614 0.87329 0.04565 0.20122 0.85548 0.49226 
532	6	0.35524 0.65161 0.40380 0.17954 0.61533 0.67566 
533	6	0.17375 0.78098 0.51144 0.08162 0.62402 0.77306 
534	6	0.16942 0.82152 0.16936 0.12232 0.73734 0.63188 
535	6	0.47455 0.65571 0.11208 0.28731 0.67530 0.48543 
536	6	0.06904 0.78674 0.26341 0.04754 0.47651 0.77954 
537	6	0.48301 0.62000 0.14909 0.29093 0.67419 0.50720 
538	6	0.51037 0.75031 0.05887 0.35944 0.83870 0.37079 
539	6	0.89750 0.88309 0.09322 0.81870 0.92695 0.16393 
540	6	0.52614 0.84515 0.10105 0.33245 0.81031 0.47159 
541	6	0.46315 0.85096 0.41179 0.26480 0.68577 0.59557 
542	6	0.39350 0.82871 0.45102 0.20728 0.64118 0.64804 
543	6	0.58633 0.63446 0.41657 0.38806 0.69960 0.48627 
544	6	0.53087 0.64351 0.51807 0.32441 0.62726 0.56928 
545	6	0.43533 0.49376 0.81123 0.23108 0.49692 0.66858 
546	6	0.41217 0.79669 0.67728 0.22439 0.62336 0.63868 
547	6	0.47309 0.75595 0.70290 0.26989 0.59519 0.62036 
548	6	0.61821 0.44233 0.68518 0.42193 0.61879 0.48746 
549	6	0.64038 0.62549 0.47827 0.44566 0.64947 0.47645 
550	6	0.44575 0.56753 0.55723 0.24597 0.55093 0.62776 
551	6	0.38362 0.70745 0.49591 0.19776 0.59288 0.66617 
552	6	0.46100 0.40561 0.54762 0.26932 0.56165 0.56780 
553	6	0.47112 0.84666 0.52906 0.28098 0.68881 0.56727 
554	6	0.42973 0.53994 1.00000 0.22204 0.41220 0.70260 
555	6	0.56628 0.67063 0.53166 0.36123 0.67416 0.54075 
556	6	0.52215 0.42505 0.93179 0.31227 0.51819 0.60420 
557	6	0.38096 0.54953 0.70860 0.18884 0.50173 0.70094 
558	6	0.52720 0.44159 0.66317 0.32364 0.60040 0.54943 
559	6	0.60111 0.62148 0.50246 0.40162 0.67268 0.49367 
560	6	0.47335 0.91255 0.14720 0.27038 0.70340 0.55769 
561	6	0.48494 0.87203 0.16091 0.29629 0.74528 0.51179 
562	6	0.39010 0.87885 0.14902 0.23688 0.71819 0.51999 
563	6	0.13448 0.82677 0.20616 0.10008 0.66352 0.69368 
564	6	0.36320 0.71930 0.21895 0.18902 0.64376 0.61546 
565	6	0.84394 0.99418 0.06508 0.73596 0.92225 0.19219 
566	6	0.90974 0.94064 0.07978 0.84073 0.97038 0.13915 
567	6	0.19109 0.87355 0.21170 0.08931 0.61463 0.73239 
568	6	0.41253 0.94264 0.01717 0.29833 0.90640 0.42852 
569	6	0.33246 0.79866 0.14218 0.19409 0.62976 0.55446 
570	6	0.25927 0.82689 0.25548 0.12688 0.60831 0.69217 
571	6	0.95415 0.90616 0.04600 0.91696 1.00000 0.07714 
572	6	0.60792 0.95357 0.08627 0.41606 0.85771 0.41874 
573	6	0.21349 0.77249 0.15142 0.13729 0.66573 0.61642 
574	6	0.78279 0.65960 0.27316 0.63805 0.78575 0.30983 
575	6	0.13482 0.84911 0.24736 0.05711 0.54501 0.79117 
576	6	0.51679 0.91841 0.17603 0.31338 0.75560 0.53698 
577	6	0.25110 0.71459 0.33959 0.13733 0.64462 0.67107 
578	6	0.04668 0.84095 0.31217 0.03504 0.50847 0.83712 
579	6	0.63545 0.85455 0.39559 0.44221 0.71816 0.45966 
580	6	0.44201 0.78143 0.34873 0.24385 0.63427 0.60342 
581	6	0.09212 0.89566 0.16574 0.07536 0.66076 0.73108 
582	6	0.69834 0.90575 0.16123 0.52070 0.80118 0.39179 
583	6	0.08868 0.73447 0.36353 0.06291 0.55208 0.75782 
584	6	0.22852 0.94102 0.03247 0.18210 0.93480 0.50546 
585	6	0.62341 0.82710 0.03866 0.44287 0.87317 0.36585 
586	6	0.14800 0.89766 0.19550 0.09034 0.69558 0.69897 
587	6	0.41961 0.86299 0.12157 0.23890 0.78919 0.55159 
588	6	0.26238 0.73118 0.22259 0.14081 0.64152 0.65383 
589	6	0.25749 0.93666 0.02447 0.21198 0.86352 0.46649 
590	6	0.29465 0.79869 0.60391 0.13257 0.55748 0.74413 
591	6	0.42802 0.87535 0.14623 0.26309 0.74912 0.51651 
592	6	0.54198 0.99144 0.15115 0.40479 0.93447 0.31276 
593	6	0.08307 0.79344 0.21161 0.06159 0.44393 0.74461 
594	6	0.63430 0.86124 0.26549 0.44692 0.78079 0.43075 
595	6	0.55333 0.93526 0.19185 0.37664 0.77516 0.42044 
596	6	0.68981 0.86941 0.20383 0.51625 0.83374 0.36772 
597	6	0.77009 0.90133 0.14193 0.61998 0.85753 0.31578 
598	6	0.78319 0.84454 0.16007 0.63981 0.84937 0.29703 
599	6	0.30528 0.67690 0.20240 0.26378 0.74264 0.49755 
