600	6	16
0	1	0.00017 0.00000 0.02010 0.00000 0.01949 0.00000 0.01956 0.00000 0.04265 0.00000 0.23022 0.00000 0.25633 0.00000 0.41148 0.00000 
1	1	0.00103 0.00000 0.04986 0.00000 0.02197 0.00000 0.04277 0.00000 0.03399 0.00000 0.01752 0.00000 0.34171 0.00000 0.49114 0.00000 
2	1	0.00423 0.00000 0.04090 0.00000 0.01758 0.00000 0.04427 0.00000 0.21840 0.00000 0.29628 0.00000 0.15580 0.00000 0.22255 0.00000 
3	1	0.00353 0.00000 0.03032 0.00000 0.02537 0.00000 0.13440 0.00000 0.45085 0.00000 0.13040 0.00000 0.07918 0.00000 0.14595 0.00000 
4	1	0.00020 0.00000 0.01489 0.00000 0.05496 0.00000 0.04061 0.00000 0.35256 0.00000 0.25974 0.00000 0.05058 0.00000 0.22647 0.00000 
5	1	0.00336 0.00000 0.03064 0.00000 0.04132 0.00000 0.17839 0.00000 0.09745 0.00000 0.02538 0.00000 0.31400 0.00000 0.30946 0.00000 
6	1	0.00273 0.00000 0.01436 0.00000 0.01552 0.00000 0.07445 0.00000 0.07757 0.00000 0.05813 0.00000 0.23998 0.00000 0.51726 0.00000 
7	1	0.00002 0.00000 0.01147 0.00000 0.03329 0.00000 0.05322 0.00000 0.37451 0.00000 0.32677 0.00000 0.04671 0.00000 0.15402 0.00000 
8	1	0.00016 0.00000 0.00756 0.00000 0.03795 0.00000 0.03762 0.00000 0.17339 0.00000 0.20389 0.00000 0.05325 0.00000 0.48618 0.00000 
9	1	0.00096 0.00000 0.09121 0.00000 0.02103 0.00000 0.12037 0.00000 0.29675 0.00000 0.01261 0.00000 0.01905 0.00000 0.43801 0.00000 
10	1	0.00026 0.00000 0.03312 0.00000 0.07316 0.00000 0.05774 0.00000 0.22979 0.00000 0.16385 0.00000 0.06063 0.00000 0.38145 0.00000 
11	1	0.00350 0.00000 0.02121 0.00000 0.01974 0.00000 0.03343 0.00000 0.03293 0.00000 0.01577 0.00000 0.68532 0.00000 0.18810 0.00000 
12	1	0.01006 0.00000 0.09240 0.00000 0.10021 0.00000 0.10781 0.00000 0.05172 0.00000 0.06666 0.00000 0.28653 0.00000 0.28461 0.00000 
13	1	0.00260 0.00000 0.02792 0.00000 0.03085 0.00000 0.02532 0.00000 0.03876 0.00000 0.01845 0.00000 0.47327 0.00000 0.38284 0.00000 
14	1	0.00001 0.00000 0.02494 0.00000 0.13311 0.00000 0.15276 0.00000 0.35425 0.00000 0.21319 0.00000 0.07063 0.00000 0.05109 0.00000 
15	1	0.00013 0.00000 0.04199 0.00000 0.05344 0.00000 0.03497 0.00000 0.07698 0.00000 0.11530 0.00000 0.22734 0.00000 0.44984 0.00000 
16	1	0.00068 0.00000 0.02979 0.00000 0.09341 0.00000 0.18067 0.00000 0.26336 0.00000 0.26672 0.00000 0.06836 0.00000 0.09702 0.00000 
17	1	0.00036 0.00000 0.03008 0.00000 0.04784 0.00000 0.09204 0.00000 0.23361 0.00000 0.39778 0.00000 0.07514 0.00000 0.12314 0.00000 
18	1	0.00004 0.00000 0.01098 0.00000 0.03402 0.00000 0.04341 0.00000 0.13666 0.00000 0.20812 0.00000 0.12949 0.00000 0.43727 0.00000 
19	1	0.00529 0.00000 0.03966 0.00000 0.03160 0.00000 0.17061 0.00000 0.10264 0.00000 0.05905 0.00000 0.08056 0.00000 0.51060 0.00000 
20	1	0.00027 0.00000 0.02030 0.00000 0.02562 0.00000 0.02792 0.00000 0.04846 0.00000 0.31003 0.00000 0.29658 0.00000 0.27081 0.00000 
21	1	0.00029 0.00000 0.01413 0.00000 0.09263 0.00000 0.08295 0.00000 0.15158 0.00000 0.18371 0.00000 0.12171 0.00000 0.35299 0.00000 
22	1	0.00220 0.00000 0.02702 0.00000 0.02097 0.00000 0.02968 0.00000 0.02947 0.00000 0.27639 0.00000 0.33566 0.00000 0.27861 0.00000 
23	1	0.00025 0.00000 0.01352 0.00000 0.03617 0.00000 0.02770 0.00000 0.16969 0.00000 0.07544 0.00000 0.41623 0.00000 0.26100 0.00000 
24	1	0.00314 0.00000 0.01465 0.00000 0.01891 0.00000 0.03774 0.00000 0.06238 0.00000 0.34208 0.00000 0.37982 0.00000 0.14128 0.00000 
25	1	0.00342 0.00000 0.05084 0.00000 0.13814 0.00000 0.10079 0.00000 0.18405 0.00000 0.11258 0.00000 0.20039 0.00000 0.20979 0.00000 
26	1	0.00598 0.00000 0.06913 0.00000 0.14550 0.00000 0.10854 0.00000 0.18905 0.00000 0.11680 0.00000 0.19295 0.00000 0.17204 0.00000 
27	1	0.00004 0.00000 0.01409 0.00000 0.05519 0.00000 0.12681 0.00000 0.18047 0.00000 0.06603 0.00000 0.33463 0.00000 0.22274 0.00000 
28	1	0.00002 0.00000 0.03706 0.00000 0.09750 0.00000 0.16991 0.00000 0.08998 0.00000 0.10692 0.00000 0.35837 0.00000 0.14023 0.00000 
29	1	0.00004 0.00000 0.06235 0.00000 0.09358 0.00000 0.07903 0.00000 0.25149 0.00000 0.09047 0.00000 0.12977 0.00000 0.29327 0.00000 
30	1	0.00120 0.00000 0.02474 0.00000 0.04986 0.00000 0.03421 0.00000 0.04483 0.00000 0.02449 0.00000 0.31255 0.00000 0.50813 0.00000 
31	1	0.00021 0.00000 0.08198 0.00000 0.11592 0.00000 0.10121 0.00000 0.11686 0.00000 0.10348 0.00000 0.23233 0.00000 0.24800 0.00000 
32	1	0.00303 0.00000 0.01178 0.00000 0.01938 0.00000 0.05155 0.00000 0.27785 0.00000 0.04245 0.00000 0.06870 0.00000 0.52525 0.00000 
33	1	0.01636 0.00000 0.03869 0.00000 0.01207 0.00000 0.09467 0.00000 0.19390 0.00000 0.13957 0.00000 0.16992 0.00000 0.33483 0.00000 
34	1	0.00002 0.00000 0.02948 0.00000 0.10699 0.00000 0.04650 0.00000 0.24267 0.00000 0.19852 0.00000 0.11021 0.00000 0.26562 0.00000 
35	1	0.00218 0.00000 0.03858 0.00000 0.07097 0.00000 0.17657 0.00000 0.11605 0.00000 0.08307 0.00000 0.11939 0.00000 0.39320 0.00000 
36	1	0.00057 0.00000 0.07439 0.00000 0.07398 0.00000 0.35048 0.00000 0.08675 0.00000 0.01228 0.00000 0.01851 0.00000 0.38305 0.00000 
37	1	0.00108 0.00000 0.00154 0.00000 0.00106 0.00000 0.00223 0.00000 0.03727 0.00000 0.14419 0.00000 0.08073 0.00000 0.73189 0.00000 
38	1	0.00003 0.00000 0.01371 0.00000 0.02956 0.00000 0.05174 0.00000 0.09790 0.00000 0.16744 0.00000 0.17164 0.00000 0.46798 0.00000 
39	1	0.00001 0.00000 0.02911 0.00000 0.04382 0.00000 0.02894 0.00000 0.17268 0.00000 0.22325 0.00000 0.22712 0.00000 0.27507 0.00000 
40	1	0.00002 0.00000 0.02434 0.00000 0.04974 0.00000 0.04931 0.00000 0.11275 0.00000 0.25023 0.00000 0.04049 0.00000 0.47311 0.00000 
41	1	0.00146 0.00000 0.01412 0.00000 0.00967 0.00000 0.08684 0.00000 0.14323 0.00000 0.06240 0.00000 0.48037 0.00000 0.20192 0.00000 
42	1	0.00889 0.00000 0.10095 0.00000 0.02221 0.00000 0.02110 0.00000 0.01602 0.00000 0.18081 0.00000 0.45909 0.00000 0.19094 0.00000 
43	1	0.00279 0.00000 0.01393 0.00000 0.01702 0.00000 0.04980 0.00000 0.10787 0.00000 0.09634 0.00000 0.53213 0.00000 0.18013 0.00000 
44	1	0.00025 0.00000 0.05010 0.00000 0.10682 0.00000 0.11269 0.00000 0.16325 0.00000 0.16970 0.00000 0.22865 0.00000 0.16854 0.00000 
45	1	0.00039 0.00000 0.01342 0.00000 0.03521 0.00000 0.04831 0.00000 0.13680 0.00000 0.22061 0.00000 0.08238 0.00000 0.46287 0.00000 
46	1	0.00001 0.00000 0.01790 0.00000 0.03682 0.00000 0.08869 0.00000 0.22171 0.00000 0.11447 0.00000 0.06273 0.00000 0.45767 0.00000 
47	1	0.00194 0.00000 0.01247 0.00000 0.01277 0.00000 0.11987 0.00000 0.42737 0.00000 0.05397 0.00000 0.05347 0.00000 0.31814 0.00000 
48	1	0.00002 0.00000 0.00528 0.00000 0.02618 0.00000 0.01963 0.00000 0.06625 0.00000 0.02251 0.00000 0.02745 0.00000 0.83267 0.00000 
49	1	0.00005 0.00000 0.01035 0.00000 0.01828 0.00000 0.01835 0.00000 0.12382 0.00000 0.25681 0.00000 0.15586 0.00000 0.41648 0.00000 
50	1	0.00017 0.00000 0.03244 0.00000 0.06081 0.00000 0.09709 0.00000 0.18966 0.00000 0.12480 0.00000 0.23644 0.00000 0.25859 0.00000 
51	1	0.00039 0.00000 0.01690 0.00000 0.03545 0.00000 0.02516 0.00000 0.11966 0.00000 0.23113 0.00000 0.08761 0.00000 0.48370 0.00000 
52	1	0.00007 0.00000 0.01140 0.00000 0.01964 0.00000 0.01853 0.00000 0.04466 0.00000 0.28845 0.00000 0.10354 0.00000 0.51370 0.00000 
53	1	0.00254 0.00000 0.01047 0.00000 0.00796 0.00000 0.03317 0.00000 0.25101 0.00000 0.14958 0.00000 0.17350 0.00000 0.37176 0.00000 
54	1	0.00004 0.00000 0.01347 0.00000 0.01835 0.00000 0.02251 0.00000 0.05988 0.00000 0.38784 0.00000 0.34890 0.00000 0.14902 0.00000 
55	1	0.00101 0.00000 0.00499 0.00000 0.00425 0.00000 0.04573 0.00000 0.03732 0.00000 0.07466 0.00000 0.58956 0.00000 0.24249 0.00000 
56	1	0.00501 0.00000 0.04501 0.00000 0.04322 0.00000 0.28017 0.00000 0.03328 0.00000 0.12720 0.00000 0.16001 0.00000 0.30609 0.00000 
57	1	0.00098 0.00000 0.03480 0.00000 0.08569 0.00000 0.09035 0.00000 0.25748 0.00000 0.11815 0.00000 0.10043 0.00000 0.31213 0.00000 
58	1	0.00002 0.00000 0.00899 0.00000 0.09840 0.00000 0.11569 0.00000 0.08627 0.00000 0.19016 0.00000 0.05293 0.00000 0.44753 0.00000 
59	1	0.00002 0.00000 0.01839 0.00000 0.04265 0.00000 0.01727 0.00000 0.02705 0.00000 0.27275 0.00000 0.53743 0.00000 0.08444 0.00000 
60	1	0.00510 0.00000 0.01814 0.00000 0.01443 0.00000 0.03776 0.00000 0.10674 0.00000 0.09801 0.00000 0.47382 0.00000 0.24599 0.00000 
61	1	0.00583 0.00000 0.02120 0.00000 0.01899 0.00000 0.12726 0.00000 0.19745 0.00000 0.01766 0.00000 0.32155 0.00000 0.29007 0.00000 
62	1	0.00011 0.00000 0.02891 0.00000 0.07199 0.00000 0.14876 0.00000 0.10157 0.00000 0.16827 0.00000 0.20582 0.00000 0.27455 0.00000 
63	1	0.00061 0.00000 0.00999 0.00000 0.03303 0.00000 0.03846 0.00000 0.20129 0.00000 0.20770 0.00000 0.08880 0.00000 0.42013 0.00000 
64	1	0.00007 0.00000 0.01490 0.00000 0.03232 0.00000 0.03290 0.00000 0.11156 0.00000 0.21704 0.00000 0.24363 0.00000 0.34758 0.00000 
65	1	0.00168 0.00000 0.01723 0.00000 0.00959 0.00000 0.06811 0.00000 0.06051 0.00000 0.05704 0.00000 0.36354 0.00000 0.42232 0.00000 
66	1	0.00366 0.00000 0.01544 0.00000 0.01573 0.00000 0.03437 0.00000 0.03996 0.00000 0.02974 0.00000 0.23601 0.00000 0.62509 0.00000 
67	1	0.00006 0.00000 0.01169 0.00000 0.05077 0.00000 0.10201 0.00000 0.32657 0.00000 0.12939 0.00000 0.01265 0.00000 0.36685 0.00000 
68	1	0.01309 0.00000 0.03930 0.00000 0.03589 0.00000 0.09939 0.00000 0.11801 0.00000 0.21590 0.00000 0.03423 0.00000 0.44419 0.00000 
69	1	0.00001 0.00000 0.02642 0.00000 0.04476 0.00000 0.02428 0.00000 0.04780 0.00000 0.16401 0.00000 0.21324 0.00000 0.47947 0.00000 
70	1	0.00313 0.00000 0.02394 0.00000 0.01741 0.00000 0.02766 0.00000 0.04847 0.00000 0.03094 0.00000 0.02400 0.00000 0.82444 0.00000 
71	1	0.00061 0.00000 0.02362 0.00000 0.04528 0.00000 0.06043 0.00000 0.06032 0.00000 0.01649 0.00000 0.00886 0.00000 0.78439 0.00000 
72	1	0.00031 0.00000 0.01369 0.00000 0.02439 0.00000 0.02087 0.00000 0.03386 0.00000 0.11546 0.00000 0.23578 0.00000 0.55565 0.00000 
73	1	0.01953 0.00000 0.04432 0.00000 0.08241 0.00000 0.28192 0.00000 0.13408 0.00000 0.15397 0.00000 0.13773 0.00000 0.14604 0.00000 
74	1	0.00184 0.00000 0.03939 0.00000 0.02669 0.00000 0.06440 0.00000 0.03967 0.00000 0.01448 0.00000 0.75561 0.00000 0.05792 0.00000 
75	1	0.00004 0.00000 0.01252 0.00000 0.02096 0.00000 0.02677 0.00000 0.08808 0.00000 0.18311 0.00000 0.41483 0.00000 0.25368 0.00000 
76	1	0.00006 0.00000 0.04057 0.00000 0.07153 0.00000 0.06214 0.00000 0.16803 0.00000 0.30836 0.00000 0.08487 0.00000 0.26443 0.00000 
77	1	0.00001 0.00000 0.01225 0.00000 0.05032 0.00000 0.06350 0.00000 0.08238 0.00000 0.14619 0.00000 0.18842 0.00000 0.45694 0.00000 
78	1	0.00003 0.00000 0.08029 0.00000 0.17645 0.00000 0.06253 0.00000 0.10041 0.00000 0.11183 0.00000 0.24621 0.00000 0.22225 0.00000 
79	1	0.00006 0.00000 0.05405 0.00000 0.06207 0.00000 0.01758 0.00000 0.03656 0.00000 0.12044 0.00000 0.40948 0.00000 0.29975 0.00000 
80	1	0.00002 0.00000 0.01691 0.00000 0.03953 0.00000 0.03870 0.00000 0.30100 0.00000 0.36560 0.00000 0.07525 0.00000 0.16300 0.00000 
81	1	0.00017 0.00000 0.04462 0.00000 0.03875 0.00000 0.03937 0.00000 0.19230 0.00000 0.14470 0.00000 0.12547 0.00000 0.41463 0.00000 
82	1	0.00037 0.00000 0.03243 0.00000 0.06702 0.00000 0.03024 0.00000 0.09688 0.00000 0.27281 0.00000 0.13052 0.00000 0.36974 0.00000 
83	1	0.00018 0.00000 0.02376 0.00000 0.07017 0.00000 0.09858 0.00000 0.14805 0.00000 0.30930 0.00000 0.11371 0.00000 0.23625 0.00000 
84	1	0.00027 0.00000 0.02372 0.00000 0.03595 0.00000 0.01905 0.00000 0.03393 0.00000 0.14508 0.00000 0.29373 0.00000 0.44826 0.00000 
85	1	0.00004 0.00000 0.01358 0.00000 0.13459 0.00000 0.15295 0.00000 0.07841 0.00000 0.07287 0.00000 0.10944 0.00000 0.43812 0.00000 
86	1	0.00790 0.00000 0.03386 0.00000 0.04303 0.00000 0.05751 0.00000 0.23985 0.00000 0.05209 0.00000 0.36254 0.00000 0.20322 0.00000 
87	1	0.00814 0.00000 0.04655 0.00000 0.31425 0.00000 0.07765 0.00000 0.06333 0.00000 0.10986 0.00000 0.19999 0.00000 0.18023 0.00000 
88	1	0.01197 0.00000 0.05991 0.00000 0.06124 0.00000 0.03198 0.00000 0.07359 0.00000 0.26397 0.00000 0.04409 0.00000 0.45325 0.00000 
89	1	0.00177 0.00000 0.03644 0.00000 0.03562 0.00000 0.01872 0.00000 0.06354 0.00000 0.20669 0.00000 0.39786 0.00000 0.23936 0.00000 
90	1	0.00001 0.00000 0.02341 0.00000 0.02894 0.00000 0.03482 0.00000 0.08882 0.00000 0.17544 0.00000 0.21429 0.00000 0.43427 0.00000 
91	1	0.00005 0.00000 0.01552 0.00000 0.02021 0.00000 0.02119 0.00000 0.19178 0.00000 0.48985 0.00000 0.21767 0.00000 0.04372 0.00000 
92	1	0.00160 0.00000 0.00750 0.00000 0.02253 0.00000 0.11774 0.00000 0.24656 0.00000 0.05088 0.00000 0.19390 0.00000 0.35930 0.00000 
93	1	0.00007 0.00000 0.00837 0.00000 0.04901 0.00000 0.02845 0.00000 0.09905 0.00000 0.17731 0.00000 0.32694 0.00000 0.31080 0.00000 
94	1	0.00006 0.00000 0.01410 0.00000 0.04539 0.00000 0.03839 0.00000 0.11232 0.00000 0.22742 0.00000 0.13503 0.00000 0.42729 0.00000 
95	1	0.00006 0.00000 0.01388 0.00000 0.05999 0.00000 0.07202 0.00000 0.21972 0.00000 0.36979 0.00000 0.09806 0.00000 0.16649 0.00000 
96	1	0.00012 0.00000 0.04939 0.00000 0.08883 0.00000 0.05713 0.00000 0.15819 0.00000 0.17022 0.00000 0.09770 0.00000 0.37842 0.00000 
97	1	0.00005 0.00000 0.03118 0.00000 0.06229 0.00000 0.07022 0.00000 0.14805 0.00000 0.21680 0.00000 0.17086 0.00000 0.30055 0.00000 
98	1	0.00005 0.00000 0.09029 0.00000 0.10213 0.00000 0.05899 0.00000 0.07930 0.00000 0.09293 0.00000 0.27865 0.00000 0.29766 0.00000 
99	1	0.00016 0.00000 0.00247 0.00000 0.01299 0.00000 0.02607 0.00000 0.10830 0.00000 0.12266 0.00000 0.02433 0.00000 0.70302 0.00000 
100	2	0.01561 0.00000 0.06421 0.00000 0.11021 0.00000 0.02519 0.00000 0.09133 0.00000 0.14037 0.00000 0.12120 0.00000 0.43187 0.00000 
101	2	0.00001 0.00000 0.00108 0.00000 0.00200 0.00000 0.05390 0.00000 0.15423 0.00000 0.12484 0.00000 0.09971 0.00000 0.56423 0.00000 
102	2	0.00001 0.00000 0.00329 0.00000 0.07775 0.00000 0.09722 0.00000 0.38146 0.00000 0.25636 0.00000 0.14419 0.00000 0.03971 0.00000 
103	2	0.00008 0.00000 0.00231 0.00000 0.00766 0.00000 0.00829 0.00000 0.06770 0.00000 0.14297 0.00000 0.07325 0.00000 0.69774 0.00000 
104	2	0.00219 0.00000 0.01242 0.00000 0.03570 0.00000 0.03549 0.00000 0.14062 0.00000 0.17533 0.00000 0.03729 0.00000 0.56097 0.00000 
105	2	0.00002 0.00000 0.00146 0.00000 0.00566 0.00000 0.04796 0.00000 0.09894 0.00000 0.05816 0.00000 0.06202 0.00000 0.72579 0.00000 
106	2	0.00114 0.00000 0.01634 0.00000 0.03323 0.00000 0.04049 0.00000 0.10478 0.00000 0.13884 0.00000 0.02506 0.00000 0.64012 0.00000 
107	2	0.00409 0.00000 0.03086 0.00000 0.10584 0.00000 0.06743 0.00000 0.25343 0.00000 0.53752 0.00000 0.00040 0.00000 0.00043 0.00000 
108	2	0.00008 0.00000 0.00044 0.00000 0.03600 0.00000 0.12207 0.00000 0.29784 0.00000 0.18342 0.00000 0.14796 0.00000 0.21218 0.00000 
109	2	0.00049 0.00000 0.01726 0.00000 0.03778 0.00000 0.13378 0.00000 0.28033 0.00000 0.23357 0.00000 0.28624 0.00000 0.01056 0.00000 
110	2	0.00877 0.00000 0.13706 0.00000 0.07390 0.00000 0.09390 0.00000 0.20839 0.00000 0.18647 0.00000 0.26212 0.00000 0.02939 0.00000 
111	2	0.00012 0.00000 0.00248 0.00000 0.00611 0.00000 0.07630 0.00000 0.19761 0.00000 0.17729 0.00000 0.44952 0.00000 0.09055 0.00000 
112	2	0.00015 0.00000 0.01144 0.00000 0.02046 0.00000 0.05381 0.00000 0.10221 0.00000 0.11016 0.00000 0.06026 0.00000 0.64150 0.00000 
113	2	0.02018 0.00000 0.05840 0.00000 0.28535 0.00000 0.07443 0.00000 0.36268 0.00000 0.15562 0.00000 0.03478 0.00000 0.00855 0.00000 
114	2	0.05705 0.00000 0.07014 0.00000 0.54278 0.00000 0.09199 0.00000 0.14172 0.00000 0.07235 0.00000 0.02293 0.00000 0.00103 0.00000 
115	2	0.00024 0.00000 0.00109 0.00000 0.00647 0.00000 0.01209 0.00000 0.09868 0.00000 0.35574 0.00000 0.41964 0.00000 0.10605 0.00000 
116	2	0.20707 0.00000 0.07629 0.00000 0.09079 0.00000 0.03223 0.00000 0.11084 0.00000 0.37119 0.00000 0.10364 0.00000 0.00796 0.00000 
117	2	0.00259 0.00000 0.36451 0.00000 0.23102 0.00000 0.07797 0.00000 0.16115 0.00000 0.09213 0.00000 0.02586 0.00000 0.04477 0.00000 
118	2	0.00220 0.00000 0.04127 0.00000 0.11278 0.00000 0.10162 0.00000 0.10061 0.00000 0.23156 0.00000 0.20564 0.00000 0.20432 0.00000 
119	2	0.00010 0.00000 0.02392 0.00000 0.08652 0.00000 0.09698 0.00000 0.11587 0.00000 0.31874 0.00000 0.21388 0.00000 0.14398 0.00000 
120	2	0.00007 0.00000 0.00019 0.00000 0.00089 0.00000 0.04310 0.00000 0.25654 0.00000 0.30929 0.00000 0.11579 0.00000 0.27413 0.00000 
121	2	0.00040 0.00000 0.02967 0.00000 0.12310 0.00000 0.11366 0.00000 0.11643 0.00000 0.24800 0.00000 0.22492 0.00000 0.14382 0.00000 
122	2	0.00028 0.00000 0.00808 0.00000 0.02903 0.00000 0.06937 0.00000 0.22063 0.00000 0.42073 0.00000 0.16156 0.00000 0.09032 0.00000 
123	2	0.00176 0.00000 0.01105 0.00000 0.05716 0.00000 0.05624 0.00000 0.29182 0.00000 0.38678 0.00000 0.11895 0.00000 0.07624 0.00000 
124	2	0.47676 0.00000 0.14859 0.00000 0.08333 0.00000 0.00789 0.00000 0.05845 0.00000 0.12093 0.00000 0.07567 0.00000 0.02838 0.00000 
125	2	0.00023 0.00000 0.03556 0.00000 0.12097 0.00000 0.09183 0.00000 0.13094 0.00000 0.06603 0.00000 0.04201 0.00000 0.51243 0.00000 
126	2	0.00008 0.00000 0.01182 0.00000 0.03791 0.00000 0.03872 0.00000 0.14649 0.00000 0.09059 0.00000 0.04288 0.00000 0.63152 0.00000 
127	2	0.00056 0.00000 0.02124 0.00000 0.08119 0.00000 0.04554 0.00000 0.19898 0.00000 0.24327 0.00000 0.31761 0.00000 0.09160 0.00000 
128	2	0.06376 0.00000 0.02530 0.00000 0.02576 0.00000 0.01117 0.00000 0.07759 0.00000 0.45427 0.00000 0.05461 0.00000 0.28754 0.00000 
129	2	0.00030 0.00000 0.03708 0.00000 0.12545 0.00000 0.13090 0.00000 0.38612 0.00000 0.17356 0.00000 0.11378 0.00000 0.03280 0.00000 
130	2	0.00005 0.00000 0.00712 0.00000 0.02352 0.00000 0.04275 0.00000 0.12146 0.00000 0.33222 0.00000 0.14856 0.00000 0.32433 0.00000 
131	2	0.00211 0.00000 0.00476 0.00000 0.01309 0.00000 0.04214 0.00000 0.16841 0.00000 0.08559 0.00000 0.19934 0.00000 0.48457 0.00000 
132	2	0.00001 0.00000 0.00064 0.00000 0.00665 0.00000 0.01390 0.00000 0.12661 0.00000 0.11680 0.00000 0.59390 0.00000 0.14148 0.00000 
133	2	0.00002 0.00000 0.00005 0.00000 0.00233 0.00000 0.11426 0.00000 0.48686 0.00000 0.39144 0.00000 0.00488 0.00000 0.00015 0.00000 
134	2	0.00003 0.00000 0.00630 0.00000 0.02890 0.00000 0.04476 0.00000 0.27905 0.00000 0.35444 0.00000 0.18707 0.00000 0.09945 0.00000 
135	2	0.00093 0.00000 0.01742 0.00000 0.02879 0.00000 0.07311 0.00000 0.13377 0.00000 0.39301 0.00000 0.34486 0.00000 0.00810 0.00000 
136	2	0.00034 0.00000 0.01003 0.00000 0.01796 0.00000 0.02350 0.00000 0.07176 0.00000 0.42772 0.00000 0.15508 0.00000 0.29360 0.00000 
137	2	0.00148 0.00000 0.02201 0.00000 0.15746 0.00000 0.52475 0.00000 0.20686 0.00000 0.04327 0.00000 0.02578 0.00000 0.01839 0.00000 
138	2	0.00003 0.00000 0.00237 0.00000 0.00901 0.00000 0.04169 0.00000 0.19727 0.00000 0.19696 0.00000 0.02925 0.00000 0.52340 0.00000 
139	2	0.04017 0.00000 0.45328 0.00000 0.27056 0.00000 0.04010 0.00000 0.07551 0.00000 0.07346 0.00000 0.03418 0.00000 0.01273 0.00000 
140	2	0.00001 0.00000 0.00004 0.00000 0.00262 0.00000 0.08102 0.00000 0.19006 0.00000 0.15141 0.00000 0.25845 0.00000 0.31640 0.00000 
141	2	0.00301 0.00000 0.04173 0.00000 0.14279 0.00000 0.13022 0.00000 0.19119 0.00000 0.05617 0.00000 0.02417 0.00000 0.41070 0.00000 
142	2	0.00001 0.00000 0.00000 0.00000 0.00570 0.00000 0.13932 0.00000 0.19264 0.00000 0.24185 0.00000 0.05618 0.00000 0.36429 0.00000 
143	2	0.00015 0.00000 0.01237 0.00000 0.11485 0.00000 0.16623 0.00000 0.30481 0.00000 0.08691 0.00000 0.15038 0.00000 0.16430 0.00000 
144	2	0.03007 0.00000 0.11390 0.00000 0.21107 0.00000 0.25128 0.00000 0.20254 0.00000 0.10330 0.00000 0.07296 0.00000 0.01487 0.00000 
145	2	0.00192 0.00000 0.16107 0.00000 0.13567 0.00000 0.11034 0.00000 0.14163 0.00000 0.18778 0.00000 0.10244 0.00000 0.15915 0.00000 
146	2	0.00187 0.00000 0.02496 0.00000 0.25816 0.00000 0.09074 0.00000 0.18924 0.00000 0.17926 0.00000 0.18505 0.00000 0.07073 0.00000 
147	2	0.00125 0.00000 0.12070 0.00000 0.12789 0.00000 0.10855 0.00000 0.13304 0.00000 0.22036 0.00000 0.13318 0.00000 0.15501 0.00000 
148	2	0.00060 0.00000 0.00626 0.00000 0.05624 0.00000 0.05046 0.00000 0.09711 0.00000 0.12749 0.00000 0.12527 0.00000 0.53658 0.00000 
149	2	0.00047 0.00000 0.00594 0.00000 0.06911 0.00000 0.05169 0.00000 0.14544 0.00000 0.18258 0.00000 0.54449 0.00000 0.00028 0.00000 
150	2	0.00068 0.00000 0.02597 0.00000 0.06866 0.00000 0.03365 0.00000 0.13836 0.00000 0.10484 0.00000 0.05481 0.00000 0.57303 0.00000 
151	2	0.00049 0.00000 0.03459 0.00000 0.03732 0.00000 0.05718 0.00000 0.19632 0.00000 0.21395 0.00000 0.16143 0.00000 0.29871 0.00000 
152	2	0.00004 0.00000 0.00916 0.00000 0.06975 0.00000 0.06081 0.00000 0.27740 0.00000 0.45346 0.00000 0.11462 0.00000 0.01475 0.00000 
153	2	0.00001 0.00000 0.01005 0.00000 0.07308 0.00000 0.06533 0.00000 0.28521 0.00000 0.38181 0.00000 0.16167 0.00000 0.02283 0.00000 
154	2	0.01713 0.00000 0.07174 0.00000 0.17415 0.00000 0.08665 0.00000 0.20158 0.00000 0.14805 0.00000 0.24456 0.00000 0.05615 0.00000 
155	2	0.00889 0.00000 0.06120 0.00000 0.08475 0.00000 0.03095 0.00000 0.07969 0.00000 0.07374 0.00000 0.52104 0.00000 0.13973 0.00000 
156	2	0.00512 0.00000 0.09594 0.00000 0.29578 0.00000 0.21495 0.00000 0.12201 0.00000 0.11604 0.00000 0.08591 0.00000 0.06426 0.00000 
157	2	0.00408 0.00000 0.04727 0.00000 0.08989 0.00000 0.04764 0.00000 0.10381 0.00000 0.11751 0.00000 0.48000 0.00000 0.10981 0.00000 
158	2	0.00001 0.00000 0.00089 0.00000 0.14893 0.00000 0.00000 0.00000 0.22885 0.00000 0.02992 0.00000 0.06146 0.00000 0.52995 0.00000 
159	2	0.00006 0.00000 0.01567 0.00000 0.04372 0.00000 0.02486 0.00000 0.06740 0.00000 0.12833 0.00000 0.34875 0.00000 0.37120 0.00000 
160	2	0.00003 0.00000 0.00238 0.00000 0.00488 0.00000 0.04889 0.00000 0.17102 0.00000 0.12266 0.00000 0.62660 0.00000 0.02355 0.00000 
161	2	0.00023 0.00000 0.00580 0.00000 0.00882 0.00000 0.09387 0.00000 0.19019 0.00000 0.38663 0.00000 0.22291 0.00000 0.09155 0.00000 
162	2	0.00020 0.00000 0.02575 0.00000 0.05189 0.00000 0.08410 0.00000 0.13169 0.00000 0.21749 0.00000 0.40534 0.00000 0.08354 0.00000 
163	2	0.00007 0.00000 0.00177 0.00000 0.46250 0.00000 0.10041 0.00000 0.24355 0.00000 0.16821 0.00000 0.02062 0.00000 0.00287 0.00000 
164	2	0.00002 0.00000 0.00107 0.00000 0.01097 0.00000 0.69063 0.00000 0.16126 0.00000 0.09601 0.00000 0.03361 0.00000 0.00643 0.00000 
165	2	0.00209 0.00000 0.02203 0.00000 0.11238 0.00000 0.06811 0.00000 0.21373 0.00000 0.14705 0.00000 0.32123 0.00000 0.11339 0.00000 
166	2	0.00017 0.00000 0.00851 0.00000 0.01245 0.00000 0.02117 0.00000 0.08661 0.00000 0.15971 0.00000 0.16861 0.00000 0.54277 0.00000 
167	2	0.00263 0.00000 0.10023 0.00000 0.07849 0.00000 0.02895 0.00000 0.07415 0.00000 0.08868 0.00000 0.21907 0.00000 0.40780 0.00000 
168	2	0.01243 0.00000 0.03774 0.00000 0.02950 0.00000 0.02273 0.00000 0.06763 0.00000 0.13319 0.00000 0.16635 0.00000 0.53043 0.00000 
169	2	0.00080 0.00000 0.00535 0.00000 0.04518 0.00000 0.04837 0.00000 0.24835 0.00000 0.14293 0.00000 0.12469 0.00000 0.38434 0.00000 
170	2	0.00021 0.00000 0.01007 0.00000 0.03344 0.00000 0.04529 0.00000 0.11492 0.00000 0.16867 0.00000 0.11723 0.00000 0.51017 0.00000 
171	2	0.00299 0.00000 0.03090 0.00000 0.15723 0.00000 0.08029 0.00000 0.30945 0.00000 0.24396 0.00000 0.01535 0.00000 0.15984 0.00000 
172	2	0.00080 0.00000 0.01326 0.00000 0.05885 0.00000 0.05361 0.00000 0.16194 0.00000 0.43454 0.00000 0.25994 0.00000 0.01706 0.00000 
173	2	0.04907 0.00000 0.60405 0.00000 0.13577 0.00000 0.01392 0.00000 0.01819 0.00000 0.04345 0.00000 0.07845 0.00000 0.05710 0.00000 
174	2	0.00102 0.00000 0.03603 0.00000 0.09895 0.00000 0.05695 0.00000 0.13031 0.00000 0.23789 0.00000 0.41022 0.00000 0.02864 0.00000 
175	2	0.00212 0.00000 0.03215 0.00000 0.06145 0.00000 0.04140 0.00000 0.12688 0.00000 0.13000 0.00000 0.05165 0.00000 0.55433 0.00000 
176	2	0.00696 0.00000 0.09147 0.00000 0.15446 0.00000 0.04939 0.00000 0.13327 0.00000 0.12253 0.00000 0.22779 0.00000 0.21412 0.00000 
177	2	0.00088 0.00000 0.05047 0.00000 0.08294 0.00000 0.04814 0.00000 0.14778 0.00000 0.17855 0.00000 0.25736 0.00000 0.23387 0.00000 
178	2	0.00082 0.00000 0.01426 0.00000 0.17648 0.00000 0.46053 0.00000 0.16625 0.00000 0.06631 0.00000 0.02466 0.00000 0.09069 0.00000 
179	2	0.00012 0.00000 0.00488 0.00000 0.04402 0.00000 0.03819 0.00000 0.12533 0.00000 0.14369 0.00000 0.09351 0.00000 0.55026 0.00000 
180	2	0.00404 0.00000 0.06226 0.00000 0.13320 0.00000 0.07018 0.00000 0.22318 0.00000 0.24265 0.00000 0.11387 0.00000 0.15062 0.00000 
181	2	0.00325 0.00000 0.01903 0.00000 0.03904 0.00000 0.16697 0.00000 0.31654 0.00000 0.14911 0.00000 0.30446 0.00000 0.00160 0.00000 
182	2	0.00077 0.00000 0.00285 0.00000 0.00352 0.00000 0.11937 0.00000 0.29585 0.00000 0.28691 0.00000 0.22243 0.00000 0.06831 0.00000 
183	2	0.00021 0.00000 0.00809 0.00000 0.02146 0.00000 0.19664 0.00000 0.30132 0.00000 0.07746 0.00000 0.33218 0.00000 0.06265 0.00000 
184	2	0.44652 0.00000 0.25886 0.00000 0.12428 0.00000 0.04919 0.00000 0.06118 0.00000 0.04324 0.00000 0.00796 0.00000 0.00878 0.00000 
185	2	0.00563 0.00000 0.05923 0.00000 0.07495 0.00000 0.01908 0.00000 0.16132 0.00000 0.11515 0.00000 0.05682 0.00000 0.50781 0.00000 
186	2	0.00118 0.00000 0.01051 0.00000 0.01635 0.00000 0.10164 0.00000 0.12698 0.00000 0.07132 0.00000 0.67159 0.00000 0.00043 0.00000 
187	2	0.00015 0.00000 0.00681 0.00000 0.00980 0.00000 0.01502 0.00000 0.05757 0.00000 0.21278 0.00000 0.05592 0.00000 0.64194 0.00000 
188	2	0.27003 0.00000 0.22669 0.00000 0.07807 0.00000 0.02996 0.00000 0.10625 0.00000 0.14582 0.00000 0.13267 0.00000 0.01051 0.00000 
189	2	0.01518 0.00000 0.06216 0.00000 0.26599 0.00000 0.04596 0.00000 0.09752 0.00000 0.04093 0.00000 0.09865 0.00000 0.37361 0.00000 
190	2	0.01103 0.00000 0.06091 0.00000 0.17681 0.00000 0.05740 0.00000 0.11191 0.00000 0.19351 0.00000 0.12536 0.00000 0.26308 0.00000 
191	2	0.00004 0.00000 0.00076 0.00000 0.00868 0.00000 0.15288 0.00000 0.23540 0.00000 0.04814 0.00000 0.05027 0.00000 0.50383 0.00000 
192	2	0.00318 0.00000 0.04443 0.00000 0.11380 0.00000 0.06567 0.00000 0.34318 0.00000 0.15603 0.00000 0.10853 0.00000 0.16517 0.00000 
193	2	0.00062 0.00000 0.02288 0.00000 0.09649 0.00000 0.09050 0.00000 0.26584 0.00000 0.24551 0.00000 0.14677 0.00000 0.13140 0.00000 
194	2	0.00220 0.00000 0.04344 0.00000 0.06360 0.00000 0.02762 0.00000 0.13687 0.00000 0.15384 0.00000 0.05934 0.00000 0.51309 0.00000 
195	2	0.00003 0.00000 0.00167 0.00000 0.00084 0.00000 0.03861 0.00000 0.13638 0.00000 0.15368 0.00000 0.11550 0.00000 0.55329 0.00000 
196	2	0.23709 0.00000 0.22978 0.00000 0.12448 0.00000 0.05672 0.00000 0.11237 0.00000 0.16024 0.00000 0.07861 0.00000 0.00070 0.00000 
197	2	0.00014 0.00000 0.02420 0.00000 0.05233 0.00000 0.20657 0.00000 0.10836 0.00000 0.03160 0.00000 0.18511 0.00000 0.39169 0.00000 
198	2	0.00004 0.00000 0.02818 0.00000 0.04866 0.00000 0.03687 0.00000 0.07280 0.00000 0.16210 0.00000 0.14906 0.00000 0.50229 0.00000 
199	2	0.00002 0.00000 0.00003 0.00000 0.00435 0.00000 0.16556 0.00000 0.08695 0.00000 0.13497 0.00000 0.56433 0.00000 0.04379 0.00000 
200	3	0.00110 0.00000 0.00553 0.00000 0.00240 0.00000 0.69601 0.00000 0.07927 0.00000 0.06025 0.00000 0.09668 0.00000 0.05877 0.00000 
201	3	0.63510 0.00000 0.17161 0.00000 0.04455 0.00000 0.01143 0.00000 0.04156 0.00000 0.06253 0.00000 0.01821 0.00000 0.01500 0.00000 
202	3	0.00020 0.00000 0.02395 0.00000 0.43125 0.00000 0.15177 0.00000 0.18277 0.00000 0.08688 0.00000 0.04170 0.00000 0.08148 0.00000 
203	3	0.00205 0.00000 0.03592 0.00000 0.05549 0.00000 0.03447 0.00000 0.03720 0.00000 0.03937 0.00000 0.27323 0.00000 0.52227 0.00000 
204	3	0.64978 0.00000 0.16732 0.00000 0.02375 0.00000 0.00428 0.00000 0.02132 0.00000 0.05551 0.00000 0.07801 0.00000 0.00003 0.00000 
205	3	0.68418 0.00000 0.10721 0.00000 0.05387 0.00000 0.02372 0.00000 0.04377 0.00000 0.06363 0.00000 0.02230 0.00000 0.00131 0.00000 
206	3	0.00011 0.00000 0.00460 0.00000 0.01605 0.00000 0.03690 0.00000 0.12590 0.00000 0.17431 0.00000 0.51267 0.00000 0.12948 0.00000 
207	3	0.00023 0.00000 0.03283 0.00000 0.05648 0.00000 0.04298 0.00000 0.18094 0.00000 0.17710 0.00000 0.48702 0.00000 0.02241 0.00000 
208	3	0.00003 0.00000 0.00566 0.00000 0.01699 0.00000 0.20528 0.00000 0.11722 0.00000 0.15460 0.00000 0.48791 0.00000 0.01232 0.00000 
209	3	0.00001 0.00000 0.05704 0.00000 0.24846 0.00000 0.09677 0.00000 0.15599 0.00000 0.26674 0.00000 0.12751 0.00000 0.04748 0.00000 
210	3	0.00003 0.00000 0.00128 0.00000 0.00264 0.00000 0.00247 0.00000 0.00848 0.00000 0.06613 0.00000 0.20964 0.00000 0.70933 0.00000 
211	3	0.01412 0.00000 0.52916 0.00000 0.04651 0.00000 0.01332 0.00000 0.02662 0.00000 0.09871 0.00000 0.14724 0.00000 0.12432 0.00000 
212	3	0.00003 0.00000 0.00088 0.00000 0.00377 0.00000 0.04962 0.00000 0.16506 0.00000 0.28632 0.00000 0.35397 0.00000 0.14035 0.00000 
213	3	0.00002 0.00000 0.00318 0.00000 0.26333 0.00000 0.38037 0.00000 0.18251 0.00000 0.06418 0.00000 0.10022 0.00000 0.00620 0.00000 
214	3	0.00120 0.00000 0.03718 0.00000 0.03207 0.00000 0.03031 0.00000 0.03514 0.00000 0.05158 0.00000 0.50163 0.00000 0.31090 0.00000 
215	3	0.00003 0.00000 0.00142 0.00000 0.00870 0.00000 0.01603 0.00000 0.10231 0.00000 0.20354 0.00000 0.64476 0.00000 0.02321 0.00000 
216	3	0.00011 0.00000 0.00759 0.00000 0.01771 0.00000 0.10675 0.00000 0.31171 0.00000 0.21156 0.00000 0.19199 0.00000 0.15257 0.00000 
217	3	0.00008 0.00000 0.00095 0.00000 0.00165 0.00000 0.02536 0.00000 0.05819 0.00000 0.05905 0.00000 0.11818 0.00000 0.73654 0.00000 
218	3	0.00028 0.00000 0.00903 0.00000 0.00696 0.00000 0.05370 0.00000 0.18844 0.00000 0.08818 0.00000 0.34623 0.00000 0.30719 0.00000 
219	3	0.04415 0.00000 0.25609 0.00000 0.42359 0.00000 0.02380 0.00000 0.04577 0.00000 0.07515 0.00000 0.09850 0.00000 0.03294 0.00000 
220	3	0.00098 0.00000 0.01723 0.00000 0.07724 0.00000 0.12895 0.00000 0.12897 0.00000 0.51305 0.00000 0.12199 0.00000 0.01159 0.00000 
221	3	0.00377 0.00000 0.05367 0.00000 0.09322 0.00000 0.05052 0.00000 0.24538 0.00000 0.16702 0.00000 0.18437 0.00000 0.20206 0.00000 
222	3	0.13324 0.00000 0.48203 0.00000 0.24410 0.00000 0.04256 0.00000 0.02892 0.00000 0.03911 0.00000 0.01686 0.00000 0.01317 0.00000 
223	3	0.00136 0.00000 0.13845 0.00000 0.04044 0.00000 0.06556 0.00000 0.24955 0.00000 0.11178 0.00000 0.17480 0.00000 0.21807 0.00000 
224	3	0.00037 0.00000 0.00148 0.00000 0.00394 0.00000 0.06185 0.00000 0.14077 0.00000 0.16585 0.00000 0.62302 0.00000 0.00271 0.00000 
225	3	0.00024 0.00000 0.01050 0.00000 0.00452 0.00000 0.00331 0.00000 0.02146 0.00000 0.06036 0.00000 0.28506 0.00000 0.61455 0.00000 
226	3	0.00018 0.00000 0.54367 0.00000 0.29290 0.00000 0.02282 0.00000 0.01965 0.00000 0.02483 0.00000 0.02961 0.00000 0.06633 0.00000 
227	3	0.00554 0.00000 0.03854 0.00000 0.18191 0.00000 0.01925 0.00000 0.03458 0.00000 0.07596 0.00000 0.19659 0.00000 0.44764 0.00000 
228	3	0.00272 0.00000 0.14931 0.00000 0.12790 0.00000 0.38513 0.00000 0.19621 0.00000 0.05242 0.00000 0.05927 0.00000 0.02704 0.00000 
229	3	0.00034 0.00000 0.00649 0.00000 0.02139 0.00000 0.01455 0.00000 0.40037 0.00000 0.43430 0.00000 0.09010 0.00000 0.03246 0.00000 
230	3	0.00202 0.00000 0.02369 0.00000 0.09131 0.00000 0.05404 0.00000 0.09078 0.00000 0.11290 0.00000 0.61757 0.00000 0.00767 0.00000 
231	3	0.00010 0.00000 0.14372 0.00000 0.19157 0.00000 0.32589 0.00000 0.18571 0.00000 0.04782 0.00000 0.08290 0.00000 0.02229 0.00000 
232	3	0.00006 0.00000 0.00112 0.00000 0.00640 0.00000 0.00897 0.00000 0.04928 0.00000 0.10112 0.00000 0.58649 0.00000 0.24655 0.00000 
233	3	0.00008 0.00000 0.01734 0.00000 0.03260 0.00000 0.02223 0.00000 0.10436 0.00000 0.24934 0.00000 0.40163 0.00000 0.17243 0.00000 
234	3	0.00001 0.00000 0.00061 0.00000 0.01298 0.00000 0.03013 0.00000 0.15151 0.00000 0.06875 0.00000 0.54052 0.00000 0.19549 0.00000 
235	3	0.00019 0.00000 0.00459 0.00000 0.00864 0.00000 0.00385 0.00000 0.12993 0.00000 0.73510 0.00000 0.09640 0.00000 0.02130 0.00000 
236	3	0.00026 0.00000 0.00105 0.00000 0.00887 0.00000 0.01952 0.00000 0.07102 0.00000 0.26369 0.00000 0.60236 0.00000 0.03323 0.00000 
237	3	0.01992 0.00000 0.19330 0.00000 0.39531 0.00000 0.11429 0.00000 0.05916 0.00000 0.11449 0.00000 0.07282 0.00000 0.03071 0.00000 
238	3	0.12933 0.00000 0.10201 0.00000 0.13382 0.00000 0.10443 0.00000 0.14346 0.00000 0.11255 0.00000 0.15460 0.00000 0.11980 0.00000 
239	3	0.00010 0.00000 0.01012 0.00000 0.02066 0.00000 0.02477 0.00000 0.08826 0.00000 0.46856 0.00000 0.34212 0.00000 0.04541 0.00000 
240	3	0.00002 0.00000 0.00256 0.00000 0.11256 0.00000 0.30329 0.00000 0.29348 0.00000 0.15879 0.00000 0.08548 0.00000 0.04384 0.00000 
241	3	0.00002 0.00000 0.00056 0.00000 0.00113 0.00000 0.64724 0.00000 0.04032 0.00000 0.04301 0.00000 0.07294 0.00000 0.19478 0.00000 
242	3	0.00005 0.00000 0.00078 0.00000 0.00717 0.00000 0.04683 0.00000 0.30371 0.00000 0.39963 0.00000 0.13476 0.00000 0.10708 0.00000 
243	3	0.32224 0.00000 0.33333 0.00000 0.08642 0.00000 0.00900 0.00000 0.01263 0.00000 0.03109 0.00000 0.12991 0.00000 0.07538 0.00000 
244	3	0.00004 0.00000 0.00773 0.00000 0.54548 0.00000 0.16405 0.00000 0.06985 0.00000 0.04516 0.00000 0.14052 0.00000 0.02716 0.00000 
245	3	0.00037 0.00000 0.03239 0.00000 0.02682 0.00000 0.47085 0.00000 0.25669 0.00000 0.08681 0.00000 0.07726 0.00000 0.04880 0.00000 
246	3	0.00166 0.00000 0.01033 0.00000 0.01185 0.00000 0.04931 0.00000 0.24912 0.00000 0.15068 0.00000 0.38061 0.00000 0.14645 0.00000 
247	3	0.03562 0.00000 0.27283 0.00000 0.15474 0.00000 0.06740 0.00000 0.16766 0.00000 0.12687 0.00000 0.10854 0.00000 0.06634 0.00000 
248	3	0.01896 0.00000 0.05829 0.00000 0.07934 0.00000 0.07017 0.00000 0.24348 0.00000 0.41324 0.00000 0.08690 0.00000 0.02962 0.00000 
249	3	0.00020 0.00000 0.00802 0.00000 0.06381 0.00000 0.53966 0.00000 0.21223 0.00000 0.07430 0.00000 0.09478 0.00000 0.00700 0.00000 
250	3	0.00003 0.00000 0.00736 0.00000 0.07113 0.00000 0.07279 0.00000 0.29282 0.00000 0.29147 0.00000 0.24258 0.00000 0.02182 0.00000 
251	3	0.00129 0.00000 0.40960 0.00000 0.40250 0.00000 0.04150 0.00000 0.07775 0.00000 0.03890 0.00000 0.02006 0.00000 0.00840 0.00000 
252	3	0.00036 0.00000 0.00863 0.00000 0.03764 0.00000 0.01248 0.00000 0.04390 0.00000 0.25540 0.00000 0.64138 0.00000 0.00021 0.00000 
253	3	0.00011 0.00000 0.00237 0.00000 0.00236 0.00000 0.01541 0.00000 0.08577 0.00000 0.11241 0.00000 0.50771 0.00000 0.27385 0.00000 
254	3	0.00016 0.00000 0.00110 0.00000 0.00373 0.00000 0.08366 0.00000 0.46007 0.00000 0.37050 0.00000 0.06316 0.00000 0.01762 0.00000 
255	3	0.00007 0.00000 0.00342 0.00000 0.24738 0.00000 0.18099 0.00000 0.50622 0.00000 0.03580 0.00000 0.01750 0.00000 0.00863 0.00000 
256	3	0.00026 0.00000 0.01135 0.00000 0.01750 0.00000 0.11108 0.00000 0.36694 0.00000 0.23568 0.00000 0.20973 0.00000 0.04747 0.00000 
257	3	0.46723 0.00000 0.18683 0.00000 0.04916 0.00000 0.01319 0.00000 0.03461 0.00000 0.06596 0.00000 0.15814 0.00000 0.02488 0.00000 
258	3	0.00001 0.00000 0.00215 0.00000 0.00704 0.00000 0.01979 0.00000 0.03855 0.00000 0.04661 0.00000 0.88495 0.00000 0.00090 0.00000 
259	3	0.00047 0.00000 0.02297 0.00000 0.54423 0.00000 0.15212 0.00000 0.15413 0.00000 0.11115 0.00000 0.01132 0.00000 0.00361 0.00000 
260	3	0.00102 0.00000 0.02810 0.00000 0.05605 0.00000 0.03770 0.00000 0.07501 0.00000 0.27120 0.00000 0.47472 0.00000 0.05620 0.00000 
261	3	0.00004 0.00000 0.00050 0.00000 0.00060 0.00000 0.00728 0.00000 0.02512 0.00000 0.93477 0.00000 0.02836 0.00000 0.00333 0.00000 
262	3	0.00166 0.00000 0.00212 0.00000 0.00154 0.00000 0.01409 0.00000 0.02259 0.00000 0.06656 0.00000 0.39610 0.00000 0.49533 0.00000 
263	3	0.00043 0.00000 0.01180 0.00000 0.02312 0.00000 0.02307 0.00000 0.10817 0.00000 0.68327 0.00000 0.10982 0.00000 0.04032 0.00000 
264	3	0.00035 0.00000 0.01791 0.00000 0.18687 0.00000 0.33995 0.00000 0.10749 0.00000 0.05963 0.00000 0.18064 0.00000 0.10717 0.00000 
265	3	0.00007 0.00000 0.00060 0.00000 0.00207 0.00000 0.04781 0.00000 0.20532 0.00000 0.36946 0.00000 0.24478 0.00000 0.12988 0.00000 
266	3	0.00910 0.00000 0.35304 0.00000 0.11077 0.00000 0.02292 0.00000 0.03430 0.00000 0.07452 0.00000 0.10473 0.00000 0.29061 0.00000 
267	3	0.00002 0.00000 0.00103 0.00000 0.00092 0.00000 0.00740 0.00000 0.02830 0.00000 0.05687 0.00000 0.42573 0.00000 0.47973 0.00000 
268	3	0.00003 0.00000 0.00021 0.00000 0.00068 0.00000 0.01188 0.00000 0.06554 0.00000 0.66643 0.00000 0.23824 0.00000 0.01698 0.00000 
269	3	0.00001 0.00000 0.00181 0.00000 0.00892 0.00000 0.02122 0.00000 0.37911 0.00000 0.17146 0.00000 0.08038 0.00000 0.33707 0.00000 
270	3	0.00007 0.00000 0.00049 0.00000 0.00135 0.00000 0.02321 0.00000 0.45297 0.00000 0.06035 0.00000 0.08056 0.00000 0.38100 0.00000 
271	3	0.00001 0.00000 0.00055 0.00000 0.00232 0.00000 0.06067 0.00000 0.44664 0.00000 0.10016 0.00000 0.01280 0.00000 0.37685 0.00000 
272	3	0.00043 0.00000 0.00662 0.00000 0.40854 0.00000 0.00000 0.00000 0.12671 0.00000 0.06125 0.00000 0.07268 0.00000 0.32376 0.00000 
273	3	0.00004 0.00000 0.00000 0.00000 0.08341 0.00000 0.00000 0.00000 0.03482 0.00000 0.03607 0.00000 0.00000 0.00000 0.84566 0.00000 
274	3	0.00002 0.00000 0.00007 0.00000 0.00061 0.00000 0.00232 0.00000 0.01634 0.00000 0.04318 0.00000 0.75886 0.00000 0.17860 0.00000 
275	3	0.00685 0.00000 0.01856 0.00000 0.10141 0.00000 0.16128 0.00000 0.20433 0.00000 0.43049 0.00000 0.05185 0.00000 0.02524 0.00000 
276	3	0.00031 0.00000 0.00457 0.00000 0.02531 0.00000 0.03833 0.00000 0.07756 0.00000 0.16421 0.00000 0.67769 0.00000 0.01203 0.00000 
277	3	0.00173 0.00000 0.01049 0.00000 0.03812 0.00000 0.07307 0.00000 0.67849 0.00000 0.11279 0.00000 0.05672 0.00000 0.02859 0.00000 
278	3	0.00001 0.00000 0.00216 0.00000 0.00592 0.00000 0.01111 0.00000 0.01632 0.00000 0.20207 0.00000 0.45570 0.00000 0.30671 0.00000 
279	3	0.00019 0.00000 0.00215 0.00000 0.00188 0.00000 0.00551 0.00000 0.27077 0.00000 0.68025 0.00000 0.02790 0.00000 0.01135 0.00000 
280	3	0.00009 0.00000 0.00437 0.00000 0.04759 0.00000 0.46464 0.00000 0.18486 0.00000 0.15076 0.00000 0.10731 0.00000 0.04038 0.00000 
281	3	0.00019 0.00000 0.00582 0.00000 0.00903 0.00000 0.02821 0.00000 0.09735 0.00000 0.16184 0.00000 0.45942 0.00000 0.23815 0.00000 
282	3	0.00007 0.00000 0.00027 0.00000 0.00593 0.00000 0.02548 0.00000 0.05968 0.00000 0.40848 0.00000 0.38251 0.00000 0.11757 0.00000 
283	3	0.03897 0.00000 0.60452 0.00000 0.09113 0.00000 0.05693 0.00000 0.08997 0.00000 0.05258 0.00000 0.05580 0.00000 0.01009 0.00000 
284	3	0.00001 0.00000 0.00089 0.00000 0.00611 0.00000 0.14256 0.00000 0.70023 0.00000 0.03501 0.00000 0.07319 0.00000 0.04199 0.00000 
285	3	0.00015 0.00000 0.01671 0.00000 0.02036 0.00000 0.03074 0.00000 0.07938 0.00000 0.45854 0.00000 0.38901 0.00000 0.00511 0.00000 
286	3	0.00001 0.00000 0.00342 0.00000 0.01852 0.00000 0.10313 0.00000 0.44434 0.00000 0.21234 0.00000 0.17056 0.00000 0.04767 0.00000 
287	3	0.00145 0.00000 0.00855 0.00000 0.01646 0.00000 0.01576 0.00000 0.04295 0.00000 0.12048 0.00000 0.44602 0.00000 0.34833 0.00000 
288	3	0.00005 0.00000 0.00170 0.00000 0.00690 0.00000 0.33401 0.00000 0.33712 0.00000 0.10257 0.00000 0.19077 0.00000 0.02687 0.00000 
289	3	0.00012 0.00000 0.00290 0.00000 0.00462 0.00000 0.02622 0.00000 0.09443 0.00000 0.20323 0.00000 0.63727 0.00000 0.03120 0.00000 
290	3	0.00027 0.00000 0.00652 0.00000 0.00712 0.00000 0.04482 0.00000 0.18335 0.00000 0.41695 0.00000 0.29626 0.00000 0.04471 0.00000 
291	3	0.00001 0.00000 0.00139 0.00000 0.00385 0.00000 0.03068 0.00000 0.56617 0.00000 0.31566 0.00000 0.06934 0.00000 0.01290 0.00000 
292	3	0.00013 0.00000 0.00665 0.00000 0.06049 0.00000 0.01406 0.00000 0.03721 0.00000 0.22277 0.00000 0.58694 0.00000 0.07175 0.00000 
293	3	0.00164 0.00000 0.05243 0.00000 0.07481 0.00000 0.04333 0.00000 0.12899 0.00000 0.51095 0.00000 0.12791 0.00000 0.05993 0.00000 
294	3	0.00001 0.00000 0.00005 0.00000 0.00133 0.00000 0.01059 0.00000 0.03207 0.00000 0.15043 0.00000 0.77706 0.00000 0.02844 0.00000 
295	3	0.00034 0.00000 0.01019 0.00000 0.02498 0.00000 0.01831 0.00000 0.08357 0.00000 0.10826 0.00000 0.68536 0.00000 0.06898 0.00000 
296	3	0.00950 0.00000 0.05530 0.00000 0.07485 0.00000 0.04755 0.00000 0.04980 0.00000 0.05459 0.00000 0.48039 0.00000 0.22802 0.00000 
297	3	0.00001 0.00000 0.00044 0.00000 0.00090 0.00000 0.02225 0.00000 0.36891 0.00000 0.39156 0.00000 0.09645 0.00000 0.11949 0.00000 
298	3	0.00006 0.00000 0.00095 0.00000 0.00168 0.00000 0.24091 0.00000 0.52569 0.00000 0.09356 0.00000 0.04224 0.00000 0.09490 0.00000 
299	3	0.00001 0.00000 0.00037 0.00000 0.00021 0.00000 0.46604 0.00000 0.35495 0.00000 0.07059 0.00000 0.07936 0.00000 0.02845 0.00000 
300	4	0.00012 0.00000 0.02013 0.00000 0.04155 0.00000 0.09102 0.00000 0.75217 0.00000 0.04870 0.00000 0.04181 0.00000 0.00450 0.00000 
301	4	0.00397 0.00000 0.02661 0.00000 0.03426 0.00000 0.02490 0.00000 0.06080 0.00000 0.21458 0.00000 0.58852 0.00000 0.04636 0.00000 
302	4	0.00005 0.00000 0.00180 0.00000 0.00894 0.00000 0.01253 0.00000 0.08769 0.00000 0.82481 0.00000 0.04961 0.00000 0.01456 0.00000 
303	4	0.00052 0.00000 0.01395 0.00000 0.11882 0.00000 0.14990 0.00000 0.53405 0.00000 0.11829 0.00000 0.05523 0.00000 0.00924 0.00000 
304	4	0.00013 0.00000 0.00406 0.00000 0.23533 0.00000 0.04486 0.00000 0.17601 0.00000 0.15135 0.00000 0.12106 0.00000 0.26720 0.00000 
305	4	0.00019 0.00000 0.00305 0.00000 0.06563 0.00000 0.34780 0.00000 0.26090 0.00000 0.18487 0.00000 0.08868 0.00000 0.04888 0.00000 
306	4	0.00060 0.00000 0.01961 0.00000 0.06951 0.00000 0.09163 0.00000 0.21872 0.00000 0.15262 0.00000 0.17084 0.00000 0.27648 0.00000 
307	4	0.21365 0.00000 0.19448 0.00000 0.12954 0.00000 0.07205 0.00000 0.09566 0.00000 0.14729 0.00000 0.12704 0.00000 0.02029 0.00000 
308	4	0.00016 0.00000 0.00953 0.00000 0.20158 0.00000 0.11420 0.00000 0.27989 0.00000 0.30917 0.00000 0.06312 0.00000 0.02235 0.00000 
309	4	0.00077 0.00000 0.02962 0.00000 0.13866 0.00000 0.11395 0.00000 0.33328 0.00000 0.17818 0.00000 0.15200 0.00000 0.05353 0.00000 
310	4	0.00113 0.00000 0.04660 0.00000 0.17524 0.00000 0.30441 0.00000 0.17941 0.00000 0.11416 0.00000 0.12290 0.00000 0.05614 0.00000 
311	4	0.00045 0.00000 0.00516 0.00000 0.05138 0.00000 0.04292 0.00000 0.35156 0.00000 0.28286 0.00000 0.20560 0.00000 0.06006 0.00000 
312	4	0.00017 0.00000 0.00347 0.00000 0.04941 0.00000 0.04321 0.00000 0.12933 0.00000 0.23680 0.00000 0.37933 0.00000 0.15827 0.00000 
313	4	0.00056 0.00000 0.02421 0.00000 0.07907 0.00000 0.10048 0.00000 0.55463 0.00000 0.12215 0.00000 0.09334 0.00000 0.02556 0.00000 
314	4	0.00001 0.00000 0.24954 0.00000 0.23871 0.00000 0.24359 0.00000 0.13508 0.00000 0.05984 0.00000 0.06273 0.00000 0.01050 0.00000 
315	4	0.00010 0.00000 0.08398 0.00000 0.32141 0.00000 0.44515 0.00000 0.04298 0.00000 0.01728 0.00000 0.06228 0.00000 0.02682 0.00000 
316	4	0.00411 0.00000 0.08987 0.00000 0.28484 0.00000 0.05097 0.00000 0.15461 0.00000 0.22941 0.00000 0.15731 0.00000 0.02888 0.00000 
317	4	0.00003 0.00000 0.00684 0.00000 0.06346 0.00000 0.05654 0.00000 0.24767 0.00000 0.21811 0.00000 0.33407 0.00000 0.07329 0.00000 
318	4	0.00003 0.00000 0.00032 0.00000 0.01236 0.00000 0.22797 0.00000 0.39812 0.00000 0.22149 0.00000 0.09371 0.00000 0.04600 0.00000 
319	4	0.00821 0.00000 0.01855 0.00000 0.08252 0.00000 0.05344 0.00000 0.10401 0.00000 0.06696 0.00000 0.03286 0.00000 0.63345 0.00000 
320	4	0.00023 0.00000 0.00827 0.00000 0.05432 0.00000 0.10350 0.00000 0.31207 0.00000 0.37554 0.00000 0.04907 0.00000 0.09700 0.00000 
321	4	0.00003 0.00000 0.00095 0.00000 0.00998 0.00000 0.00769 0.00000 0.16585 0.00000 0.46920 0.00000 0.31643 0.00000 0.02987 0.00000 
322	4	0.00058 0.00000 0.00155 0.00000 0.01854 0.00000 0.01226 0.00000 0.10617 0.00000 0.15253 0.00000 0.12395 0.00000 0.58442 0.00000 
323	4	0.00116 0.00000 0.00235 0.00000 0.06552 0.00000 0.03601 0.00000 0.16023 0.00000 0.14855 0.00000 0.09224 0.00000 0.49394 0.00000 
324	4	0.00002 0.00000 0.00433 0.00000 0.01948 0.00000 0.19651 0.00000 0.35688 0.00000 0.15702 0.00000 0.18338 0.00000 0.08238 0.00000 
325	4	0.00008 0.00000 0.00043 0.00000 0.00202 0.00000 0.23902 0.00000 0.53770 0.00000 0.09105 0.00000 0.12215 0.00000 0.00755 0.00000 
326	4	0.00021 0.00000 0.00810 0.00000 0.06948 0.00000 0.10952 0.00000 0.15896 0.00000 0.44231 0.00000 0.18762 0.00000 0.02380 0.00000 
327	4	0.00379 0.00000 0.03269 0.00000 0.06578 0.00000 0.05906 0.00000 0.08452 0.00000 0.29369 0.00000 0.43784 0.00000 0.02262 0.00000 
328	4	0.00002 0.00000 0.00017 0.00000 0.00205 0.00000 0.00317 0.00000 0.09700 0.00000 0.23851 0.00000 0.16217 0.00000 0.49691 0.00000 
329	4	0.00003 0.00000 0.00019 0.00000 0.00044 0.00000 0.00995 0.00000 0.09606 0.00000 0.11305 0.00000 0.48668 0.00000 0.29360 0.00000 
330	4	0.00107 0.00000 0.04846 0.00000 0.02997 0.00000 0.22933 0.00000 0.38829 0.00000 0.24242 0.00000 0.05073 0.00000 0.00974 0.00000 
331	4	0.00011 0.00000 0.00047 0.00000 0.04524 0.00000 0.16673 0.00000 0.46236 0.00000 0.13812 0.00000 0.16718 0.00000 0.01980 0.00000 
332	4	0.00004 0.00000 0.01226 0.00000 0.04987 0.00000 0.05073 0.00000 0.15853 0.00000 0.16000 0.00000 0.45836 0.00000 0.11019 0.00000 
333	4	0.02256 0.00000 0.03478 0.00000 0.48471 0.00000 0.18527 0.00000 0.16247 0.00000 0.06389 0.00000 0.02994 0.00000 0.01638 0.00000 
334	4	0.00003 0.00000 0.00068 0.00000 0.00112 0.00000 0.07849 0.00000 0.65596 0.00000 0.15592 0.00000 0.07371 0.00000 0.03410 0.00000 
335	4	0.15905 0.00000 0.01852 0.00000 0.04468 0.00000 0.19795 0.00000 0.17413 0.00000 0.07816 0.00000 0.32646 0.00000 0.00106 0.00000 
336	4	0.00038 0.00000 0.01888 0.00000 0.01749 0.00000 0.03554 0.00000 0.37817 0.00000 0.45027 0.00000 0.08599 0.00000 0.01328 0.00000 
337	4	0.00002 0.00000 0.01781 0.00000 0.07036 0.00000 0.54389 0.00000 0.20099 0.00000 0.06483 0.00000 0.08554 0.00000 0.01655 0.00000 
338	4	0.00898 0.00000 0.20687 0.00000 0.19229 0.00000 0.09281 0.00000 0.28904 0.00000 0.10188 0.00000 0.06232 0.00000 0.04581 0.00000 
339	4	0.00601 0.00000 0.04454 0.00000 0.06840 0.00000 0.05907 0.00000 0.07971 0.00000 0.26978 0.00000 0.45165 0.00000 0.02085 0.00000 
340	4	0.00238 0.00000 0.29013 0.00000 0.23039 0.00000 0.04345 0.00000 0.20499 0.00000 0.09777 0.00000 0.11764 0.00000 0.01325 0.00000 
341	4	0.00007 0.00000 0.00213 0.00000 0.00772 0.00000 0.07438 0.00000 0.30389 0.00000 0.36940 0.00000 0.20727 0.00000 0.03513 0.00000 
342	4	0.00005 0.00000 0.00574 0.00000 0.14893 0.00000 0.16249 0.00000 0.39147 0.00000 0.25786 0.00000 0.01153 0.00000 0.02193 0.00000 
343	4	0.00008 0.00000 0.00790 0.00000 0.14448 0.00000 0.13091 0.00000 0.42509 0.00000 0.11535 0.00000 0.06301 0.00000 0.11318 0.00000 
344	4	0.00007 0.00000 0.00333 0.00000 0.01187 0.00000 0.08020 0.00000 0.32322 0.00000 0.36131 0.00000 0.19270 0.00000 0.02729 0.00000 
345	4	0.00018 0.00000 0.00597 0.00000 0.02995 0.00000 0.72217 0.00000 0.14510 0.00000 0.03423 0.00000 0.05822 0.00000 0.00418 0.00000 
346	4	0.00050 0.00000 0.00520 0.00000 0.02890 0.00000 0.82415 0.00000 0.07908 0.00000 0.01358 0.00000 0.04380 0.00000 0.00478 0.00000 
347	4	0.00193 0.00000 0.01307 0.00000 0.02469 0.00000 0.12754 0.00000 0.49681 0.00000 0.15704 0.00000 0.01956 0.00000 0.15935 0.00000 
348	4	0.00016 0.00000 0.00634 0.00000 0.02190 0.00000 0.08856 0.00000 0.27222 0.00000 0.42539 0.00000 0.17533 0.00000 0.01010 0.00000 
349	4	0.00012 0.00000 0.00595 0.00000 0.06732 0.00000 0.22870 0.00000 0.34858 0.00000 0.19263 0.00000 0.12085 0.00000 0.03585 0.00000 
350	4	0.00017 0.00000 0.00668 0.00000 0.06490 0.00000 0.23916 0.00000 0.40073 0.00000 0.17407 0.00000 0.09316 0.00000 0.02112 0.00000 
351	4	0.05164 0.00000 0.02427 0.00000 0.04825 0.00000 0.05022 0.00000 0.29427 0.00000 0.36504 0.00000 0.11297 0.00000 0.05333 0.00000 
352	4	0.00479 0.00000 0.04207 0.00000 0.52110 0.00000 0.08721 0.00000 0.17986 0.00000 0.12010 0.00000 0.02950 0.00000 0.01538 0.00000 
353	4	0.00004 0.00000 0.03734 0.00000 0.10703 0.00000 0.07029 0.00000 0.16360 0.00000 0.10004 0.00000 0.09249 0.00000 0.42916 0.00000 
354	4	0.09002 0.00000 0.01367 0.00000 0.70637 0.00000 0.05040 0.00000 0.08241 0.00000 0.02746 0.00000 0.01653 0.00000 0.01315 0.00000 
355	4	0.00237 0.00000 0.29931 0.00000 0.22480 0.00000 0.04552 0.00000 0.26652 0.00000 0.13631 0.00000 0.02221 0.00000 0.00296 0.00000 
356	4	0.00044 0.00000 0.01358 0.00000 0.11139 0.00000 0.34964 0.00000 0.36533 0.00000 0.12695 0.00000 0.01707 0.00000 0.01560 0.00000 
357	4	0.00008 0.00000 0.00123 0.00000 0.00893 0.00000 0.04972 0.00000 0.20127 0.00000 0.67986 0.00000 0.03810 0.00000 0.02082 0.00000 
358	4	0.00010 0.00000 0.00665 0.00000 0.03428 0.00000 0.04948 0.00000 0.19779 0.00000 0.32902 0.00000 0.27347 0.00000 0.10921 0.00000 
359	4	0.00001 0.00000 0.00003 0.00000 0.00194 0.00000 0.07241 0.00000 0.29575 0.00000 0.25066 0.00000 0.35415 0.00000 0.02505 0.00000 
360	4	0.00003 0.00000 0.00009 0.00000 0.00013 0.00000 0.00655 0.00000 0.26344 0.00000 0.49904 0.00000 0.23071 0.00000 0.00001 0.00000 
361	4	0.00010 0.00000 0.00604 0.00000 0.06517 0.00000 0.11960 0.00000 0.54517 0.00000 0.23979 0.00000 0.02101 0.00000 0.00311 0.00000 
362	4	0.00008 0.00000 0.00097 0.00000 0.00273 0.00000 0.13245 0.00000 0.60605 0.00000 0.12315 0.00000 0.12432 0.00000 0.01026 0.00000 
363	4	0.00010 0.00000 0.01365 0.00000 0.15677 0.00000 0.37284 0.00000 0.36865 0.00000 0.05583 0.00000 0.02551 0.00000 0.00667 0.00000 
364	4	0.00090 0.00000 0.00594 0.00000 0.00992 0.00000 0.00670 0.00000 0.03743 0.00000 0.16058 0.00000 0.67582 0.00000 0.10272 0.00000 
365	4	0.00740 0.00000 0.15673 0.00000 0.21565 0.00000 0.12732 0.00000 0.21271 0.00000 0.24268 0.00000 0.02724 0.00000 0.01027 0.00000 
366	4	0.00001 0.00000 0.00129 0.00000 0.00322 0.00000 0.01083 0.00000 0.22775 0.00000 0.50728 0.00000 0.13803 0.00000 0.11159 0.00000 
367	4	0.04762 0.00000 0.17727 0.00000 0.28868 0.00000 0.05174 0.00000 0.14664 0.00000 0.18321 0.00000 0.09344 0.00000 0.01139 0.00000 
368	4	0.00003 0.00000 0.00018 0.00000 0.00029 0.00000 0.04035 0.00000 0.46102 0.00000 0.30671 0.00000 0.09561 0.00000 0.09582 0.00000 
369	4	0.00002 0.00000 0.00099 0.00000 0.00372 0.00000 0.15281 0.00000 0.44223 0.00000 0.29474 0.00000 0.10030 0.00000 0.00519 0.00000 
370	4	0.00146 0.00000 0.01553 0.00000 0.09662 0.00000 0.15907 0.00000 0.33922 0.00000 0.17736 0.00000 0.07777 0.00000 0.13298 0.00000 
371	4	0.00005 0.00000 0.01229 0.00000 0.06201 0.00000 0.38713 0.00000 0.14479 0.00000 0.07129 0.00000 0.24307 0.00000 0.07937 0.00000 
372	4	0.00031 0.00000 0.04366 0.00000 0.05674 0.00000 0.05344 0.00000 0.08293 0.00000 0.25788 0.00000 0.38626 0.00000 0.11877 0.00000 
373	4	0.00270 0.00000 0.05140 0.00000 0.56555 0.00000 0.06698 0.00000 0.20270 0.00000 0.05120 0.00000 0.04143 0.00000 0.01803 0.00000 
374	4	0.00022 0.00000 0.00947 0.00000 0.02963 0.00000 0.05119 0.00000 0.36694 0.00000 0.30300 0.00000 0.18244 0.00000 0.05711 0.00000 
375	4	0.00003 0.00000 0.00116 0.00000 0.13288 0.00000 0.07135 0.00000 0.14305 0.00000 0.43840 0.00000 0.19785 0.00000 0.01529 0.00000 
376	4	0.00007 0.00000 0.00165 0.00000 0.00338 0.00000 0.61149 0.00000 0.34382 0.00000 0.00856 0.00000 0.01761 0.00000 0.01341 0.00000 
377	4	0.01812 0.00000 0.10097 0.00000 0.26118 0.00000 0.07250 0.00000 0.25942 0.00000 0.11507 0.00000 0.10758 0.00000 0.06517 0.00000 
378	4	0.00007 0.00000 0.19846 0.00000 0.57996 0.00000 0.00000 0.00000 0.20839 0.00000 0.01038 0.00000 0.00255 0.00000 0.00018 0.00000 
379	4	0.00002 0.00000 0.00145 0.00000 0.15390 0.00000 0.32141 0.00000 0.41887 0.00000 0.05852 0.00000 0.02104 0.00000 0.02480 0.00000 
380	4	0.00053 0.00000 0.03031 0.00000 0.57007 0.00000 0.29344 0.00000 0.08039 0.00000 0.02098 0.00000 0.00427 0.00000 0.00001 0.00000 
381	4	0.01527 0.00000 0.07345 0.00000 0.19457 0.00000 0.12784 0.00000 0.20367 0.00000 0.16243 0.00000 0.13624 0.00000 0.08651 0.00000 
382	4	0.00176 0.00000 0.00528 0.00000 0.04426 0.00000 0.11860 0.00000 0.32246 0.00000 0.29278 0.00000 0.21478 0.00000 0.00009 0.00000 
383	4	0.00501 0.00000 0.07321 0.00000 0.14433 0.00000 0.04732 0.00000 0.26058 0.00000 0.37568 0.00000 0.05768 0.00000 0.03617 0.00000 
384	4	0.00115 0.00000 0.05347 0.00000 0.08417 0.00000 0.58003 0.00000 0.22348 0.00000 0.03295 0.00000 0.02470 0.00000 0.00005 0.00000 
385	4	0.00001 0.00000 0.00527 0.00000 0.09157 0.00000 0.08290 0.00000 0.27423 0.00000 0.09893 0.00000 0.30534 0.00000 0.14175 0.00000 
386	4	0.00007 0.00000 0.00750 0.00000 0.05379 0.00000 0.17649 0.00000 0.56883 0.00000 0.04645 0.00000 0.12662 0.00000 0.02025 0.00000 
387	4	0.00225 0.00000 0.00858 0.00000 0.10170 0.00000 0.15509 0.00000 0.39475 0.00000 0.09661 0.00000 0.09916 0.00000 0.14186 0.00000 
388	4	0.00017 0.00000 0.00386 0.00000 0.08261 0.00000 0.13692 0.00000 0.34920 0.00000 0.23448 0.00000 0.17635 0.00000 0.01641 0.00000 
389	4	0.00002 0.00000 0.00104 0.00000 0.00330 0.00000 0.11529 0.00000 0.28226 0.00000 0.22357 0.00000 0.33134 0.00000 0.04318 0.00000 
390	4	0.00037 0.00000 0.04019 0.00000 0.09273 0.00000 0.14730 0.00000 0.21392 0.00000 0.38079 0.00000 0.12039 0.00000 0.00430 0.00000 
391	4	0.00005 0.00000 0.01037 0.00000 0.10440 0.00000 0.08037 0.00000 0.21020 0.00000 0.35197 0.00000 0.19067 0.00000 0.05198 0.00000 
392	4	0.00025 0.00000 0.00429 0.00000 0.01865 0.00000 0.54166 0.00000 0.29745 0.00000 0.05320 0.00000 0.08278 0.00000 0.00172 0.00000 
393	4	0.03618 0.00000 0.07178 0.00000 0.31273 0.00000 0.21786 0.00000 0.21606 0.00000 0.08296 0.00000 0.04505 0.00000 0.01737 0.00000 
394	4	0.00007 0.00000 0.01166 0.00000 0.04584 0.00000 0.29533 0.00000 0.38621 0.00000 0.19268 0.00000 0.06773 0.00000 0.00047 0.00000 
395	4	0.00024 0.00000 0.00440 0.00000 0.17206 0.00000 0.11179 0.00000 0.47169 0.00000 0.18276 0.00000 0.05213 0.00000 0.00493 0.00000 
396	4	0.00013 0.00000 0.00279 0.00000 0.00693 0.00000 0.05279 0.00000 0.19843 0.00000 0.08714 0.00000 0.63537 0.00000 0.01642 0.00000 
397	4	0.04425 0.00000 0.02234 0.00000 0.01875 0.00000 0.03753 0.00000 0.36803 0.00000 0.42046 0.00000 0.08830 0.00000 0.00033 0.00000 
398	4	0.00335 0.00000 0.07850 0.00000 0.08958 0.00000 0.09668 0.00000 0.32062 0.00000 0.30366 0.00000 0.10254 0.00000 0.00508 0.00000 
399	4	0.19099 0.00000 0.16740 0.00000 0.09099 0.00000 0.20632 0.00000 0.09020 0.00000 0.06956 0.00000 0.15421 0.00000 0.03032 0.00000 
400	5	0.01233 0.00000 0.01814 0.00000 0.02724 0.00000 0.01695 0.00000 0.04808 0.00000 0.04552 0.00000 0.08205 0.00000 0.74970 0.00000 
401	5	0.00664 0.00000 0.01375 0.00000 0.02662 0.00000 0.02577 0.00000 0.05267 0.00000 0.05523 0.00000 0.07069 0.00000 0.74863 0.00000 
402	5	0.00690 0.00000 0.01332 0.00000 0.02435 0.00000 0.02102 0.00000 0.06681 0.00000 0.07665 0.00000 0.07703 0.00000 0.71392 0.00000 
403	5	0.00651 0.00000 0.00975 0.00000 0.02863 0.00000 0.01723 0.00000 0.07008 0.00000 0.07794 0.00000 0.07618 0.00000 0.71369 0.00000 
404	5	0.00664 0.00000 0.00954 0.00000 0.03242 0.00000 0.02072 0.00000 0.06670 0.00000 0.05201 0.00000 0.06914 0.00000 0.74283 0.00000 
405	5	0.01089 0.00000 0.01332 0.00000 0.02775 0.00000 0.02049 0.00000 0.04793 0.00000 0.05795 0.00000 0.07566 0.00000 0.74601 0.00000 
406	5	0.01032 0.00000 0.01413 0.00000 0.02857 0.00000 0.01305 0.00000 0.03424 0.00000 0.05006 0.00000 0.12933 0.00000 0.72030 0.00000 
407	5	0.00390 0.00000 0.00729 0.00000 0.02445 0.00000 0.02101 0.00000 0.06558 0.00000 0.07092 0.00000 0.09134 0.00000 0.71553 0.00000 
408	5	0.00394 0.00000 0.01070 0.00000 0.02782 0.00000 0.02971 0.00000 0.06331 0.00000 0.07673 0.00000 0.06778 0.00000 0.72000 0.00000 
409	5	0.00856 0.00000 0.02042 0.00000 0.05143 0.00000 0.02536 0.00000 0.05942 0.00000 0.06536 0.00000 0.04928 0.00000 0.72017 0.00000 
410	5	0.00409 0.00000 0.00787 0.00000 0.03343 0.00000 0.02690 0.00000 0.05150 0.00000 0.06004 0.00000 0.06464 0.00000 0.75153 0.00000 
411	5	0.00604 0.00000 0.01183 0.00000 0.02900 0.00000 0.02433 0.00000 0.07584 0.00000 0.05790 0.00000 0.05869 0.00000 0.73638 0.00000 
412	5	0.01403 0.00000 0.01699 0.00000 0.03922 0.00000 0.02046 0.00000 0.05411 0.00000 0.04965 0.00000 0.07822 0.00000 0.72731 0.00000 
413	5	0.00912 0.00000 0.01545 0.00000 0.05370 0.00000 0.03579 0.00000 0.05027 0.00000 0.05134 0.00000 0.04191 0.00000 0.74242 0.00000 
414	5	0.01943 0.00000 0.01969 0.00000 0.02721 0.00000 0.01195 0.00000 0.02675 0.00000 0.04117 0.00000 0.09915 0.00000 0.75465 0.00000 
415	5	0.00857 0.00000 0.01782 0.00000 0.02754 0.00000 0.01588 0.00000 0.03807 0.00000 0.05127 0.00000 0.10162 0.00000 0.73923 0.00000 
416	5	0.00898 0.00000 0.01385 0.00000 0.02932 0.00000 0.02174 0.00000 0.04217 0.00000 0.05178 0.00000 0.08723 0.00000 0.74493 0.00000 
417	5	0.01061 0.00000 0.01475 0.00000 0.03300 0.00000 0.01706 0.00000 0.03864 0.00000 0.04767 0.00000 0.09109 0.00000 0.74718 0.00000 
418	5	0.01308 0.00000 0.02063 0.00000 0.04226 0.00000 0.02393 0.00000 0.05156 0.00000 0.04771 0.00000 0.08416 0.00000 0.71668 0.00000 
419	5	0.01153 0.00000 0.01947 0.00000 0.03833 0.00000 0.01846 0.00000 0.04441 0.00000 0.05476 0.00000 0.08972 0.00000 0.72332 0.00000 
420	5	0.00355 0.00000 0.01201 0.00000 0.04827 0.00000 0.02945 0.00000 0.04452 0.00000 0.06305 0.00000 0.05438 0.00000 0.74478 0.00000 
421	5	0.01148 0.00000 0.01291 0.00000 0.02967 0.00000 0.01594 0.00000 0.03566 0.00000 0.05465 0.00000 0.08201 0.00000 0.75768 0.00000 
422	5	0.01084 0.00000 0.01842 0.00000 0.02968 0.00000 0.01524 0.00000 0.03188 0.00000 0.05209 0.00000 0.10804 0.00000 0.73380 0.00000 
423	5	0.00895 0.00000 0.01645 0.00000 0.02831 0.00000 0.01986 0.00000 0.03661 0.00000 0.04675 0.00000 0.08934 0.00000 0.75375 0.00000 
424	5	0.00458 0.00000 0.01002 0.00000 0.03876 0.00000 0.03135 0.00000 0.07368 0.00000 0.07045 0.00000 0.06484 0.00000 0.70633 0.00000 
425	5	0.00057 0.00000 0.02996 0.00000 0.04525 0.00000 0.04297 0.00000 0.07608 0.00000 0.46081 0.00000 0.31685 0.00000 0.02752 0.00000 
426	5	0.00165 0.00000 0.00433 0.00000 0.04629 0.00000 0.04475 0.00000 0.06162 0.00000 0.02064 0.00000 0.28811 0.00000 0.53260 0.00000 
427	5	0.00334 0.00000 0.00660 0.00000 0.03687 0.00000 0.04037 0.00000 0.06070 0.00000 0.03106 0.00000 0.05031 0.00000 0.77074 0.00000 
428	5	0.00842 0.00000 0.02413 0.00000 0.05686 0.00000 0.03782 0.00000 0.09677 0.00000 0.04688 0.00000 0.05046 0.00000 0.67865 0.00000 
429	5	0.00296 0.00000 0.04095 0.00000 0.03852 0.00000 0.03204 0.00000 0.07465 0.00000 0.31961 0.00000 0.23245 0.00000 0.25882 0.00000 
430	5	0.00362 0.00000 0.01660 0.00000 0.06194 0.00000 0.04719 0.00000 0.09014 0.00000 0.05195 0.00000 0.05932 0.00000 0.66923 0.00000 
431	5	0.01050 0.00000 0.02047 0.00000 0.05148 0.00000 0.03046 0.00000 0.08244 0.00000 0.05298 0.00000 0.05374 0.00000 0.69795 0.00000 
432	5	0.00081 0.00000 0.04272 0.00000 0.07492 0.00000 0.05859 0.00000 0.14390 0.00000 0.25499 0.00000 0.18464 0.00000 0.23943 0.00000 
433	5	0.00440 0.00000 0.01016 0.00000 0.06253 0.00000 0.04522 0.00000 0.09678 0.00000 0.04337 0.00000 0.05083 0.00000 0.68669 0.00000 
434	5	0.00070 0.00000 0.01716 0.00000 0.08871 0.00000 0.11187 0.00000 0.24892 0.00000 0.21645 0.00000 0.17604 0.00000 0.14016 0.00000 
435	5	0.00495 0.00000 0.00714 0.00000 0.04525 0.00000 0.03301 0.00000 0.05766 0.00000 0.05443 0.00000 0.07890 0.00000 0.71866 0.00000 
436	5	0.00825 0.00000 0.01975 0.00000 0.04228 0.00000 0.02310 0.00000 0.05288 0.00000 0.05912 0.00000 0.08275 0.00000 0.71188 0.00000 
437	5	0.00046 0.00000 0.01685 0.00000 0.02644 0.00000 0.02654 0.00000 0.03737 0.00000 0.06090 0.00000 0.07877 0.00000 0.75267 0.00000 
438	5	0.00066 0.00000 0.00276 0.00000 0.01916 0.00000 0.02786 0.00000 0.05213 0.00000 0.03791 0.00000 0.06321 0.00000 0.79630 0.00000 
439	5	0.00510 0.00000 0.00873 0.00000 0.03529 0.00000 0.02534 0.00000 0.05089 0.00000 0.04129 0.00000 0.06112 0.00000 0.77222 0.00000 
440	5	0.00046 0.00000 0.00220 0.00000 0.02674 0.00000 0.03203 0.00000 0.06380 0.00000 0.03913 0.00000 0.07201 0.00000 0.76363 0.00000 
441	5	0.00376 0.00000 0.00867 0.00000 0.04302 0.00000 0.03300 0.00000 0.05563 0.00000 0.02863 0.00000 0.06959 0.00000 0.75769 0.00000 
442	5	0.00361 0.00000 0.00859 0.00000 0.06041 0.00000 0.02617 0.00000 0.04432 0.00000 0.03515 0.00000 0.05248 0.00000 0.76928 0.00000 
443	5	0.00603 0.00000 0.01535 0.00000 0.03110 0.00000 0.01645 0.00000 0.06434 0.00000 0.05079 0.00000 0.06246 0.00000 0.75348 0.00000 
444	5	0.00249 0.00000 0.00538 0.00000 0.03536 0.00000 0.02300 0.00000 0.05252 0.00000 0.06004 0.00000 0.06402 0.00000 0.75720 0.00000 
445	5	0.00086 0.00000 0.00331 0.00000 0.01568 0.00000 0.02417 0.00000 0.05853 0.00000 0.04656 0.00000 0.07919 0.00000 0.77171 0.00000 
446	5	0.00958 0.00000 0.01180 0.00000 0.05955 0.00000 0.02955 0.00000 0.05861 0.00000 0.05642 0.00000 0.06234 0.00000 0.71214 0.00000 
447	5	0.00147 0.00000 0.00961 0.00000 0.03998 0.00000 0.04696 0.00000 0.05626 0.00000 0.06511 0.00000 0.05915 0.00000 0.72146 0.00000 
448	5	0.01212 0.00000 0.02043 0.00000 0.06163 0.00000 0.03425 0.00000 0.06023 0.00000 0.05848 0.00000 0.06213 0.00000 0.69072 0.00000 
449	5	0.00085 0.00000 0.17581 0.00000 0.20350 0.00000 0.08620 0.00000 0.07078 0.00000 0.12718 0.00000 0.19153 0.00000 0.14415 0.00000 
450	5	0.00320 0.00000 0.00495 0.00000 0.04448 0.00000 0.04631 0.00000 0.07507 0.00000 0.05512 0.00000 0.06424 0.00000 0.70662 0.00000 
451	5	0.00107 0.00000 0.03679 0.00000 0.31046 0.00000 0.08562 0.00000 0.11473 0.00000 0.19782 0.00000 0.11844 0.00000 0.13507 0.00000 
452	5	0.00211 0.00000 0.00470 0.00000 0.03953 0.00000 0.03974 0.00000 0.06699 0.00000 0.05175 0.00000 0.06758 0.00000 0.72759 0.00000 
453	5	0.00890 0.00000 0.05369 0.00000 0.19644 0.00000 0.10614 0.00000 0.26056 0.00000 0.16022 0.00000 0.04955 0.00000 0.16450 0.00000 
454	5	0.00169 0.00000 0.00406 0.00000 0.02830 0.00000 0.02719 0.00000 0.04435 0.00000 0.04584 0.00000 0.05344 0.00000 0.79513 0.00000 
455	5	0.00089 0.00000 0.01355 0.00000 0.39176 0.00000 0.14580 0.00000 0.23600 0.00000 0.04394 0.00000 0.03141 0.00000 0.13664 0.00000 
456	5	0.00084 0.00000 0.00498 0.00000 0.02368 0.00000 0.03304 0.00000 0.05329 0.00000 0.05099 0.00000 0.14623 0.00000 0.68695 0.00000 
457	5	0.00198 0.00000 0.01978 0.00000 0.37263 0.00000 0.17825 0.00000 0.24232 0.00000 0.04596 0.00000 0.03428 0.00000 0.10481 0.00000 
458	5	0.00125 0.00000 0.00282 0.00000 0.02520 0.00000 0.03018 0.00000 0.04027 0.00000 0.04637 0.00000 0.08518 0.00000 0.76874 0.00000 
459	5	0.00018 0.00000 0.00171 0.00000 0.01273 0.00000 0.03152 0.00000 0.06203 0.00000 0.03758 0.00000 0.06833 0.00000 0.78593 0.00000 
460	5	0.00233 0.00000 0.03282 0.00000 0.45548 0.00000 0.17694 0.00000 0.18869 0.00000 0.03956 0.00000 0.02437 0.00000 0.07982 0.00000 
461	5	0.00009 0.00000 0.00054 0.00000 0.00831 0.00000 0.01571 0.00000 0.07109 0.00000 0.03859 0.00000 0.12910 0.00000 0.73657 0.00000 
462	5	0.00065 0.00000 0.00198 0.00000 0.01581 0.00000 0.02466 0.00000 0.05703 0.00000 0.04503 0.00000 0.12747 0.00000 0.72737 0.00000 
463	5	0.00290 0.00000 0.00646 0.00000 0.02585 0.00000 0.01964 0.00000 0.04305 0.00000 0.04382 0.00000 0.09585 0.00000 0.76242 0.00000 
464	5	0.00461 0.00000 0.03494 0.00000 0.56473 0.00000 0.08150 0.00000 0.15053 0.00000 0.03887 0.00000 0.02795 0.00000 0.09687 0.00000 
465	5	0.00076 0.00000 0.00171 0.00000 0.01517 0.00000 0.02608 0.00000 0.06034 0.00000 0.03610 0.00000 0.08063 0.00000 0.77921 0.00000 
466	5	0.00224 0.00000 0.02771 0.00000 0.46545 0.00000 0.21170 0.00000 0.16181 0.00000 0.03139 0.00000 0.03037 0.00000 0.06932 0.00000 
467	5	0.00070 0.00000 0.00638 0.00000 0.02833 0.00000 0.04556 0.00000 0.10165 0.00000 0.06203 0.00000 0.05833 0.00000 0.69701 0.00000 
468	5	0.00014 0.00000 0.01011 0.00000 0.02774 0.00000 0.03892 0.00000 0.06087 0.00000 0.05407 0.00000 0.03646 0.00000 0.77169 0.00000 
469	5	0.00708 0.00000 0.06995 0.00000 0.09377 0.00000 0.02334 0.00000 0.22539 0.00000 0.06274 0.00000 0.04659 0.00000 0.47114 0.00000 
470	5	0.00087 0.00000 0.01952 0.00000 0.32557 0.00000 0.02600 0.00000 0.12702 0.00000 0.10548 0.00000 0.14805 0.00000 0.24750 0.00000 
471	5	0.00061 0.00000 0.02334 0.00000 0.30725 0.00000 0.17977 0.00000 0.09279 0.00000 0.04524 0.00000 0.03819 0.00000 0.31281 0.00000 
472	5	0.00019 0.00000 0.01159 0.00000 0.04820 0.00000 0.02043 0.00000 0.29586 0.00000 0.14690 0.00000 0.13779 0.00000 0.33905 0.00000 
473	5	0.00060 0.00000 0.01085 0.00000 0.04953 0.00000 0.02002 0.00000 0.30754 0.00000 0.13472 0.00000 0.12320 0.00000 0.35354 0.00000 
474	5	0.00409 0.00000 0.01288 0.00000 0.06155 0.00000 0.02403 0.00000 0.03431 0.00000 0.04403 0.00000 0.14359 0.00000 0.67553 0.00000 
475	5	0.00677 0.00000 0.04901 0.00000 0.09233 0.00000 0.15954 0.00000 0.25703 0.00000 0.35810 0.00000 0.06459 0.00000 0.01262 0.00000 
476	5	0.00017 0.00000 0.01207 0.00000 0.12142 0.00000 0.08607 0.00000 0.16594 0.00000 0.16239 0.00000 0.26215 0.00000 0.18979 0.00000 
477	5	0.00097 0.00000 0.01599 0.00000 0.03775 0.00000 0.03697 0.00000 0.12664 0.00000 0.28691 0.00000 0.41766 0.00000 0.07711 0.00000 
478	5	0.00027 0.00000 0.03088 0.00000 0.08159 0.00000 0.01945 0.00000 0.11505 0.00000 0.19205 0.00000 0.18791 0.00000 0.37279 0.00000 
479	5	0.00144 0.00000 0.00596 0.00000 0.03017 0.00000 0.03210 0.00000 0.13537 0.00000 0.21871 0.00000 0.16700 0.00000 0.40926 0.00000 
480	5	0.00117 0.00000 0.03530 0.00000 0.15749 0.00000 0.09297 0.00000 0.18376 0.00000 0.21904 0.00000 0.08212 0.00000 0.22815 0.00000 
481	5	0.00079 0.00000 0.01136 0.00000 0.01798 0.00000 0.14646 0.00000 0.16248 0.00000 0.15201 0.00000 0.16866 0.00000 0.34026 0.00000 
482	5	0.00003 0.00000 0.00012 0.00000 0.07534 0.00000 0.37054 0.00000 0.15413 0.00000 0.05483 0.00000 0.02880 0.00000 0.31620 0.00000 
483	5	0.00760 0.00000 0.02473 0.00000 0.35245 0.00000 0.06687 0.00000 0.06935 0.00000 0.05697 0.00000 0.03739 0.00000 0.38463 0.00000 
484	5	0.00025 0.00000 0.00800 0.00000 0.12545 0.00000 0.13690 0.00000 0.24274 0.00000 0.06461 0.00000 0.02998 0.00000 0.39207 0.00000 
485	5	0.00008 0.00000 0.00329 0.00000 0.23679 0.00000 0.11228 0.00000 0.14168 0.00000 0.10315 0.00000 0.03581 0.00000 0.36692 0.00000 
486	5	0.00211 0.00000 0.03386 0.00000 0.37050 0.00000 0.07753 0.00000 0.09808 0.00000 0.06147 0.00000 0.02482 0.00000 0.33163 0.00000 
487	5	0.00440 0.00000 0.01698 0.00000 0.05628 0.00000 0.02204 0.00000 0.07343 0.00000 0.23957 0.00000 0.18174 0.00000 0.40555 0.00000 
488	5	0.00448 0.00000 0.08007 0.00000 0.36527 0.00000 0.05593 0.00000 0.11520 0.00000 0.03816 0.00000 0.01572 0.00000 0.32515 0.00000 
489	5	0.00003 0.00000 0.00385 0.00000 0.05931 0.00000 0.48849 0.00000 0.08899 0.00000 0.01410 0.00000 0.01148 0.00000 0.33375 0.00000 
490	5	0.00037 0.00000 0.00571 0.00000 0.33339 0.00000 0.08104 0.00000 0.07433 0.00000 0.10797 0.00000 0.04381 0.00000 0.35339 0.00000 
491	5	0.00040 0.00000 0.00231 0.00000 0.29956 0.00000 0.14326 0.00000 0.08676 0.00000 0.07787 0.00000 0.03134 0.00000 0.35848 0.00000 
492	5	0.00006 0.00000 0.00643 0.00000 0.26781 0.00000 0.09500 0.00000 0.07744 0.00000 0.09738 0.00000 0.05381 0.00000 0.40207 0.00000 
493	5	0.00207 0.00000 0.01961 0.00000 0.36003 0.00000 0.13577 0.00000 0.06328 0.00000 0.03597 0.00000 0.02947 0.00000 0.35380 0.00000 
494	5	0.00003 0.00000 0.00338 0.00000 0.21442 0.00000 0.16285 0.00000 0.08060 0.00000 0.12062 0.00000 0.05486 0.00000 0.36325 0.00000 
495	5	0.00039 0.00000 0.01093 0.00000 0.35050 0.00000 0.04606 0.00000 0.07636 0.00000 0.06881 0.00000 0.02352 0.00000 0.42343 0.00000 
496	5	0.00410 0.00000 0.03135 0.00000 0.07144 0.00000 0.02376 0.00000 0.19302 0.00000 0.13368 0.00000 0.30738 0.00000 0.23527 0.00000 
497	5	0.00244 0.00000 0.01639 0.00000 0.04307 0.00000 0.04047 0.00000 0.10803 0.00000 0.25162 0.00000 0.42782 0.00000 0.11016 0.00000 
498	5	0.00034 0.00000 0.00522 0.00000 0.01302 0.00000 0.07277 0.00000 0.26760 0.00000 0.05268 0.00000 0.32460 0.00000 0.26378 0.00000 
499	5	0.01314 0.00000 0.04275 0.00000 0.05881 0.00000 0.01658 0.00000 0.04978 0.00000 0.03760 0.00000 0.04452 0.00000 0.73683 0.00000 
500	6	0.00006 0.00000 0.00229 0.00000 0.00237 0.00000 0.01723 0.00000 0.07083 0.00000 0.05176 0.00000 0.14964 0.00000 0.70583 0.00000 
501	6	0.00015 0.00000 0.00213 0.00000 0.05350 0.00000 0.03096 0.00000 0.12979 0.00000 0.28259 0.00000 0.27582 0.00000 0.22505 0.00000 
502	6	0.00003 0.00000 0.00144 0.00000 0.00508 0.00000 0.21347 0.00000 0.10806 0.00000 0.15406 0.00000 0.41276 0.00000 0.10508 0.00000 
503	6	0.26297 0.00000 0.40860 0.00000 0.11084 0.00000 0.02127 0.00000 0.02979 0.00000 0.04493 0.00000 0.06986 0.00000 0.05174 0.00000 
504	6	0.00005 0.00000 0.00070 0.00000 0.00263 0.00000 0.03968 0.00000 0.09734 0.00000 0.07767 0.00000 0.15715 0.00000 0.62478 0.00000 
505	6	0.00018 0.00000 0.00065 0.00000 0.00318 0.00000 0.00684 0.00000 0.04135 0.00000 0.13176 0.00000 0.19671 0.00000 0.61934 0.00000 
506	6	0.55670 0.00000 0.15436 0.00000 0.18750 0.00000 0.00301 0.00000 0.00916 0.00000 0.01884 0.00000 0.03203 0.00000 0.03840 0.00000 
507	6	0.03029 0.00000 0.05499 0.00000 0.05174 0.00000 0.03308 0.00000 0.19841 0.00000 0.03802 0.00000 0.02361 0.00000 0.56985 0.00000 
508	6	0.00019 0.00000 0.00243 0.00000 0.02545 0.00000 0.02030 0.00000 0.30648 0.00000 0.08229 0.00000 0.04349 0.00000 0.51937 0.00000 
509	6	0.00003 0.00000 0.00057 0.00000 0.00083 0.00000 0.02096 0.00000 0.04451 0.00000 0.12527 0.00000 0.46251 0.00000 0.34532 0.00000 
510	6	0.00005 0.00000 0.00069 0.00000 0.00864 0.00000 0.02793 0.00000 0.20721 0.00000 0.23131 0.00000 0.31673 0.00000 0.20745 0.00000 
511	6	0.00027 0.00000 0.00190 0.00000 0.00432 0.00000 0.00918 0.00000 0.03995 0.00000 0.14160 0.00000 0.21601 0.00000 0.58676 0.00000 
512	6	0.02489 0.00000 0.04242 0.00000 0.04839 0.00000 0.01634 0.00000 0.03768 0.00000 0.07237 0.00000 0.13116 0.00000 0.62676 0.00000 
513	6	0.00045 0.00000 0.00402 0.00000 0.14125 0.00000 0.05147 0.00000 0.54327 0.00000 0.16836 0.00000 0.08201 0.00000 0.00919 0.00000 
514	6	0.00043 0.00000 0.00319 0.00000 0.01376 0.00000 0.02070 0.00000 0.06227 0.00000 0.14193 0.00000 0.18084 0.00000 0.57689 0.00000 
515	6	0.00007 0.00000 0.17782 0.00000 0.21595 0.00000 0.02155 0.00000 0.10750 0.00000 0.12443 0.00000 0.16400 0.00000 0.18868 0.00000 
516	6	0.00191 0.00000 0.00629 0.00000 0.00387 0.00000 0.14073 0.00000 0.08150 0.00000 0.08189 0.00000 0.61172 0.00000 0.07209 0.00000 
517	6	0.00178 0.00000 0.00370 0.00000 0.01387 0.00000 0.00941 0.00000 0.05662 0.00000 0.29240 0.00000 0.33455 0.00000 0.28767 0.00000 
518	6	0.02190 0.00000 0.05848 0.00000 0.04977 0.00000 0.00979 0.00000 0.04283 0.00000 0.04592 0.00000 0.17227 0.00000 0.59904 0.00000 
519	6	0.00021 0.00000 0.00386 0.00000 0.04108 0.00000 0.03542 0.00000 0.05935 0.00000 0.37725 0.00000 0.46893 0.00000 0.01390 0.00000 
520	6	0.00150 0.00000 0.01474 0.00000 0.04658 0.00000 0.05061 0.00000 0.07120 0.00000 0.18276 0.00000 0.06219 0.00000 0.57043 0.00000 
521	6	0.00001 0.00000 0.00029 0.00000 0.02002 0.00000 0.02791 0.00000 0.17010 0.00000 0.37896 0.00000 0.35370 0.00000 0.04901 0.00000 
522	6	0.00123 0.00000 0.02952 0.00000 0.19393 0.00000 0.09692 0.00000 0.16466 0.00000 0.47992 0.00000 0.01464 0.00000 0.01917 0.00000 
523	6	0.00267 0.00000 0.05563 0.00000 0.18605 0.00000 0.03550 0.00000 0.10690 0.00000 0.54308 0.00000 0.04135 0.00000 0.02882 0.00000 
524	6	0.00179 0.00000 0.02971 0.00000 0.07389 0.00000 0.11825 0.00000 0.16542 0.00000 0.27196 0.00000 0.22589 0.00000 0.11309 0.00000 
525	6	0.00121 0.00000 0.03239 0.00000 0.08417 0.00000 0.05839 0.00000 0.05315 0.00000 0.20016 0.00000 0.18157 0.00000 0.38895 0.00000 
526	6	0.00216 0.00000 0.02068 0.00000 0.05705 0.00000 0.60773 0.00000 0.07497 0.00000 0.10449 0.00000 0.09821 0.00000 0.03471 0.00000 
527	6	0.00021 0.00000 0.01756 0.00000 0.03615 0.00000 0.03468 0.00000 0.06759 0.00000 0.06744 0.00000 0.06813 0.00000 0.70825 0.00000 
528	6	0.00004 0.00000 0.00044 0.00000 0.00115 0.00000 0.00831 0.00000 0.15327 0.00000 0.23734 0.00000 0.55766 0.00000 0.04179 0.00000 
529	6	0.00010 0.00000 0.00152 0.00000 0.00283 0.00000 0.14868 0.00000 0.09505 0.00000 0.22890 0.00000 0.15520 0.00000 0.36772 0.00000 
530	6	0.00037 0.00000 0.00073 0.00000 0.00371 0.00000 0.00578 0.00000 0.17409 0.00000 0.13200 0.00000 0.16134 0.00000 0.52198 0.00000 
531	6	0.00001 0.00000 0.00047 0.00000 0.00270 0.00000 0.00588 0.00000 0.05662 0.00000 0.66138 0.00000 0.21523 0.00000 0.05770 0.00000 
532	6	0.00638 0.00000 0.01519 0.00000 0.08810 0.00000 0.03869 0.00000 0.15127 0.00000 0.42848 0.00000 0.16394 0.00000 0.10794 0.00000 
533	6	0.01046 0.00000 0.03123 0.00000 0.07386 0.00000 0.08774 0.00000 0.07388 0.00000 0.15619 0.00000 0.25143 0.00000 0.31521 0.00000 
534	6	0.01729 0.00000 0.07977 0.00000 0.10092 0.00000 0.05365 0.00000 0.18552 0.00000 0.36967 0.00000 0.17273 0.00000 0.02045 0.00000 
535	6	0.00031 0.00000 0.00613 0.00000 0.01876 0.00000 0.01731 0.00000 0.10057 0.00000 0.56307 0.00000 0.25796 0.00000 0.03587 0.00000 
536	6	0.00015 0.00000 0.00461 0.00000 0.01225 0.00000 0.14234 0.00000 0.21763 0.00000 0.10651 0.00000 0.36751 0.00000 0.14899 0.00000 
537	6	0.00052 0.00000 0.00502 0.00000 0.00496 0.00000 0.04122 0.00000 0.13759 0.00000 0.55530 0.00000 0.21159 0.00000 0.04380 0.00000 
538	6	0.00003 0.00000 0.00049 0.00000 0.00025 0.00000 0.00244 0.00000 0.02001 0.00000 0.11524 0.00000 0.47116 0.00000 0.39037 0.00000 
539	6	0.00012 0.00000 0.00230 0.00000 0.00252 0.00000 0.01883 0.00000 0.03796 0.00000 0.04865 0.00000 0.08864 0.00000 0.80099 0.00000 
540	6	0.00011 0.00000 0.00087 0.00000 0.00618 0.00000 0.05956 0.00000 0.15194 0.00000 0.12305 0.00000 0.61069 0.00000 0.04759 0.00000 
541	6	0.00758 0.00000 0.07535 0.00000 0.04691 0.00000 0.01806 0.00000 0.02990 0.00000 0.07814 0.00000 0.22796 0.00000 0.51610 0.00000 
542	6	0.02612 0.00000 0.05504 0.00000 0.04732 0.00000 0.01074 0.00000 0.03291 0.00000 0.10586 0.00000 0.24099 0.00000 0.48101 0.00000 
543	6	0.00166 0.00000 0.01191 0.00000 0.00748 0.00000 0.02180 0.00000 0.06136 0.00000 0.02778 0.00000 0.28696 0.00000 0.58105 0.00000 
544	6	0.00216 0.00000 0.00696 0.00000 0.01820 0.00000 0.01193 0.00000 0.04364 0.00000 0.12758 0.00000 0.24716 0.00000 0.54238 0.00000 
545	6	0.00971 0.00000 0.01032 0.00000 0.02063 0.00000 0.00941 0.00000 0.04682 0.00000 0.10946 0.00000 0.23604 0.00000 0.55761 0.00000 
546	6	0.01288 0.00000 0.10290 0.00000 0.08318 0.00000 0.02022 0.00000 0.03188 0.00000 0.07167 0.00000 0.23327 0.00000 0.44400 0.00000 
547	6	0.03205 0.00000 0.06397 0.00000 0.04947 0.00000 0.01237 0.00000 0.03058 0.00000 0.10222 0.00000 0.15632 0.00000 0.55301 0.00000 
548	6	0.00017 0.00000 0.00667 0.00000 0.02416 0.00000 0.01255 0.00000 0.03430 0.00000 0.05586 0.00000 0.21669 0.00000 0.64960 0.00000 
549	6	0.00054 0.00000 0.00646 0.00000 0.01317 0.00000 0.01021 0.00000 0.03869 0.00000 0.10108 0.00000 0.13606 0.00000 0.69380 0.00000 
550	6	0.00418 0.00000 0.00423 0.00000 0.01147 0.00000 0.00911 0.00000 0.03389 0.00000 0.12577 0.00000 0.28452 0.00000 0.52684 0.00000 
551	6	0.00059 0.00000 0.01350 0.00000 0.03045 0.00000 0.02493 0.00000 0.06061 0.00000 0.09892 0.00000 0.33730 0.00000 0.43370 0.00000 
552	6	0.00183 0.00000 0.00255 0.00000 0.00558 0.00000 0.00659 0.00000 0.02273 0.00000 0.08038 0.00000 0.22542 0.00000 0.65492 0.00000 
553	6	0.01745 0.00000 0.09871 0.00000 0.07681 0.00000 0.01878 0.00000 0.02598 0.00000 0.07956 0.00000 0.20205 0.00000 0.48066 0.00000 
554	6	0.00561 0.00000 0.01018 0.00000 0.02978 0.00000 0.02106 0.00000 0.13413 0.00000 0.11521 0.00000 0.11900 0.00000 0.56503 0.00000 
555	6	0.00276 0.00000 0.01201 0.00000 0.02098 0.00000 0.01043 0.00000 0.04705 0.00000 0.12758 0.00000 0.18701 0.00000 0.59217 0.00000 
556	6	0.01321 0.00000 0.00917 0.00000 0.01956 0.00000 0.01204 0.00000 0.04233 0.00000 0.08417 0.00000 0.17102 0.00000 0.64850 0.00000 
557	6	0.00248 0.00000 0.01489 0.00000 0.02572 0.00000 0.01143 0.00000 0.03657 0.00000 0.14986 0.00000 0.28234 0.00000 0.47671 0.00000 
558	6	0.00721 0.00000 0.00519 0.00000 0.01477 0.00000 0.00556 0.00000 0.02141 0.00000 0.08618 0.00000 0.20358 0.00000 0.65610 0.00000 
559	6	0.00167 0.00000 0.00990 0.00000 0.02658 0.00000 0.00536 0.00000 0.02635 0.00000 0.05860 0.00000 0.18856 0.00000 0.68297 0.00000 
560	6	0.00001 0.00000 0.00109 0.00000 0.00147 0.00000 0.06531 0.00000 0.10568 0.00000 0.11335 0.00000 0.18279 0.00000 0.53029 0.00000 
561	6	0.00002 0.00000 0.00844 0.00000 0.02465 0.00000 0.19743 0.00000 0.07590 0.00000 0.08691 0.00000 0.57095 0.00000 0.03570 0.00000 
562	6	0.00004 0.00000 0.01891 0.00000 0.02557 0.00000 0.23133 0.00000 0.06911 0.00000 0.07780 0.00000 0.56469 0.00000 0.01254 0.00000 
563	6	0.00037 0.00000 0.00652 0.00000 0.06709 0.00000 0.02893 0.00000 0.05733 0.00000 0.41917 0.00000 0.35610 0.00000 0.06450 0.00000 
564	6	0.00019 0.00000 0.00788 0.00000 0.01617 0.00000 0.14236 0.00000 0.12843 0.00000 0.32959 0.00000 0.33337 0.00000 0.04199 0.00000 
565	6	0.00074 0.00000 0.02739 0.00000 0.06878 0.00000 0.04654 0.00000 0.04273 0.00000 0.03904 0.00000 0.01804 0.00000 0.75672 0.00000 
566	6	0.00001 0.00000 0.00181 0.00000 0.02954 0.00000 0.01363 0.00000 0.04610 0.00000 0.03699 0.00000 0.06221 0.00000 0.80970 0.00000 
567	6	0.00003 0.00000 0.00045 0.00000 0.27246 0.00000 0.03073 0.00000 0.06686 0.00000 0.28775 0.00000 0.26850 0.00000 0.07322 0.00000 
568	6	0.00011 0.00000 0.01374 0.00000 0.02667 0.00000 0.02604 0.00000 0.07496 0.00000 0.05646 0.00000 0.74002 0.00000 0.06200 0.00000 
569	6	0.00003 0.00000 0.00946 0.00000 0.21743 0.00000 0.12194 0.00000 0.39586 0.00000 0.15106 0.00000 0.08939 0.00000 0.01484 0.00000 
570	6	0.00006 0.00000 0.00287 0.00000 0.32354 0.00000 0.07877 0.00000 0.20438 0.00000 0.20513 0.00000 0.12603 0.00000 0.05923 0.00000 
571	6	0.00002 0.00000 0.00013 0.00000 0.00091 0.00000 0.00900 0.00000 0.04443 0.00000 0.02455 0.00000 0.06408 0.00000 0.85689 0.00000 
572	6	0.00016 0.00000 0.02290 0.00000 0.03676 0.00000 0.03861 0.00000 0.10486 0.00000 0.14393 0.00000 0.28105 0.00000 0.37173 0.00000 
573	6	0.00002 0.00000 0.00248 0.00000 0.00412 0.00000 0.16902 0.00000 0.19768 0.00000 0.33533 0.00000 0.25477 0.00000 0.03658 0.00000 
574	6	0.00026 0.00000 0.00189 0.00000 0.00643 0.00000 0.00353 0.00000 0.01966 0.00000 0.07062 0.00000 0.13474 0.00000 0.76287 0.00000 
575	6	0.00039 0.00000 0.01739 0.00000 0.04416 0.00000 0.13710 0.00000 0.15039 0.00000 0.20830 0.00000 0.27303 0.00000 0.16924 0.00000 
576	6	0.00006 0.00000 0.00096 0.00000 0.04815 0.00000 0.01680 0.00000 0.08674 0.00000 0.12221 0.00000 0.19440 0.00000 0.53069 0.00000 
577	6	0.00036 0.00000 0.00078 0.00000 0.01035 0.00000 0.01986 0.00000 0.27398 0.00000 0.17875 0.00000 0.45217 0.00000 0.06375 0.00000 
578	6	0.00086 0.00000 0.05184 0.00000 0.08425 0.00000 0.07932 0.00000 0.18488 0.00000 0.17393 0.00000 0.28888 0.00000 0.13604 0.00000 
579	6	0.00437 0.00000 0.00741 0.00000 0.09466 0.00000 0.04167 0.00000 0.03904 0.00000 0.03810 0.00000 0.10393 0.00000 0.67082 0.00000 
580	6	0.00059 0.00000 0.00560 0.00000 0.00466 0.00000 0.02538 0.00000 0.17162 0.00000 0.04066 0.00000 0.22009 0.00000 0.53140 0.00000 
581	6	0.00271 0.00000 0.03450 0.00000 0.06708 0.00000 0.14768 0.00000 0.29041 0.00000 0.19241 0.00000 0.11545 0.00000 0.14976 0.00000 
582	6	0.40607 0.00000 0.18786 0.00000 0.10143 0.00000 0.02931 0.00000 0.06295 0.00000 0.07914 0.00000 0.09842 0.00000 0.03482 0.00000 
583	6	0.00010 0.00000 0.00061 0.00000 0.00182 0.00000 0.10707 0.00000 0.21882 0.00000 0.13351 0.00000 0.29354 0.00000 0.24453 0.00000 
584	6	0.00237 0.00000 0.01621 0.00000 0.01610 0.00000 0.05212 0.00000 0.13901 0.00000 0.26790 0.00000 0.49871 0.00000 0.00759 0.00000 
585	6	0.00008 0.00000 0.00807 0.00000 0.01094 0.00000 0.04060 0.00000 0.67512 0.00000 0.12007 0.00000 0.12082 0.00000 0.02430 0.00000 
586	6	0.00001 0.00000 0.00095 0.00000 0.00569 0.00000 0.03705 0.00000 0.15179 0.00000 0.28101 0.00000 0.24732 0.00000 0.27618 0.00000 
587	6	0.00326 0.00000 0.04111 0.00000 0.05752 0.00000 0.13844 0.00000 0.13952 0.00000 0.19039 0.00000 0.39814 0.00000 0.03161 0.00000 
588	6	0.00006 0.00000 0.00843 0.00000 0.08213 0.00000 0.06552 0.00000 0.19545 0.00000 0.33833 0.00000 0.27596 0.00000 0.03413 0.00000 
589	6	0.00005 0.00000 0.00668 0.00000 0.12436 0.00000 0.09533 0.00000 0.09485 0.00000 0.61202 0.00000 0.06503 0.00000 0.00169 0.00000 
590	6	0.01344 0.00000 0.02805 0.00000 0.11969 0.00000 0.03069 0.00000 0.09459 0.00000 0.10570 0.00000 0.25876 0.00000 0.34907 0.00000 
591	6	0.00002 0.00000 0.00011 0.00000 0.00030 0.00000 0.05429 0.00000 0.05601 0.00000 0.11640 0.00000 0.33464 0.00000 0.43824 0.00000 
592	6	0.00524 0.00000 0.09484 0.00000 0.15086 0.00000 0.11769 0.00000 0.08705 0.00000 0.02504 0.00000 0.01022 0.00000 0.50905 0.00000 
593	6	0.00011 0.00000 0.00302 0.00000 0.01220 0.00000 0.03431 0.00000 0.34614 0.00000 0.26816 0.00000 0.23473 0.00000 0.10134 0.00000 
594	6	0.01464 0.00000 0.04551 0.00000 0.05081 0.00000 0.02394 0.00000 0.03999 0.00000 0.07197 0.00000 0.34356 0.00000 0.40959 0.00000 
595	6	0.00024 0.00000 0.00284 0.00000 0.01803 0.00000 0.15963 0.00000 0.02584 0.00000 0.03204 0.00000 0.11902 0.00000 0.64236 0.00000 
596	6	0.00137 0.00000 0.00169 0.00000 0.01150 0.00000 0.02719 0.00000 0.06434 0.00000 0.04191 0.00000 0.19075 0.00000 0.66126 0.00000 
597	6	0.00006 0.00000 0.00329 0.00000 0.00730 0.00000 0.02061 0.00000 0.04679 0.00000 0.09763 0.00000 0.10241 0.00000 0.72191 0.00000 
598	6	0.00058 0.00000 0.00360 0.00000 0.00330 0.00000 0.02237 0.00000 0.05733 0.00000 0.06601 0.00000 0.11343 0.00000 0.73338 0.00000 
599	6	0.00896 0.00000 0.01035 0.00000 0.02735 0.00000 0.01524 0.00000 0.04928 0.00000 0.19139 0.00000 0.68289 0.00000 0.01453 0.00000 
