600	6	6
0	1	0.28250 0.90827 0.12743 0.16702 0.74057 0.59485 
1	1	0.30821 0.96880 0.05742 0.25209 0.95101 0.43728 
2	1	0.18279 0.93933 0.11492 0.16807 0.75867 0.55513 
3	1	0.16664 0.85236 0.21116 0.09279 0.55101 0.70401 
4	1	0.24027 0.91131 0.18041 0.15588 0.65899 0.61856 
5	1	0.19529 0.95290 0.14605 0.13296 0.77646 0.61235 
6	1	0.23231 0.91087 0.15046 0.17775 0.73766 0.59897 
7	1	0.23098 0.85312 0.24272 0.11571 0.54295 0.68504 
8	1	0.31791 0.95063 0.14787 0.17912 0.72414 0.58876 
9	1	0.24255 0.98496 0.10222 0.15226 0.79721 0.56976 
10	1	0.26534 0.97444 0.11421 0.14823 0.75910 0.61835 
11	1	0.52614 0.89931 0.08589 0.37613 0.93035 0.37589 
12	1	0.14072 0.94265 0.19324 0.10934 0.77408 0.63329 
13	1	0.35532 0.91997 0.08920 0.29832 0.92665 0.41606 
14	1	0.27658 0.81591 0.18636 0.14263 0.60652 0.65871 
15	1	0.37815 0.95141 0.12962 0.22464 0.79628 0.56778 
16	1	0.22191 0.85443 0.19254 0.12188 0.64314 0.65996 
17	1	0.17550 0.85969 0.18924 0.10546 0.61058 0.69983 
18	1	0.26186 0.96928 0.07779 0.16189 0.84709 0.57736 
19	1	0.37235 0.92999 0.23087 0.19485 0.71790 0.62115 
20	1	0.18045 0.92151 0.13328 0.12126 0.71445 0.65910 
21	1	0.19302 0.98244 0.08512 0.11727 0.75632 0.63464 
22	1	0.15952 0.94750 0.07293 0.16016 0.92173 0.53521 
23	1	0.16492 0.94439 0.10155 0.14430 0.80738 0.58973 
24	1	0.27881 0.92310 0.06951 0.18854 0.91492 0.52389 
25	1	0.09464 0.90803 0.26063 0.07096 0.62457 0.74938 
26	1	0.06125 0.89318 0.28119 0.05381 0.57471 0.78333 
27	1	0.13411 0.91250 0.20652 0.11800 0.71693 0.63730 
28	1	0.10541 0.91527 0.17696 0.09949 0.74193 0.65820 
29	1	0.14186 0.96167 0.15581 0.09610 0.72552 0.66362 
30	1	0.68968 0.98012 0.03866 0.52677 0.95746 0.29934 
31	1	0.16169 0.93494 0.22294 0.08505 0.61667 0.71800 
32	1	0.36726 0.96146 0.09896 0.22988 0.81185 0.52198 
33	1	0.28439 0.92617 0.19238 0.13319 0.64483 0.68721 
34	1	0.17687 0.90070 0.28458 0.09532 0.59599 0.72552 
35	1	0.20370 0.94835 0.20227 0.15977 0.82712 0.58217 
36	1	0.34203 0.99271 0.09428 0.24282 0.82897 0.46335 
37	1	0.79326 0.86112 0.13722 0.65861 0.87599 0.25071 
38	1	0.23387 0.91819 0.18918 0.13693 0.71751 0.65243 
39	1	0.16443 0.95764 0.10818 0.10043 0.73154 0.67027 
40	1	0.46431 0.96505 0.13848 0.27827 0.75020 0.52446 
41	1	0.19910 0.91943 0.11774 0.12796 0.71017 0.63990 
42	1	0.25328 0.98029 0.04256 0.21301 0.97023 0.44822 
43	1	0.12895 0.92719 0.09346 0.12322 0.77865 0.61550 
44	1	0.09534 0.93639 0.17805 0.07178 0.66441 0.72621 
45	1	0.39606 0.97246 0.10799 0.21955 0.76470 0.56667 
46	1	0.44551 0.97118 0.15038 0.27024 0.75182 0.52540 
47	1	0.30325 0.92870 0.19728 0.18207 0.69604 0.57544 
48	1	0.67986 0.97233 0.04793 0.54335 0.97693 0.25119 
49	1	0.33626 0.91079 0.18482 0.17746 0.69352 0.63064 
50	1	0.18292 0.94812 0.15021 0.11349 0.81144 0.63453 
51	1	0.32541 0.92306 0.19702 0.16673 0.68418 0.64024 
52	1	0.49048 0.89679 0.20565 0.30113 0.72465 0.52450 
53	1	0.23104 0.93820 0.06918 0.19049 0.82223 0.51520 
54	1	0.17065 0.81463 0.20076 0.10786 0.56825 0.64703 
55	1	0.46952 0.89947 0.06173 0.32090 0.89075 0.42497 
56	1	0.19777 0.92247 0.25902 0.15157 0.74669 0.63320 
57	1	0.21265 0.93642 0.21090 0.13423 0.68543 0.67295 
58	1	0.43974 0.96024 0.18460 0.26303 0.78136 0.53633 
59	1	0.61529 0.89771 0.06992 0.44484 0.91424 0.35855 
60	1	0.18588 0.91331 0.11602 0.14685 0.79510 0.59658 
61	1	0.19733 0.95581 0.11772 0.16076 0.81046 0.57094 
62	1	0.18862 0.94716 0.14999 0.09630 0.67872 0.69896 
63	1	0.20349 0.95082 0.13521 0.12475 0.73134 0.64225 
64	1	0.17185 0.94729 0.13559 0.12374 0.77258 0.62543 
65	1	0.15742 0.87373 0.17525 0.12194 0.69142 0.65279 
66	1	0.36042 0.92953 0.07832 0.25188 0.85931 0.48170 
67	1	0.27899 0.99089 0.07767 0.18202 0.79769 0.52809 
68	1	0.27689 0.97105 0.10499 0.14745 0.74949 0.62078 
69	1	0.24750 0.94546 0.12727 0.13972 0.73792 0.63049 
70	1	0.89216 0.95471 0.07159 0.81017 0.94763 0.16626 
71	1	0.40453 0.96249 0.09838 0.33370 0.87542 0.38895 
72	1	0.22630 0.87667 0.17841 0.18134 0.76565 0.58249 
73	1	0.26671 0.94545 0.13854 0.15280 0.75439 0.62011 
74	1	0.90512 0.95870 0.06310 0.83399 0.96979 0.13113 
75	1	0.07762 0.80884 0.27122 0.06088 0.53879 0.76418 
76	1	0.14950 0.93664 0.18613 0.07614 0.61621 0.74437 
77	1	0.46843 0.95107 0.15690 0.27400 0.73724 0.55024 
78	1	0.13739 0.89781 0.34103 0.09197 0.57340 0.74462 
79	1	0.15089 0.86841 0.27001 0.08665 0.54353 0.73344 
80	1	0.18959 0.85296 0.25602 0.11152 0.53640 0.67793 
81	1	0.23800 0.95102 0.16499 0.13844 0.76189 0.63165 
82	1	0.30593 0.93587 0.18019 0.15998 0.68782 0.64048 
83	1	0.16265 0.91005 0.15775 0.08426 0.64037 0.71179 
84	1	0.19570 0.91477 0.13694 0.16440 0.76814 0.59080 
85	1	0.33785 0.98705 0.11113 0.21919 0.81354 0.54501 
86	1	0.06424 0.92434 0.13893 0.07193 0.69736 0.71794 
87	1	0.21727 0.98715 0.09366 0.12317 0.78939 0.62976 
88	1	0.22072 0.93480 0.20708 0.13773 0.75774 0.64313 
89	1	0.18038 0.98283 0.02618 0.14515 0.91515 0.55607 
90	1	0.18346 0.88197 0.24692 0.13498 0.68725 0.67307 
91	1	0.26832 0.84735 0.10329 0.15447 0.70959 0.58844 
92	1	0.20274 0.89781 0.22303 0.11165 0.68312 0.68506 
93	1	0.16399 0.90260 0.18040 0.09664 0.70007 0.69745 
94	1	0.15587 0.90633 0.19745 0.11012 0.67409 0.67780 
95	1	0.09855 0.93846 0.11181 0.09544 0.68718 0.64550 
96	1	0.26014 0.94669 0.20097 0.11764 0.62596 0.70686 
97	1	0.20930 0.91061 0.24342 0.09045 0.56543 0.74301 
98	1	0.16039 0.94291 0.21203 0.09102 0.68430 0.71844 
99	1	0.77637 0.94769 0.13161 0.63657 0.90087 0.25991 
100	2	0.34088 0.89389 0.30208 0.17031 0.62861 0.66685 
101	2	0.52074 0.88245 0.11877 0.32408 0.73304 0.48579 
102	2	0.15376 0.72676 0.24475 0.09858 0.53753 0.68342 
103	2	0.49936 0.66761 0.39837 0.30512 0.60755 0.55345 
104	2	0.58233 0.85356 0.38991 0.37795 0.58857 0.52090 
105	2	0.70907 0.79808 0.35569 0.53483 0.71532 0.38688 
106	2	0.69341 0.84924 0.38576 0.51300 0.65063 0.41863 
107	2	0.21629 0.70537 0.15345 0.14414 0.69126 0.56643 
108	2	0.08395 0.79744 0.25293 0.06348 0.43685 0.74560 
109	2	0.09383 0.66199 0.27137 0.06146 0.46717 0.75279 
110	2	0.04229 0.86695 0.19403 0.04617 0.50000 0.77766 
111	2	0.19412 0.63745 0.30434 0.09581 0.50017 0.72655 
112	2	0.58257 0.69579 0.73212 0.37743 0.52719 0.55903 
113	2	0.31692 0.69011 0.17683 0.18208 0.65447 0.57893 
114	2	0.42412 0.42198 0.19903 0.27508 0.60345 0.44797 
115	2	0.17253 0.68461 0.29556 0.08874 0.58223 0.72682 
116	2	0.25032 0.88852 0.16631 0.14923 0.75180 0.61039 
117	2	0.52864 0.84016 0.15727 0.34106 0.68003 0.43819 
118	2	0.08337 0.87498 0.29787 0.06293 0.62645 0.75876 
119	2	0.03592 0.76473 0.40269 0.04892 0.53627 0.80813 
120	2	0.18743 0.87184 0.19238 0.11002 0.56543 0.64757 
121	2	0.05364 0.78180 0.42765 0.04382 0.52601 0.82108 
122	2	0.28943 0.85437 0.07212 0.17151 0.75029 0.56836 
123	2	0.09755 0.54765 0.50446 0.03964 0.25117 0.86696 
124	2	0.67509 0.75176 0.36976 0.49318 0.72250 0.41282 
125	2	0.50565 0.95421 0.23267 0.30955 0.66483 0.52354 
126	2	0.44045 0.90394 0.19229 0.26563 0.69135 0.54383 
127	2	0.04487 0.74564 0.32063 0.03185 0.37689 0.84334 
128	2	0.16716 0.64005 0.88044 0.12972 0.57137 0.64211 
129	2	0.24961 0.42776 0.55759 0.13432 0.45434 0.73516 
130	2	0.22234 0.89152 0.21796 0.09354 0.51648 0.73319 
131	2	0.49643 0.79575 0.16016 0.30714 0.72148 0.48769 
132	2	0.50845 0.78402 0.21809 0.33306 0.74550 0.46904 
133	2	0.55466 0.64709 0.02324 0.39655 0.81109 0.30237 
134	2	0.14189 0.69968 0.29792 0.07258 0.50918 0.75279 
135	2	0.47028 0.50971 0.18759 0.29882 0.70023 0.48425 
136	2	0.18731 0.84524 0.25159 0.13003 0.71948 0.66196 
137	2	0.75155 0.00000 0.44882 0.59641 0.68874 0.31763 
138	2	0.52367 0.89665 0.29579 0.33105 0.62705 0.49289 
139	2	0.75084 0.46970 0.40988 0.59288 0.66800 0.35062 
140	2	0.32761 0.91759 0.09329 0.17838 0.73232 0.56192 
141	2	0.34091 0.87545 0.51774 0.19965 0.52124 0.60277 
142	2	0.21463 0.97925 0.05205 0.12498 0.77186 0.60256 
143	2	0.32854 0.98561 0.06718 0.17835 0.84911 0.56716 
144	2	0.36300 0.76728 0.24962 0.20217 0.60810 0.60630 
145	2	0.08343 0.84345 0.37403 0.03759 0.36624 0.85119 
146	2	0.14142 0.72529 0.44386 0.06689 0.51289 0.77498 
147	2	0.05080 0.86363 0.30839 0.03143 0.38843 0.85521 
148	2	0.36074 0.88641 0.29537 0.19104 0.62330 0.65877 
149	2	0.44091 0.75462 0.23645 0.24754 0.63709 0.57020 
150	2	0.55336 0.86351 0.40152 0.34562 0.58050 0.56363 
151	2	0.14343 0.92345 0.20042 0.06815 0.56313 0.76806 
152	2	0.04402 0.66034 0.24501 0.04902 0.35149 0.76207 
153	2	0.01288 0.71435 0.26688 0.03643 0.35508 0.80117 
154	2	0.04778 0.72785 0.47679 0.03651 0.34674 0.84539 
155	2	0.21147 0.80784 0.40728 0.12358 0.57422 0.71560 
156	2	0.23529 0.69136 0.51219 0.14137 0.54566 0.71308 
157	2	0.16340 0.71651 0.52877 0.06537 0.37604 0.82801 
158	2	0.49112 0.93133 0.21479 0.30388 0.68644 0.50658 
159	2	0.27347 0.74266 0.41199 0.13265 0.50571 0.72100 
160	2	0.41791 0.78192 0.09615 0.24922 0.71615 0.50020 
161	2	0.03875 0.68994 0.38015 0.03465 0.38904 0.82968 
162	2	0.05603 0.64445 0.54782 0.02992 0.28745 0.88008 
163	2	0.62406 0.73172 0.11228 0.43467 0.71719 0.40224 
164	2	0.69711 0.80975 0.04360 0.53784 0.88055 0.27114 
165	2	0.23461 0.85049 0.28370 0.10891 0.59153 0.71948 
166	2	0.21734 0.90219 0.15239 0.16267 0.76496 0.61660 
167	2	0.43432 0.92024 0.21629 0.25267 0.73884 0.55839 
168	2	0.39443 0.87699 0.28609 0.21073 0.61240 0.65119 
169	2	0.32212 0.82020 0.32989 0.15532 0.49761 0.68151 
170	2	0.32861 0.57702 0.68980 0.14117 0.29738 0.78746 
171	2	0.09492 0.91944 0.18423 0.09541 0.58528 0.65093 
172	2	0.16231 0.61246 0.31197 0.07712 0.44308 0.74756 
173	2	0.76444 0.71796 0.43298 0.61377 0.75408 0.32216 
174	2	0.06043 0.86010 0.19826 0.05113 0.50486 0.76734 
175	2	0.56297 0.93906 0.23056 0.36136 0.73669 0.50372 
176	2	0.09808 0.87236 0.42128 0.06287 0.44232 0.80217 
177	2	0.06350 0.78274 0.49136 0.02627 0.37486 0.89520 
178	2	0.41642 0.89402 0.15413 0.24125 0.75760 0.52052 
179	2	0.54687 0.94812 0.15613 0.34147 0.68680 0.52861 
180	2	0.06819 0.72867 0.46640 0.02973 0.27277 0.86574 
181	2	0.05755 0.76069 0.21459 0.06729 0.53591 0.72030 
182	2	0.09958 0.64721 0.30350 0.05549 0.40219 0.77743 
183	2	0.09688 0.84111 0.22432 0.07843 0.61210 0.70441 
184	2	0.74952 0.82022 0.13779 0.59701 0.84717 0.27361 
185	2	0.44815 0.86147 0.46812 0.25388 0.62268 0.61318 
186	2	0.41815 0.77294 0.14433 0.27947 0.78684 0.47271 
187	2	0.48158 0.52328 0.57955 0.28108 0.54019 0.59681 
188	2	0.57392 0.82288 0.29094 0.36935 0.62439 0.51894 
189	2	0.29989 0.93235 0.33637 0.15847 0.58050 0.63653 
190	2	0.12302 0.90913 0.31473 0.08656 0.74728 0.70184 
191	2	0.47705 0.92490 0.22591 0.29563 0.67540 0.50403 
192	2	0.10513 0.95527 0.11912 0.08417 0.65145 0.70439 
193	2	0.03537 0.91484 0.15798 0.04807 0.57966 0.77206 
194	2	0.50228 0.89185 0.34644 0.29395 0.56274 0.59363 
195	2	0.38782 0.89037 0.15947 0.21222 0.68577 0.58191 
196	2	0.49338 0.73923 0.28993 0.28658 0.55766 0.56518 
197	2	0.23781 0.94902 0.16125 0.11821 0.67488 0.67210 
198	2	0.35579 0.82193 0.32904 0.16715 0.50502 0.71786 
199	2	0.50455 0.55429 0.45151 0.29632 0.49101 0.58388 
200	3	0.62156 0.68795 0.34956 0.42916 0.65325 0.46974 
201	3	0.94938 0.76950 0.11709 0.90736 0.94382 0.10275 
202	3	0.26671 0.92341 0.13399 0.19336 0.68871 0.55301 
203	3	0.67449 0.83085 0.28300 0.50007 0.81805 0.36967 
204	3	0.94963 0.88683 0.08113 0.90837 0.96472 0.08953 
205	3	0.91878 0.65529 0.11102 0.85457 0.88205 0.13240 
206	3	0.21351 0.83520 0.09258 0.15943 0.74975 0.56066 
207	3	0.26706 0.72089 0.40601 0.13221 0.58658 0.70183 
208	3	0.18120 0.73967 0.21498 0.15756 0.77651 0.56789 
209	3	0.21339 0.80063 0.29855 0.09912 0.57230 0.74038 
210	3	0.66665 0.77596 0.11755 0.49056 0.80046 0.35577 
211	3	0.60715 0.84325 0.45250 0.40454 0.61575 0.52570 
212	3	0.16360 0.83508 0.19423 0.08894 0.61339 0.69981 
213	3	0.62499 0.85822 0.08467 0.43901 0.80538 0.39234 
214	3	0.27924 0.74196 0.38711 0.20213 0.78943 0.57018 
215	3	0.29497 0.70968 0.13907 0.21483 0.72089 0.53350 
216	3	0.15799 0.86538 0.23885 0.09041 0.52755 0.74248 
217	3	0.79968 0.82692 0.10435 0.66454 0.86220 0.27218 
218	3	0.02054 0.61051 0.57701 0.02012 0.26158 0.89338 
219	3	0.51507 0.79479 0.27269 0.33731 0.68945 0.49734 
220	3	0.14559 0.79486 0.16832 0.11254 0.65350 0.64699 
221	3	0.00000 0.58974 0.94814 0.00812 0.17313 0.97196 
222	3	0.96558 0.83959 0.04721 0.93686 0.96985 0.06921 
223	3	0.04821 0.93483 0.17288 0.05013 0.63557 0.77404 
224	3	0.37157 0.59469 0.17770 0.25692 0.70996 0.48922 
225	3	0.36973 0.91733 0.08464 0.24532 0.87098 0.46926 
226	3	0.90175 0.88971 0.15617 0.82687 0.91189 0.15657 
227	3	0.30469 0.89512 0.38798 0.16940 0.71949 0.63258 
228	3	0.31157 0.80186 0.19177 0.17654 0.73964 0.57358 
229	3	0.24940 0.79963 0.10203 0.19943 0.80787 0.52631 
230	3	0.41489 0.82453 0.21529 0.24656 0.65708 0.54969 
231	3	0.33449 0.71416 0.21802 0.18073 0.54300 0.60931 
232	3	0.37172 0.56113 0.23500 0.30316 0.80554 0.42987 
233	3	0.07402 0.68875 0.47944 0.03719 0.32992 0.85866 
234	3	0.31323 0.86490 0.13251 0.19656 0.70893 0.56898 
235	3	0.24099 0.39617 0.21868 0.17997 0.57957 0.53949 
236	3	0.44538 0.78147 0.04689 0.34798 0.88102 0.37691 
237	3	0.48968 0.80904 0.22268 0.32907 0.70824 0.49288 
238	3	0.21949 0.91530 0.25783 0.11369 0.61616 0.71282 
239	3	0.09129 0.74929 0.20012 0.09612 0.63736 0.68977 
240	3	0.29324 0.91640 0.07242 0.17121 0.78043 0.54044 
241	3	0.65442 0.93925 0.18692 0.49521 0.83156 0.34776 
242	3	0.20195 0.83557 0.15312 0.13043 0.66401 0.64661 
243	3	0.79857 0.91448 0.20866 0.66275 0.85183 0.28802 
244	3	0.74808 0.86799 0.13203 0.58993 0.82028 0.32609 
245	3	0.36450 0.92847 0.05950 0.24054 0.85779 0.50697 
246	3	0.09212 0.80567 0.21006 0.10302 0.73694 0.67124 
247	3	0.35581 0.78123 0.39022 0.17082 0.49456 0.70879 
248	3	0.26754 0.86825 0.13266 0.17628 0.81004 0.57991 
249	3	0.54181 0.77774 0.12977 0.35084 0.79369 0.45617 
250	3	0.13677 0.82657 0.17205 0.09382 0.63166 0.69087 
251	3	0.81839 0.71391 0.10222 0.69766 0.84635 0.21391 
252	3	0.59808 0.90516 0.03366 0.44545 0.95777 0.30718 
253	3	0.17791 0.64033 0.26087 0.10038 0.48769 0.70512 
254	3	0.61725 0.61093 0.10706 0.43664 0.77867 0.38085 
255	3	0.31261 0.45585 0.15308 0.25702 0.63215 0.43029 
256	3	0.17615 0.63843 0.35443 0.12695 0.61278 0.67770 
257	3	0.75512 0.89567 0.18094 0.59935 0.82146 0.33020 
258	3	0.92547 0.66799 0.10451 0.86603 0.91549 0.12284 
259	3	0.32353 0.71868 0.08004 0.26711 0.74467 0.41905 
260	3	0.22020 0.32469 0.80127 0.08795 0.30417 0.83456 
261	3	1.00000 0.35952 0.00000 1.00000 0.97815 0.00000 
262	3	0.24439 0.87299 0.06594 0.23493 0.92319 0.43998 
263	3	0.41924 0.66219 0.17101 0.25343 0.70079 0.51837 
264	3	0.45656 0.83447 0.36927 0.25819 0.64808 0.60044 
265	3	0.16226 0.71453 0.22191 0.10740 0.55448 0.69695 
266	3	0.45566 0.98542 0.15985 0.34898 0.81355 0.43219 
267	3	0.47531 0.65528 0.08950 0.36340 0.79806 0.37332 
268	3	0.79852 0.51312 0.01128 0.67523 0.87299 0.16513 
269	3	0.30455 0.90262 0.23435 0.24096 0.71887 0.53840 
270	3	0.32537 0.92000 0.20078 0.27513 0.74610 0.49430 
271	3	0.36759 0.98382 0.00640 0.32315 0.97974 0.32025 
272	3	0.29346 0.99533 0.02943 0.25407 0.91012 0.43048 
273	3	0.90076 0.92741 0.08312 0.82474 0.91294 0.15436 
274	3	0.57339 0.58082 0.07461 0.41678 0.80952 0.33712 
275	3	0.15102 0.64866 0.23760 0.12018 0.57119 0.64818 
276	3	0.44984 0.69023 0.21868 0.29780 0.72463 0.49480 
277	3	0.33645 0.65861 0.20971 0.28971 0.79712 0.47574 
278	3	0.17345 0.65518 0.24372 0.12246 0.58330 0.64924 
279	3	0.26125 0.18642 0.20142 0.20478 0.43436 0.48123 
280	3	0.58682 0.67667 0.32966 0.38302 0.60124 0.52639 
281	3	0.16760 0.86691 0.11301 0.11941 0.71931 0.63614 
282	3	0.30028 0.81713 0.06299 0.25563 0.84967 0.45118 
283	3	0.75937 0.58545 0.36651 0.60361 0.70131 0.34936 
284	3	0.60456 0.66907 0.18783 0.41726 0.75897 0.41754 
285	3	0.22246 0.60901 0.26863 0.11769 0.54595 0.68163 
286	3	0.21554 0.94129 0.03682 0.15387 0.82449 0.55139 
287	3	0.23810 0.86448 0.12368 0.19183 0.88136 0.52903 
288	3	0.28635 0.85475 0.09281 0.19637 0.81572 0.50807 
289	3	0.36821 0.47883 0.22233 0.25460 0.70001 0.52085 
290	3	0.37192 0.78949 0.07184 0.32851 0.86035 0.39637 
291	3	0.60116 0.62093 0.06259 0.44367 0.78581 0.31072 
292	3	0.28023 0.78831 0.20648 0.18745 0.83829 0.56182 
293	3	0.18091 0.66562 0.35881 0.10753 0.60480 0.71893 
294	3	0.60367 0.57923 0.09416 0.42307 0.77275 0.37008 
295	3	0.30784 0.73216 0.22447 0.20693 0.81045 0.54480 
296	3	0.23315 0.81427 0.36935 0.16958 0.72507 0.61652 
297	3	0.22193 0.94159 0.03725 0.21742 0.92057 0.43538 
298	3	0.48038 0.97401 0.01698 0.33485 0.96232 0.36863 
299	3	0.65993 0.67212 0.16733 0.48359 0.78548 0.37805 
300	4	0.31383 0.89119 0.03245 0.22700 0.84710 0.47915 
301	4	0.22277 0.45484 0.56045 0.09908 0.23038 0.75653 
302	4	0.62156 0.18226 0.18553 0.44558 0.72328 0.37509 
303	4	0.25167 0.47337 0.25694 0.16110 0.57958 0.61478 
304	4	0.21517 0.92918 0.20936 0.13574 0.69381 0.64996 
305	4	0.27175 0.87078 0.15919 0.14493 0.70565 0.61809 
306	4	0.10699 0.66810 0.72890 0.04880 0.35475 0.86829 
307	4	0.41621 0.98589 0.03853 0.23225 0.81616 0.53611 
308	4	0.22880 0.65437 0.21656 0.16327 0.66303 0.60398 
309	4	0.04965 0.30708 0.93919 0.02166 0.01062 0.93875 
310	4	0.38290 0.60925 0.56504 0.18481 0.41168 0.72428 
311	4	0.11335 0.79236 0.20648 0.06213 0.49402 0.75097 
312	4	0.06586 0.43670 0.74540 0.02339 0.10408 0.89878 
313	4	0.43317 0.60115 0.24838 0.24803 0.62181 0.58237 
314	4	0.66148 0.76560 0.10334 0.48196 0.77287 0.37028 
315	4	0.62228 0.76371 0.19584 0.43901 0.74887 0.40974 
316	4	0.11240 0.88186 0.21823 0.09111 0.65740 0.69958 
317	4	0.01590 0.87096 0.15367 0.03415 0.46170 0.79097 
318	4	0.19446 0.55757 0.31622 0.10205 0.39356 0.69039 
319	4	0.69735 0.98418 0.10740 0.52958 0.82043 0.34149 
320	4	0.38356 0.88265 0.13155 0.21283 0.62371 0.56445 
321	4	0.13905 0.70787 0.21329 0.08095 0.53349 0.71356 
322	4	0.58651 0.86893 0.28044 0.38333 0.64879 0.51616 
323	4	0.47103 0.88616 0.34430 0.26729 0.55794 0.60901 
324	4	0.35554 0.69110 0.20977 0.18650 0.62277 0.61364 
325	4	0.43315 0.58543 0.14821 0.26342 0.74683 0.48778 
326	4	0.05609 0.80353 0.22433 0.04226 0.43472 0.79318 
327	4	0.17215 0.88864 0.11498 0.10423 0.63829 0.66517 
328	4	0.52463 0.77961 0.35428 0.31927 0.54514 0.53656 
329	4	0.29984 0.70257 0.25116 0.21356 0.63236 0.56469 
330	4	0.09475 0.71089 0.17150 0.07496 0.47811 0.67838 
331	4	0.21613 0.63106 0.29288 0.10092 0.48092 0.70483 
332	4	0.22790 0.58660 0.51460 0.09682 0.43651 0.78844 
333	4	0.48068 0.66750 0.21048 0.33839 0.72132 0.43416 
334	4	0.38829 0.59334 0.19355 0.22842 0.60831 0.54759 
335	4	0.13677 0.97885 0.06293 0.10762 0.83059 0.60310 
336	4	0.56799 0.70251 0.09234 0.38458 0.77719 0.42097 
337	4	0.40978 0.64682 0.18123 0.24165 0.60887 0.54288 
338	4	0.22298 0.70185 0.37645 0.12421 0.60086 0.69509 
339	4	0.20047 0.91242 0.09751 0.11461 0.67246 0.64624 
340	4	0.29715 0.76544 0.31693 0.14544 0.54078 0.67376 
341	4	0.04126 0.58401 0.24949 0.05506 0.34449 0.73474 
342	4	0.33316 0.80033 0.21863 0.22603 0.80109 0.48390 
343	4	0.17699 0.76535 0.39944 0.13207 0.64340 0.65739 
344	4	0.09717 0.71314 0.15960 0.08467 0.53343 0.66696 
345	4	0.29153 0.55379 0.19886 0.22906 0.68310 0.50432 
346	4	0.86837 0.41387 0.10524 0.77619 0.94096 0.15519 
347	4	0.18455 0.74720 0.40543 0.14621 0.87360 0.55416 
348	4	0.02166 0.54650 0.32554 0.04319 0.22992 0.77413 
349	4	0.32378 0.56968 0.38300 0.15086 0.50710 0.70601 
350	4	0.40129 0.65157 0.25309 0.21330 0.62810 0.61417 
351	4	0.06196 0.52554 0.49634 0.04074 0.28397 0.83808 
352	4	0.29892 0.50520 0.36549 0.17528 0.57146 0.59238 
353	4	0.27375 0.80469 0.65440 0.11946 0.43029 0.76570 
354	4	0.60158 0.78336 0.05903 0.49368 0.91380 0.25699 
355	4	0.39544 0.87249 0.07341 0.23190 0.71293 0.49957 
356	4	0.30892 0.62329 0.20004 0.15788 0.52111 0.62474 
357	4	0.36059 0.38598 0.28037 0.19937 0.53707 0.57029 
358	4	0.05223 0.70694 0.35319 0.03604 0.35707 0.83069 
359	4	0.16376 0.86821 0.12334 0.10937 0.67133 0.63431 
360	4	0.80523 0.48983 0.01200 0.68263 0.86389 0.16007 
361	4	0.28822 0.86707 0.09313 0.15468 0.72658 0.58590 
362	4	0.23322 0.68220 0.16024 0.14787 0.57946 0.61813 
363	4	0.33470 0.63351 0.16637 0.28343 0.77453 0.45370 
364	4	0.17898 0.04722 0.59235 0.08231 0.19103 0.75996 
365	4	0.24153 0.71223 0.18914 0.16924 0.72204 0.55047 
366	4	0.35532 0.58685 0.42750 0.18508 0.51893 0.65287 
367	4	0.34979 0.75507 0.29740 0.16857 0.47029 0.67240 
368	4	0.39684 0.57579 0.29920 0.24938 0.67074 0.55182 
369	4	0.24913 0.62770 0.11915 0.17601 0.66400 0.53287 
370	4	0.11464 0.61276 0.80427 0.05611 0.29520 0.83314 
371	4	0.28746 0.89534 0.19808 0.13119 0.61594 0.70096 
372	4	0.00495 0.47184 0.88697 0.00000 0.00000 1.00000 
373	4	0.38687 0.77627 0.18706 0.25518 0.80879 0.49402 
374	4	0.15666 0.05901 0.87257 0.06011 0.20586 0.86865 
375	4	0.26051 0.79916 0.16864 0.16218 0.70017 0.59409 
376	4	0.62906 0.74057 0.12747 0.50008 0.88694 0.23872 
377	4	0.05697 0.67479 0.50040 0.04297 0.22275 0.84580 
378	4	0.81965 0.70583 0.00407 0.70165 0.92783 0.17110 
379	4	0.31957 0.74189 0.10333 0.29690 0.80647 0.40748 
380	4	0.45648 0.67339 0.06620 0.33691 0.76853 0.38336 
381	4	0.14255 0.79483 0.38486 0.07591 0.42213 0.80092 
382	4	0.11919 0.75084 0.19986 0.07258 0.47839 0.70857 
383	4	0.17501 0.36812 0.62174 0.10334 0.49849 0.73196 
384	4	0.38431 0.57936 0.13748 0.23056 0.65979 0.51719 
385	4	0.17619 0.78428 0.36699 0.08885 0.46267 0.73481 
386	4	0.27346 0.76004 0.10596 0.17883 0.66834 0.55792 
387	4	0.17107 0.82414 0.38872 0.10764 0.51684 0.70554 
388	4	0.19628 0.62486 0.29542 0.09042 0.40263 0.73168 
389	4	0.11174 0.81249 0.12103 0.09418 0.62838 0.65517 
390	4	0.09478 0.86061 0.13028 0.08717 0.66571 0.66960 
391	4	0.13243 0.82180 0.19937 0.06474 0.54383 0.76564 
392	4	0.30779 0.67179 0.15441 0.25481 0.75883 0.49856 
393	4	0.34339 0.70969 0.17335 0.21241 0.68117 0.54115 
394	4	0.22799 0.76360 0.09160 0.14376 0.64145 0.55524 
395	4	0.21390 0.49868 0.25094 0.12216 0.42515 0.64507 
396	4	0.51038 0.85274 0.09073 0.31441 0.73726 0.48363 
397	4	0.28678 0.86875 0.09489 0.18935 0.76027 0.53281 
398	4	0.00281 0.48537 0.40797 0.03074 0.19913 0.81668 
399	4	0.38970 0.79273 0.30060 0.20974 0.59002 0.63577 
400	5	0.80428 0.79235 0.38146 0.66851 0.75786 0.32346 
401	5	0.81211 0.78828 0.40558 0.68032 0.75331 0.31573 
402	5	0.77100 0.81050 0.38628 0.61895 0.73014 0.36356 
403	5	0.77247 0.80566 0.37269 0.62085 0.71553 0.36390 
404	5	0.80432 0.81260 0.36481 0.66858 0.74792 0.32292 
405	5	0.80904 0.83293 0.31274 0.67565 0.75903 0.31648 
406	5	0.77590 0.75606 0.40106 0.62696 0.73482 0.35134 
407	5	0.76785 0.80384 0.35135 0.61422 0.72428 0.36639 
408	5	0.77863 0.80484 0.40190 0.63052 0.73702 0.35199 
409	5	0.78860 0.82886 0.41721 0.64554 0.73026 0.33430 
410	5	0.80642 0.78156 0.40263 0.67168 0.73550 0.32259 
411	5	0.79911 0.81681 0.37233 0.66110 0.75435 0.32306 
412	5	0.78771 0.80621 0.41145 0.64371 0.72650 0.34306 
413	5	0.80300 0.82110 0.42914 0.66781 0.74838 0.31033 
414	5	0.80424 0.71623 0.49264 0.66886 0.73111 0.32116 
415	5	0.79170 0.77852 0.38659 0.64947 0.72783 0.33971 
416	5	0.79888 0.77764 0.40322 0.66027 0.73924 0.33087 
417	5	0.80093 0.78111 0.39236 0.66333 0.74287 0.32893 
418	5	0.77410 0.84553 0.35341 0.62421 0.73988 0.34973 
419	5	0.77882 0.81743 0.37493 0.63058 0.72280 0.35308 
420	5	0.80849 0.82668 0.36346 0.67541 0.76174 0.31055 
421	5	0.81249 0.76935 0.39601 0.68075 0.74318 0.31732 
422	5	0.79467 0.80234 0.34935 0.65442 0.75749 0.32814 
423	5	0.80785 0.78373 0.38080 0.67396 0.74999 0.31836 
424	5	0.74134 0.77133 0.48649 0.57638 0.67224 0.40157 
425	5	0.18122 0.42694 0.47591 0.09537 0.42885 0.74807 
426	5	0.63575 0.79684 0.30286 0.46743 0.81602 0.37481 
427	5	0.67917 0.79534 0.38375 0.50265 0.73556 0.39729 
428	5	0.70155 0.80676 0.53441 0.52381 0.68275 0.42525 
429	5	0.15819 0.74243 0.48236 0.07434 0.49528 0.79645 
430	5	0.68915 0.80953 0.52859 0.50793 0.66299 0.43865 
431	5	0.71704 0.76968 0.58102 0.54367 0.66355 0.41939 
432	5	0.06094 0.83176 0.41888 0.04353 0.52276 0.82967 
433	5	0.71935 0.78381 0.58341 0.54942 0.67705 0.39798 
434	5	0.05322 0.76949 0.44240 0.05682 0.45707 0.78860 
435	5	0.74306 0.73603 0.54412 0.57880 0.65731 0.40077 
436	5	0.74861 0.72538 0.58019 0.58619 0.66301 0.40068 
437	5	0.43492 0.68790 0.49281 0.30094 0.65190 0.52370 
438	5	0.45824 0.73942 0.33309 0.33320 0.72220 0.45382 
439	5	0.75720 0.75289 0.41909 0.60068 0.72072 0.36303 
440	5	0.32052 0.74639 0.34393 0.25848 0.65757 0.51551 
441	5	0.60057 0.74249 0.36715 0.42610 0.75328 0.42691 
442	5	0.72394 0.80329 0.39032 0.55810 0.74679 0.37231 
443	5	0.79199 0.82799 0.33589 0.65023 0.74540 0.33242 
444	5	0.49184 0.79165 0.33873 0.32529 0.67390 0.50295 
445	5	0.83300 0.88591 0.17693 0.71435 0.85015 0.25893 
446	5	0.55801 0.81999 0.40588 0.36597 0.66078 0.50832 
447	5	0.77550 0.77423 0.49390 0.62618 0.70630 0.35708 
448	5	0.73684 0.79339 0.54441 0.57098 0.67308 0.39875 
449	5	0.20995 0.76855 0.65554 0.09012 0.46979 0.78662 
450	5	0.65084 0.79463 0.45715 0.46046 0.64492 0.46290 
451	5	0.12670 0.81977 0.47634 0.07191 0.49098 0.77140 
452	5	0.76115 0.77256 0.46332 0.60575 0.69821 0.36719 
453	5	0.10220 0.85119 0.39993 0.08859 0.53712 0.70167 
454	5	0.59338 0.68420 0.35930 0.42075 0.72715 0.42712 
455	5	0.43658 0.83369 0.36235 0.25595 0.61620 0.54561 
456	5	0.49829 0.72574 0.34170 0.34139 0.72056 0.48430 
457	5	0.41931 0.75653 0.42794 0.23535 0.57278 0.57896 
458	5	0.45492 0.74142 0.33932 0.33777 0.74093 0.45914 
459	5	0.53793 0.71882 0.30871 0.38886 0.76949 0.41667 
460	5	0.39655 0.77145 0.35530 0.23414 0.61455 0.54083 
461	5	0.43649 0.71578 0.27735 0.33101 0.74747 0.44720 
462	5	0.44525 0.72936 0.29836 0.33968 0.75819 0.44754 
463	5	0.55190 0.70393 0.32815 0.38972 0.73207 0.44174 
464	5	0.32777 0.80383 0.39236 0.23591 0.65244 0.52482 
465	5	0.41719 0.72909 0.30506 0.32760 0.76406 0.44973 
466	5	0.41510 0.73410 0.37054 0.24519 0.57967 0.53697 
467	5	0.72492 0.80950 0.42257 0.55557 0.69934 0.39588 
468	5	0.35487 0.85256 0.26097 0.30586 0.76917 0.46728 
469	5	0.41021 0.87928 0.45081 0.23042 0.62189 0.61604 
470	5	0.14364 0.83469 0.57644 0.06305 0.37396 0.83976 
471	5	0.27857 0.90518 0.43523 0.20221 0.65369 0.53982 
472	5	0.34928 0.91253 0.28410 0.19291 0.71926 0.60298 
473	5	0.35992 0.92243 0.26777 0.20349 0.73277 0.58884 
474	5	0.33265 0.81601 0.32996 0.29266 0.75916 0.48890 
475	5	0.10720 0.54095 0.31536 0.07699 0.44650 0.71808 
476	5	0.05982 0.81336 0.40948 0.05199 0.53224 0.80962 
477	5	0.15135 0.70458 0.32326 0.07062 0.49098 0.78257 
478	5	0.34843 0.87847 0.33362 0.16466 0.56853 0.69967 
479	5	0.31477 0.78603 0.48740 0.13957 0.47719 0.75090 
480	5	0.11299 0.85234 0.43621 0.06029 0.50058 0.79877 
481	5	0.34090 0.84664 0.37463 0.16295 0.50503 0.69196 
482	5	0.43334 0.89509 0.41424 0.38709 0.79320 0.34807 
483	5	0.41223 0.88197 0.58041 0.26158 0.66473 0.50810 
484	5	0.41476 0.90073 0.29446 0.23613 0.69005 0.55473 
485	5	0.38731 0.90563 0.37633 0.29963 0.73630 0.45323 
486	5	0.35252 0.90057 0.49518 0.23879 0.69567 0.49808 
487	5	0.39494 0.86271 0.31059 0.20874 0.64465 0.64443 
488	5	0.33975 0.90843 0.49701 0.29629 0.75399 0.41953 
489	5	0.43225 0.92280 0.33677 0.40526 0.84838 0.30021 
490	5	0.35716 0.86866 0.51280 0.26502 0.65242 0.52682 
491	5	0.36693 0.88023 0.50017 0.27787 0.69398 0.49721 
492	5	0.40158 0.87736 0.47645 0.28522 0.67720 0.51596 
493	5	0.36519 0.85320 0.57477 0.31488 0.68450 0.45202 
494	5	0.36078 0.83931 0.58156 0.27567 0.67583 0.52115 
495	5	0.44693 0.91678 0.42688 0.29196 0.75909 0.47393 
496	5	0.03824 0.85713 0.31079 0.03735 0.44806 0.82677 
497	5	0.22672 0.77242 0.37319 0.09830 0.50346 0.75937 
498	5	0.23444 0.91225 0.17635 0.16187 0.72897 0.59851 
499	5	0.79171 0.77922 0.58364 0.65211 0.72913 0.32217 
500	6	0.57404 0.91585 0.03930 0.40333 0.87015 0.36994 
501	6	0.04110 0.90036 0.17877 0.06586 0.66907 0.73056 
502	6	0.11169 0.84816 0.18806 0.07993 0.57850 0.71758 
503	6	0.85605 0.97407 0.03704 0.75337 0.97021 0.19199 
504	6	0.53182 0.85928 0.20133 0.33133 0.69753 0.52139 
505	6	0.52450 0.80042 0.21930 0.32445 0.69020 0.52393 
506	6	0.89575 0.92016 0.05661 0.82283 0.98663 0.11903 
507	6	0.61386 1.00000 0.08044 0.43876 0.88821 0.35236 
508	6	0.53746 0.96313 0.14929 0.37034 0.80271 0.41267 
509	6	0.19712 0.93280 0.02531 0.19593 0.92697 0.47478 
510	6	0.12194 0.85796 0.22937 0.08301 0.60315 0.71972 
511	6	0.50966 0.72048 0.35208 0.30221 0.59691 0.57855 
512	6	0.65366 0.94974 0.16703 0.46891 0.82235 0.41996 
513	6	0.28471 0.84916 0.07670 0.17487 0.73910 0.56443 
514	6	0.41538 0.77188 0.35227 0.22254 0.62345 0.63196 
515	6	0.27787 0.80845 0.53903 0.11046 0.44009 0.80681 
516	6	0.52277 0.74802 0.25568 0.31946 0.68119 0.54929 
517	6	0.24310 0.89120 0.14959 0.15179 0.73373 0.61352 
518	6	0.34612 0.80562 0.49716 0.18971 0.59256 0.63219 
519	6	0.14917 0.75813 0.16400 0.11923 0.57712 0.64511 
520	6	0.58565 0.90813 0.27260 0.38629 0.75383 0.49723 
521	6	0.19154 0.77308 0.16922 0.12550 0.71423 0.63912 
522	6	0.23984 0.78615 0.16674 0.14143 0.67891 0.60268 
523	6	0.29571 0.69006 0.37014 0.15418 0.57647 0.64394 
524	6	0.05575 0.77228 0.37792 0.04935 0.53135 0.81271 
525	6	0.26834 0.89912 0.29702 0.11732 0.60454 0.73379 
526	6	0.72860 0.61641 0.35741 0.56065 0.75915 0.38623 
527	6	0.67625 0.87085 0.30008 0.49058 0.69324 0.44120 
528	6	0.43133 0.73334 0.10850 0.26793 0.77086 0.48808 
529	6	0.27797 0.84247 0.17992 0.16523 0.67918 0.61886 
530	6	0.33649 0.85720 0.28006 0.18958 0.70282 0.60034 
531	6	0.25337 0.86384 0.04205 0.21864 0.85152 0.47836 
532	6	0.20869 0.65549 0.40424 0.11882 0.56775 0.72111 
533	6	0.17258 0.77942 0.50554 0.08083 0.61287 0.77773 
534	6	0.16795 0.82377 0.16478 0.12256 0.73638 0.63383 
535	6	0.47124 0.64002 0.10966 0.28666 0.66644 0.48409 
536	6	0.05985 0.79160 0.25816 0.04679 0.47189 0.78499 
537	6	0.51312 0.61829 0.13851 0.31963 0.68859 0.48889 
538	6	0.54816 0.75408 0.05376 0.38947 0.84359 0.35598 
539	6	0.90331 0.88331 0.09098 0.82847 0.92502 0.16015 
540	6	0.52768 0.83722 0.09667 0.33608 0.81021 0.46692 
541	6	0.46181 0.85144 0.40918 0.26451 0.68311 0.59984 
542	6	0.39557 0.82622 0.44188 0.21010 0.63809 0.64707 
543	6	0.58780 0.65455 0.41990 0.38900 0.68971 0.49758 
544	6	0.53349 0.64556 0.51457 0.32787 0.62273 0.57088 
545	6	0.43848 0.48460 0.79980 0.23458 0.49106 0.66834 
546	6	0.41259 0.79515 0.66918 0.22590 0.62074 0.64105 
547	6	0.47486 0.75227 0.69326 0.27236 0.59041 0.62129 
548	6	0.61977 0.45633 0.68677 0.42331 0.61060 0.49619 
549	6	0.64310 0.62528 0.47805 0.44928 0.64127 0.47947 
550	6	0.44726 0.57238 0.55162 0.24565 0.53889 0.63548 
551	6	0.38300 0.70764 0.49522 0.19710 0.58171 0.67351 
552	6	0.46193 0.39904 0.54214 0.27121 0.55711 0.56923 
553	6	0.47341 0.84496 0.52280 0.28382 0.68524 0.56808 
554	6	0.42998 0.56284 1.00000 0.22155 0.39246 0.71305 
555	6	0.56862 0.67014 0.52756 0.36391 0.66767 0.54337 
556	6	0.52511 0.41660 0.92125 0.31594 0.51184 0.60473 
557	6	0.38099 0.55131 0.70289 0.18934 0.49452 0.70508 
558	6	0.53014 0.43063 0.64955 0.32769 0.59743 0.54749 
559	6	0.60358 0.61122 0.49455 0.40530 0.66962 0.49297 
560	6	0.48230 0.91417 0.14284 0.27941 0.70287 0.55390 
561	6	0.49243 0.87202 0.15604 0.30378 0.74646 0.51005 
562	6	0.44432 0.88685 0.13513 0.28071 0.75410 0.48975 
563	6	0.14556 0.83022 0.20187 0.10404 0.66383 0.69216 
564	6	0.35621 0.73449 0.21240 0.18832 0.64949 0.61981 
565	6	0.84935 0.99464 0.06265 0.74512 0.92155 0.18593 
566	6	0.91485 0.94150 0.07762 0.84937 0.96814 0.13632 
567	6	0.19247 0.87183 0.21053 0.08879 0.60735 0.73920 
568	6	0.37716 0.94197 0.01285 0.29012 0.91245 0.42812 
569	6	0.40941 0.82656 0.13018 0.23069 0.66646 0.54492 
570	6	0.16904 0.84502 0.25121 0.11445 0.61651 0.69684 
571	6	0.96081 0.90393 0.04349 0.92865 1.00000 0.07110 
572	6	0.60148 0.95719 0.08327 0.40968 0.85685 0.42259 
573	6	0.24060 0.77167 0.14609 0.14108 0.65713 0.61715 
574	6	0.78659 0.66103 0.27111 0.64393 0.78142 0.30970 
575	6	0.13483 0.85252 0.24255 0.05798 0.54638 0.79318 
576	6	0.51706 0.91600 0.17160 0.31522 0.75539 0.53388 
577	6	0.25321 0.70424 0.33528 0.13882 0.63896 0.67209 
578	6	0.03695 0.85182 0.30686 0.03576 0.51235 0.83763 
579	6	0.64101 0.85142 0.38885 0.44974 0.71498 0.45634 
580	6	0.44558 0.79927 0.34925 0.24444 0.61707 0.62059 
581	6	0.09700 0.89473 0.16221 0.07677 0.65302 0.73452 
582	6	0.69564 0.89528 0.16083 0.51780 0.78894 0.39602 
583	6	0.04880 0.70853 0.35737 0.06030 0.54939 0.75730 
584	6	0.23198 0.94078 0.02968 0.19504 0.93498 0.49643 
585	6	0.25463 0.87063 0.03774 0.22022 0.86037 0.47896 
586	6	0.15033 0.89671 0.18868 0.09388 0.69725 0.69499 
587	6	0.42154 0.86093 0.11784 0.24162 0.78584 0.55081 
588	6	0.15058 0.72721 0.22795 0.10248 0.60107 0.69492 
589	6	0.24233 0.93563 0.02180 0.19961 0.86139 0.48016 
590	6	0.29680 0.79203 0.59536 0.13544 0.55384 0.74411 
591	6	0.43088 0.87686 0.14160 0.26674 0.74552 0.51558 
592	6	0.54444 0.99230 0.14619 0.41172 0.93483 0.30504 
593	6	0.18340 0.76329 0.20071 0.08564 0.46128 0.71742 
594	6	0.58146 0.85679 0.26127 0.39404 0.76902 0.45842 
595	6	0.55333 0.93411 0.19091 0.37541 0.76505 0.42616 
596	6	0.69368 0.86777 0.19984 0.52222 0.83179 0.36538 
597	6	0.77912 0.90237 0.13832 0.63327 0.85342 0.31050 
598	6	0.78794 0.84557 0.15650 0.64730 0.84855 0.29415 
599	6	0.31692 0.67186 0.19937 0.26657 0.73629 0.49730 
