1000	10	6
0	1	0.08859 0.80481 0.23513 0.04872 0.47112 0.71322 
1	1	0.10566 0.93104 0.11962 0.06981 0.70223 0.64275 
2	1	0.04863 0.77878 0.32100 0.02578 0.38761 0.82545 
3	1	0.17028 0.96530 0.07437 0.09356 0.75351 0.59005 
4	1	0.09814 0.80149 0.37672 0.03161 0.29201 0.83621 
5	1	0.09157 0.73646 0.28774 0.02698 0.29256 0.82438 
6	1	0.07210 0.70127 0.39109 0.02723 0.29000 0.81407 
7	1	0.06772 0.90597 0.17947 0.03956 0.52109 0.73648 
8	1	0.09696 0.70636 0.27911 0.03564 0.31138 0.79260 
9	1	0.13379 0.91292 0.09878 0.06915 0.68232 0.66547 
10	1	0.04331 0.88871 0.12289 0.04259 0.54388 0.72743 
11	1	0.10336 0.79920 0.18928 0.03828 0.41826 0.76219 
12	1	0.02620 0.86099 0.19060 0.02706 0.47662 0.79419 
13	1	0.02115 0.74240 0.33648 0.01212 0.24696 0.87319 
14	1	0.17500 0.82284 0.17588 0.07166 0.46782 0.67144 
15	1	0.03494 0.89295 0.18843 0.02835 0.49991 0.79122 
16	1	0.13672 0.90898 0.12700 0.06356 0.57260 0.67842 
17	1	0.13655 0.84580 0.25327 0.05133 0.46257 0.74781 
18	1	0.20205 0.90864 0.19525 0.07461 0.54764 0.70934 
19	1	0.10955 0.63746 0.32070 0.03967 0.28083 0.78951 
20	1	0.12396 0.90512 0.15217 0.05487 0.55055 0.70481 
21	1	0.14203 0.95265 0.08755 0.07489 0.69359 0.64619 
22	1	0.08237 0.85093 0.17127 0.03449 0.47107 0.76572 
23	1	0.05600 0.86179 0.21814 0.03322 0.41921 0.78444 
24	1	0.17436 0.93262 0.18125 0.07613 0.60174 0.68350 
25	1	0.08678 0.78891 0.22474 0.03377 0.37694 0.78548 
26	1	0.06912 0.87585 0.17959 0.02945 0.46716 0.78673 
27	1	0.16481 0.95749 0.09814 0.07814 0.71605 0.62952 
28	1	0.09251 0.88018 0.20693 0.04585 0.45119 0.75211 
29	1	0.07851 0.90915 0.17310 0.04748 0.54087 0.73139 
30	1	0.06048 0.54813 0.37450 0.02799 0.21148 0.81790 
31	1	0.02038 0.54620 0.57169 0.01081 0.06817 0.89622 
32	1	0.08296 0.86701 0.22840 0.04982 0.50378 0.74427 
33	1	0.28354 0.74429 0.19624 0.12099 0.56669 0.64987 
34	1	0.15733 0.77317 0.20636 0.05914 0.43957 0.71940 
35	1	0.09097 0.86461 0.22337 0.04647 0.51603 0.74901 
36	1	0.12346 0.90036 0.12387 0.05932 0.61047 0.68372 
37	1	0.04893 0.78633 0.24633 0.02348 0.37882 0.81370 
38	1	0.12139 0.91328 0.11299 0.06316 0.61502 0.69052 
39	1	0.14738 0.95235 0.15338 0.06350 0.61461 0.70009 
40	1	0.07210 0.92434 0.13641 0.04510 0.57901 0.72341 
41	1	0.07213 0.92613 0.19056 0.04821 0.56564 0.72468 
42	1	0.09366 0.90563 0.18393 0.05480 0.55651 0.69935 
43	1	0.19392 0.92531 0.16222 0.08235 0.60639 0.68879 
44	1	0.24638 1.00000 0.03793 0.12834 0.82260 0.53641 
45	1	0.19490 0.85499 0.17975 0.08183 0.59307 0.69264 
46	1	0.24911 0.84217 0.17841 0.10935 0.59507 0.65539 
47	1	0.03678 0.77341 0.27731 0.02046 0.30574 0.82706 
48	1	0.07366 0.76796 0.29448 0.03482 0.40215 0.77671 
49	1	0.10518 0.75171 0.31716 0.03685 0.42192 0.80923 
50	1	0.06051 0.85994 0.19342 0.03597 0.49497 0.75394 
51	1	0.03324 0.68866 0.43073 0.01598 0.18925 0.87113 
52	1	0.08970 0.76233 0.25004 0.03628 0.33523 0.78610 
53	1	0.09215 0.79164 0.19095 0.04735 0.41803 0.74067 
54	1	0.02697 0.81506 0.28148 0.01955 0.38123 0.83677 
55	1	0.08945 0.87846 0.23551 0.03479 0.48021 0.77468 
56	1	0.03539 0.72087 0.41867 0.01530 0.23755 0.85527 
57	1	0.16789 0.87360 0.22486 0.06089 0.51610 0.72995 
58	1	0.04528 0.76960 0.22781 0.03090 0.39528 0.78815 
59	1	0.08814 0.79601 0.27799 0.03380 0.37908 0.80240 
60	1	0.02533 0.75186 0.28613 0.01973 0.33576 0.83381 
61	1	0.05036 0.64032 0.35810 0.01845 0.20837 0.85020 
62	1	0.07566 0.88698 0.18438 0.04972 0.53595 0.71731 
63	1	0.07248 0.62588 0.92921 0.00993 0.12798 0.97640 
64	1	0.04234 0.79119 0.30750 0.02307 0.31144 0.82847 
65	1	0.16778 0.94088 0.13721 0.07178 0.66769 0.68385 
66	1	0.15223 0.90705 0.16874 0.07501 0.59913 0.67908 
67	1	0.06374 0.85692 0.19815 0.04172 0.53120 0.74318 
68	1	0.19733 0.87296 0.20870 0.07580 0.57420 0.69940 
69	1	0.10234 0.74604 0.32453 0.04584 0.37023 0.75757 
70	1	0.12452 0.53483 0.30448 0.05413 0.32225 0.74680 
71	1	0.17707 0.86130 0.11842 0.08464 0.59933 0.65264 
72	1	0.05008 0.90040 0.17564 0.03244 0.47415 0.76013 
73	1	0.36039 0.82233 0.17632 0.18923 0.62060 0.54852 
74	1	0.14099 0.95536 0.03827 0.10229 0.77214 0.56900 
75	1	0.10778 0.82839 0.19266 0.04108 0.43846 0.76458 
76	1	0.05384 0.76823 0.29588 0.02075 0.35356 0.83039 
77	1	0.05868 0.82847 0.17991 0.03920 0.47786 0.75263 
78	1	0.05417 0.75149 0.24742 0.03234 0.40160 0.77775 
79	1	0.41966 0.88407 0.06058 0.28453 0.85625 0.36817 
80	1	0.01722 0.72235 0.34578 0.01512 0.30834 0.86042 
81	1	0.07657 0.86479 0.20128 0.03330 0.44628 0.78367 
82	1	0.05598 0.71199 0.36357 0.02047 0.27884 0.85423 
83	1	0.11253 0.91324 0.11288 0.06423 0.59424 0.68928 
84	1	0.03323 0.75569 0.37926 0.01772 0.29354 0.86285 
85	1	0.06813 0.78125 0.23968 0.03393 0.41276 0.78607 
86	1	0.03189 0.75986 0.24780 0.03146 0.34368 0.77960 
87	1	0.01670 0.69235 0.44246 0.00633 0.15443 0.92626 
88	1	0.10365 0.65617 0.27618 0.05169 0.39476 0.75829 
89	1	0.04664 0.45219 0.65050 0.01305 0.05598 0.90221 
90	1	0.03090 0.79490 0.34196 0.01419 0.20509 0.88216 
91	1	0.05790 0.85360 0.20713 0.02567 0.41864 0.80642 
92	1	0.17232 0.90384 0.06339 0.09839 0.73090 0.60543 
93	1	0.02768 0.87200 0.19306 0.02150 0.42062 0.80738 
94	1	0.06700 0.82293 0.19161 0.03792 0.44778 0.76043 
95	1	0.07600 0.96214 0.10964 0.05951 0.66171 0.68944 
96	1	0.06327 0.87055 0.14652 0.04107 0.51980 0.73713 
97	1	0.22081 0.88113 0.06806 0.11192 0.65156 0.59523 
98	1	0.18722 0.78944 0.11405 0.10848 0.58165 0.61451 
99	1	0.03808 0.80227 0.28116 0.02934 0.39143 0.78501 
100	2	0.05667 0.58526 0.47008 0.02616 0.31473 0.85733 
101	2	0.25837 0.75037 0.13603 0.14413 0.65966 0.54825 
102	2	0.23427 0.70149 0.12081 0.16091 0.68710 0.52297 
103	2	0.30078 0.88289 0.12918 0.14916 0.72696 0.55652 
104	2	0.29685 0.57762 0.17750 0.17034 0.65651 0.52193 
105	2	0.09368 0.87040 0.13242 0.05796 0.55769 0.67093 
106	2	0.33776 0.66893 0.25471 0.18499 0.69475 0.54919 
107	2	0.14059 0.40606 0.53745 0.06649 0.35026 0.77705 
108	2	0.61131 0.67457 0.13687 0.40086 0.69589 0.42089 
109	2	0.03293 0.74246 0.54771 0.01262 0.23466 0.91975 
110	2	0.10391 0.48940 0.41907 0.04600 0.37700 0.79545 
111	2	0.14710 0.79198 0.17548 0.06925 0.53158 0.70290 
112	2	0.10364 0.88339 0.07751 0.07859 0.68124 0.62745 
113	2	0.19587 0.57780 0.34103 0.07667 0.35472 0.72741 
114	2	0.03507 0.69487 0.51693 0.01006 0.18804 0.92727 
115	2	0.12621 0.84730 0.23609 0.06472 0.51039 0.74238 
116	2	0.11266 0.56060 0.37711 0.05211 0.39791 0.77714 
117	2	0.27321 0.52283 0.42372 0.12115 0.46447 0.66254 
118	2	0.15236 0.63951 0.30803 0.07197 0.48920 0.69217 
119	2	0.28442 0.80965 0.29612 0.13059 0.56072 0.66340 
120	2	0.24123 0.79598 0.12024 0.15079 0.65940 0.56246 
121	2	0.34064 0.75870 0.17784 0.17464 0.66718 0.56296 
122	2	0.22459 0.69615 0.25039 0.10566 0.54105 0.64147 
123	2	0.36940 0.72492 0.13451 0.19807 0.61343 0.48400 
124	2	0.12353 0.80320 0.21582 0.06170 0.53232 0.70836 
125	2	0.18982 0.86291 0.08206 0.10723 0.70240 0.55945 
126	2	0.51208 0.83046 0.04454 0.33625 0.87770 0.28271 
127	2	0.31365 0.78228 0.05809 0.20976 0.77778 0.43149 
128	2	0.17383 0.79883 0.32971 0.07242 0.45938 0.76213 
129	2	0.29316 0.72923 0.18357 0.12517 0.50735 0.64274 
130	2	0.23575 0.79728 0.14755 0.15574 0.71136 0.52811 
131	2	0.26425 0.92785 0.04295 0.18345 0.78901 0.46913 
132	2	0.14657 0.66604 0.28627 0.07104 0.53144 0.68558 
133	2	0.14553 0.78443 0.21057 0.08207 0.54703 0.67660 
134	2	0.10152 0.61838 0.26605 0.05764 0.38809 0.71504 
135	2	0.14043 0.82604 0.15087 0.08307 0.64691 0.64351 
136	2	0.24220 0.57576 0.18638 0.12496 0.65268 0.56878 
137	2	0.51635 0.64683 0.14394 0.33266 0.78723 0.41303 
138	2	0.59860 0.82133 0.06942 0.39704 0.81741 0.36015 
139	2	0.23775 0.63814 0.24755 0.13391 0.48464 0.59439 
140	2	0.08524 0.64535 0.50403 0.03412 0.32055 0.84636 
141	2	0.12057 0.73169 0.27067 0.07263 0.54756 0.70559 
142	2	0.14679 0.64313 0.28091 0.07231 0.47356 0.72687 
143	2	0.12744 0.94090 0.04429 0.10516 0.83670 0.53774 
144	2	0.12028 0.75394 0.26665 0.04938 0.37605 0.74208 
145	2	0.22400 0.91054 0.06126 0.13488 0.68521 0.54627 
146	2	0.29593 0.64183 0.14185 0.14192 0.58374 0.55634 
147	2	0.11170 0.61013 0.27659 0.05584 0.37689 0.74688 
148	2	0.13541 0.85933 0.09985 0.09881 0.65091 0.55833 
149	2	0.51868 0.57664 0.10981 0.34321 0.83486 0.37434 
150	2	0.32279 0.70767 0.20781 0.15499 0.63600 0.59698 
151	2	0.32997 0.60663 0.19100 0.15808 0.62133 0.58210 
152	2	0.82029 0.86220 0.02635 0.69178 0.89845 0.14896 
153	2	0.14128 0.63751 0.43596 0.03860 0.20100 0.84428 
154	2	0.21521 0.77145 0.15370 0.13514 0.62655 0.59183 
155	2	0.47010 0.75569 0.09182 0.27318 0.77886 0.42775 
156	2	0.59585 0.46218 0.15069 0.39108 0.71310 0.40033 
157	2	0.24215 0.66271 0.15571 0.13640 0.66978 0.53990 
158	2	0.46961 0.68026 0.27005 0.25714 0.59799 0.51538 
159	2	0.31512 0.70640 0.18075 0.17642 0.64547 0.50355 
160	2	0.08899 0.78697 0.34223 0.03137 0.29611 0.82778 
161	2	0.47910 0.60798 0.03547 0.37429 0.88215 0.28083 
162	2	0.27581 0.87099 0.09637 0.13366 0.75544 0.58089 
163	2	0.60457 0.84198 0.02941 0.40461 0.85610 0.32559 
164	2	0.23724 0.68729 0.24933 0.13961 0.48838 0.58231 
165	2	0.26565 0.56778 0.21567 0.18513 0.67074 0.54368 
166	2	0.16530 0.77632 0.19729 0.08808 0.56289 0.68727 
167	2	0.10478 0.75188 0.24908 0.04811 0.36352 0.76359 
168	2	0.17884 0.82246 0.16876 0.08593 0.54854 0.65726 
169	2	0.23107 0.75735 0.21022 0.10323 0.55648 0.67361 
170	2	0.09960 0.67269 0.30384 0.04987 0.37530 0.75698 
171	2	0.08560 0.61512 0.28390 0.05104 0.37266 0.74140 
172	2	0.21494 0.36686 0.29604 0.09940 0.45167 0.65346 
173	2	0.29137 0.78776 0.08334 0.16436 0.70420 0.50946 
174	2	0.19611 0.51372 0.35612 0.09670 0.39825 0.67349 
175	2	0.11874 0.67073 0.28597 0.04124 0.36455 0.77748 
176	2	0.22869 0.59663 0.21860 0.09889 0.46246 0.66003 
177	2	0.24517 0.80392 0.17249 0.13019 0.59718 0.60077 
178	2	0.15217 0.74592 0.23174 0.06289 0.52541 0.71748 
179	2	0.19366 0.87180 0.13794 0.08867 0.53518 0.63076 
180	2	0.39119 0.69064 0.10429 0.24376 0.77774 0.43826 
181	2	0.24915 0.73056 0.34872 0.10929 0.54057 0.66144 
182	2	0.10338 0.73981 0.45032 0.02475 0.21770 0.87228 
183	2	0.16171 0.66388 0.17468 0.11353 0.60405 0.56468 
184	2	0.36124 0.47161 0.27741 0.19389 0.63242 0.54333 
185	2	0.19511 0.68400 0.16974 0.11711 0.59093 0.59221 
186	2	0.41353 0.66158 0.07835 0.25964 0.83188 0.39307 
187	2	0.19042 0.80183 0.15608 0.10571 0.64121 0.60830 
188	2	0.10366 0.81142 0.19108 0.06056 0.59993 0.69825 
189	2	0.08717 0.85962 0.20486 0.04436 0.55525 0.75661 
190	2	0.09861 0.87191 0.16539 0.06985 0.61599 0.66034 
191	2	0.54027 0.35130 0.29380 0.33860 0.66238 0.44191 
192	2	0.47937 0.64220 0.18719 0.29009 0.71204 0.45679 
193	2	0.15640 0.48009 0.54698 0.06361 0.33243 0.78832 
194	2	0.31088 0.66408 0.14205 0.16813 0.76559 0.52087 
195	2	0.31715 0.71261 0.17093 0.18478 0.66674 0.51355 
196	2	0.09518 0.52976 0.64868 0.02590 0.16134 0.90159 
197	2	0.34177 0.74580 0.24836 0.16774 0.61864 0.60237 
198	2	0.33111 0.71923 0.27734 0.17430 0.64488 0.56312 
199	2	0.20708 0.94009 0.08243 0.11765 0.80162 0.50677 
200	3	0.19789 0.64637 0.41401 0.07529 0.42247 0.74256 
201	3	0.25224 0.84686 0.35043 0.09166 0.44076 0.74665 
202	3	0.50839 0.71593 0.30234 0.28489 0.60832 0.55967 
203	3	0.14639 0.65993 0.61512 0.04526 0.30456 0.84175 
204	3	0.17137 0.51870 0.44211 0.07995 0.38602 0.72781 
205	3	0.23394 0.55535 0.42254 0.10600 0.58214 0.68618 
206	3	0.03581 0.81439 0.35225 0.02982 0.36955 0.80596 
207	3	0.19726 0.94641 0.15674 0.09902 0.71449 0.64489 
208	3	0.13421 0.91041 0.18799 0.06983 0.62821 0.69344 
209	3	0.12612 0.80148 0.34026 0.04538 0.36299 0.78620 
210	3	0.12873 0.74530 0.50064 0.03520 0.27133 0.84234 
211	3	0.09854 0.68453 0.64051 0.03723 0.32467 0.84839 
212	3	0.04401 0.63838 0.59513 0.01927 0.20089 0.88780 
213	3	0.20848 0.76539 0.19297 0.14427 0.77190 0.56939 
214	3	0.30291 0.81234 0.17100 0.15173 0.76842 0.58835 
215	3	0.22534 0.80934 0.29245 0.11315 0.66609 0.65647 
216	3	0.12815 0.65176 0.79570 0.04362 0.25997 0.84676 
217	3	0.07233 0.78140 0.45627 0.04021 0.34209 0.82077 
218	3	0.18535 0.48966 0.79902 0.06113 0.31024 0.82935 
219	3	0.26823 0.75404 0.35297 0.10668 0.49342 0.70822 
220	3	0.19594 0.84005 0.10093 0.13709 0.82952 0.53692 
221	3	0.08912 0.52381 0.73718 0.02437 0.10155 0.89180 
222	3	0.08371 0.55558 0.47178 0.04002 0.32503 0.80750 
223	3	0.12270 0.83811 0.42497 0.05641 0.42426 0.79144 
224	3	0.22424 0.83461 0.18300 0.12399 0.77291 0.59703 
225	3	0.10266 0.72944 0.34574 0.04919 0.38732 0.78014 
226	3	0.07874 0.74623 0.37569 0.04060 0.40918 0.79955 
227	3	0.14206 0.75725 0.35176 0.08917 0.55930 0.71156 
228	3	0.16646 0.77973 0.42810 0.07222 0.43505 0.77627 
229	3	0.10609 0.76135 0.37947 0.04789 0.44707 0.79392 
230	3	0.06184 0.72032 0.48817 0.03069 0.36661 0.84812 
231	3	0.02933 0.54204 0.57278 0.01449 0.24290 0.89412 
232	3	0.10375 0.74417 0.30095 0.05160 0.45143 0.77045 
233	3	0.10527 0.86316 0.19081 0.05465 0.54833 0.73883 
234	3	0.34982 0.97153 0.07157 0.27252 1.00000 0.28545 
235	3	0.21722 0.69356 0.36080 0.09269 0.53939 0.71581 
236	3	0.12010 0.79068 0.17703 0.06494 0.53132 0.68825 
237	3	0.10120 0.65255 0.47939 0.03197 0.29572 0.83565 
238	3	0.12017 0.52817 0.57871 0.03301 0.26144 0.86487 
239	3	0.25531 0.63893 0.32312 0.14492 0.64848 0.61344 
240	3	0.03110 0.72810 0.41212 0.01746 0.30577 0.86138 
241	3	0.17802 0.56354 0.45904 0.10334 0.51189 0.70535 
242	3	0.31278 0.56336 0.27494 0.16525 0.69070 0.57647 
243	3	0.19050 0.56159 0.56173 0.06847 0.41545 0.79189 
244	3	0.18310 0.54219 0.54011 0.07245 0.43016 0.76651 
245	3	0.19219 0.22390 0.54483 0.06448 0.12231 0.72789 
246	3	0.14799 0.61586 0.37375 0.05134 0.39786 0.77538 
247	3	0.03100 0.54263 0.67895 0.00887 0.10584 0.93940 
248	3	0.30372 0.67846 0.33261 0.14016 0.60592 0.65253 
249	3	0.00000 0.57773 0.52527 0.00483 0.09648 0.92715 
250	3	0.05208 0.71163 0.48440 0.02715 0.34124 0.85505 
251	3	0.17015 0.57459 0.50063 0.05988 0.40334 0.80044 
252	3	0.38861 0.82615 0.26028 0.18475 0.60147 0.62691 
253	3	0.23780 0.70377 0.53858 0.08604 0.41799 0.79009 
254	3	0.13156 0.78367 0.37964 0.05141 0.36596 0.76976 
255	3	0.20009 0.55627 0.43947 0.06708 0.25985 0.76992 
256	3	0.28889 0.86220 0.21256 0.12500 0.56724 0.64760 
257	3	0.01889 0.73710 0.35215 0.02436 0.36830 0.82945 
258	3	0.21249 0.90786 0.17167 0.12389 0.66120 0.61501 
259	3	0.06754 0.77572 0.31769 0.02444 0.28852 0.84962 
260	3	0.05748 0.62098 0.43644 0.02282 0.19134 0.83826 
261	3	0.09545 0.63342 0.66274 0.02834 0.26868 0.89033 
262	3	0.14399 0.75967 0.48089 0.05212 0.43963 0.81358 
263	3	0.13323 0.72889 0.19992 0.09348 0.69600 0.64695 
264	3	0.21500 0.76457 0.20380 0.12434 0.74915 0.60723 
265	3	0.12872 0.82838 0.39492 0.04169 0.39887 0.81672 
266	3	0.09920 0.74740 0.28873 0.04636 0.41452 0.76420 
267	3	0.17061 0.73748 0.21541 0.06754 0.41710 0.70966 
268	3	0.12247 0.82691 0.24036 0.05789 0.50955 0.71842 
269	3	0.04786 0.72907 0.47656 0.01447 0.23442 0.90111 
270	3	0.16632 0.78139 0.25863 0.10719 0.60524 0.64278 
271	3	0.25443 0.73946 0.18084 0.14744 0.66592 0.57127 
272	3	0.16948 0.78849 0.28964 0.07749 0.55033 0.70792 
273	3	0.17261 0.68872 0.51248 0.06333 0.30954 0.80303 
274	3	0.44057 0.89530 0.18986 0.22404 0.60968 0.58370 
275	3	0.05297 0.52168 0.71079 0.03159 0.36270 0.83482 
276	3	0.30338 0.90168 0.27630 0.13174 0.53374 0.68254 
277	3	0.17296 0.62466 0.35254 0.06192 0.38165 0.75867 
278	3	0.32263 0.78958 0.29991 0.14354 0.59187 0.65720 
279	3	0.24409 0.78048 0.28045 0.09601 0.52852 0.69760 
280	3	0.18326 0.74295 0.29012 0.09163 0.50927 0.69890 
281	3	0.23239 0.80072 0.36398 0.08690 0.40350 0.74748 
282	3	0.02816 0.50598 0.43181 0.02049 0.12762 0.83577 
283	3	0.15997 0.84191 0.27560 0.05897 0.47563 0.75385 
284	3	0.12261 0.71492 0.38165 0.04228 0.33750 0.80214 
285	3	0.25548 0.62777 0.34077 0.10935 0.40413 0.68268 
286	3	0.35531 0.60682 0.37758 0.16583 0.47455 0.63845 
287	3	0.12966 0.68703 0.36278 0.04564 0.33465 0.79650 
288	3	0.32374 0.54704 0.38388 0.14240 0.45368 0.65980 
289	3	0.15527 0.70011 0.28334 0.09093 0.48193 0.68335 
290	3	0.22044 0.79715 0.26218 0.09479 0.43203 0.69100 
291	3	0.18288 0.67407 0.24603 0.06544 0.36502 0.73319 
292	3	0.16744 0.87538 0.20912 0.08268 0.60000 0.68472 
293	3	0.33860 0.60433 0.28142 0.17443 0.60229 0.59116 
294	3	0.41565 0.85053 0.17129 0.20681 0.67152 0.57832 
295	3	0.32734 0.89578 0.13177 0.16587 0.66449 0.56392 
296	3	0.13378 0.84409 0.12708 0.06431 0.52939 0.69334 
297	3	0.21451 0.96969 0.10073 0.10070 0.70361 0.62683 
298	3	0.35478 0.69420 0.28908 0.17224 0.54540 0.61627 
299	3	0.38491 0.80667 0.25033 0.18496 0.62321 0.60895 
300	4	0.05027 0.70246 0.53257 0.01728 0.35113 0.90091 
301	4	0.13017 0.81316 0.39580 0.04958 0.41782 0.79465 
302	4	0.03131 0.66810 0.63756 0.00887 0.26321 0.94482 
303	4	0.08011 0.69039 0.60560 0.02530 0.34354 0.88636 
304	4	0.14552 0.82691 0.33935 0.06188 0.55498 0.77487 
305	4	0.18178 0.66632 0.70455 0.05233 0.35132 0.83912 
306	4	0.07734 0.74265 0.47991 0.03077 0.36034 0.85663 
307	4	0.02838 0.54964 0.81950 0.00406 0.10193 0.98283 
308	4	0.13367 0.73167 0.50163 0.03870 0.37690 0.85805 
309	4	0.07065 0.83748 0.35896 0.03967 0.53564 0.78443 
310	4	0.14519 0.68730 0.68813 0.03289 0.26942 0.91826 
311	4	0.18005 0.69519 0.47696 0.06799 0.49011 0.78693 
312	4	0.06055 0.63832 0.60664 0.02302 0.31808 0.89055 
313	4	0.11930 0.77862 0.44141 0.04641 0.43807 0.82828 
314	4	0.06498 0.76591 0.47861 0.04091 0.42060 0.79902 
315	4	0.08722 0.69937 0.62424 0.02110 0.26920 0.91565 
316	4	0.04496 0.84578 0.39797 0.01749 0.34246 0.88654 
317	4	0.02622 0.48660 0.74930 0.00861 0.16841 0.95198 
318	4	0.08921 0.64420 0.52933 0.03007 0.32045 0.86937 
319	4	0.11137 0.63667 0.46420 0.04282 0.39729 0.81932 
320	4	0.03889 0.74861 0.56257 0.01452 0.28955 0.91584 
321	4	0.08207 0.53164 1.00000 0.02366 0.29607 0.89654 
322	4	0.01918 0.68843 0.73587 0.00611 0.17566 0.95901 
323	4	0.14305 0.68609 0.58993 0.04715 0.36395 0.82341 
324	4	0.09305 0.73601 0.47804 0.03869 0.44915 0.82988 
325	4	0.02833 0.68339 0.64933 0.01536 0.31419 0.91140 
326	4	0.08685 0.67183 0.55212 0.03487 0.37948 0.85361 
327	4	0.01332 0.72968 0.70259 0.00522 0.22378 0.97606 
328	4	0.17081 0.69143 0.45463 0.05432 0.38894 0.80681 
329	4	0.05286 0.61248 0.82964 0.00811 0.17015 0.97295 
330	4	0.05970 0.78902 0.44284 0.02599 0.40717 0.86556 
331	4	0.11978 0.69271 0.42291 0.04938 0.36496 0.81589 
332	4	0.04547 0.77951 0.36542 0.02657 0.45698 0.83105 
333	4	0.07719 0.71877 0.51515 0.03532 0.37823 0.86051 
334	4	0.15299 0.78270 0.45357 0.05309 0.40294 0.81935 
335	4	0.10286 0.77858 0.58973 0.03598 0.39170 0.86242 
336	4	0.09933 0.66472 0.54858 0.02344 0.28220 0.89316 
337	4	0.17074 0.75892 0.41534 0.05804 0.45844 0.78968 
338	4	0.29668 0.68579 0.39049 0.11954 0.51191 0.70431 
339	4	0.13388 0.77366 0.40395 0.05926 0.49614 0.78108 
340	4	0.07447 0.66131 0.70630 0.01844 0.29046 0.92064 
341	4	0.05597 0.78820 0.47744 0.02293 0.42601 0.87661 
342	4	0.07147 0.74096 0.54925 0.03140 0.41230 0.84613 
343	4	0.12500 0.53465 0.54179 0.04346 0.32795 0.82965 
344	4	0.05620 0.64272 0.44927 0.02645 0.31640 0.86001 
345	4	0.07875 0.74403 0.65634 0.02840 0.36970 0.88601 
346	4	0.07982 0.74970 0.45132 0.03678 0.40978 0.84670 
347	4	0.16291 0.64269 0.45336 0.07314 0.46913 0.76316 
348	4	0.03941 0.59495 0.73274 0.01194 0.21304 0.93639 
349	4	0.12912 0.61165 0.49427 0.05118 0.37635 0.81910 
350	4	0.10544 0.65653 0.52563 0.03192 0.34355 0.87559 
351	4	0.05203 0.74210 0.72815 0.01480 0.25838 0.94164 
352	4	0.05917 0.63250 0.64598 0.01534 0.19394 0.93633 
353	4	0.03731 0.63942 0.49789 0.02423 0.30072 0.86975 
354	4	0.10905 0.76673 0.31883 0.04914 0.48069 0.78194 
355	4	0.06264 0.55883 0.71571 0.01431 0.11976 0.93750 
356	4	0.06707 0.80133 0.49716 0.02568 0.35366 0.87679 
357	4	0.10980 0.77286 0.39936 0.05312 0.48479 0.79062 
358	4	0.07936 0.68625 0.57745 0.03125 0.31459 0.86057 
359	4	0.14545 0.63943 0.42401 0.07168 0.46065 0.75247 
360	4	0.02292 0.50694 0.86237 0.00592 0.08279 0.96606 
361	4	0.20013 0.79111 0.35029 0.10552 0.51220 0.72132 
362	4	0.07849 0.76822 0.53081 0.03010 0.39460 0.86478 
363	4	0.21486 0.71656 0.43560 0.07812 0.51518 0.76810 
364	4	0.03725 0.82611 0.36229 0.02789 0.44051 0.84823 
365	4	0.14344 0.41849 0.70555 0.03524 0.12335 0.89132 
366	4	0.14542 0.64520 0.58198 0.04463 0.27896 0.85268 
367	4	0.09779 0.69654 0.65774 0.02625 0.31116 0.90417 
368	4	0.20437 0.70866 0.47698 0.07216 0.44273 0.77777 
369	4	0.06005 0.44408 0.82114 0.00679 0.05146 0.98034 
370	4	0.12395 0.66652 0.43139 0.05102 0.39140 0.80892 
371	4	0.14432 0.70799 0.59475 0.05362 0.49568 0.80369 
372	4	0.01283 0.68536 0.76579 0.00467 0.19881 0.96852 
373	4	0.23241 0.78762 0.30594 0.09283 0.57388 0.71201 
374	4	0.09657 0.78214 0.40795 0.02992 0.35725 0.85541 
375	4	0.15902 0.79134 0.44298 0.05896 0.43273 0.82243 
376	4	0.10885 0.74360 0.42382 0.04188 0.35797 0.83824 
377	4	0.06877 0.62821 0.48170 0.03366 0.37918 0.84761 
378	4	0.15374 0.77525 0.39368 0.05814 0.46308 0.79648 
379	4	0.07325 0.67054 0.45803 0.03884 0.41832 0.82114 
380	4	0.21957 0.74109 0.42550 0.09223 0.50476 0.74490 
381	4	0.04500 0.67996 0.57889 0.01847 0.31996 0.90531 
382	4	0.10212 0.76575 0.43135 0.04209 0.51240 0.81794 
383	4	0.04532 0.69118 0.61471 0.01142 0.20648 0.92994 
384	4	0.25876 0.69907 0.47090 0.09041 0.41198 0.77658 
385	4	0.08902 0.84781 0.32049 0.04005 0.48592 0.79645 
386	4	0.19966 0.78334 0.50048 0.06822 0.51911 0.79286 
387	4	0.05499 0.70506 0.52396 0.01876 0.33575 0.87885 
388	4	0.08867 0.70139 0.51974 0.04003 0.37732 0.85355 
389	4	0.06107 0.81988 0.27442 0.03156 0.46363 0.81082 
390	4	0.09999 0.68847 0.52852 0.04462 0.36536 0.81346 
391	4	0.08198 0.77196 0.39819 0.02636 0.36974 0.84511 
392	4	0.11557 0.72805 0.58479 0.03442 0.36960 0.86672 
393	4	0.09672 0.66580 0.62439 0.02296 0.21071 0.90875 
394	4	0.06659 0.60837 0.64204 0.02573 0.28410 0.88607 
395	4	0.09340 0.51383 0.84147 0.01886 0.14314 0.94474 
396	4	0.07676 0.69945 0.56446 0.01451 0.23731 0.93385 
397	4	0.02900 0.60684 0.76357 0.00354 0.15534 0.98050 
398	4	0.10839 0.64471 0.75459 0.02473 0.24877 0.92436 
399	4	0.05449 0.60019 0.67832 0.01234 0.25900 0.93637 
400	5	0.90081 0.77734 0.14814 0.82022 0.90008 0.13064 
401	5	0.72801 0.80624 0.14925 0.57689 0.88819 0.23996 
402	5	0.58090 0.85848 0.11184 0.40386 0.88098 0.30982 
403	5	0.96672 0.76948 0.13551 0.93731 0.95695 0.04920 
404	5	0.76459 0.83599 0.13173 0.61531 0.88740 0.22739 
405	5	0.71613 0.84225 0.11203 0.54940 0.85767 0.26882 
406	5	0.70693 0.77402 0.18622 0.55231 0.87337 0.24848 
407	5	0.79235 0.76439 0.11278 0.67002 0.94890 0.15060 
408	5	0.47628 0.88842 0.13504 0.30616 0.76516 0.43040 
409	5	0.77126 0.76099 0.27246 0.62360 0.89776 0.22680 
410	5	0.79973 0.87230 0.23654 0.65498 0.84416 0.25444 
411	5	0.55807 0.79701 0.12706 0.43999 0.88663 0.27103 
412	5	0.71597 0.87798 0.08908 0.54742 0.86256 0.26128 
413	5	0.87944 0.65337 0.28560 0.78783 0.92460 0.11615 
414	5	0.72136 0.78846 0.25560 0.55219 0.82770 0.28700 
415	5	0.85181 0.72847 0.20949 0.73923 0.88230 0.16931 
416	5	0.88273 0.66281 0.28757 0.79142 0.90785 0.13932 
417	5	0.78722 0.73656 0.21454 0.64525 0.89211 0.21374 
418	5	0.80048 0.77777 0.23187 0.65926 0.87141 0.21350 
419	5	0.78079 0.76456 0.24892 0.63207 0.85139 0.23697 
420	5	0.97740 0.79347 0.10061 0.95720 0.96447 0.02990 
421	5	0.65484 0.70130 0.23797 0.52225 0.92756 0.21243 
422	5	0.57881 0.81610 0.22927 0.37460 0.74790 0.40367 
423	5	0.98365 0.67416 0.21734 0.96918 0.98569 0.01703 
424	5	0.70249 0.82651 0.14230 0.53218 0.84468 0.28156 
425	5	0.51393 0.65730 0.19672 0.34919 0.69304 0.32330 
426	5	0.75876 0.86134 0.17797 0.59380 0.77297 0.29425 
427	5	0.93395 0.75665 0.18204 0.87800 0.92657 0.09361 
428	5	0.69968 0.83557 0.14151 0.52875 0.85683 0.27727 
429	5	0.92784 0.89482 0.04669 0.86773 0.94932 0.07670 
430	5	0.78773 0.78383 0.13595 0.64894 0.89082 0.20056 
431	5	0.83114 0.74506 0.10512 0.72125 0.94271 0.12495 
432	5	0.72380 0.80537 0.17256 0.57274 0.88716 0.23336 
433	5	0.70130 0.74992 0.21632 0.53397 0.85924 0.27233 
434	5	0.96649 0.71743 0.13570 0.93712 0.94971 0.04329 
435	5	0.79368 0.71742 0.15166 0.66426 0.91208 0.17288 
436	5	0.67094 0.85247 0.11357 0.51004 0.89249 0.25561 
437	5	0.63887 0.83693 0.09200 0.50285 0.93014 0.21780 
438	5	0.73243 0.78770 0.19459 0.57450 0.85805 0.24349 
439	5	0.92845 0.65397 0.10876 0.86969 0.93200 0.07315 
440	5	0.80617 0.84115 0.13468 0.66505 0.81634 0.23628 
441	5	0.73720 0.79085 0.12113 0.57673 0.84299 0.24228 
442	5	0.77601 0.80917 0.17182 0.63135 0.87435 0.22056 
443	5	0.63614 0.85221 0.16308 0.47724 0.87109 0.28079 
444	5	0.64105 0.81542 0.13906 0.50527 0.90832 0.23190 
445	5	0.73815 0.78167 0.18183 0.56747 0.79620 0.29134 
446	5	0.73012 0.81722 0.14205 0.58680 0.91075 0.21029 
447	5	0.82922 0.83446 0.13788 0.70251 0.85674 0.19249 
448	5	0.78780 0.78648 0.12653 0.64319 0.85570 0.22329 
449	5	0.63925 0.88945 0.12197 0.45044 0.82024 0.32889 
450	5	0.74602 0.84332 0.08887 0.60301 0.91215 0.19964 
451	5	0.69370 0.81487 0.12262 0.55058 0.90940 0.22123 
452	5	0.63707 0.81839 0.18867 0.48890 0.88140 0.27118 
453	5	0.94254 0.78264 0.15258 0.89315 0.91151 0.09124 
454	5	0.77420 0.84988 0.12494 0.64192 0.93113 0.18815 
455	5	0.52819 0.89109 0.19797 0.34132 0.74013 0.44238 
456	5	0.90254 0.83562 0.13307 0.82526 0.93830 0.11799 
457	5	0.86130 0.86658 0.11374 0.75373 0.87806 0.16420 
458	5	0.57579 0.73850 0.21090 0.39475 0.76996 0.37369 
459	5	0.58812 0.74041 0.23639 0.42499 0.82129 0.33393 
460	5	0.95801 0.77619 0.13385 0.92118 0.92662 0.07000 
461	5	0.62288 0.84557 0.16729 0.45322 0.83679 0.32673 
462	5	0.57188 0.80232 0.18177 0.39595 0.85290 0.33942 
463	5	0.74045 0.74472 0.12325 0.62145 0.96921 0.15164 
464	5	0.92352 0.82867 0.15741 0.85908 0.92040 0.11718 
465	5	0.81572 0.80961 0.18227 0.68948 0.90733 0.19318 
466	5	0.68431 0.73529 0.15289 0.54827 0.92838 0.20617 
467	5	0.86347 0.81329 0.12785 0.76015 0.91714 0.14912 
468	5	0.68544 0.85579 0.09892 0.53410 0.90924 0.23661 
469	5	1.00000 0.82095 0.08203 1.00000 0.99643 0.00000 
470	5	0.69530 0.84578 0.11744 0.52091 0.85168 0.28513 
471	5	0.61629 0.85753 0.17337 0.46822 0.86861 0.27928 
472	5	0.80561 0.80786 0.12347 0.68053 0.92825 0.17148 
473	5	0.79575 0.87113 0.08908 0.65379 0.88995 0.22214 
474	5	0.81088 0.74972 0.12702 0.69468 0.94225 0.13916 
475	5	0.68783 0.84121 0.27910 0.50038 0.77122 0.35314 
476	5	0.71311 0.78190 0.11300 0.56150 0.91664 0.22351 
477	5	0.93460 0.83369 0.05135 0.88073 0.97344 0.04927 
478	5	0.80063 0.81544 0.13062 0.66575 0.89089 0.19775 
479	5	0.70336 0.81192 0.15316 0.55975 0.91322 0.22024 
480	5	0.79053 0.84738 0.10138 0.65185 0.89280 0.20537 
481	5	0.96241 0.78826 0.10320 0.92934 0.94226 0.05839 
482	5	0.65296 0.87392 0.09710 0.49745 0.89604 0.26277 
483	5	0.82807 0.78622 0.13161 0.70176 0.87303 0.18521 
484	5	0.74574 0.84765 0.09615 0.59249 0.89898 0.22207 
485	5	0.56475 0.79763 0.22840 0.41115 0.80234 0.34644 
486	5	0.56190 0.78942 0.23274 0.40715 0.80181 0.35009 
487	5	0.89899 0.80750 0.14671 0.81656 0.89327 0.14076 
488	5	0.90439 0.85247 0.11161 0.82617 0.90546 0.12476 
489	5	0.83484 0.82355 0.12718 0.71386 0.87375 0.17820 
490	5	0.69018 0.84184 0.08482 0.53687 0.91308 0.23534 
491	5	0.77539 0.84540 0.10467 0.63338 0.89623 0.20915 
492	5	0.62878 0.86692 0.12250 0.48020 0.88502 0.27570 
493	5	0.61924 0.77327 0.08861 0.52585 0.96544 0.17469 
494	5	0.76871 0.81237 0.08562 0.63808 0.94215 0.17310 
495	5	0.67953 0.85764 0.08398 0.53350 0.92429 0.21760 
496	5	0.72221 0.75754 0.12383 0.57513 0.88932 0.20567 
497	5	0.65398 0.84447 0.09564 0.51523 0.92066 0.22379 
498	5	0.84482 0.81577 0.10224 0.73282 0.92077 0.14864 
499	5	0.74786 0.83191 0.14352 0.58963 0.85793 0.25315 
500	6	0.23066 0.82653 0.18516 0.12246 0.58978 0.62629 
501	6	0.05600 0.75892 0.28830 0.03339 0.32878 0.79695 
502	6	0.18632 0.65220 0.39581 0.06966 0.37359 0.77041 
503	6	0.16607 0.81747 0.18280 0.06925 0.47030 0.71213 
504	6	0.17133 0.69469 0.25834 0.07563 0.45333 0.69778 
505	6	0.30176 0.92295 0.12892 0.14349 0.60387 0.56792 
506	6	0.23030 0.82675 0.13195 0.11447 0.58091 0.60526 
507	6	0.21263 0.87249 0.16232 0.10180 0.60077 0.63079 
508	6	0.22948 0.82553 0.21771 0.10274 0.49693 0.65370 
509	6	0.30164 0.81468 0.13981 0.13750 0.49861 0.61491 
510	6	0.16008 0.75877 0.16202 0.08499 0.50526 0.63478 
511	6	0.18166 0.82190 0.18477 0.08376 0.42025 0.65195 
512	6	0.04873 0.55327 0.40074 0.02154 0.16206 0.84517 
513	6	0.13285 0.57675 0.25516 0.07558 0.41540 0.67957 
514	6	0.25699 0.73531 0.10931 0.12607 0.60706 0.57244 
515	6	0.18033 0.69223 0.20573 0.07375 0.37192 0.68297 
516	6	0.09822 0.84146 0.21701 0.04371 0.48548 0.76441 
517	6	0.19013 0.90988 0.15504 0.08231 0.56731 0.69696 
518	6	0.10882 0.76155 0.22045 0.05376 0.38286 0.73320 
519	6	0.10677 0.74555 0.22790 0.05136 0.44022 0.74456 
520	6	0.12175 0.90743 0.15390 0.05956 0.55081 0.70167 
521	6	0.27557 0.81811 0.14870 0.12037 0.56746 0.62072 
522	6	0.15054 0.88250 0.10755 0.09220 0.57093 0.62755 
523	6	0.23426 0.84155 0.12394 0.15056 0.66546 0.54399 
524	6	0.06816 0.87203 0.17213 0.04603 0.47083 0.73110 
525	6	0.12928 0.73564 0.24465 0.06238 0.40769 0.73847 
526	6	0.09385 0.66469 0.35758 0.04222 0.31547 0.79694 
527	6	0.21259 0.81845 0.18232 0.11340 0.58108 0.63930 
528	6	0.09032 0.88523 0.13541 0.05053 0.51759 0.72613 
529	6	0.23567 0.76533 0.11391 0.13077 0.60187 0.54928 
530	6	0.13415 0.92323 0.07637 0.09321 0.64509 0.60243 
531	6	0.16110 0.66132 0.17381 0.08936 0.39434 0.61744 
532	6	0.35676 0.64078 0.15361 0.20342 0.64856 0.47538 
533	6	0.10615 0.59480 0.32393 0.06905 0.38154 0.66986 
534	6	0.13865 0.86478 0.14183 0.06141 0.49921 0.70545 
535	6	0.18718 0.80566 0.14787 0.08674 0.52130 0.65201 
536	6	0.25236 0.65206 0.11419 0.18041 0.69653 0.46658 
537	6	0.11420 0.76223 0.23346 0.05964 0.41367 0.74212 
538	6	0.15406 0.65771 0.30210 0.06088 0.40189 0.73575 
539	6	0.37287 0.76648 0.19990 0.17473 0.53394 0.59973 
540	6	0.35167 0.65517 0.28001 0.16030 0.48739 0.63443 
541	6	0.27483 0.79380 0.09994 0.15245 0.55858 0.55178 
542	6	0.11481 0.76671 0.23706 0.05812 0.41775 0.73073 
543	6	0.13936 0.79258 0.21816 0.06559 0.45762 0.71256 
544	6	0.25891 0.83792 0.10803 0.12762 0.61776 0.58444 
545	6	0.14375 0.51437 0.37046 0.06330 0.36134 0.73495 
546	6	0.18267 0.84369 0.17248 0.07451 0.51127 0.70024 
547	6	0.37142 0.61811 0.18269 0.21295 0.56690 0.47822 
548	6	0.18380 0.92725 0.06050 0.11768 0.73052 0.55079 
549	6	0.20035 0.84932 0.18393 0.07839 0.49659 0.69338 
550	6	0.24980 0.91296 0.11591 0.13897 0.64144 0.59117 
551	6	0.09114 0.79860 0.22288 0.04892 0.44187 0.75378 
552	6	0.28178 0.59313 0.32780 0.11460 0.39718 0.68563 
553	6	0.37495 0.86153 0.08036 0.25001 0.76243 0.43165 
554	6	0.25878 0.86025 0.11679 0.11737 0.58458 0.60883 
555	6	0.10178 0.88089 0.15786 0.05134 0.48363 0.72622 
556	6	0.41611 0.62618 0.29637 0.20679 0.51000 0.59695 
557	6	0.12598 0.73851 0.23377 0.06087 0.38419 0.73117 
558	6	0.27761 0.67876 0.20670 0.12257 0.41585 0.60569 
559	6	0.19895 0.73363 0.22777 0.08924 0.48615 0.67422 
560	6	0.13733 0.72749 0.26353 0.06463 0.42024 0.72608 
561	6	0.17211 0.92680 0.07398 0.14262 0.77303 0.51949 
562	6	0.30057 0.80032 0.13486 0.12747 0.51279 0.62977 
563	6	0.09167 0.38133 0.47217 0.03284 0.13680 0.81777 
564	6	0.22952 0.81431 0.16380 0.09912 0.54550 0.65104 
565	6	0.69253 0.72088 0.11114 0.50599 0.77501 0.30755 
566	6	0.11282 0.89966 0.09592 0.06106 0.60226 0.68166 
567	6	0.15496 0.82226 0.18821 0.06255 0.45681 0.72825 
568	6	0.32801 0.81215 0.09709 0.14934 0.59043 0.57679 
569	6	0.06876 0.82711 0.20003 0.04024 0.43550 0.76224 
570	6	0.31137 0.85644 0.08354 0.17974 0.66715 0.47928 
571	6	0.12289 0.63594 0.29877 0.05028 0.35066 0.75857 
572	6	0.15982 0.77817 0.18296 0.08899 0.47085 0.66886 
573	6	0.31271 0.62900 0.32727 0.13243 0.42587 0.67285 
574	6	0.24881 0.88389 0.15467 0.09995 0.53524 0.67175 
575	6	0.15387 0.68482 0.21898 0.06367 0.34373 0.70324 
576	6	0.14359 0.79975 0.15257 0.07704 0.50663 0.67636 
577	6	0.11705 0.63037 0.27810 0.07157 0.43580 0.71332 
578	6	0.17063 0.82566 0.21129 0.08477 0.45368 0.69351 
579	6	0.18743 0.93473 0.06877 0.14322 0.72435 0.52772 
580	6	0.10181 0.82856 0.18355 0.04622 0.38959 0.74414 
581	6	0.19431 0.73768 0.33869 0.06036 0.28828 0.78841 
582	6	0.16305 0.87192 0.11005 0.09321 0.64974 0.61713 
583	6	0.13472 0.76080 0.25717 0.05714 0.35418 0.75554 
584	6	0.23892 0.89417 0.09289 0.12281 0.64998 0.58500 
585	6	0.35117 0.97550 0.07518 0.16451 0.72357 0.58071 
586	6	0.43268 0.90441 0.09583 0.23103 0.72662 0.50527 
587	6	0.17259 0.75488 0.16210 0.06769 0.42863 0.69772 
588	6	0.21263 0.71956 0.16426 0.08986 0.46391 0.64492 
589	6	0.31897 0.86877 0.13810 0.15217 0.63514 0.58215 
590	6	0.20736 0.90649 0.08626 0.10241 0.63935 0.62388 
591	6	0.18498 0.93399 0.10646 0.09383 0.64053 0.65017 
592	6	0.42801 0.88299 0.10681 0.23069 0.70204 0.48935 
593	6	0.22189 0.88801 0.09400 0.14104 0.67364 0.56075 
594	6	0.16823 0.72911 0.14174 0.09746 0.49203 0.61690 
595	6	0.37158 0.87654 0.12592 0.18811 0.67468 0.54431 
596	6	0.36962 0.94263 0.14816 0.17440 0.65372 0.60633 
597	6	0.14126 0.84322 0.13983 0.07329 0.52565 0.66841 
598	6	0.21898 0.83241 0.12875 0.12004 0.68416 0.60402 
599	6	0.59668 0.94329 0.07264 0.39167 0.82318 0.38273 
600	7	0.23142 0.95956 0.07736 0.11700 0.77582 0.55042 
601	7	0.11379 0.83724 0.09540 0.07829 0.64111 0.61680 
602	7	0.19224 0.83461 0.08720 0.09413 0.64184 0.60837 
603	7	0.20624 0.89650 0.12765 0.09299 0.67413 0.61720 
604	7	0.41523 0.99463 0.06103 0.23034 0.89707 0.44451 
605	7	0.20259 0.88587 0.13742 0.10322 0.71116 0.60359 
606	7	0.10876 0.95775 0.08621 0.07772 0.76859 0.63013 
607	7	0.10346 0.96167 0.06933 0.06482 0.77049 0.64747 
608	7	0.15738 0.79252 0.14831 0.08025 0.60301 0.60959 
609	7	0.25504 0.96297 0.09417 0.13380 0.78294 0.54027 
610	7	0.22686 0.91354 0.08486 0.11754 0.72528 0.56049 
611	7	0.40668 0.98217 0.09273 0.21177 0.80537 0.51323 
612	7	0.20493 0.99116 0.04487 0.10837 0.77241 0.58975 
613	7	0.37537 0.97634 0.10905 0.18784 0.77032 0.52562 
614	7	0.14165 0.96331 0.08075 0.09390 0.76748 0.58699 
615	7	0.32550 0.99070 0.06555 0.17764 0.83198 0.48955 
616	7	0.23984 0.80898 0.04876 0.16876 0.76203 0.42773 
617	7	0.42133 0.97859 0.11451 0.22413 0.80055 0.50526 
618	7	0.14583 0.91659 0.11051 0.09526 0.68682 0.55871 
619	7	0.10785 0.92022 0.12464 0.07651 0.69406 0.61290 
620	7	0.16122 0.83675 0.10313 0.09953 0.63644 0.57289 
621	7	0.13289 0.93601 0.09979 0.07988 0.68755 0.63304 
622	7	0.37703 0.91803 0.14234 0.18549 0.76797 0.55065 
623	7	0.15880 0.94117 0.07668 0.10298 0.80940 0.56919 
624	7	0.10811 0.88117 0.09615 0.07811 0.65520 0.60640 
625	7	0.57199 0.99428 0.07680 0.37637 0.92332 0.34704 
626	7	0.11994 0.85949 0.14636 0.07527 0.64093 0.62943 
627	7	0.28420 0.99423 0.06772 0.15724 0.83740 0.51233 
628	7	0.10499 0.96218 0.07514 0.08803 0.80639 0.58137 
629	7	0.15825 0.93385 0.10166 0.06967 0.65407 0.67086 
630	7	0.13260 0.93629 0.10278 0.07395 0.69713 0.62723 
631	7	0.14768 0.96228 0.08927 0.11058 0.83324 0.55948 
632	7	0.08059 0.96413 0.08137 0.06376 0.67531 0.66191 
633	7	0.25831 0.97772 0.08982 0.13463 0.79998 0.53336 
634	7	0.18588 0.86005 0.09000 0.09553 0.66073 0.57811 
635	7	0.17870 0.95853 0.08000 0.09138 0.75473 0.60243 
636	7	0.15034 0.95602 0.11374 0.08664 0.70560 0.60006 
637	7	0.19364 0.89850 0.14406 0.10466 0.67621 0.59143 
638	7	0.18076 0.97875 0.09770 0.09706 0.72009 0.61242 
639	7	0.24535 0.89786 0.07887 0.12979 0.78328 0.52729 
640	7	0.54527 0.86048 0.06209 0.33271 0.79968 0.42906 
641	7	0.13439 0.95109 0.09159 0.10341 0.76995 0.56762 
642	7	0.17720 0.98697 0.06476 0.10159 0.80453 0.58149 
643	7	0.20251 0.87240 0.05714 0.12377 0.73019 0.51316 
644	7	0.18934 0.95512 0.09534 0.11427 0.74115 0.56802 
645	7	0.23733 0.91852 0.10022 0.11045 0.73974 0.60518 
646	7	0.21961 0.85164 0.10760 0.14077 0.70856 0.55713 
647	7	0.33949 0.99171 0.06242 0.18657 0.86113 0.48677 
648	7	0.40630 0.99446 0.04521 0.22469 0.81948 0.47294 
649	7	0.49426 0.94453 0.13228 0.28641 0.78759 0.46176 
650	7	0.19671 0.92130 0.03161 0.13241 0.80175 0.49513 
651	7	0.15498 0.95371 0.10361 0.08070 0.73332 0.63415 
652	7	0.15148 0.94680 0.07030 0.08783 0.74037 0.61440 
653	7	0.31776 0.93183 0.13826 0.14532 0.72000 0.59493 
654	7	0.11619 0.85980 0.13486 0.06113 0.57381 0.70230 
655	7	0.17572 0.95959 0.07364 0.11209 0.73733 0.57826 
656	7	0.42603 0.99833 0.04167 0.24942 0.87556 0.43150 
657	7	0.28955 0.72991 0.08019 0.16854 0.67064 0.45753 
658	7	0.37672 0.98222 0.08701 0.21583 0.85579 0.46221 
659	7	0.42556 0.94951 0.06886 0.22912 0.75696 0.49624 
660	7	0.33658 0.98707 0.06563 0.20098 0.78206 0.49625 
661	7	0.28212 0.94612 0.15578 0.12158 0.65386 0.64796 
662	7	0.21203 0.89197 0.06333 0.15304 0.74774 0.49293 
663	7	0.22327 0.92193 0.07152 0.15964 0.78943 0.47133 
664	7	0.62117 0.95310 0.11503 0.41697 0.83178 0.37363 
665	7	0.19116 0.98514 0.04094 0.12778 0.78954 0.55608 
666	7	0.15440 0.96041 0.11543 0.08932 0.74735 0.60274 
667	7	0.12749 0.92177 0.08605 0.08305 0.66810 0.59596 
668	7	0.20545 0.85682 0.10262 0.10651 0.66351 0.59221 
669	7	0.20734 0.84892 0.10451 0.12330 0.71191 0.53549 
670	7	0.11185 0.92441 0.19532 0.07734 0.70302 0.64934 
671	7	0.23246 0.95486 0.14240 0.11005 0.68108 0.62790 
672	7	0.15791 0.89558 0.13915 0.08264 0.62951 0.62120 
673	7	0.07729 0.81844 0.18575 0.05525 0.53497 0.67949 
674	7	0.11438 0.94442 0.08058 0.05653 0.70044 0.67991 
675	7	0.20855 0.94470 0.09406 0.10734 0.75470 0.58775 
676	7	0.17213 0.88469 0.06530 0.09655 0.73711 0.58918 
677	7	0.55983 0.93168 0.00000 0.36649 0.94798 0.31935 
678	7	0.34242 0.94940 0.00887 0.22319 0.91379 0.39767 
679	7	0.33404 0.96285 0.04963 0.16964 0.88881 0.49888 
680	7	0.16064 0.90654 0.04284 0.10857 0.78295 0.53718 
681	7	0.22705 0.96959 0.01696 0.18617 0.94992 0.41948 
682	7	0.33912 0.97608 0.00534 0.20408 0.93136 0.42964 
683	7	0.26930 0.85713 0.09399 0.13878 0.78539 0.55730 
684	7	0.36756 0.95170 0.09374 0.19338 0.76180 0.53681 
685	7	0.21113 0.91416 0.16587 0.08588 0.64424 0.67087 
686	7	0.22849 0.89656 0.08511 0.10645 0.69884 0.60291 
687	7	0.17970 0.90387 0.15990 0.08887 0.62345 0.65688 
688	7	0.27552 0.84655 0.14400 0.12653 0.57653 0.60239 
689	7	0.16689 0.93843 0.16920 0.09258 0.64422 0.65075 
690	7	0.07486 0.82097 0.22436 0.02972 0.39709 0.80280 
691	7	0.57589 0.75874 0.04554 0.36899 0.78799 0.37335 
692	7	0.13036 0.97319 0.07384 0.07374 0.70044 0.64215 
693	7	0.09956 0.80041 0.17839 0.05460 0.47590 0.69816 
694	7	0.17199 0.95587 0.03982 0.09030 0.74026 0.58433 
695	7	0.21044 0.91579 0.04267 0.11693 0.72182 0.53223 
696	7	0.22547 0.88102 0.04331 0.14840 0.75973 0.48281 
697	7	0.11696 0.85162 0.13038 0.07685 0.56316 0.63037 
698	7	0.12129 0.92793 0.07339 0.06316 0.65196 0.66826 
699	7	0.06214 0.85411 0.15772 0.03028 0.38539 0.77285 
700	8	0.09358 0.54908 0.40824 0.04628 0.23219 0.76418 
701	8	0.05614 0.62913 0.30639 0.02927 0.22337 0.79827 
702	8	0.15551 0.53391 0.31482 0.06158 0.27536 0.72992 
703	8	0.24081 0.60799 0.20452 0.10085 0.40507 0.63761 
704	8	0.32928 0.69750 0.15724 0.15361 0.54774 0.58281 
705	8	0.03706 0.51266 0.51724 0.01271 0.08702 0.89123 
706	8	0.09854 0.46717 0.37849 0.04227 0.20674 0.77291 
707	8	0.25190 0.61090 0.17020 0.12356 0.48179 0.60554 
708	8	0.08401 0.48407 0.42974 0.02955 0.18406 0.83614 
709	8	0.15079 0.82080 0.17595 0.07903 0.46662 0.66699 
710	8	0.18486 0.81388 0.15986 0.09759 0.56096 0.62909 
711	8	0.16390 0.49529 0.21360 0.09673 0.36726 0.63223 
712	8	0.05829 0.59332 0.36205 0.02786 0.22808 0.82748 
713	8	0.08847 0.58972 0.42160 0.02748 0.16779 0.82104 
714	8	0.21508 0.89191 0.12270 0.12451 0.65471 0.58427 
715	8	0.18619 0.85122 0.14331 0.10713 0.60461 0.60575 
716	8	0.35028 0.78323 0.17106 0.15999 0.51554 0.60252 
717	8	0.10523 0.78971 0.30895 0.05484 0.39200 0.73466 
718	8	0.07818 0.39726 0.48850 0.02228 0.05282 0.83947 
719	8	0.27561 0.70640 0.14511 0.15322 0.51346 0.53892 
720	8	0.26924 0.50548 0.21984 0.11653 0.33780 0.61323 
721	8	0.13291 0.83353 0.20036 0.07159 0.52027 0.66699 
722	8	0.28089 0.65542 0.22339 0.11777 0.43818 0.64544 
723	8	0.20692 0.83143 0.15403 0.08785 0.53175 0.67417 
724	8	0.12022 0.80195 0.16083 0.06465 0.46286 0.69676 
725	8	0.07278 0.69240 0.30996 0.03023 0.33547 0.80100 
726	8	0.32579 0.67073 0.19448 0.15007 0.49434 0.56698 
727	8	0.28908 0.63744 0.17306 0.14828 0.53666 0.50722 
728	8	0.08889 0.60935 0.21026 0.05726 0.30997 0.68963 
729	8	0.07876 0.55314 0.38425 0.03236 0.27063 0.81119 
730	8	0.04331 0.61408 0.39398 0.01815 0.17315 0.83940 
731	8	0.22353 0.71810 0.20833 0.09887 0.43024 0.58558 
732	8	0.10665 0.46074 0.34925 0.04837 0.18394 0.75974 
733	8	0.30458 0.83135 0.14427 0.14755 0.61225 0.57275 
734	8	0.14572 0.53153 0.38781 0.05485 0.28899 0.77006 
735	8	0.12058 0.63176 0.37642 0.03334 0.20171 0.82686 
736	8	0.03862 0.67594 0.34441 0.01881 0.20124 0.83493 
737	8	0.10206 0.60748 0.29924 0.04268 0.26729 0.75355 
738	8	0.58252 0.72488 0.08667 0.38363 0.70699 0.32979 
739	8	0.19318 0.48374 0.39377 0.07025 0.31089 0.75123 
740	8	0.13076 0.78970 0.22576 0.05285 0.36028 0.74047 
741	8	0.54258 0.46328 0.17297 0.33126 0.57944 0.39038 
742	8	0.16782 0.49792 0.33567 0.05559 0.22690 0.74685 
743	8	0.23229 0.51246 0.26445 0.09376 0.33410 0.67621 
744	8	0.29055 0.43358 0.31283 0.14078 0.45849 0.54028 
745	8	0.16808 0.58832 0.28955 0.07612 0.39262 0.71655 
746	8	0.52018 0.65808 0.10747 0.31789 0.68180 0.37591 
747	8	0.17688 0.52064 0.35644 0.06722 0.33045 0.74389 
748	8	0.20357 0.62743 0.16188 0.12038 0.51348 0.51189 
749	8	0.16231 0.44407 0.30814 0.07395 0.31617 0.70112 
750	8	0.28947 0.47341 0.22731 0.13638 0.41488 0.61276 
751	8	0.10922 0.38957 0.35409 0.04889 0.17444 0.73863 
752	8	0.21838 0.49320 0.31637 0.09407 0.36081 0.69034 
753	8	0.38879 0.66274 0.16612 0.19898 0.56394 0.55767 
754	8	0.08483 0.74129 0.18450 0.05461 0.43149 0.72147 
755	8	0.26548 0.52775 0.27489 0.11519 0.31084 0.64826 
756	8	0.41775 0.59172 0.18973 0.21517 0.51236 0.55021 
757	8	0.14669 0.20561 0.27112 0.10411 0.32317 0.52847 
758	8	0.16625 0.65250 0.27278 0.06578 0.37351 0.73811 
759	8	0.07269 0.68316 0.32180 0.02794 0.23814 0.81352 
760	8	0.23686 0.43171 0.26950 0.10298 0.34095 0.64387 
761	8	0.21844 0.33855 0.35136 0.08520 0.26846 0.69696 
762	8	0.12501 0.55461 0.25421 0.06050 0.30431 0.70362 
763	8	0.04955 0.31927 0.64496 0.01936 0.00000 0.87173 
764	8	0.37867 0.64403 0.23834 0.17256 0.42796 0.62325 
765	8	0.26755 0.64990 0.27722 0.12088 0.49118 0.67416 
766	8	0.23637 0.37178 0.39632 0.08205 0.24973 0.73381 
767	8	0.09727 0.61298 0.27382 0.05081 0.28959 0.74262 
768	8	0.15673 0.34873 0.36178 0.06688 0.20727 0.71721 
769	8	0.01380 0.48579 0.47081 0.01185 0.07606 0.87014 
770	8	0.10676 0.32503 0.43410 0.04518 0.11924 0.76088 
771	8	0.06357 0.68688 0.42294 0.02652 0.17616 0.81545 
772	8	0.13368 0.68480 0.22202 0.06126 0.33731 0.70471 
773	8	0.16253 0.62289 0.19151 0.07956 0.39665 0.66516 
774	8	0.16181 0.56229 0.18311 0.09654 0.37332 0.60565 
775	8	0.16484 0.77597 0.28505 0.04906 0.34907 0.79390 
776	8	0.27593 0.43049 0.31803 0.11232 0.31379 0.67003 
777	8	0.19778 0.45677 0.34854 0.07693 0.30617 0.72975 
778	8	0.26815 0.49530 0.34131 0.11212 0.36715 0.69276 
779	8	0.14648 0.62739 0.44057 0.03817 0.18633 0.83074 
780	8	0.24812 0.00000 0.38218 0.10048 0.20253 0.65391 
781	8	0.10696 0.52918 0.43739 0.03025 0.13639 0.82690 
782	8	0.12984 0.67372 0.28292 0.04900 0.33146 0.76892 
783	8	0.08931 0.57071 0.43684 0.02906 0.22733 0.84731 
784	8	0.15786 0.75728 0.30328 0.05025 0.28604 0.77764 
785	8	0.21464 0.64885 0.20125 0.08621 0.40351 0.67075 
786	8	0.03060 0.52961 0.44697 0.01476 0.10708 0.86397 
787	8	0.18270 0.78357 0.18946 0.07956 0.46179 0.69760 
788	8	0.18842 0.53578 0.33072 0.06725 0.29809 0.74569 
789	8	0.13310 0.33614 0.38547 0.05810 0.18093 0.73584 
790	8	0.18334 0.45227 0.37417 0.07248 0.29157 0.74437 
791	8	0.09565 0.37908 0.42951 0.04407 0.14041 0.76811 
792	8	0.06381 0.62626 0.45784 0.01550 0.10549 0.87096 
793	8	0.23034 0.66780 0.19595 0.11190 0.46159 0.63695 
794	8	0.15297 0.67271 0.30242 0.06547 0.43524 0.75412 
795	8	0.09849 0.33110 0.47925 0.03031 0.06564 0.81072 
796	8	0.23948 0.63826 0.15877 0.14335 0.54790 0.54679 
797	8	0.14826 0.63544 0.14034 0.08496 0.45520 0.61656 
798	8	0.02861 0.56775 0.53798 0.00842 0.08246 0.90516 
799	8	0.23884 0.56709 0.34169 0.08454 0.27214 0.73046 
800	9	0.05460 0.69707 0.49594 0.02637 0.34148 0.84618 
801	9	0.05892 0.80108 0.40667 0.02092 0.35177 0.86837 
802	9	0.11104 0.91435 0.18838 0.05055 0.46848 0.73918 
803	9	0.07335 0.82206 0.21830 0.03526 0.40838 0.77072 
804	9	0.17810 0.71946 0.21408 0.08375 0.54691 0.67903 
805	9	0.16333 0.70763 0.17750 0.08690 0.52115 0.65631 
806	9	0.12778 0.82053 0.19839 0.05832 0.53184 0.71582 
807	9	0.16533 0.90678 0.10643 0.10511 0.68591 0.62140 
808	9	0.12541 0.94639 0.13973 0.06905 0.63303 0.66754 
809	9	0.09330 0.69228 0.33839 0.03889 0.32871 0.80524 
810	9	0.28996 0.97790 0.09262 0.20948 0.85348 0.44609 
811	9	0.33117 0.95546 0.08344 0.18719 0.76818 0.52884 
812	9	0.16439 0.75347 0.26586 0.08978 0.50791 0.67912 
813	9	0.22433 0.72273 0.17301 0.10287 0.53389 0.63485 
814	9	0.11438 0.87596 0.14656 0.06037 0.56706 0.69588 
815	9	0.08263 0.75168 0.31716 0.04019 0.47237 0.78354 
816	9	0.19422 0.93756 0.11660 0.12390 0.66161 0.59373 
817	9	0.13854 0.81856 0.30668 0.05891 0.45919 0.76924 
818	9	0.07702 0.89468 0.26371 0.03531 0.43356 0.78708 
819	9	0.42414 0.23843 0.74276 0.20549 0.37103 0.65753 
820	9	0.48677 0.87514 0.13927 0.26975 0.71549 0.50732 
821	9	0.09326 0.86612 0.15467 0.06206 0.59172 0.70191 
822	9	0.11199 0.87935 0.12445 0.07489 0.68223 0.64849 
823	9	0.20990 0.79485 0.13921 0.10996 0.57877 0.62159 
824	9	0.11130 0.84503 0.25736 0.05350 0.52655 0.76647 
825	9	0.05033 0.89219 0.21682 0.03112 0.51776 0.79812 
826	9	0.11065 0.88294 0.16356 0.06081 0.58205 0.70781 
827	9	0.25992 0.90401 0.18340 0.10120 0.58518 0.69468 
828	9	0.15027 0.69569 0.24641 0.10256 0.63589 0.65611 
829	9	0.18468 0.91516 0.15835 0.06746 0.56364 0.73048 
830	9	0.09517 0.80908 0.17672 0.04998 0.44916 0.73409 
831	9	0.24172 0.99052 0.05550 0.11904 0.85659 0.54978 
832	9	0.15773 0.82034 0.38943 0.06113 0.46632 0.77832 
833	9	0.36589 0.88009 0.16963 0.18320 0.71083 0.57314 
834	9	0.11522 0.84929 0.16689 0.08179 0.68186 0.67038 
835	9	0.17393 0.90297 0.09034 0.10737 0.74279 0.57454 
836	9	0.06282 0.94425 0.10895 0.04707 0.56253 0.71029 
837	9	0.21878 0.59379 0.17351 0.13191 0.53722 0.56140 
838	9	0.09502 0.79226 0.23998 0.04592 0.49048 0.74573 
839	9	0.43525 0.83409 0.09207 0.24433 0.74351 0.45231 
840	9	0.14085 0.81472 0.34263 0.05490 0.45782 0.78918 
841	9	0.21389 0.72249 0.51568 0.07539 0.42920 0.76392 
842	9	0.14738 0.94266 0.09196 0.10329 0.71006 0.57695 
843	9	0.27036 0.95332 0.10830 0.14226 0.71044 0.54561 
844	9	0.28830 0.76630 0.20952 0.13465 0.61450 0.62263 
845	9	0.10637 0.71375 0.31124 0.04158 0.34598 0.78569 
846	9	0.43149 0.79972 0.16163 0.25247 0.75801 0.47168 
847	9	0.22294 0.82478 0.19156 0.09183 0.54342 0.64024 
848	9	0.23995 0.80615 0.19390 0.10194 0.52403 0.64670 
849	9	0.19726 0.69280 0.34337 0.07543 0.48688 0.71874 
850	9	0.32773 0.96520 0.03975 0.16875 0.78634 0.50985 
851	9	0.10508 0.81788 0.32885 0.03369 0.35992 0.81465 
852	9	0.16816 0.97303 0.12655 0.12307 0.78780 0.55171 
853	9	0.32817 0.87391 0.13788 0.16995 0.68988 0.54936 
854	9	0.14148 0.76651 0.34626 0.05491 0.37966 0.75327 
855	9	0.11233 0.80739 0.31057 0.04292 0.39311 0.80407 
856	9	0.09291 0.80879 0.25876 0.06015 0.55203 0.70394 
857	9	0.31056 0.91673 0.22846 0.13839 0.56889 0.62760 
858	9	0.26046 0.64615 0.37673 0.11526 0.50942 0.61885 
859	9	0.07311 0.74002 0.36109 0.04195 0.48874 0.75868 
860	9	0.15677 0.81110 0.24213 0.05763 0.42653 0.76981 
861	9	0.19684 0.90972 0.13030 0.09333 0.63515 0.63912 
862	9	0.13317 0.73694 0.23794 0.06359 0.49573 0.71356 
863	9	0.17666 0.84441 0.16819 0.08407 0.53362 0.63844 
864	9	0.13993 0.78339 0.30881 0.04613 0.38213 0.81190 
865	9	0.26617 0.92481 0.08265 0.18791 0.73172 0.40198 
866	9	0.29010 0.84433 0.19697 0.14730 0.59343 0.56038 
867	9	0.44379 0.95784 0.10860 0.32106 0.84821 0.29174 
868	9	0.26243 0.95947 0.09022 0.12653 0.73898 0.58120 
869	9	0.10811 0.82609 0.31722 0.04999 0.40646 0.73717 
870	9	0.12840 0.76796 0.20718 0.07387 0.53709 0.64410 
871	9	0.15460 0.83473 0.11132 0.10947 0.72347 0.60012 
872	9	0.17408 0.71448 0.23698 0.07639 0.46263 0.66797 
873	9	0.15042 0.86534 0.20566 0.05671 0.53083 0.73966 
874	9	0.13638 0.84806 0.14641 0.06591 0.51319 0.68345 
875	9	0.14662 0.64231 0.20229 0.08672 0.55311 0.64568 
876	9	0.24121 0.80279 0.22834 0.11676 0.62446 0.64740 
877	9	0.18765 0.72042 0.30859 0.07694 0.45967 0.73165 
878	9	0.22637 0.72541 0.16991 0.12801 0.59594 0.56831 
879	9	0.13872 0.70608 0.28407 0.06689 0.49254 0.71119 
880	9	0.21041 0.73826 0.40186 0.08166 0.51621 0.70508 
881	9	0.13069 0.82642 0.15191 0.07684 0.65762 0.66491 
882	9	0.19875 0.55627 0.29710 0.08481 0.43276 0.66925 
883	9	0.08773 0.59745 0.32468 0.04280 0.36069 0.78056 
884	9	0.14313 0.99673 0.02821 0.10147 0.85692 0.56003 
885	9	0.06148 0.57288 0.68089 0.02335 0.22314 0.88659 
886	9	0.42184 0.87113 0.09833 0.21976 0.64111 0.51474 
887	9	0.06992 0.79705 0.30186 0.02167 0.25710 0.84845 
888	9	0.33791 0.87428 0.04858 0.18837 0.79002 0.42827 
889	9	0.19433 0.74211 0.24557 0.07632 0.46646 0.71902 
890	9	0.04354 0.89182 0.19798 0.03636 0.52117 0.75600 
891	9	0.11182 0.77513 0.26767 0.05084 0.40280 0.78025 
892	9	0.21412 0.65408 0.22696 0.10741 0.53403 0.63021 
893	9	0.04293 0.80281 0.37011 0.02467 0.40024 0.84670 
894	9	0.09213 0.79720 0.22586 0.06500 0.57600 0.68079 
895	9	0.15025 0.74494 0.30435 0.06820 0.43807 0.69125 
896	9	0.04165 0.76706 0.44740 0.01932 0.29123 0.86256 
897	9	0.42929 0.73092 0.15795 0.23973 0.74883 0.44949 
898	9	0.10182 0.70067 0.26174 0.04262 0.33679 0.75128 
899	9	0.18867 0.79326 0.17303 0.07654 0.50002 0.67527 
900	10	0.06087 0.64403 0.48914 0.01190 0.12969 0.91421 
901	10	0.06530 0.80483 0.27950 0.04273 0.40350 0.78163 
902	10	0.18053 0.90568 0.22818 0.06397 0.53725 0.73681 
903	10	0.05293 0.79659 0.56380 0.02480 0.33648 0.88028 
904	10	0.12617 0.89963 0.23223 0.05214 0.48282 0.73965 
905	10	0.08014 0.75908 0.42037 0.02465 0.36389 0.86057 
906	10	0.00111 0.62064 0.50629 0.00636 0.17853 0.91653 
907	10	0.10682 0.67180 0.41653 0.03602 0.36537 0.82051 
908	10	0.08634 0.65746 0.36648 0.04026 0.37654 0.79065 
909	10	0.21550 0.86493 0.23975 0.10287 0.60371 0.63138 
910	10	0.02623 0.65239 0.61454 0.01752 0.26447 0.87793 
911	10	0.06346 0.73970 0.42462 0.03227 0.30500 0.82862 
912	10	0.15552 0.85848 0.17369 0.07404 0.63631 0.68893 
913	10	0.58019 0.70471 0.36680 0.36081 0.61811 0.50654 
914	10	0.03558 0.59607 0.46509 0.02460 0.35171 0.84705 
915	10	0.09772 0.75676 0.21310 0.05228 0.50390 0.72079 
916	10	0.22361 0.67663 0.37816 0.07203 0.37357 0.78102 
917	10	0.12332 0.55996 0.40650 0.04927 0.39599 0.78385 
918	10	0.09734 0.68070 0.70630 0.02104 0.23117 0.92788 
919	10	0.02652 0.62683 0.51326 0.01825 0.27226 0.88328 
920	10	0.06080 0.75663 0.31437 0.02758 0.40972 0.81909 
921	10	0.07667 0.63025 0.45594 0.02970 0.34372 0.83655 
922	10	0.00775 0.65872 0.51077 0.00857 0.20296 0.91140 
923	10	0.01454 0.73038 0.45206 0.01330 0.30369 0.89153 
924	10	0.19083 0.65050 0.50258 0.05542 0.31898 0.81864 
925	10	0.14627 0.76750 0.40227 0.04282 0.36255 0.83378 
926	10	0.09911 0.68382 0.51268 0.02912 0.31428 0.83820 
927	10	0.10714 0.78016 0.33492 0.04021 0.40132 0.80704 
928	10	0.43177 0.76302 0.37190 0.21272 0.58268 0.62931 
929	10	0.25429 0.85991 0.21860 0.10080 0.63112 0.68393 
930	10	0.00400 0.55061 0.55014 0.00667 0.12281 0.90975 
931	10	0.00310 0.71976 0.60277 0.00182 0.14678 0.96925 
932	10	0.09155 0.66043 0.35058 0.05189 0.42473 0.72712 
933	10	0.06619 0.82026 0.30225 0.03862 0.49400 0.77467 
934	10	0.01189 0.68792 0.52258 0.00554 0.19739 0.93584 
935	10	0.02572 0.41963 0.61501 0.01331 0.14704 0.89112 
936	10	0.05522 0.68869 0.49657 0.02147 0.27632 0.85420 
937	10	0.01299 0.66940 0.58875 0.00810 0.25487 0.93408 
938	10	0.11234 0.74532 0.26008 0.06121 0.54851 0.72936 
939	10	0.03050 0.63465 0.57485 0.00806 0.15005 0.93394 
940	10	0.02182 0.70573 0.47793 0.01034 0.27253 0.90260 
941	10	0.13451 0.70462 0.29262 0.04902 0.36372 0.75771 
942	10	0.04088 0.59065 0.45015 0.01690 0.17403 0.86080 
943	10	0.05747 0.51272 0.64853 0.02200 0.20039 0.88499 
944	10	0.14563 0.68136 0.48476 0.04428 0.33636 0.83071 
945	10	0.03285 0.62140 0.49615 0.01286 0.18693 0.89934 
946	10	0.04168 0.74751 0.54335 0.00567 0.16136 0.95865 
947	10	0.24181 0.82489 0.26428 0.09478 0.57737 0.69052 
948	10	0.15362 0.67628 0.31511 0.06186 0.46601 0.73768 
949	10	0.20777 0.69979 0.48306 0.06608 0.37835 0.80341 
950	10	0.35820 0.84523 0.22038 0.16306 0.59017 0.62167 
951	10	0.39510 0.77063 0.31141 0.18254 0.52189 0.64441 
952	10	0.49955 0.67998 0.32786 0.27481 0.55679 0.56463 
953	10	0.07047 0.57426 0.61503 0.01915 0.21768 0.90402 
954	10	0.10082 0.65926 0.70223 0.02030 0.21506 0.92376 
955	10	0.05449 0.70300 0.68776 0.01234 0.20155 0.93392 
956	10	0.05964 0.69256 0.57035 0.01098 0.23833 0.93918 
957	10	0.13667 0.79735 0.20695 0.05679 0.48501 0.73762 
958	10	0.03943 0.81538 0.39443 0.02072 0.28795 0.86314 
959	10	0.21651 0.87838 0.24547 0.07552 0.48438 0.75015 
960	10	0.05295 0.74743 0.44407 0.02161 0.35997 0.88171 
961	10	0.27151 0.89064 0.18422 0.15289 0.66267 0.59380 
962	10	0.10570 0.78119 0.33483 0.04005 0.44427 0.80985 
963	10	0.20342 0.74706 0.43255 0.05669 0.25959 0.84606 
964	10	0.12130 0.45157 0.56295 0.03157 0.17165 0.84911 
965	10	0.08434 0.68239 0.64831 0.02284 0.30252 0.90033 
966	10	0.01591 0.69358 0.44963 0.01084 0.27076 0.90397 
967	10	0.09205 0.85020 0.24149 0.03542 0.44318 0.80699 
968	10	0.21866 0.66915 0.29045 0.12365 0.64211 0.63702 
969	10	0.36270 0.90142 0.29350 0.16961 0.65325 0.62848 
970	10	0.26188 0.67005 0.51989 0.08500 0.28465 0.81833 
971	10	0.04289 0.45032 0.58445 0.01474 0.18791 0.88535 
972	10	0.47797 0.73460 0.26749 0.26197 0.60970 0.51943 
973	10	0.35417 0.60263 0.52676 0.14770 0.42108 0.73242 
974	10	0.08084 0.61702 0.57377 0.02669 0.29291 0.85064 
975	10	0.06906 0.58448 0.52134 0.02739 0.25922 0.86086 
976	10	0.01707 0.60351 0.58457 0.00393 0.12824 0.94440 
977	10	0.04400 0.71720 0.33926 0.02481 0.34285 0.83485 
978	10	0.07526 0.60964 0.47389 0.01788 0.18744 0.87087 
979	10	0.14287 0.66823 0.52784 0.03979 0.27977 0.84430 
980	10	0.13874 0.74513 0.25621 0.05858 0.47987 0.75461 
981	10	0.02546 0.47074 0.87091 0.00000 0.03320 1.00000 
982	10	0.19787 0.83109 0.28156 0.09790 0.63039 0.70622 
983	10	0.23383 0.61441 0.64752 0.07595 0.29526 0.82733 
984	10	0.08431 0.71221 0.27303 0.05313 0.48133 0.73761 
985	10	0.06434 0.51776 0.47740 0.02759 0.25635 0.83234 
986	10	0.18542 0.78966 0.26888 0.07473 0.47360 0.73207 
987	10	0.21320 0.68367 0.22874 0.08815 0.56330 0.67338 
988	10	0.02003 0.60305 0.48684 0.01745 0.29150 0.86889 
989	10	0.01664 0.53375 0.55637 0.01335 0.20077 0.89582 
990	10	0.04234 0.59405 0.61830 0.01224 0.22928 0.92535 
991	10	0.11315 0.74799 0.36383 0.04949 0.46921 0.77253 
992	10	0.07862 0.72242 0.41270 0.02488 0.30384 0.85907 
993	10	0.15633 0.76779 0.49931 0.04745 0.31868 0.83593 
994	10	0.25502 0.66998 0.48946 0.09511 0.44750 0.75993 
995	10	0.45572 0.89130 0.17710 0.24020 0.63135 0.54592 
996	10	0.18050 0.85820 0.20212 0.07652 0.55911 0.69940 
997	10	0.36995 0.73761 0.29699 0.19134 0.66925 0.56871 
998	10	0.05902 0.63350 0.68395 0.01678 0.22547 0.91269 
999	10	0.13546 0.77591 0.27918 0.05238 0.39560 0.74322 
