600	6	6
0	1	0.15947 0.91768 0.12450 0.03764 0.54618 0.64831 
1	1	0.06472 0.97091 0.06330 0.02545 0.79379 0.53447 
2	1	0.24416 0.94679 0.10923 0.06601 0.56100 0.60691 
3	1	0.13024 0.86436 0.19544 0.01997 0.31832 0.76968 
4	1	0.22463 0.91821 0.17079 0.05414 0.41081 0.68495 
5	1	0.25425 0.95949 0.13741 0.08326 0.67198 0.54185 
6	1	0.24597 0.91560 0.15137 0.07242 0.62263 0.60549 
7	1	0.11188 0.85784 0.23541 0.01531 0.29897 0.78293 
8	1	0.24566 0.95293 0.14612 0.06844 0.56081 0.62605 
9	1	0.13742 0.98744 0.09653 0.03678 0.62561 0.58001 
10	1	0.09587 0.97743 0.10390 0.02797 0.57559 0.64094 
11	1	0.11477 0.90408 0.09062 0.05242 0.85958 0.45286 
12	1	0.22807 0.94430 0.19192 0.05987 0.61861 0.60234 
13	1	0.10391 0.92536 0.09389 0.03300 0.78548 0.50869 
14	1	0.02192 0.83252 0.16882 0.00577 0.34934 0.78019 
15	1	0.20561 0.94797 0.13880 0.06568 0.67497 0.58062 
16	1	0.06465 0.86467 0.18361 0.00804 0.38160 0.76811 
17	1	0.07814 0.87026 0.17869 0.00968 0.34769 0.78977 
18	1	0.20775 0.97453 0.07809 0.05873 0.69972 0.58191 
19	1	0.29307 0.92966 0.22771 0.09325 0.59342 0.59971 
20	1	0.25851 0.93340 0.12117 0.07027 0.50288 0.66770 
21	1	0.25542 0.98844 0.08116 0.06932 0.53380 0.64960 
22	1	0.25154 0.94881 0.07980 0.07481 0.82925 0.50266 
23	1	0.25323 0.94535 0.10628 0.07433 0.61103 0.57479 
24	1	0.10782 0.93047 0.07262 0.02490 0.75718 0.58014 
25	1	0.18716 0.91058 0.25405 0.03900 0.47397 0.72627 
26	1	0.11955 0.89568 0.26799 0.01824 0.42210 0.76936 
27	1	0.11619 0.91445 0.19976 0.02333 0.53780 0.66623 
28	1	0.11814 0.92229 0.16670 0.02269 0.53787 0.65610 
29	1	0.23734 0.96209 0.15697 0.06041 0.52014 0.66282 
30	1	0.10149 0.98305 0.04419 0.06116 0.89797 0.41301 
31	1	0.25333 0.93807 0.21453 0.06694 0.43105 0.70150 
32	1	0.25014 0.96369 0.10077 0.07244 0.60085 0.58241 
33	1	0.24911 0.92798 0.18695 0.06793 0.48428 0.69173 
34	1	0.26896 0.90325 0.27244 0.07588 0.46350 0.68540 
35	1	0.28861 0.94701 0.20802 0.08950 0.61969 0.58014 
36	1	0.19234 0.99375 0.09365 0.05483 0.64166 0.52977 
37	1	0.61908 0.85752 0.14734 0.39933 0.77135 0.27778 
38	1	0.24564 0.92253 0.18612 0.06814 0.57936 0.64835 
39	1	0.17973 0.96097 0.10374 0.04357 0.54647 0.67145 
40	1	0.24553 0.96358 0.13847 0.08550 0.62396 0.57081 
41	1	0.20367 0.92680 0.11431 0.04513 0.42271 0.70393 
42	1	0.12265 0.98154 0.04964 0.03319 0.76053 0.50972 
43	1	0.17306 0.93735 0.08553 0.06238 0.62279 0.57122 
44	1	0.11706 0.93889 0.17294 0.02046 0.47668 0.73560 
45	1	0.31043 0.97723 0.10165 0.10534 0.58461 0.59047 
46	1	0.28759 0.97166 0.14874 0.10382 0.59769 0.56203 
47	1	0.25631 0.93349 0.18494 0.07335 0.49583 0.62855 
48	1	0.20892 0.96967 0.05904 0.13163 0.94086 0.30376 
49	1	0.26619 0.91246 0.17829 0.07843 0.54872 0.64298 
50	1	0.26546 0.95427 0.14349 0.07490 0.60795 0.61067 
51	1	0.27570 0.92616 0.19031 0.08197 0.53220 0.64284 
52	1	0.43088 0.89945 0.20240 0.19281 0.61542 0.51461 
53	1	0.12608 0.95701 0.06305 0.02733 0.55307 0.60308 
54	1	0.16716 0.82828 0.18581 0.03107 0.34455 0.72271 
55	1	0.07390 0.90487 0.06355 0.03435 0.71926 0.53837 
56	1	0.26059 0.92055 0.25809 0.07377 0.57686 0.62919 
57	1	0.25308 0.93772 0.20820 0.06717 0.46132 0.69512 
58	1	0.30280 0.95969 0.18594 0.10638 0.65535 0.53646 
59	1	0.08887 0.90460 0.07433 0.04004 0.75811 0.48523 
60	1	0.26349 0.92286 0.11335 0.08099 0.63257 0.58008 
61	1	0.25878 0.96054 0.11773 0.08024 0.68187 0.53016 
62	1	0.27294 0.95733 0.13235 0.07801 0.49785 0.66557 
63	1	0.26896 0.95870 0.12762 0.07897 0.55481 0.63343 
64	1	0.22019 0.95198 0.12941 0.05341 0.56767 0.63996 
65	1	0.10448 0.88093 0.16780 0.02381 0.53895 0.69417 
66	1	0.23847 0.93676 0.08150 0.08096 0.74575 0.51597 
67	1	0.26984 0.99561 0.07139 0.07764 0.56309 0.59333 
68	1	0.13931 0.97592 0.09714 0.03205 0.55531 0.65153 
69	1	0.13182 0.94961 0.12203 0.03502 0.57922 0.63262 
70	1	0.28902 0.94808 0.07960 0.18337 0.87443 0.27834 
71	1	0.18079 0.96482 0.09901 0.10135 0.82646 0.36923 
72	1	0.21659 0.87748 0.18226 0.06611 0.64182 0.58990 
73	1	0.15026 0.94814 0.14362 0.03141 0.53494 0.66689 
74	1	0.20749 0.95850 0.07670 0.12341 0.80069 0.33694 
75	1	0.17305 0.81477 0.26257 0.03174 0.31391 0.79213 
76	1	0.24574 0.94123 0.17563 0.06321 0.43134 0.71924 
77	1	0.37988 0.95191 0.15611 0.15806 0.59360 0.54742 
78	1	0.20599 0.88886 0.34393 0.06040 0.46536 0.68800 
79	1	0.24307 0.86756 0.26256 0.06216 0.38872 0.71718 
80	1	0.16797 0.86000 0.24307 0.03125 0.33097 0.74416 
81	1	0.28901 0.95077 0.16786 0.08717 0.56145 0.63275 
82	1	0.27819 0.93654 0.17490 0.08218 0.52213 0.64917 
83	1	0.04512 0.92684 0.14872 0.00717 0.35022 0.78939 
84	1	0.22450 0.92119 0.13438 0.05746 0.55902 0.63316 
85	1	0.25939 0.98990 0.10701 0.07603 0.59963 0.59426 
86	1	0.15401 0.93152 0.13291 0.02711 0.43283 0.74142 
87	1	0.12218 0.99040 0.08579 0.03585 0.62944 0.60222 
88	1	0.26625 0.93783 0.20370 0.08227 0.64191 0.58599 
89	1	0.11608 0.99212 0.02594 0.02744 0.74299 0.58176 
90	1	0.25204 0.88280 0.24741 0.06978 0.56171 0.65966 
91	1	0.04181 0.87546 0.08825 0.00674 0.38312 0.73374 
92	1	0.26445 0.89923 0.22183 0.07335 0.52805 0.67774 
93	1	0.25199 0.90693 0.17743 0.06667 0.48968 0.68961 
94	1	0.16655 0.91371 0.19246 0.03585 0.48085 0.70019 
95	1	0.16674 0.95403 0.09570 0.03367 0.47613 0.67849 
96	1	0.22699 0.94830 0.19247 0.05745 0.48338 0.70014 
97	1	0.14912 0.91207 0.23192 0.02908 0.39912 0.76667 
98	1	0.16249 0.94339 0.20412 0.03470 0.50391 0.71028 
99	1	0.75551 0.94792 0.13948 0.57397 0.81264 0.22735 
100	2	0.26694 0.90707 0.28912 0.07792 0.50040 0.64753 
101	2	0.10832 0.89544 0.11886 0.03294 0.59412 0.62442 
102	2	0.00905 0.73674 0.22844 0.00277 0.24249 0.82772 
103	2	0.14598 0.64828 0.39002 0.05003 0.57387 0.60135 
104	2	0.60106 0.85159 0.38839 0.36329 0.57092 0.45517 
105	2	0.24562 0.77958 0.35802 0.09047 0.57458 0.50732 
106	2	0.69166 0.84345 0.39337 0.48058 0.66179 0.35122 
107	2	0.05459 0.69828 0.15685 0.01388 0.49508 0.67270 
108	2	0.00666 0.81470 0.23119 0.00180 0.18596 0.85226 
109	2	0.00334 0.67901 0.25949 0.00123 0.19814 0.88560 
110	2	0.02905 0.87841 0.17357 0.00310 0.21399 0.86125 
111	2	0.02190 0.63751 0.29437 0.00506 0.31241 0.83185 
112	2	0.50006 0.67597 0.74135 0.25425 0.52998 0.51980 
113	2	0.05323 0.70169 0.16809 0.01289 0.49140 0.70667 
114	2	0.10082 0.41144 0.16870 0.04229 0.49835 0.55291 
115	2	0.01747 0.68114 0.28754 0.00320 0.33981 0.83539 
116	2	0.28228 0.89510 0.16085 0.08466 0.59996 0.61157 
117	2	0.27441 0.84778 0.14535 0.09282 0.49755 0.54046 
118	2	0.05806 0.87381 0.28701 0.00973 0.46509 0.76814 
119	2	0.01298 0.76849 0.38787 0.00263 0.35162 0.85235 
120	2	0.22985 0.86931 0.18159 0.05539 0.35750 0.71177 
121	2	0.01944 0.77844 0.41649 0.00279 0.34934 0.85435 
122	2	0.02818 0.88282 0.06332 0.00873 0.49910 0.71559 
123	2	0.00521 0.54549 0.49203 0.00080 0.11240 0.94145 
124	2	0.60224 0.75433 0.36538 0.36735 0.65768 0.38333 
125	2	0.48030 0.95516 0.22527 0.23432 0.55714 0.50268 
126	2	0.13011 0.91088 0.19453 0.04767 0.61303 0.59232 
127	2	0.00151 0.75378 0.30528 0.00053 0.14477 0.92813 
128	2	0.18333 0.62270 0.87832 0.05791 0.48066 0.60807 
129	2	0.03067 0.40817 0.55919 0.00848 0.36467 0.81839 
130	2	0.23529 0.89670 0.20976 0.05769 0.34726 0.75269 
131	2	0.15527 0.78749 0.16495 0.06205 0.57124 0.59183 
132	2	0.14885 0.76681 0.22124 0.04850 0.60369 0.56438 
133	2	0.04082 0.78611 0.00970 0.01339 0.43677 0.59339 
134	2	0.01968 0.70218 0.29234 0.00363 0.27135 0.85297 
135	2	0.04377 0.49049 0.18716 0.01703 0.49309 0.65614 
136	2	0.18364 0.84145 0.25473 0.04216 0.60906 0.66837 
137	2	0.48663 0.03088 0.46955 0.24445 0.59206 0.44488 
138	2	0.51343 0.89610 0.29539 0.26663 0.53161 0.48857 
139	2	0.24297 0.42362 0.41730 0.15001 0.65930 0.43750 
140	2	0.07055 0.93500 0.08763 0.01716 0.49118 0.70103 
141	2	0.35086 0.86456 0.50946 0.12679 0.43777 0.60416 
142	2	0.15167 0.99261 0.03433 0.03276 0.52974 0.63341 
143	2	0.03856 0.98967 0.06287 0.01210 0.63464 0.65134 
144	2	0.22051 0.74928 0.24496 0.05815 0.44659 0.67052 
145	2	0.04869 0.84612 0.35255 0.00683 0.22275 0.85869 
146	2	0.01410 0.73141 0.42527 0.00330 0.31106 0.83232 
147	2	0.03035 0.87051 0.28858 0.00290 0.19168 0.89394 
148	2	0.19284 0.88299 0.29173 0.05462 0.53095 0.66822 
149	2	0.06479 0.77234 0.23800 0.01913 0.47540 0.71575 
150	2	0.52663 0.85995 0.40332 0.28025 0.52659 0.51748 
151	2	0.10405 0.92342 0.19107 0.01756 0.34067 0.80095 
152	2	0.00029 0.68512 0.22343 0.00063 0.09906 0.89881 
153	2	0.00059 0.72748 0.25132 0.00043 0.11425 0.91624 
154	2	0.02163 0.71684 0.46620 0.00321 0.21035 0.87867 
155	2	0.06876 0.80191 0.40106 0.01934 0.46417 0.72494 
156	2	0.16181 0.66745 0.50649 0.03465 0.43649 0.72715 
157	2	0.00678 0.70809 0.52092 0.00163 0.15076 0.90048 
158	2	0.50329 0.93366 0.20995 0.25652 0.59565 0.48004 
159	2	0.19496 0.73301 0.41448 0.04725 0.37373 0.74294 
160	2	0.06967 0.80613 0.08634 0.01626 0.45752 0.68026 
161	2	0.01696 0.69850 0.37111 0.00207 0.21642 0.89902 
162	2	0.00504 0.63556 0.53738 0.00080 0.12604 0.94307 
163	2	0.15973 0.78186 0.11440 0.04094 0.46485 0.62669 
164	2	0.31647 0.83982 0.04736 0.14584 0.70657 0.42075 
165	2	0.06905 0.84708 0.27057 0.01640 0.42004 0.74600 
166	2	0.09771 0.90716 0.14918 0.02632 0.59848 0.66922 
167	2	0.21193 0.92141 0.22035 0.05834 0.59830 0.61971 
168	2	0.31305 0.87389 0.28619 0.10389 0.50442 0.64301 
169	2	0.03862 0.81315 0.32654 0.00835 0.26118 0.80376 
170	2	0.37973 0.61264 0.68219 0.14804 0.39699 0.67208 
171	2	0.05818 0.92609 0.16794 0.00798 0.33034 0.76235 
172	2	0.01017 0.61227 0.30145 0.00248 0.24762 0.86197 
173	2	0.64391 0.71488 0.44148 0.42060 0.72765 0.30982 
174	2	0.00935 0.87277 0.17813 0.00154 0.22375 0.87107 
175	2	0.56226 0.93841 0.22994 0.31913 0.61453 0.44918 
176	2	0.03251 0.86348 0.41317 0.00552 0.25650 0.83620 
177	2	0.02546 0.77547 0.48718 0.00252 0.22718 0.91124 
178	2	0.17165 0.90489 0.16302 0.07662 0.68005 0.49777 
179	2	0.54226 0.95110 0.15491 0.29679 0.57629 0.48902 
180	2	0.06859 0.74358 0.45619 0.00568 0.16325 0.90556 
181	2	0.01103 0.77336 0.20043 0.00172 0.22192 0.85414 
182	2	0.02069 0.66113 0.29078 0.00199 0.20806 0.88448 
183	2	0.02825 0.84231 0.22725 0.00444 0.34628 0.81512 
184	2	0.60760 0.82822 0.13381 0.37678 0.76449 0.28717 
185	2	0.42013 0.84818 0.45682 0.18668 0.59014 0.52948 
186	2	0.05132 0.77283 0.14936 0.01658 0.54543 0.65610 
187	2	0.46704 0.56754 0.57442 0.22481 0.57249 0.51844 
188	2	0.41450 0.82089 0.29070 0.17915 0.50091 0.54291 
189	2	0.26958 0.93240 0.32242 0.07819 0.45641 0.63341 
190	2	0.15030 0.90700 0.30410 0.02974 0.49441 0.70432 
191	2	0.44941 0.91513 0.21927 0.20661 0.53708 0.51268 
192	2	0.08554 0.96411 0.10371 0.01075 0.37366 0.77950 
193	2	0.03293 0.92209 0.14352 0.00323 0.29893 0.84369 
194	2	0.30523 0.88726 0.34533 0.11286 0.50202 0.60971 
195	2	0.10059 0.89476 0.14774 0.03354 0.51955 0.63992 
196	2	0.30473 0.73826 0.28540 0.10504 0.44579 0.61233 
197	2	0.24073 0.95360 0.15376 0.06139 0.46621 0.68809 
198	2	0.06641 0.83053 0.32342 0.01514 0.35578 0.78079 
199	2	0.47859 0.54568 0.45603 0.23294 0.50068 0.55131 
200	3	0.25381 0.64574 0.35083 0.09124 0.56186 0.55566 
201	3	0.86712 0.76187 0.13150 0.75580 0.89286 0.09803 
202	3	0.14306 0.93177 0.11680 0.03250 0.46340 0.63579 
203	3	0.08758 0.82878 0.28812 0.04201 0.68828 0.54539 
204	3	0.85772 0.88843 0.09202 0.74234 0.92602 0.08819 
205	3	0.89778 0.66110 0.12025 0.80733 0.88008 0.10115 
206	3	0.08899 0.84638 0.08624 0.02678 0.55961 0.65040 
207	3	0.04615 0.71394 0.39961 0.01073 0.45831 0.76837 
208	3	0.06545 0.72960 0.22558 0.01760 0.56171 0.66829 
209	3	0.07379 0.78674 0.29265 0.01504 0.43385 0.77584 
210	3	0.57328 0.78792 0.11810 0.33379 0.67166 0.38750 
211	3	0.53487 0.83187 0.45420 0.29187 0.58075 0.47846 
212	3	0.04704 0.84522 0.17884 0.00649 0.35148 0.79865 
213	3	0.12782 0.88737 0.08629 0.03242 0.50592 0.62117 
214	3	0.07094 0.73616 0.39569 0.02078 0.67164 0.63388 
215	3	0.05334 0.71686 0.13382 0.01486 0.45717 0.68889 
216	3	0.01262 0.87364 0.22219 0.00345 0.26661 0.83741 
217	3	0.74520 0.85696 0.11684 0.55759 0.78769 0.26771 
218	3	0.01541 0.59415 0.56962 0.00136 0.13531 0.93083 
219	3	0.17623 0.79280 0.26690 0.06265 0.59491 0.55066 
220	3	0.01247 0.81060 0.15438 0.00445 0.38607 0.77070 
221	3	0.03202 0.56789 0.93773 0.00175 0.09190 0.96109 
222	3	0.40972 0.83483 0.06032 0.24638 0.80734 0.23942 
223	3	0.04349 0.94064 0.16060 0.00541 0.37502 0.81159 
224	3	0.07978 0.56400 0.17753 0.03582 0.62065 0.59306 
225	3	0.17384 0.92349 0.08003 0.04389 0.67085 0.56893 
226	3	0.35403 0.87975 0.16522 0.18928 0.70844 0.30200 
227	3	0.28471 0.88720 0.38586 0.08807 0.62642 0.58534 
228	3	0.03205 0.81338 0.17698 0.01047 0.47051 0.69252 
229	3	0.03428 0.80846 0.09813 0.01303 0.61809 0.66078 
230	3	0.07068 0.82136 0.21237 0.02213 0.46771 0.67664 
231	3	0.04547 0.73002 0.20037 0.01286 0.34766 0.72103 
232	3	0.06820 0.57580 0.24434 0.02373 0.58622 0.60790 
233	3	0.11129 0.68397 0.46813 0.01386 0.18862 0.87572 
234	3	0.05087 0.87273 0.12556 0.01407 0.48688 0.69575 
235	3	0.04359 0.38059 0.19319 0.01155 0.36986 0.69041 
236	3	0.10654 0.80339 0.04988 0.03650 0.69316 0.55180 
237	3	0.14751 0.79644 0.22843 0.06690 0.66520 0.54299 
238	3	0.16284 0.91570 0.25176 0.03367 0.43219 0.71784 
239	3	0.03198 0.75685 0.18639 0.00457 0.35549 0.80215 
240	3	0.03622 0.93335 0.06506 0.00819 0.43307 0.68496 
241	3	0.25489 0.93148 0.19376 0.09085 0.60409 0.47587 
242	3	0.00956 0.85653 0.13674 0.00428 0.38435 0.77989 
243	3	0.52072 0.90874 0.21910 0.32425 0.81563 0.30895 
244	3	0.23780 0.87187 0.14324 0.08653 0.61957 0.51764 
245	3	0.03997 0.93873 0.05842 0.01393 0.61392 0.65054 
246	3	0.02256 0.80419 0.21392 0.00650 0.55365 0.75938 
247	3	0.16738 0.77478 0.38529 0.03772 0.34600 0.75059 
248	3	0.03132 0.87434 0.13082 0.01083 0.60399 0.68086 
249	3	0.08626 0.78568 0.12662 0.03464 0.65453 0.58294 
250	3	0.00834 0.84699 0.15749 0.00265 0.31318 0.81815 
251	3	0.29824 0.68892 0.10589 0.13761 0.62134 0.37651 
252	3	0.15012 0.92915 0.03755 0.05261 0.84550 0.46128 
253	3	0.01635 0.64448 0.25289 0.00337 0.25637 0.83787 
254	3	0.05081 0.62830 0.10969 0.01776 0.45446 0.63867 
255	3	0.05139 0.44476 0.13441 0.01294 0.32914 0.64899 
256	3	0.05463 0.61323 0.36573 0.01285 0.42029 0.75148 
257	3	0.66193 0.89444 0.18699 0.44430 0.73662 0.31592 
258	3	0.81613 0.63969 0.11159 0.66827 0.86555 0.16277 
259	3	0.14896 0.72565 0.06574 0.05094 0.55583 0.53612 
260	3	0.02088 0.28826 0.80056 0.00294 0.19025 0.90748 
261	3	0.90568 0.33705 0.00801 0.82628 0.96240 0.03014 
262	3	0.14549 0.88218 0.06889 0.03515 0.75138 0.54807 
263	3	0.02082 0.67257 0.16071 0.00939 0.42525 0.69583 
264	3	0.05440 0.83841 0.36086 0.01568 0.44127 0.71419 
265	3	0.01412 0.73073 0.20682 0.00325 0.28862 0.82691 
266	3	0.34349 0.98102 0.17189 0.19327 0.72276 0.38411 
267	3	0.16387 0.63815 0.08713 0.05423 0.66949 0.51230 
268	3	0.65486 0.67164 0.00095 0.43509 0.78204 0.24477 
269	3	0.30882 0.90010 0.24106 0.10431 0.59414 0.57604 
270	3	0.27586 0.91766 0.20931 0.09254 0.62856 0.54983 
271	3	0.43833 0.98652 0.01551 0.20510 0.88926 0.34373 
272	3	0.33306 0.99609 0.03426 0.13043 0.81416 0.43216 
273	3	0.84678 0.92250 0.09206 0.72001 0.89262 0.13238 
274	3	0.10591 0.57370 0.07449 0.04187 0.65215 0.53477 
275	3	0.01228 0.66311 0.22417 0.00349 0.28556 0.79850 
276	3	0.10334 0.67342 0.22530 0.03106 0.59516 0.63220 
277	3	0.08609 0.63685 0.21218 0.03569 0.67713 0.58578 
278	3	0.01010 0.68828 0.21638 0.00384 0.30365 0.78048 
279	3	0.01242 0.19545 0.18470 0.00398 0.13780 0.74865 
280	3	0.10411 0.68234 0.33833 0.02934 0.39620 0.70678 
281	3	0.01681 0.88882 0.09799 0.00406 0.37081 0.77022 
282	3	0.05159 0.84358 0.06016 0.01703 0.61411 0.62439 
283	3	0.67573 0.52626 0.37503 0.45962 0.68635 0.33613 
284	3	0.05564 0.66935 0.18839 0.02304 0.57749 0.59888 
285	3	0.02501 0.60739 0.26535 0.00481 0.32588 0.81019 
286	3	0.03072 0.96338 0.03031 0.00978 0.57775 0.68485 
287	3	0.04824 0.86053 0.12806 0.01891 0.77162 0.59524 
288	3	0.05782 0.85244 0.09446 0.01892 0.56317 0.64233 
289	3	0.06994 0.45839 0.22637 0.01983 0.53187 0.68030 
290	3	0.04585 0.82119 0.06915 0.01768 0.62040 0.59348 
291	3	0.05672 0.66716 0.05224 0.02101 0.46597 0.58195 
292	3	0.03375 0.78319 0.20571 0.01687 0.70733 0.61461 
293	3	0.03573 0.66192 0.34787 0.00732 0.37871 0.79502 
294	3	0.04868 0.64620 0.08539 0.01591 0.44673 0.61743 
295	3	0.06005 0.72255 0.22922 0.01875 0.66247 0.63827 
296	3	0.02744 0.80996 0.36525 0.00896 0.47816 0.72966 
297	3	0.14265 0.94603 0.04508 0.03955 0.82049 0.50971 
298	3	0.10692 0.97910 0.02522 0.03643 0.79995 0.49083 
299	3	0.15995 0.67762 0.17181 0.07254 0.72761 0.50090 
300	4	0.05722 0.91982 0.02699 0.01989 0.61415 0.63359 
301	4	0.00514 0.44916 0.53973 0.00203 0.08567 0.88035 
302	4	0.06296 0.13563 0.17983 0.02632 0.50786 0.58238 
303	4	0.05069 0.47653 0.25168 0.01031 0.42569 0.75653 
304	4	0.11240 0.93079 0.21193 0.03570 0.49046 0.68212 
305	4	0.03166 0.87972 0.15655 0.00619 0.42524 0.75791 
306	4	0.18820 0.66234 0.72666 0.03721 0.25268 0.83262 
307	4	0.33056 0.99504 0.03162 0.11799 0.57570 0.57206 
308	4	0.04499 0.68620 0.21162 0.00858 0.40734 0.74779 
309	4	0.00090 0.27254 0.93806 0.00019 0.00433 0.98275 
310	4	0.07987 0.57496 0.56239 0.01663 0.29720 0.80680 
311	4	0.00477 0.81662 0.18670 0.00112 0.18392 0.87986 
312	4	0.00359 0.42360 0.75373 0.00028 0.03374 0.97413 
313	4	0.03295 0.60388 0.24238 0.01138 0.42564 0.72838 
314	4	0.10116 0.77882 0.10170 0.03802 0.54359 0.59792 
315	4	0.04521 0.77330 0.18787 0.01552 0.45402 0.63621 
316	4	0.03054 0.88578 0.20814 0.00761 0.47987 0.75352 
317	4	0.00165 0.89319 0.13156 0.00054 0.16881 0.89980 
318	4	0.00935 0.56320 0.29876 0.00241 0.16491 0.83962 
319	4	0.72866 0.98501 0.11226 0.53305 0.75811 0.27854 
320	4	0.02239 0.90351 0.11577 0.00560 0.25858 0.75365 
321	4	0.02507 0.71235 0.20297 0.00383 0.29320 0.82714 
322	4	0.52658 0.86743 0.28303 0.28135 0.56750 0.49389 
323	4	0.40570 0.88347 0.34647 0.16850 0.46028 0.60488 
324	4	0.08840 0.68661 0.20477 0.01859 0.41336 0.73839 
325	4	0.06410 0.60141 0.14694 0.02167 0.56924 0.64270 
326	4	0.00445 0.81686 0.20757 0.00087 0.16620 0.89772 
327	4	0.02135 0.90699 0.10000 0.00431 0.33753 0.79780 
328	4	0.56323 0.77383 0.36277 0.31933 0.52925 0.48344 
329	4	0.22569 0.69084 0.25323 0.07482 0.50142 0.59346 
330	4	0.01664 0.75330 0.15469 0.00200 0.20623 0.83830 
331	4	0.03428 0.62503 0.28198 0.00657 0.28772 0.81169 
332	4	0.01034 0.57399 0.50578 0.00274 0.21807 0.87204 
333	4	0.12925 0.64012 0.20409 0.04699 0.56551 0.53981 
334	4	0.04254 0.59770 0.18684 0.00971 0.36879 0.74524 
335	4	0.20155 0.98586 0.05712 0.04804 0.60001 0.62931 
336	4	0.03923 0.73285 0.09046 0.01725 0.52081 0.64633 
337	4	0.06160 0.67375 0.16916 0.01412 0.36342 0.72362 
338	4	0.05956 0.68739 0.36587 0.01327 0.42174 0.75566 
339	4	0.02902 0.92848 0.08549 0.00570 0.35943 0.78003 
340	4	0.30829 0.75541 0.32247 0.09971 0.42897 0.65811 
341	4	0.00000 0.60728 0.22931 0.00072 0.09627 0.88999 
342	4	0.06969 0.79336 0.21795 0.01996 0.56921 0.62038 
343	4	0.05598 0.76417 0.39625 0.01259 0.46030 0.71404 
344	4	0.00157 0.74944 0.14068 0.00147 0.19627 0.84161 
345	4	0.03776 0.55727 0.19022 0.01272 0.43301 0.66664 
346	4	0.17674 0.46892 0.11473 0.09674 0.80629 0.35683 
347	4	0.05882 0.73496 0.40846 0.01767 0.75596 0.58974 
348	4	0.00024 0.55018 0.30880 0.00051 0.05033 0.90913 
349	4	0.04173 0.55950 0.38027 0.00980 0.34164 0.81616 
350	4	0.05754 0.65141 0.24786 0.01405 0.44266 0.74964 
351	4	0.08228 0.51928 0.48653 0.00779 0.13968 0.89544 
352	4	0.12909 0.46409 0.34540 0.02639 0.39873 0.67195 
353	4	0.14877 0.78754 0.64395 0.03789 0.34450 0.74096 
354	4	0.44207 0.78699 0.06547 0.25479 0.85725 0.26532 
355	4	0.36098 0.88874 0.06002 0.13450 0.51766 0.55631 
356	4	0.04247 0.65087 0.18934 0.00738 0.27610 0.79579 
357	4	0.01262 0.37195 0.26583 0.00426 0.22161 0.77564 
358	4	0.00580 0.71421 0.33879 0.00087 0.14869 0.92132 
359	4	0.03907 0.88228 0.11628 0.00886 0.46982 0.74869 
360	4	0.04964 0.73506 0.00000 0.02236 0.48349 0.50591 
361	4	0.04769 0.87503 0.09149 0.01265 0.51204 0.70424 
362	4	0.02275 0.71541 0.14735 0.00485 0.30098 0.79686 
363	4	0.06309 0.61177 0.16520 0.02554 0.63086 0.59543 
364	4	0.00436 0.00543 0.58054 0.00129 0.06360 0.89832 
365	4	0.10456 0.71189 0.17818 0.01819 0.42797 0.67578 
366	4	0.07202 0.56702 0.42592 0.01707 0.39423 0.74534 
367	4	0.03394 0.74860 0.28735 0.01071 0.20817 0.77796 
368	4	0.13881 0.55769 0.29431 0.04095 0.63052 0.57628 
369	4	0.02174 0.67507 0.10305 0.00693 0.39683 0.71921 
370	4	0.10470 0.59961 0.80497 0.01267 0.16116 0.86343 
371	4	0.08499 0.91466 0.18252 0.01474 0.38536 0.76121 
372	4	0.00262 0.44885 0.88031 0.00000 0.00000 1.00000 
373	4	0.24745 0.75040 0.18947 0.07564 0.71770 0.52576 
374	4	0.01320 0.00000 0.88047 0.00208 0.13177 0.93624 
375	4	0.12381 0.82143 0.16883 0.02351 0.47316 0.69764 
376	4	0.17839 0.71779 0.12647 0.07262 0.73138 0.42364 
377	4	0.00808 0.67246 0.47678 0.00164 0.09206 0.90472 
378	4	0.17335 0.78840 0.00994 0.07508 0.64962 0.44135 
379	4	0.02541 0.76060 0.09596 0.01266 0.51308 0.62307 
380	4	0.06902 0.70333 0.06050 0.02089 0.52260 0.61186 
381	4	0.03990 0.79473 0.37110 0.00566 0.24332 0.85263 
382	4	0.02950 0.77450 0.18616 0.00259 0.20789 0.85144 
383	4	0.01773 0.32572 0.61565 0.00447 0.30933 0.81999 
384	4	0.05572 0.58602 0.13432 0.01559 0.48086 0.68800 
385	4	0.01210 0.78352 0.36701 0.00251 0.18878 0.86104 
386	4	0.03832 0.79831 0.09264 0.00597 0.34190 0.75947 
387	4	0.12658 0.82394 0.37936 0.01940 0.31003 0.76621 
388	4	0.03588 0.63351 0.28422 0.00576 0.23454 0.84206 
389	4	0.10823 0.83143 0.10502 0.02025 0.41146 0.72880 
390	4	0.02162 0.87361 0.11788 0.00547 0.42619 0.77049 
391	4	0.01738 0.83225 0.18852 0.00323 0.29931 0.85437 
392	4	0.08993 0.65234 0.15777 0.03393 0.69424 0.58950 
393	4	0.06579 0.71800 0.16481 0.01624 0.45679 0.68830 
394	4	0.01162 0.81656 0.07450 0.00351 0.28274 0.76993 
395	4	0.01228 0.50989 0.23650 0.00246 0.15547 0.82567 
396	4	0.02369 0.87571 0.08759 0.00881 0.33350 0.71680 
397	4	0.08936 0.88365 0.08977 0.02307 0.49909 0.66593 
398	4	0.00540 0.48453 0.38284 0.00064 0.05636 0.91196 
399	4	0.18008 0.79473 0.28796 0.04881 0.44642 0.67931 
400	5	0.81882 0.77971 0.39944 0.67221 0.78968 0.21722 
401	5	0.81660 0.77567 0.42496 0.66878 0.78377 0.21868 
402	5	0.78583 0.79875 0.40414 0.61929 0.75906 0.26049 
403	5	0.77822 0.79582 0.38659 0.60790 0.74511 0.26255 
404	5	0.81996 0.80241 0.38179 0.67406 0.78562 0.21945 
405	5	0.82271 0.82199 0.33167 0.67857 0.79141 0.21424 
406	5	0.78017 0.74245 0.41638 0.61095 0.75302 0.25134 
407	5	0.76391 0.79315 0.36693 0.58599 0.73846 0.27546 
408	5	0.77953 0.79690 0.41484 0.60986 0.75654 0.25817 
409	5	0.80829 0.81725 0.43583 0.65489 0.77286 0.22644 
410	5	0.80643 0.77116 0.41670 0.65227 0.77161 0.22887 
411	5	0.81315 0.80767 0.38689 0.66300 0.78137 0.22209 
412	5	0.79565 0.79410 0.42961 0.63502 0.76286 0.23770 
413	5	0.81977 0.81210 0.44114 0.67350 0.78483 0.20873 
414	5	0.81977 0.70120 0.50657 0.67351 0.78098 0.21180 
415	5	0.80406 0.76759 0.39961 0.64817 0.76904 0.23581 
416	5	0.80321 0.77061 0.40988 0.64678 0.77046 0.23421 
417	5	0.81777 0.77217 0.40244 0.67009 0.78357 0.22339 
418	5	0.79235 0.83615 0.36887 0.62940 0.76599 0.24473 
419	5	0.80144 0.80683 0.39070 0.64388 0.76383 0.24067 
420	5	0.80851 0.81408 0.38749 0.65580 0.78588 0.21698 
421	5	0.82037 0.75837 0.40886 0.67490 0.78216 0.21422 
422	5	0.81898 0.79408 0.35982 0.67212 0.78859 0.21935 
423	5	0.80178 0.77199 0.39678 0.64549 0.77292 0.22506 
424	5	0.53187 0.75899 0.49664 0.31656 0.68308 0.38483 
425	5	0.01020 0.40234 0.45816 0.00316 0.21687 0.84652 
426	5	0.17425 0.78838 0.32161 0.08738 0.73063 0.47111 
427	5	0.28559 0.77237 0.38608 0.15320 0.73729 0.41004 
428	5	0.44475 0.79465 0.54122 0.24235 0.66089 0.42156 
429	5	0.06471 0.73877 0.46480 0.01304 0.34755 0.77925 
430	5	0.67252 0.80153 0.53650 0.45535 0.66421 0.35750 
431	5	0.47520 0.75497 0.58865 0.24723 0.65164 0.42724 
432	5	0.14812 0.83340 0.40491 0.02457 0.38843 0.80145 
433	5	0.73320 0.77541 0.59268 0.53940 0.70911 0.30548 
434	5	0.14483 0.77006 0.43161 0.02317 0.32300 0.80222 
435	5	0.44676 0.71630 0.55132 0.24320 0.65809 0.41056 
436	5	0.53301 0.70887 0.59007 0.30336 0.68159 0.39164 
437	5	0.31127 0.67507 0.49597 0.15149 0.71258 0.44368 
438	5	0.17708 0.72272 0.33272 0.11662 0.73148 0.42920 
439	5	0.17520 0.73020 0.42327 0.10528 0.70421 0.45551 
440	5	0.17431 0.75071 0.33485 0.10471 0.68527 0.45869 
441	5	0.20102 0.74587 0.37962 0.09730 0.70518 0.46950 
442	5	0.54640 0.79549 0.39867 0.31294 0.75013 0.35788 
443	5	0.45459 0.80109 0.34538 0.25322 0.74779 0.36224 
444	5	0.37013 0.78103 0.33028 0.20984 0.74631 0.37434 
445	5	0.45066 0.87397 0.18641 0.27758 0.79106 0.31763 
446	5	0.52258 0.81893 0.40462 0.29209 0.69961 0.39735 
447	5	0.78390 0.76177 0.51165 0.61653 0.74355 0.25783 
448	5	0.56728 0.78091 0.55203 0.33510 0.68235 0.37587 
449	5	0.07471 0.75242 0.64274 0.01390 0.34055 0.76758 
450	5	0.40083 0.78389 0.45467 0.18240 0.64438 0.45789 
451	5	0.13951 0.81368 0.45793 0.02999 0.39137 0.73034 
452	5	0.49445 0.75637 0.47413 0.27269 0.69269 0.38776 
453	5	0.20298 0.85062 0.38949 0.04438 0.37368 0.71076 
454	5	0.46497 0.71100 0.35920 0.25614 0.75907 0.36034 
455	5	0.13842 0.84000 0.35420 0.03638 0.47978 0.61865 
456	5	0.15156 0.72060 0.34922 0.07015 0.67167 0.53243 
457	5	0.09254 0.76061 0.42126 0.02248 0.41426 0.67637 
458	5	0.48260 0.73528 0.35035 0.24713 0.71676 0.41835 
459	5	0.20382 0.71748 0.31947 0.10289 0.73565 0.45145 
460	5	0.06835 0.77341 0.34166 0.02158 0.46765 0.63805 
461	5	0.14889 0.70640 0.28097 0.06428 0.71202 0.50607 
462	5	0.15791 0.71522 0.31042 0.06220 0.70539 0.51668 
463	5	0.18070 0.71030 0.33273 0.08452 0.70687 0.48226 
464	5	0.15373 0.79132 0.38677 0.04807 0.53128 0.57666 
465	5	0.22835 0.72904 0.30947 0.10293 0.71514 0.46466 
466	5	0.06821 0.74240 0.34842 0.02185 0.47667 0.63171 
467	5	0.54357 0.79767 0.43445 0.30937 0.67836 0.40066 
468	5	0.34274 0.85763 0.26307 0.19451 0.76701 0.38417 
469	5	0.41754 0.87479 0.44931 0.17755 0.53362 0.57088 
470	5	0.10348 0.82391 0.56124 0.02568 0.30567 0.78714 
471	5	0.37683 0.90407 0.42427 0.15422 0.59541 0.47081 
472	5	0.45010 0.91279 0.28025 0.20895 0.65738 0.49405 
473	5	0.45047 0.92218 0.26295 0.21019 0.66783 0.48237 
474	5	0.33167 0.80848 0.33984 0.12498 0.69815 0.49739 
475	5	0.01110 0.53670 0.29793 0.00233 0.21695 0.84263 
476	5	0.02132 0.81593 0.40253 0.00257 0.28594 0.86169 
477	5	0.04468 0.70163 0.31566 0.00515 0.28955 0.84648 
478	5	0.44028 0.87804 0.32978 0.19581 0.50237 0.60387 
479	5	0.34760 0.78257 0.48190 0.12279 0.39746 0.69704 
480	5	0.21377 0.84671 0.43426 0.04841 0.37119 0.75693 
481	5	0.39221 0.84769 0.37042 0.15607 0.41423 0.63948 
482	5	0.43525 0.88528 0.44926 0.21711 0.69286 0.35575 
483	5	0.50845 0.87411 0.58087 0.27015 0.67577 0.38491 
484	5	0.48648 0.89929 0.29448 0.23981 0.58319 0.49139 
485	5	0.48602 0.90433 0.39949 0.25195 0.68074 0.40376 
486	5	0.44696 0.89191 0.50000 0.21876 0.69035 0.39618 
487	5	0.46986 0.86013 0.31407 0.22348 0.57543 0.54209 
488	5	0.42710 0.90123 0.48968 0.21750 0.70890 0.35982 
489	5	0.44665 0.91338 0.38711 0.23049 0.72665 0.32498 
490	5	0.45504 0.86780 0.54336 0.24252 0.67345 0.40328 
491	5	0.45894 0.87656 0.52585 0.23307 0.69217 0.39099 
492	5	0.49634 0.87205 0.52121 0.26641 0.67605 0.40477 
493	5	0.46512 0.84517 0.63234 0.23656 0.66509 0.39270 
494	5	0.46304 0.83364 0.63321 0.24035 0.67528 0.41570 
495	5	0.54209 0.91001 0.43928 0.30762 0.75016 0.33986 
496	5	0.11328 0.86334 0.29255 0.01458 0.25328 0.83247 
497	5	0.12384 0.77624 0.36515 0.01848 0.28914 0.78926 
498	5	0.28469 0.91462 0.17750 0.08991 0.58966 0.59965 
499	5	0.78250 0.76614 0.59544 0.61461 0.76413 0.23456 
500	6	0.46759 0.93169 0.03989 0.22679 0.72279 0.41876 
501	6	0.03217 0.91038 0.17146 0.00530 0.39829 0.80994 
502	6	0.02117 0.86053 0.17103 0.00289 0.24703 0.83950 
503	6	0.42803 0.97614 0.04489 0.30089 0.89470 0.24934 
504	6	0.44433 0.86027 0.20203 0.20393 0.57057 0.52599 
505	6	0.52260 0.80304 0.22058 0.27604 0.59180 0.49553 
506	6	0.75871 0.92352 0.06373 0.58468 0.94625 0.13006 
507	6	0.67713 1.00000 0.08599 0.46287 0.77346 0.28143 
508	6	0.58574 0.96482 0.15128 0.34641 0.67545 0.38170 
509	6	0.07721 0.94506 0.02897 0.02110 0.74216 0.58121 
510	6	0.14320 0.86452 0.21952 0.02658 0.42734 0.75257 
511	6	0.46231 0.71574 0.35180 0.21692 0.50631 0.56097 
512	6	0.70218 0.94728 0.17531 0.49531 0.76787 0.32183 
513	6	0.03951 0.88620 0.05977 0.01094 0.49672 0.69418 
514	6	0.26376 0.76731 0.34948 0.07870 0.48546 0.66543 
515	6	0.11292 0.79066 0.52843 0.02630 0.35282 0.79294 
516	6	0.10186 0.75301 0.25851 0.02942 0.47566 0.69126 
517	6	0.28598 0.89820 0.14557 0.08574 0.51611 0.64027 
518	6	0.20468 0.79863 0.48845 0.04846 0.44342 0.66975 
519	6	0.00465 0.78388 0.14877 0.00228 0.21886 0.82162 
520	6	0.62812 0.90730 0.27670 0.39655 0.68769 0.41399 
521	6	0.01675 0.78865 0.16107 0.00543 0.42790 0.76522 
522	6	0.03045 0.80960 0.14915 0.01020 0.43388 0.69420 
523	6	0.02918 0.67445 0.34850 0.00936 0.36780 0.72425 
524	6	0.01286 0.77487 0.36901 0.00226 0.33149 0.87188 
525	6	0.13760 0.89655 0.28760 0.02980 0.43558 0.74229 
526	6	0.66927 0.58511 0.36856 0.45032 0.69104 0.36981 
527	6	0.65472 0.87067 0.29758 0.43092 0.67302 0.38155 
528	6	0.10416 0.74161 0.11292 0.03246 0.54246 0.63878 
529	6	0.17114 0.87769 0.17416 0.06967 0.58279 0.58584 
530	6	0.29032 0.86680 0.27374 0.09231 0.57104 0.59165 
531	6	0.07765 0.89612 0.03946 0.01632 0.59034 0.64231 
532	6	0.05081 0.65382 0.39381 0.01220 0.40929 0.75401 
533	6	0.03991 0.77837 0.50249 0.00802 0.44832 0.79994 
534	6	0.02444 0.82519 0.16121 0.00661 0.44867 0.74798 
535	6	0.39029 0.70414 0.09230 0.15769 0.54314 0.54623 
536	6	0.00376 0.80465 0.24311 0.00095 0.18816 0.89636 
537	6	0.44530 0.64647 0.13119 0.20122 0.55310 0.53983 
538	6	0.18899 0.73651 0.05339 0.08915 0.72531 0.47342 
539	6	0.95840 0.88294 0.10354 0.91866 0.93319 0.06868 
540	6	0.05658 0.85177 0.09994 0.01546 0.38731 0.68788 
541	6	0.43237 0.84474 0.41135 0.19203 0.56651 0.55033 
542	6	0.40747 0.81580 0.45044 0.16968 0.52951 0.58818 
543	6	0.57553 0.64179 0.42773 0.33453 0.63237 0.45004 
544	6	0.54497 0.63064 0.52268 0.29965 0.58518 0.50052 
545	6	0.38069 0.45678 0.80447 0.14868 0.43923 0.63124 
546	6	0.36424 0.78391 0.66539 0.13949 0.53458 0.58694 
547	6	0.41105 0.73652 0.69767 0.17445 0.51884 0.56753 
548	6	0.59074 0.43026 0.69814 0.35253 0.61367 0.44224 
549	6	0.59424 0.61133 0.48394 0.35656 0.60664 0.43690 
550	6	0.41030 0.55757 0.55075 0.17161 0.45977 0.60707 
551	6	0.38149 0.69995 0.49227 0.14902 0.49399 0.63202 
552	6	0.42213 0.37839 0.53913 0.18149 0.47109 0.56916 
553	6	0.47163 0.83639 0.52437 0.22716 0.59987 0.50017 
554	6	0.37182 0.54390 1.00000 0.14156 0.38956 0.66256 
555	6	0.55230 0.65882 0.53032 0.30809 0.61040 0.48263 
556	6	0.43623 0.38379 0.92624 0.19473 0.48127 0.56498 
557	6	0.36879 0.53260 0.70096 0.13891 0.43610 0.66508 
558	6	0.45910 0.40865 0.65038 0.21459 0.52059 0.53201 
559	6	0.50168 0.59108 0.50062 0.25637 0.61209 0.48419 
560	6	0.42002 0.92003 0.13946 0.18096 0.55068 0.56296 
561	6	0.11170 0.87504 0.16009 0.02517 0.47723 0.67257 
562	6	0.11940 0.88506 0.13351 0.03700 0.48989 0.63092 
563	6	0.03894 0.83028 0.19492 0.00950 0.45058 0.75812 
564	6	0.08271 0.74683 0.20805 0.01639 0.43314 0.74541 
565	6	0.90246 0.99417 0.07085 0.81523 0.90602 0.10010 
566	6	0.94873 0.93877 0.09396 0.90046 0.95298 0.06463 
567	6	0.13316 0.88961 0.19855 0.03176 0.46209 0.71783 
568	6	0.13914 0.96463 0.01506 0.03263 0.64190 0.59481 
569	6	0.01798 0.84922 0.11618 0.00621 0.31703 0.73493 
570	6	0.20813 0.83671 0.23809 0.05343 0.51136 0.66234 
571	6	1.00000 0.90631 0.05751 1.00000 1.00000 0.00000 
572	6	0.14173 0.96300 0.08851 0.05242 0.71241 0.56596 
573	6	0.01869 0.79591 0.13178 0.00462 0.31654 0.77307 
574	6	0.79152 0.65568 0.27855 0.62803 0.77622 0.24413 
575	6	0.02136 0.85636 0.22808 0.00240 0.26670 0.85989 
576	6	0.47008 0.91907 0.17397 0.22886 0.64630 0.50675 
577	6	0.04562 0.69033 0.33813 0.00975 0.44122 0.76277 
578	6	0.00882 0.85584 0.29434 0.00118 0.23916 0.90142 
579	6	0.59507 0.84613 0.39446 0.35750 0.67611 0.40626 
580	6	0.45319 0.79859 0.35064 0.20812 0.54189 0.57281 
581	6	0.01001 0.90726 0.14772 0.00285 0.36235 0.82843 
582	6	0.59999 0.89565 0.16406 0.36495 0.69869 0.38762 
583	6	0.01102 0.70212 0.34706 0.00222 0.29096 0.84899 
584	6	0.03281 0.95038 0.03276 0.01609 0.77333 0.59076 
585	6	0.22345 0.89192 0.03475 0.05795 0.59279 0.59273 
586	6	0.12794 0.89963 0.18251 0.02128 0.47984 0.74663 
587	6	0.15710 0.87242 0.11576 0.03644 0.59610 0.64940 
588	6	0.06050 0.72694 0.21299 0.01105 0.42411 0.76309 
589	6	0.03396 0.96531 0.01487 0.01395 0.60587 0.62751 
590	6	0.33682 0.78513 0.59084 0.11602 0.45788 0.67986 
591	6	0.47598 0.88185 0.14587 0.22986 0.61780 0.50351 
592	6	0.57176 0.98998 0.15279 0.33550 0.83166 0.29113 
593	6	0.03477 0.80922 0.16521 0.00628 0.24357 0.80770 
594	6	0.08698 0.85678 0.26470 0.03257 0.63836 0.58731 
595	6	0.50165 0.93954 0.18810 0.25687 0.65821 0.43358 
596	6	0.74839 0.86231 0.21046 0.56165 0.78464 0.28152 
597	6	0.80596 0.90179 0.14812 0.65098 0.82465 0.23315 
598	6	0.82139 0.84225 0.16798 0.67579 0.82628 0.21983 
599	6	0.05532 0.66881 0.19828 0.01788 0.52881 0.64926 
