600	6	6
0	1	0.40449 0.82623 0.17092 0.20931 0.69984 0.53510 
1	1	0.50502 0.94960 0.09013 0.38044 0.89309 0.33600 
2	1	0.23901 0.83704 0.21950 0.13594 0.62816 0.59295 
3	1	0.11251 0.74143 0.32304 0.05813 0.41565 0.72929 
4	1	0.21955 0.83558 0.22027 0.08477 0.44236 0.69560 
5	1	0.28853 0.91343 0.19739 0.13968 0.67985 0.60286 
6	1	0.51880 0.83974 0.19574 0.30880 0.71494 0.47720 
7	1	0.12287 0.77246 0.23123 0.06038 0.43308 0.72233 
8	1	0.49978 0.89476 0.15685 0.28186 0.68017 0.50461 
9	1	0.45082 0.96391 0.13669 0.24700 0.72783 0.47813 
10	1	0.38771 0.93338 0.15191 0.19091 0.69052 0.58025 
11	1	0.69680 0.86732 0.11558 0.53787 0.91164 0.25660 
12	1	0.30792 0.91974 0.28165 0.14471 0.62604 0.63068 
13	1	0.43151 0.89214 0.12395 0.35391 0.87107 0.34815 
14	1	0.09805 0.80600 0.20717 0.03546 0.42572 0.79032 
15	1	0.43801 0.92315 0.16101 0.23617 0.70975 0.54884 
16	1	0.06777 0.81092 0.24399 0.04039 0.44037 0.77915 
17	1	0.14483 0.82496 0.20453 0.05640 0.49433 0.74450 
18	1	0.44235 0.94444 0.08441 0.22927 0.76645 0.52685 
19	1	0.54519 0.89669 0.25224 0.32106 0.71308 0.50910 
20	1	0.25387 0.84372 0.15117 0.14811 0.71780 0.56735 
21	1	0.35827 0.92621 0.15365 0.15065 0.56974 0.65448 
22	1	0.27063 0.90185 0.10296 0.24165 0.89251 0.40788 
23	1	0.32241 0.85819 0.15161 0.20524 0.75729 0.51002 
24	1	0.31146 0.88546 0.09449 0.23757 0.88134 0.42614 
25	1	0.17406 0.87086 0.30577 0.06385 0.51700 0.76759 
26	1	0.12751 0.87018 0.31564 0.04809 0.47795 0.80071 
27	1	0.24517 0.88584 0.21484 0.12434 0.60861 0.63445 
28	1	0.22227 0.88915 0.21181 0.09436 0.60551 0.67965 
29	1	0.27872 0.89441 0.27246 0.10644 0.54565 0.71244 
30	1	0.52246 0.96870 0.06108 0.39111 0.89909 0.33152 
31	1	0.22803 0.86846 0.35580 0.07975 0.46899 0.76647 
32	1	0.54254 0.91964 0.12675 0.34176 0.78071 0.41935 
33	1	0.33831 0.86023 0.27387 0.14472 0.59548 0.64829 
34	1	0.24659 0.83457 0.31126 0.09306 0.51465 0.72430 
35	1	0.39880 0.91674 0.23258 0.19386 0.67244 0.59259 
36	1	0.39484 0.96314 0.16369 0.20022 0.66853 0.53382 
37	1	0.79042 0.83288 0.06167 0.63907 0.88085 0.22197 
38	1	0.47398 0.84972 0.20361 0.25119 0.68604 0.55374 
39	1	0.25963 0.92590 0.12277 0.10876 0.62155 0.65809 
40	1	0.49201 0.91212 0.16120 0.27342 0.69643 0.52542 
41	1	0.26242 0.85352 0.15015 0.14530 0.66235 0.57871 
42	1	0.34568 0.96768 0.09950 0.20318 0.84632 0.46934 
43	1	0.36394 0.83382 0.13551 0.19418 0.69911 0.52869 
44	1	0.13815 0.87588 0.26844 0.04979 0.45716 0.79687 
45	1	0.47768 0.93753 0.10649 0.26262 0.72304 0.51512 
46	1	0.47128 0.92951 0.15572 0.25289 0.68434 0.53988 
47	1	0.34176 0.88221 0.18424 0.16711 0.61316 0.56826 
48	1	0.90751 0.94659 0.04190 0.82897 0.94709 0.13452 
49	1	0.41832 0.85533 0.15432 0.20899 0.69548 0.55299 
50	1	0.26128 0.90715 0.18671 0.11044 0.66398 0.65406 
51	1	0.49427 0.88136 0.17159 0.27326 0.67189 0.53045 
52	1	0.52551 0.83172 0.16678 0.30858 0.70025 0.47543 
53	1	0.36944 0.89443 0.09926 0.20494 0.72748 0.46817 
54	1	0.12538 0.70976 0.21409 0.07046 0.48974 0.67078 
55	1	0.39404 0.86891 0.06983 0.24760 0.83931 0.41950 
56	1	0.27776 0.91401 0.25270 0.13867 0.68872 0.60491 
57	1	0.30296 0.87820 0.26309 0.11770 0.52302 0.71211 
58	1	0.47993 0.92240 0.17866 0.25879 0.69442 0.53612 
59	1	0.29517 0.87364 0.10121 0.19867 0.81664 0.47378 
60	1	0.31985 0.79702 0.18620 0.19329 0.71670 0.52350 
61	1	0.27447 0.89715 0.17808 0.17898 0.74244 0.53343 
62	1	0.25413 0.92353 0.16418 0.10804 0.61538 0.65807 
63	1	0.42886 0.92233 0.12029 0.21793 0.69050 0.55204 
64	1	0.32732 0.87831 0.15745 0.18025 0.73990 0.54164 
65	1	0.43078 0.83215 0.17615 0.23701 0.71909 0.49795 
66	1	0.65405 0.89420 0.10177 0.45801 0.83627 0.34049 
67	1	0.37896 0.95422 0.10631 0.18264 0.63881 0.55361 
68	1	0.45052 0.92906 0.17250 0.26121 0.73166 0.50549 
69	1	0.49612 0.89847 0.14608 0.27768 0.69290 0.51136 
70	1	0.89844 0.91816 0.09503 0.81293 0.92801 0.15264 
71	1	0.85074 0.94640 0.10895 0.73234 0.89862 0.19750 
72	1	0.57197 0.80049 0.19618 0.35355 0.72083 0.45608 
73	1	0.17151 0.88440 0.27335 0.08124 0.58148 0.70457 
74	1	0.78111 0.94281 0.07916 0.62444 0.88213 0.26263 
75	1	0.21093 0.74449 0.23219 0.10074 0.55834 0.65631 
76	1	0.23652 0.88690 0.21115 0.09102 0.55291 0.70421 
77	1	0.49212 0.90654 0.15235 0.26463 0.66754 0.54522 
78	1	0.19573 0.87445 0.35864 0.06635 0.50001 0.76842 
79	1	0.24291 0.85900 0.24569 0.10999 0.52521 0.65035 
80	1	0.12783 0.75676 0.25241 0.06369 0.43798 0.72009 
81	1	0.42936 0.90064 0.20057 0.21071 0.65825 0.59754 
82	1	0.37417 0.88933 0.19603 0.16868 0.60199 0.62744 
83	1	0.20867 0.89740 0.17647 0.07612 0.51653 0.72663 
84	1	0.44909 0.86353 0.15822 0.24641 0.70971 0.51170 
85	1	0.43896 0.96143 0.13673 0.22349 0.67843 0.55828 
86	1	0.16402 0.86807 0.21431 0.08911 0.58336 0.67517 
87	1	0.21765 0.97954 0.12814 0.10403 0.65233 0.67054 
88	1	0.48656 0.90588 0.24401 0.26770 0.71099 0.55081 
89	1	0.24021 0.95273 0.06828 0.17591 0.84722 0.49709 
90	1	0.40809 0.80768 0.26077 0.19759 0.63578 0.60011 
91	1	0.27406 0.81333 0.10987 0.12233 0.65335 0.60515 
92	1	0.34280 0.86635 0.21217 0.15437 0.64702 0.60433 
93	1	0.28732 0.84613 0.17761 0.12730 0.61039 0.63388 
94	1	0.42913 0.85176 0.21404 0.21638 0.62240 0.58477 
95	1	0.14357 0.86873 0.15227 0.07246 0.57498 0.68081 
96	1	0.37945 0.88368 0.27761 0.16149 0.52345 0.69381 
97	1	0.29450 0.82141 0.30884 0.10772 0.47786 0.73233 
98	1	0.29741 0.92443 0.23694 0.12221 0.62833 0.67384 
99	1	0.76295 0.90931 0.09387 0.59702 0.86521 0.27294 
100	2	0.42350 0.88555 0.35129 0.20036 0.59326 0.66153 
101	2	0.58767 0.86964 0.11616 0.36723 0.70171 0.42267 
102	2	0.11259 0.66020 0.27242 0.04237 0.41164 0.76682 
103	2	0.70863 0.58298 0.26354 0.51702 0.72520 0.35318 
104	2	0.59379 0.75373 0.37728 0.36898 0.60001 0.50459 
105	2	0.77245 0.71172 0.27119 0.60824 0.79669 0.28330 
106	2	0.68930 0.72541 0.41232 0.48840 0.66493 0.41862 
107	2	0.21866 0.63499 0.27335 0.10480 0.57040 0.64888 
108	2	0.16449 0.79424 0.25719 0.09526 0.55757 0.61016 
109	2	0.12120 0.61867 0.35611 0.05141 0.40412 0.75211 
110	2	0.08412 0.83763 0.30834 0.02706 0.32571 0.80918 
111	2	0.19416 0.55366 0.29942 0.08497 0.50944 0.65337 
112	2	0.64629 0.54035 0.60678 0.43207 0.62934 0.46072 
113	2	0.14186 0.77084 0.24878 0.06199 0.53131 0.75957 
114	2	0.18784 0.59841 0.38791 0.07242 0.40548 0.75814 
115	2	0.30118 0.63592 0.23553 0.13476 0.60020 0.60179 
116	2	0.25300 0.92039 0.31520 0.12842 0.68474 0.67147 
117	2	0.18783 0.76447 0.39756 0.05710 0.35853 0.80420 
118	2	0.18014 0.77576 0.44717 0.06879 0.55538 0.76367 
119	2	0.10687 0.66840 0.47733 0.05178 0.50043 0.78391 
120	2	0.25047 0.79085 0.16380 0.13128 0.58107 0.56401 
121	2	0.10150 0.69676 0.51493 0.04188 0.47248 0.81531 
122	2	0.35246 0.80046 0.14455 0.19118 0.73078 0.45157 
123	2	0.06622 0.55476 0.41880 0.02559 0.25861 0.84397 
124	2	0.42655 0.80948 0.67428 0.20212 0.51709 0.65283 
125	2	0.54289 0.90363 0.27652 0.31050 0.56989 0.56012 
126	2	0.66574 0.84699 0.24162 0.45766 0.69230 0.42997 
127	2	0.09183 0.74572 0.32019 0.02640 0.30983 0.83896 
128	2	0.22843 0.67660 0.87167 0.13687 0.63290 0.60729 
129	2	0.18692 0.40816 0.64709 0.05653 0.42358 0.83014 
130	2	0.33337 0.78365 0.24595 0.14231 0.51888 0.63362 
131	2	0.47848 0.78689 0.25715 0.27310 0.67754 0.45000 
132	2	0.57386 0.72354 0.18018 0.35830 0.71647 0.42493 
133	2	0.33095 0.71822 0.02792 0.25305 0.75651 0.34851 
134	2	0.18403 0.61784 0.30798 0.06696 0.46664 0.73288 
135	2	0.33522 0.51385 0.31542 0.22666 0.67008 0.52024 
136	2	0.27978 0.68915 0.27472 0.17704 0.73022 0.55598 
137	2	0.47689 0.08857 0.48836 0.25151 0.52185 0.57598 
138	2	0.54619 0.83419 0.21985 0.32179 0.61115 0.47464 
139	2	0.18672 0.54997 0.65610 0.10575 0.51248 0.72047 
140	2	0.30017 0.91336 0.09487 0.13556 0.68214 0.54793 
141	2	0.39320 0.79775 0.57269 0.17887 0.46579 0.65176 
142	2	0.39196 0.95889 0.07151 0.22947 0.81372 0.41134 
143	2	0.13068 0.94162 0.11289 0.08181 0.70581 0.65210 
144	2	0.16588 0.73791 0.35765 0.04342 0.35809 0.84988 
145	2	0.11015 0.78047 0.56582 0.02500 0.26559 0.89069 
146	2	0.05112 0.67801 0.53090 0.02426 0.40454 0.84975 
147	2	0.09668 0.82653 0.43301 0.02268 0.28785 0.87750 
148	2	0.55187 0.84138 0.25076 0.32484 0.65261 0.51899 
149	2	0.50034 0.72412 0.20737 0.27225 0.63311 0.54175 
150	2	0.59382 0.77201 0.43877 0.36666 0.58473 0.53960 
151	2	0.26057 0.88285 0.21499 0.09672 0.50390 0.70770 
152	2	0.11967 0.65030 0.25658 0.03669 0.27525 0.79283 
153	2	0.07867 0.66002 0.30288 0.02540 0.27317 0.82360 
154	2	0.10503 0.64544 0.70903 0.02271 0.24225 0.91729 
155	2	0.41934 0.73307 0.57939 0.20636 0.56622 0.65315 
156	2	0.14082 0.64240 0.66586 0.05437 0.43841 0.83672 
157	2	0.24530 0.63021 0.61817 0.08076 0.34434 0.80840 
158	2	0.54226 0.89112 0.25516 0.34657 0.75664 0.32565 
159	2	0.36642 0.60042 0.46716 0.17006 0.51551 0.64259 
160	2	0.50277 0.76008 0.11616 0.28570 0.69595 0.45020 
161	2	0.06846 0.66450 0.34179 0.03407 0.40998 0.77149 
162	2	0.14148 0.57789 0.57699 0.03908 0.27355 0.83551 
163	2	0.39702 0.77674 0.13418 0.18863 0.59275 0.56834 
164	2	0.70987 0.81636 0.06075 0.52955 0.85994 0.26684 
165	2	0.27796 0.79763 0.30774 0.11241 0.58448 0.69558 
166	2	0.54414 0.86527 0.12211 0.32670 0.78878 0.45463 
167	2	0.39348 0.89068 0.35517 0.18376 0.60434 0.64679 
168	2	0.54053 0.82697 0.31777 0.31310 0.62953 0.54554 
169	2	0.34734 0.80187 0.30477 0.14107 0.44610 0.68916 
170	2	0.48207 0.54757 0.59644 0.24889 0.48113 0.62651 
171	2	0.13332 0.82533 0.28703 0.05064 0.42749 0.76628 
172	2	0.21569 0.62056 0.33831 0.07407 0.42983 0.74967 
173	2	0.49571 0.76125 0.65390 0.26438 0.57739 0.59574 
174	2	0.10486 0.87926 0.18942 0.04689 0.47192 0.76999 
175	2	0.58519 0.87661 0.26663 0.35894 0.66255 0.50732 
176	2	0.18113 0.77643 0.63277 0.05123 0.30643 0.87558 
177	2	0.16019 0.75883 0.56230 0.04679 0.34743 0.86355 
178	2	0.35512 0.87691 0.21760 0.17689 0.69288 0.54592 
179	2	0.57260 0.92522 0.11689 0.34574 0.66158 0.48977 
180	2	0.09969 0.64075 0.69142 0.02071 0.21937 0.91811 
181	2	0.16075 0.72191 0.24821 0.06343 0.42823 0.70838 
182	2	0.12408 0.59512 0.27977 0.05377 0.45003 0.70184 
183	2	0.19455 0.75846 0.30459 0.07005 0.51359 0.71321 
184	2	0.39289 0.82433 0.34060 0.17811 0.55405 0.64010 
185	2	0.48234 0.74367 0.61959 0.25316 0.61039 0.61220 
186	2	0.60562 0.70118 0.19903 0.38775 0.73858 0.43177 
187	2	0.65037 0.46831 0.43409 0.44216 0.67112 0.40942 
188	2	0.23332 0.86025 0.51166 0.07226 0.36790 0.80834 
189	2	0.36381 0.84461 0.55134 0.15183 0.47090 0.71382 
190	2	0.22098 0.86958 0.37268 0.08841 0.65656 0.70197 
191	2	0.53022 0.89892 0.16628 0.30957 0.67489 0.46141 
192	2	0.12069 0.94275 0.12664 0.05204 0.51400 0.75768 
193	2	0.08689 0.88218 0.17969 0.03360 0.45059 0.78970 
194	2	0.52962 0.76543 0.49087 0.29557 0.54146 0.60303 
195	2	0.57927 0.83137 0.11914 0.36495 0.74516 0.39589 
196	2	0.18743 0.79725 0.53194 0.04840 0.30963 0.85650 
197	2	0.38101 0.91698 0.20515 0.17301 0.58469 0.61007 
198	2	0.50753 0.79155 0.33628 0.27517 0.54698 0.58465 
199	2	0.51470 0.58579 0.35119 0.29207 0.58825 0.47989 
200	3	0.67879 0.64598 0.29173 0.47577 0.71343 0.38966 
201	3	0.63896 0.84439 0.27355 0.42599 0.70899 0.43601 
202	3	0.21561 0.87327 0.20845 0.07741 0.50248 0.72135 
203	3	0.51107 0.80488 0.33739 0.33876 0.77713 0.42542 
204	3	0.68117 0.92913 0.17896 0.48454 0.80200 0.34851 
205	3	0.73187 0.81877 0.27968 0.54770 0.74821 0.37415 
206	3	0.34828 0.80750 0.12115 0.17292 0.70468 0.52575 
207	3	0.36208 0.62432 0.49817 0.15740 0.55542 0.68216 
208	3	0.29784 0.71972 0.27353 0.13790 0.66044 0.59533 
209	3	0.14031 0.81943 0.32006 0.04587 0.51278 0.80108 
210	3	0.73113 0.66222 0.05465 0.56420 0.85352 0.23511 
211	3	0.48794 0.88458 0.56744 0.26198 0.58760 0.58972 
212	3	0.17539 0.79869 0.12078 0.09476 0.61619 0.60552 
213	3	0.23499 0.90497 0.10715 0.11941 0.68930 0.58928 
214	3	0.40020 0.69249 0.42013 0.28879 0.79495 0.45343 
215	3	0.33618 0.65780 0.13316 0.16646 0.62583 0.55240 
216	3	0.13444 0.83073 0.18873 0.05752 0.49925 0.71682 
217	3	0.78692 0.79627 0.09136 0.63181 0.86260 0.25048 
218	3	0.23081 0.39017 0.58690 0.08233 0.39828 0.71524 
219	3	0.13246 0.83986 0.34503 0.05923 0.51810 0.75857 
220	3	0.30685 0.79931 0.19262 0.12421 0.58524 0.65858 
221	3	0.13988 0.50099 0.96276 0.03083 0.20363 0.91310 
222	3	0.21082 0.87281 0.13543 0.11200 0.59001 0.59670 
223	3	0.21241 0.90779 0.25901 0.08223 0.56689 0.69421 
224	3	0.49641 0.50851 0.18356 0.28524 0.69314 0.46208 
225	3	0.60518 0.94390 0.03242 0.40855 0.90419 0.32722 
226	3	0.39805 0.88299 0.20801 0.21288 0.55275 0.51036 
227	3	0.45347 0.86996 0.39012 0.24223 0.69246 0.55979 
228	3	0.07224 0.74156 0.34950 0.03361 0.43406 0.78744 
229	3	0.22235 0.77249 0.10132 0.13168 0.76566 0.56060 
230	3	0.31301 0.77275 0.32306 0.16413 0.56461 0.63073 
231	3	0.08637 0.75966 0.30198 0.03642 0.34601 0.78956 
232	3	0.53572 0.57261 0.16999 0.35847 0.83759 0.35999 
233	3	0.15770 0.50121 0.50233 0.06056 0.37573 0.76523 
234	3	0.41092 0.81316 0.13629 0.22018 0.68466 0.49131 
235	3	0.51000 0.35068 0.15303 0.29835 0.68895 0.44575 
236	3	0.59193 0.77093 0.07712 0.42586 0.88636 0.27702 
237	3	0.26804 0.88729 0.22711 0.10397 0.59938 0.70815 
238	3	0.09546 0.92770 0.30873 0.03001 0.43892 0.85007 
239	3	0.17537 0.68646 0.17675 0.10061 0.61176 0.64014 
240	3	0.08378 0.90175 0.11333 0.05192 0.57842 0.67387 
241	3	0.22444 0.91922 0.16166 0.16476 0.63141 0.47924 
242	3	0.11670 0.82546 0.11369 0.06738 0.58215 0.66403 
243	3	0.30068 0.95377 0.26502 0.16643 0.74871 0.57094 
244	3	0.50785 0.88447 0.16127 0.29200 0.70553 0.46233 
245	3	0.21969 0.94113 0.06471 0.12649 0.77277 0.56339 
246	3	0.16051 0.74020 0.24159 0.09516 0.71859 0.62327 
247	3	0.07948 0.79813 0.56006 0.01659 0.30070 0.93267 
248	3	0.13730 0.86250 0.20526 0.06009 0.60857 0.74319 
249	3	0.30900 0.74378 0.17828 0.14810 0.70638 0.58119 
250	3	0.13830 0.74402 0.20837 0.05991 0.52620 0.72466 
251	3	0.27908 0.70550 0.23304 0.13671 0.43964 0.61014 
252	3	0.36149 0.86789 0.06050 0.27947 0.93933 0.35513 
253	3	0.19392 0.59288 0.19626 0.11068 0.51409 0.58703 
254	3	0.37644 0.56136 0.12516 0.26738 0.74274 0.42038 
255	3	0.36367 0.50674 0.26911 0.19565 0.55478 0.46970 
256	3	0.18454 0.55572 0.36551 0.08338 0.55290 0.69188 
257	3	0.43858 0.91827 0.36650 0.21677 0.61546 0.60261 
258	3	0.80431 0.57759 0.09473 0.66599 0.90976 0.19883 
259	3	0.20154 0.79198 0.11429 0.11000 0.56801 0.61198 
260	3	0.19105 0.27972 0.86792 0.07040 0.36311 0.79650 
261	3	1.00000 0.29380 0.00000 1.00000 1.00000 0.00000 
262	3	0.49732 0.76378 0.06698 0.37476 0.93887 0.28920 
263	3	0.47410 0.54775 0.20287 0.26066 0.71011 0.50350 
264	3	0.25543 0.83613 0.34203 0.10175 0.58370 0.67822 
265	3	0.26957 0.65139 0.16931 0.12498 0.58896 0.58642 
266	3	0.28233 0.97873 0.20464 0.17016 0.63854 0.59071 
267	3	0.44604 0.72273 0.10093 0.31219 0.77891 0.35603 
268	3	0.65066 0.43662 0.08346 0.47456 0.82774 0.22734 
269	3	0.34105 0.84937 0.20195 0.19476 0.69762 0.53289 
270	3	0.37536 0.88764 0.14678 0.27763 0.77744 0.41095 
271	3	0.41751 0.98946 0.02327 0.37171 0.97815 0.23912 
272	3	0.40600 1.00000 0.06063 0.31511 0.93094 0.30075 
273	3	0.91106 0.88759 0.15398 0.84006 0.97518 0.05692 
274	3	0.75506 0.46532 0.04747 0.60252 0.86536 0.17590 
275	3	0.22453 0.68677 0.27552 0.08018 0.44783 0.73516 
276	3	0.36481 0.70298 0.20076 0.20571 0.68933 0.52395 
277	3	0.39282 0.58582 0.21477 0.21958 0.75980 0.52951 
278	3	0.29565 0.63751 0.14133 0.18926 0.69916 0.47092 
279	3	0.19101 0.07123 0.20982 0.09334 0.26625 0.58133 
280	3	0.41245 0.70089 0.28698 0.19194 0.51688 0.62672 
281	3	0.20787 0.80893 0.13716 0.13921 0.70150 0.53597 
282	3	0.31871 0.79042 0.07546 0.22346 0.81084 0.40747 
283	3	0.50884 0.58191 0.62214 0.27542 0.53558 0.60463 
284	3	0.52424 0.61411 0.18625 0.31415 0.74631 0.42302 
285	3	0.19792 0.54951 0.28109 0.09683 0.54446 0.64328 
286	3	0.20245 0.92321 0.06167 0.11305 0.75416 0.55293 
287	3	0.32933 0.80960 0.13075 0.23329 0.87247 0.43584 
288	3	0.14420 0.85748 0.11916 0.09248 0.67742 0.60495 
289	3	0.36031 0.50094 0.19944 0.19475 0.67773 0.50786 
290	3	0.36253 0.71499 0.11381 0.21435 0.83071 0.44581 
291	3	0.20909 0.54028 0.11266 0.15939 0.65909 0.48599 
292	3	0.40432 0.76889 0.19420 0.24385 0.84897 0.45950 
293	3	0.31030 0.63991 0.43362 0.12048 0.55164 0.72687 
294	3	0.79516 0.52913 0.06778 0.65056 0.87311 0.18941 
295	3	0.30445 0.64260 0.24388 0.21703 0.79827 0.50159 
296	3	0.38187 0.80363 0.43607 0.19866 0.68013 0.59537 
297	3	0.34065 0.86939 0.04205 0.24526 0.88518 0.39119 
298	3	0.29103 0.94567 0.02848 0.18711 0.87633 0.43887 
299	3	0.44758 0.72972 0.13515 0.26190 0.77016 0.43829 
300	4	0.34970 0.66865 0.10725 0.18527 0.57188 0.50002 
301	4	0.26902 0.32297 0.62115 0.10196 0.29027 0.72636 
302	4	0.51958 0.13003 0.14863 0.32613 0.69244 0.41089 
303	4	0.19875 0.35180 0.36065 0.07099 0.38052 0.74679 
304	4	0.24268 0.93800 0.19092 0.11612 0.63377 0.65033 
305	4	0.14067 0.80164 0.19219 0.06651 0.58672 0.68108 
306	4	0.22227 0.56679 0.73598 0.06645 0.37285 0.82365 
307	4	0.16320 0.99062 0.11075 0.07687 0.64085 0.64373 
308	4	0.13242 0.66824 0.27322 0.06288 0.51664 0.73088 
309	4	0.02187 0.16525 1.00000 0.00122 0.00000 0.99152 
310	4	0.18369 0.52950 0.66012 0.04589 0.27404 0.87561 
311	4	0.09424 0.78331 0.19183 0.03738 0.40723 0.75885 
312	4	0.09503 0.43057 0.61623 0.02902 0.16123 0.83865 
313	4	0.31901 0.62484 0.28575 0.13050 0.49573 0.69225 
314	4	0.15303 0.80558 0.17595 0.09218 0.51344 0.62828 
315	4	0.16144 0.71410 0.27251 0.09202 0.35532 0.64313 
316	4	0.11369 0.85762 0.27481 0.03808 0.48655 0.81499 
317	4	0.20997 0.83960 0.14482 0.07270 0.46261 0.70856 
318	4	0.11001 0.56215 0.31026 0.06000 0.34399 0.67524 
319	4	0.68565 0.96484 0.11002 0.48439 0.73391 0.40177 
320	4	0.19922 0.80847 0.16987 0.07415 0.40834 0.68668 
321	4	0.18345 0.52208 0.16294 0.10101 0.52108 0.62472 
322	4	0.60899 0.76989 0.21258 0.38863 0.67252 0.45478 
323	4	0.50846 0.77897 0.34015 0.27577 0.54722 0.58386 
324	4	0.11857 0.75632 0.24697 0.05669 0.49498 0.68695 
325	4	0.24062 0.56072 0.18102 0.11357 0.51725 0.58535 
326	4	0.13344 0.81471 0.19300 0.05005 0.40366 0.73546 
327	4	0.35215 0.92203 0.09490 0.15684 0.60017 0.62467 
328	4	0.53415 0.65672 0.20785 0.30726 0.59126 0.48328 
329	4	0.33530 0.55897 0.17048 0.22270 0.67340 0.46745 
330	4	0.13580 0.77792 0.21755 0.08959 0.49246 0.58941 
331	4	0.29948 0.70636 0.26810 0.14218 0.58670 0.54467 
332	4	0.37535 0.50815 0.46473 0.16372 0.48984 0.66976 
333	4	0.31297 0.74521 0.20760 0.13623 0.58315 0.64108 
334	4	0.24284 0.53468 0.17356 0.13174 0.53682 0.57041 
335	4	0.13337 0.98204 0.11820 0.08623 0.71412 0.62878 
336	4	0.39777 0.65484 0.12079 0.25825 0.74080 0.45122 
337	4	0.18141 0.69432 0.24159 0.07386 0.40409 0.70683 
338	4	0.06586 0.72058 0.51762 0.02506 0.39473 0.87809 
339	4	0.37593 0.94477 0.08300 0.17361 0.62428 0.61185 
340	4	0.19614 0.73936 0.53385 0.05729 0.38823 0.81340 
341	4	0.22035 0.51528 0.26984 0.08085 0.34828 0.65913 
342	4	0.17614 0.75594 0.20708 0.09278 0.61070 0.63432 
343	4	0.17512 0.69546 0.39791 0.07097 0.50259 0.72950 
344	4	0.25882 0.65431 0.19089 0.10788 0.50606 0.61009 
345	4	0.26754 0.50704 0.26072 0.16653 0.61439 0.55763 
346	4	0.64964 0.48257 0.16247 0.44669 0.77228 0.34534 
347	4	0.16637 0.68788 0.43479 0.09383 0.68582 0.62231 
348	4	0.06298 0.41154 0.37883 0.02806 0.19237 0.79507 
349	4	0.10661 0.54383 0.37278 0.03834 0.30588 0.80392 
350	4	0.13067 0.59635 0.27017 0.05921 0.39451 0.74188 
351	4	0.07949 0.72366 0.45152 0.02320 0.25581 0.86945 
352	4	0.24896 0.49299 0.50403 0.08979 0.40964 0.75053 
353	4	0.45136 0.65525 0.77189 0.21743 0.43692 0.69631 
354	4	0.64836 0.89300 0.07802 0.44617 0.80968 0.36961 
355	4	0.24813 0.89732 0.13892 0.09326 0.51650 0.68010 
356	4	0.23342 0.65610 0.27195 0.10017 0.49238 0.58976 
357	4	0.20984 0.44533 0.19837 0.13417 0.50703 0.55510 
358	4	0.06569 0.68198 0.30257 0.02800 0.34484 0.81326 
359	4	0.12996 0.87007 0.08418 0.07201 0.62823 0.63850 
360	4	0.37016 0.57528 0.03436 0.22496 0.67818 0.36393 
361	4	0.19372 0.51330 0.29589 0.11296 0.54009 0.56484 
362	4	0.24553 0.60902 0.13946 0.12295 0.56838 0.57993 
363	4	0.27238 0.45042 0.22447 0.15938 0.57949 0.58667 
364	4	0.17781 0.04726 0.43746 0.09123 0.30970 0.64903 
365	4	0.14384 0.79967 0.27264 0.05680 0.51442 0.74880 
366	4	0.32447 0.51536 0.28902 0.14088 0.56819 0.60845 
367	4	0.04973 0.72377 0.54961 0.01102 0.15498 0.93436 
368	4	0.31356 0.60042 0.18247 0.17994 0.66996 0.50984 
369	4	0.19042 0.71891 0.09571 0.11373 0.61401 0.56070 
370	4	0.11100 0.50171 0.72844 0.03029 0.25195 0.86126 
371	4	0.20353 0.90049 0.18012 0.07660 0.58836 0.68434 
372	4	0.17492 0.42523 0.87064 0.04860 0.15428 0.84371 
373	4	0.36094 0.75665 0.25490 0.16917 0.64742 0.61235 
374	4	0.07699 0.00000 0.78111 0.02429 0.15087 0.86379 
375	4	0.28190 0.84210 0.14300 0.11870 0.63147 0.62567 
376	4	0.41452 0.66865 0.11826 0.26269 0.80040 0.39869 
377	4	0.00000 0.60285 0.74121 0.00000 0.06896 1.00000 
378	4	0.45946 0.23867 0.26327 0.27494 0.60868 0.33246 
379	4	0.20526 0.72461 0.12315 0.11522 0.53877 0.59614 
380	4	0.43318 0.21801 0.25795 0.25488 0.53406 0.38495 
381	4	0.02280 0.84687 0.32725 0.01089 0.31035 0.90323 
382	4	0.09530 0.72339 0.17608 0.04471 0.38969 0.71446 
383	4	0.23089 0.43543 0.68765 0.08334 0.42921 0.79283 
384	4	0.31857 0.38953 0.28287 0.13801 0.52214 0.63325 
385	4	0.06863 0.73597 0.36049 0.02797 0.33060 0.81562 
386	4	0.27476 0.69650 0.17019 0.11713 0.51916 0.59302 
387	4	0.13277 0.74940 0.37975 0.04984 0.39208 0.77262 
388	4	0.13444 0.61170 0.30246 0.03976 0.32708 0.79293 
389	4	0.26300 0.77152 0.11582 0.12937 0.62080 0.56498 
390	4	0.16086 0.86158 0.13813 0.06345 0.56386 0.72496 
391	4	0.15571 0.80668 0.19963 0.04835 0.46882 0.77435 
392	4	0.35222 0.54650 0.20987 0.17247 0.59817 0.56222 
393	4	0.12343 0.79652 0.22891 0.04605 0.39812 0.79200 
394	4	0.18172 0.71026 0.13424 0.10004 0.53884 0.57132 
395	4	0.08364 0.53608 0.28402 0.03370 0.25229 0.78603 
396	4	0.37574 0.78282 0.11284 0.17875 0.59177 0.54578 
397	4	0.12559 0.87239 0.13167 0.07158 0.55509 0.66595 
398	4	0.03305 0.44440 0.64664 0.00896 0.10158 0.93727 
399	4	0.13864 0.82324 0.53205 0.04176 0.42456 0.82259 
400	5	0.79191 0.70569 0.38318 0.63669 0.76771 0.31898 
401	5	0.79251 0.68280 0.37916 0.63753 0.77225 0.31819 
402	5	0.75712 0.70154 0.35541 0.58403 0.74358 0.35616 
403	5	0.76136 0.70811 0.33188 0.59017 0.74240 0.35201 
404	5	0.78971 0.72106 0.33300 0.63319 0.76669 0.32093 
405	5	0.79407 0.76976 0.28567 0.63991 0.76639 0.31536 
406	5	0.76254 0.67170 0.36752 0.59297 0.75144 0.33737 
407	5	0.75497 0.73564 0.26488 0.58106 0.74615 0.34735 
408	5	0.76502 0.69416 0.35575 0.59572 0.75162 0.34747 
409	5	0.77117 0.73911 0.42080 0.60451 0.73420 0.35678 
410	5	0.79786 0.69836 0.33064 0.64576 0.76621 0.30972 
411	5	0.78193 0.75488 0.30180 0.62125 0.75946 0.32775 
412	5	0.77136 0.71208 0.42749 0.60509 0.73530 0.35053 
413	5	0.79276 0.75175 0.39596 0.63764 0.75479 0.32595 
414	5	0.79679 0.61259 0.52832 0.64452 0.75975 0.30994 
415	5	0.78122 0.70130 0.35414 0.62054 0.75469 0.32578 
416	5	0.78755 0.72136 0.33121 0.63002 0.76215 0.32012 
417	5	0.79367 0.69589 0.37476 0.63948 0.77057 0.31521 
418	5	0.76252 0.75432 0.39004 0.59182 0.73531 0.36051 
419	5	0.76523 0.75686 0.34938 0.59595 0.73369 0.35297 
420	5	0.79782 0.74999 0.32686 0.64564 0.77609 0.31264 
421	5	0.80351 0.69535 0.35795 0.65475 0.76938 0.30361 
422	5	0.78035 0.74478 0.31744 0.61935 0.76921 0.32275 
423	5	0.79558 0.70125 0.35661 0.64261 0.77120 0.30996 
424	5	0.74055 0.67294 0.42435 0.55932 0.70209 0.38258 
425	5	0.27624 0.41074 0.53219 0.10917 0.45709 0.71578 
426	5	0.51926 0.75270 0.28917 0.34482 0.74749 0.40631 
427	5	0.81459 0.72895 0.32812 0.67243 0.79019 0.28070 
428	5	0.71103 0.74121 0.49228 0.51747 0.69063 0.41952 
429	5	0.24257 0.66264 0.49880 0.11475 0.52282 0.69451 
430	5	0.70211 0.73598 0.46214 0.50513 0.69079 0.42461 
431	5	0.72641 0.69816 0.52314 0.53893 0.68965 0.40624 
432	5	0.21032 0.73483 0.49903 0.07337 0.48408 0.78235 
433	5	0.71947 0.70963 0.48106 0.52958 0.70422 0.39852 
434	5	0.10764 0.64696 0.49900 0.03529 0.38995 0.83743 
435	5	0.75430 0.62671 0.47048 0.57964 0.71306 0.36342 
436	5	0.74607 0.60030 0.57333 0.56743 0.70502 0.38393 
437	5	0.79057 0.59993 0.42601 0.63481 0.75541 0.31227 
438	5	0.83843 0.68389 0.24176 0.71118 0.81986 0.23893 
439	5	0.81411 0.66616 0.37548 0.67146 0.78122 0.29083 
440	5	0.80284 0.72233 0.24961 0.65415 0.78544 0.28156 
441	5	0.79362 0.71791 0.34763 0.63979 0.77547 0.30325 
442	5	0.81295 0.74412 0.34003 0.66977 0.79070 0.28678 
443	5	0.80516 0.71978 0.34335 0.65723 0.78121 0.30605 
444	5	0.80481 0.73164 0.27389 0.65678 0.78447 0.29546 
445	5	0.82778 0.81317 0.13745 0.69450 0.85527 0.23984 
446	5	0.75863 0.74452 0.40472 0.58585 0.73248 0.36544 
447	5	0.76307 0.67788 0.41660 0.59267 0.72887 0.35161 
448	5	0.73183 0.69457 0.55225 0.54646 0.69082 0.40573 
449	5	0.10130 0.70837 0.83412 0.02728 0.33324 0.89387 
450	5	0.74882 0.71444 0.37817 0.57173 0.72651 0.36152 
451	5	0.11833 0.76181 0.53453 0.04179 0.40418 0.83515 
452	5	0.76688 0.67765 0.37937 0.59848 0.73982 0.34135 
453	5	0.15428 0.76740 0.48448 0.04293 0.37730 0.84373 
454	5	0.84089 0.67943 0.28159 0.71484 0.81727 0.24730 
455	5	0.23364 0.73869 0.43139 0.09730 0.45962 0.68820 
456	5	0.70557 0.68758 0.27783 0.51615 0.74936 0.35930 
457	5	0.20152 0.64867 0.50875 0.07170 0.36102 0.74590 
458	5	0.80166 0.67007 0.27103 0.65293 0.78795 0.27896 
459	5	0.82397 0.70031 0.21871 0.68819 0.81706 0.24496 
460	5	0.18705 0.64425 0.47772 0.07051 0.41313 0.73145 
461	5	0.76157 0.68737 0.17634 0.59546 0.80905 0.28275 
462	5	0.75475 0.68228 0.22401 0.58539 0.79619 0.30248 
463	5	0.79483 0.67219 0.27952 0.64283 0.79367 0.28693 
464	5	0.25736 0.69229 0.52575 0.11176 0.49032 0.68881 
465	5	0.81723 0.70366 0.21521 0.67742 0.81923 0.25347 
466	5	0.20943 0.62621 0.46430 0.08153 0.42577 0.71172 
467	5	0.73348 0.72340 0.34024 0.54973 0.72809 0.37167 
468	5	0.82504 0.80583 0.22358 0.68933 0.82633 0.25978 
469	5	0.47391 0.79702 0.55664 0.24597 0.55046 0.62782 
470	5	0.19527 0.83209 0.48995 0.08205 0.41916 0.75609 
471	5	0.31531 0.85822 0.44406 0.14267 0.56337 0.64209 
472	5	0.37249 0.84311 0.26010 0.19867 0.71118 0.55946 
473	5	0.38618 0.85470 0.24830 0.21473 0.72523 0.54149 
474	5	0.68840 0.77957 0.30529 0.49706 0.76858 0.36993 
475	5	0.10747 0.58374 0.41961 0.03202 0.29868 0.84418 
476	5	0.14899 0.82625 0.32958 0.06095 0.46776 0.76748 
477	5	0.16788 0.63683 0.34402 0.06669 0.46813 0.74653 
478	5	0.38680 0.79828 0.37049 0.17129 0.55092 0.67407 
479	5	0.38902 0.74340 0.30736 0.17158 0.51533 0.65639 
480	5	0.20709 0.76914 0.48462 0.06153 0.43150 0.81828 
481	5	0.37122 0.76333 0.34561 0.15939 0.49765 0.65354 
482	5	0.35537 0.85653 0.33020 0.22059 0.64842 0.49782 
483	5	0.42739 0.82979 0.58645 0.21972 0.60327 0.59247 
484	5	0.43086 0.85482 0.36469 0.22943 0.68820 0.48971 
485	5	0.40525 0.87466 0.32484 0.21587 0.66561 0.54866 
486	5	0.37416 0.84854 0.51468 0.18499 0.60638 0.60966 
487	5	0.44069 0.74770 0.36121 0.23379 0.64785 0.57719 
488	5	0.36289 0.85233 0.55966 0.20712 0.62197 0.57679 
489	5	0.37587 0.88550 0.33737 0.27092 0.73154 0.42337 
490	5	0.38201 0.83958 0.44672 0.22360 0.64223 0.55471 
491	5	0.38928 0.85132 0.41649 0.21610 0.65115 0.54280 
492	5	0.43339 0.83525 0.44149 0.24133 0.64248 0.54821 
493	5	0.38659 0.80659 0.64611 0.24834 0.65880 0.50168 
494	5	0.38597 0.80234 0.48124 0.19361 0.62566 0.58620 
495	5	0.45923 0.88440 0.40030 0.25504 0.69992 0.51968 
496	5	0.19296 0.81221 0.32715 0.06456 0.40843 0.76605 
497	5	0.17005 0.69495 0.35764 0.06860 0.44505 0.74187 
498	5	0.28192 0.85395 0.16725 0.15631 0.68998 0.56240 
499	5	0.78038 0.69580 0.62165 0.61836 0.73007 0.35331 
500	6	0.75341 0.82894 0.08141 0.59314 0.89055 0.20207 
501	6	0.19520 0.88059 0.14861 0.10163 0.65346 0.63145 
502	6	0.11139 0.85142 0.16265 0.06115 0.50962 0.67154 
503	6	0.27654 0.98686 0.09557 0.17946 0.78797 0.52985 
504	6	0.63891 0.81284 0.12965 0.42727 0.72964 0.39105 
505	6	0.63477 0.69772 0.13110 0.42482 0.73469 0.38156 
506	6	0.59729 0.96505 0.09753 0.38371 0.83093 0.39331 
507	6	0.61435 0.98148 0.11823 0.39835 0.75274 0.44112 
508	6	0.54923 0.94687 0.09024 0.33731 0.74888 0.42655 
509	6	0.32942 0.91143 0.01565 0.25325 0.90968 0.37148 
510	6	0.15954 0.80456 0.16340 0.07308 0.57862 0.67074 
511	6	0.58420 0.60506 0.20453 0.36404 0.67376 0.43950 
512	6	0.66634 0.90635 0.23358 0.46013 0.74954 0.43157 
513	6	0.29998 0.86367 0.09150 0.13402 0.66311 0.60931 
514	6	0.56255 0.70364 0.22977 0.34125 0.70407 0.46617 
515	6	0.08366 0.84018 0.48243 0.04407 0.43730 0.79374 
516	6	0.57052 0.73234 0.25630 0.34624 0.68842 0.46826 
517	6	0.29146 0.81653 0.11569 0.15391 0.72547 0.54420 
518	6	0.59809 0.79092 0.49791 0.37642 0.66419 0.49671 
519	6	0.21269 0.76426 0.15812 0.11534 0.53069 0.61622 
520	6	0.60021 0.84094 0.26112 0.37991 0.73632 0.46663 
521	6	0.27307 0.77057 0.11271 0.14116 0.68999 0.57690 
522	6	0.40709 0.80300 0.22198 0.19199 0.63934 0.60638 
523	6	0.50793 0.66965 0.46995 0.27876 0.62970 0.58631 
524	6	0.08230 0.72722 0.41207 0.03601 0.46606 0.81529 
525	6	0.38924 0.83786 0.33732 0.18211 0.59969 0.62731 
526	6	0.62423 0.56838 0.41544 0.40512 0.69434 0.48352 
527	6	0.74115 0.80651 0.26527 0.56066 0.73874 0.36716 
528	6	0.47051 0.72236 0.08467 0.27695 0.77130 0.41407 
529	6	0.32243 0.85490 0.15003 0.18953 0.75296 0.50309 
530	6	0.47022 0.84345 0.13331 0.26662 0.76814 0.45583 
531	6	0.32315 0.86104 0.01864 0.20364 0.84252 0.44141 
532	6	0.17654 0.65233 0.40329 0.06070 0.48157 0.77366 
533	6	0.28748 0.72946 0.54544 0.11673 0.59118 0.71422 
534	6	0.21208 0.81245 0.27506 0.07969 0.55462 0.75261 
535	6	0.54180 0.69176 0.11043 0.32339 0.70742 0.42608 
536	6	0.13271 0.76258 0.25624 0.04778 0.42337 0.73588 
537	6	0.53153 0.62865 0.13207 0.31027 0.69737 0.45384 
538	6	0.37784 0.72615 0.04001 0.31882 0.84602 0.31290 
539	6	0.86649 0.76927 0.08351 0.75898 0.91740 0.17025 
540	6	0.53775 0.86963 0.07544 0.31773 0.78506 0.44174 
541	6	0.53473 0.80441 0.44412 0.30963 0.66298 0.53906 
542	6	0.48986 0.77581 0.49869 0.26475 0.62280 0.57471 
543	6	0.61220 0.41532 0.42487 0.40563 0.75778 0.39646 
544	6	0.56144 0.42758 0.44255 0.34051 0.69269 0.47816 
545	6	0.52357 0.38770 0.61185 0.29976 0.60312 0.51965 
546	6	0.45694 0.72992 0.78084 0.23356 0.59697 0.62359 
547	6	0.54431 0.71471 0.70825 0.31454 0.60244 0.55634 
548	6	0.67116 0.20180 0.57393 0.47151 0.72060 0.37949 
549	6	0.70592 0.46471 0.35073 0.51374 0.72320 0.36221 
550	6	0.52681 0.36627 0.41731 0.30522 0.63375 0.48912 
551	6	0.44218 0.55191 0.46063 0.23232 0.62928 0.56759 
552	6	0.61564 0.30594 0.29913 0.40750 0.67740 0.37862 
553	6	0.50411 0.77322 0.66872 0.27465 0.60723 0.58996 
554	6	0.53370 0.38900 0.79694 0.30174 0.53671 0.56993 
555	6	0.61145 0.48890 0.46981 0.39572 0.72925 0.44720 
556	6	0.62417 0.26178 0.77715 0.40747 0.64500 0.45670 
557	6	0.46737 0.32237 0.64703 0.24622 0.59783 0.56470 
558	6	0.65072 0.26340 0.50971 0.44426 0.72358 0.38760 
559	6	0.69364 0.52024 0.36789 0.49961 0.76782 0.35790 
560	6	0.54427 0.88210 0.09137 0.32145 0.72502 0.44291 
561	6	0.26671 0.84973 0.17531 0.13575 0.60854 0.59992 
562	6	0.47807 0.87303 0.14937 0.25500 0.65304 0.52229 
563	6	0.24685 0.79798 0.19002 0.14163 0.67628 0.60337 
564	6	0.25079 0.69385 0.22961 0.12504 0.61566 0.62104 
565	6	0.82081 0.97014 0.08780 0.68302 0.85340 0.25036 
566	6	0.88094 0.86669 0.08955 0.78332 0.93653 0.16433 
567	6	0.24982 0.92537 0.14018 0.10387 0.62201 0.64301 
568	6	0.45281 0.96178 0.02116 0.28719 0.86250 0.39544 
569	6	0.12679 0.77639 0.19617 0.04103 0.37053 0.76480 
570	6	0.18713 0.87128 0.22119 0.08048 0.61756 0.69064 
571	6	0.93071 0.85838 0.02848 0.87088 0.98073 0.08210 
572	6	0.37137 0.93472 0.10392 0.22225 0.79621 0.50855 
573	6	0.22482 0.79351 0.12507 0.10836 0.58524 0.60322 
574	6	0.80233 0.45833 0.18286 0.65544 0.83630 0.23997 
575	6	0.10420 0.83406 0.23630 0.05107 0.48749 0.73268 
576	6	0.56203 0.90064 0.10176 0.33931 0.74926 0.45978 
577	6	0.27638 0.67840 0.23375 0.12199 0.61567 0.62849 
578	6	0.12881 0.81124 0.35984 0.03835 0.41070 0.83231 
579	6	0.69891 0.82158 0.31945 0.50227 0.73650 0.39541 
580	6	0.54308 0.66287 0.29808 0.32343 0.70327 0.45950 
581	6	0.11718 0.86936 0.20878 0.06281 0.57897 0.71885 
582	6	0.39174 0.94987 0.22890 0.17518 0.59503 0.66410 
583	6	0.15222 0.73210 0.24406 0.06478 0.53626 0.67241 
584	6	0.30847 0.90374 0.06808 0.21001 0.88405 0.45427 
585	6	0.28268 0.84471 0.05900 0.18613 0.72854 0.48376 
586	6	0.24364 0.85588 0.13334 0.14132 0.72395 0.54709 
587	6	0.36691 0.86629 0.16011 0.18018 0.70330 0.57870 
588	6	0.17585 0.76054 0.19906 0.06958 0.52844 0.72531 
589	6	0.44145 0.94103 0.03839 0.23517 0.76917 0.48961 
590	6	0.34849 0.68734 0.68354 0.14626 0.54782 0.71383 
591	6	0.46314 0.79383 0.10893 0.28708 0.76809 0.41069 
592	6	0.54970 0.97851 0.16632 0.33203 0.80623 0.45045 
593	6	0.22899 0.82397 0.12857 0.09030 0.50630 0.65249 
594	6	0.39555 0.83352 0.34760 0.26911 0.72863 0.50878 
595	6	0.66628 0.93852 0.10929 0.47780 0.82758 0.30939 
596	6	0.69711 0.78498 0.15630 0.51116 0.83634 0.32014 
597	6	0.77332 0.82926 0.10620 0.61139 0.85693 0.27484 
598	6	0.77924 0.70541 0.14894 0.62262 0.86678 0.24940 
599	6	0.43978 0.71979 0.18852 0.24707 0.69664 0.50399 
