600	6	6
0	1	0.44368 0.81109 0.23759 0.26535 0.66437 0.55121 
1	1	0.69153 0.93966 0.10271 0.52949 0.90897 0.33801 
2	1	0.16039 0.85878 0.21723 0.07125 0.60873 0.77728 
3	1	0.06677 0.73682 0.35945 0.04683 0.43962 0.82831 
4	1	0.18648 0.82614 0.31370 0.13333 0.59148 0.68032 
5	1	0.25121 0.91045 0.19746 0.19227 0.78248 0.54518 
6	1	0.42142 0.81966 0.25185 0.24538 0.67134 0.59514 
7	1	0.22988 0.74707 0.38921 0.11803 0.49358 0.72326 
8	1	0.46727 0.89127 0.21615 0.29084 0.67465 0.53684 
9	1	0.40342 0.97222 0.17176 0.26073 0.79015 0.46593 
10	1	0.33308 0.94637 0.20171 0.23151 0.75650 0.50985 
11	1	0.45916 0.87335 0.14719 0.39689 0.89143 0.33801 
12	1	0.46731 0.94403 0.25743 0.32401 0.79818 0.46846 
13	1	0.64413 0.90656 0.14615 0.48053 0.88703 0.34335 
14	1	0.19335 0.76995 0.28140 0.10532 0.57013 0.71460 
15	1	0.61422 0.94013 0.21284 0.43896 0.79860 0.40356 
16	1	0.15824 0.79704 0.33363 0.09571 0.57456 0.73777 
17	1	0.19060 0.79567 0.31301 0.09906 0.54041 0.72287 
18	1	0.38168 0.94620 0.17051 0.21376 0.75635 0.57688 
19	1	0.51560 0.87143 0.31467 0.32102 0.68106 0.54205 
20	1	0.19549 0.85167 0.21981 0.13168 0.64317 0.65768 
21	1	0.27146 0.91327 0.16601 0.12645 0.64832 0.75551 
22	1	0.31905 0.90080 0.14921 0.24174 0.84753 0.49427 
23	1	0.23421 0.80674 0.21393 0.19468 0.75795 0.54791 
24	1	0.27668 0.89733 0.13178 0.20019 0.84703 0.51423 
25	1	0.12279 0.87583 0.33683 0.10450 0.63607 0.69407 
26	1	0.18390 0.86776 0.35130 0.11158 0.59837 0.69459 
27	1	0.29723 0.88379 0.31150 0.16350 0.66253 0.61946 
28	1	0.29689 0.87941 0.25531 0.18322 0.75521 0.56441 
29	1	0.26679 0.95743 0.22481 0.14830 0.67967 0.65023 
30	1	0.85712 0.99277 0.10218 0.76890 0.95132 0.14690 
31	1	0.26847 0.90817 0.33757 0.16496 0.59388 0.63699 
32	1	0.54926 0.87694 0.17155 0.36694 0.74742 0.44366 
33	1	0.32070 0.84760 0.28933 0.16993 0.60073 0.64069 
34	1	0.20314 0.79447 0.40534 0.10024 0.52191 0.73196 
35	1	0.37580 0.92273 0.26602 0.21448 0.71570 0.58904 
36	1	0.33899 0.98132 0.17528 0.26765 0.82247 0.42100 
37	1	0.77993 0.87764 0.20918 0.64713 0.85877 0.26455 
38	1	0.36610 0.83630 0.29573 0.18993 0.66669 0.65407 
39	1	0.32759 0.91887 0.22861 0.17677 0.65668 0.64091 
40	1	0.45035 0.92127 0.23478 0.26946 0.69562 0.54836 
41	1	0.18935 0.85973 0.19425 0.14992 0.63423 0.65012 
42	1	0.30831 0.98697 0.09628 0.30349 0.92748 0.37574 
43	1	0.22653 0.81185 0.17797 0.15842 0.71486 0.58976 
44	1	0.08234 0.84462 0.31618 0.05537 0.55414 0.80471 
45	1	0.39137 0.95289 0.16868 0.25003 0.75606 0.54741 
46	1	0.43904 0.95436 0.23891 0.28621 0.70795 0.50960 
47	1	0.27984 0.80839 0.26794 0.13041 0.57991 0.73829 
48	1	0.91688 0.90579 0.08153 0.85528 0.95073 0.15105 
49	1	0.38972 0.78111 0.28570 0.23283 0.63242 0.56487 
50	1	0.25429 0.91692 0.22236 0.18336 0.76905 0.55226 
51	1	0.44713 0.86235 0.26045 0.26274 0.66122 0.58609 
52	1	0.49338 0.80598 0.23443 0.35253 0.78172 0.45774 
53	1	0.31110 0.89981 0.13427 0.17995 0.71277 0.57026 
54	1	0.34084 0.66001 0.32905 0.18701 0.53926 0.62535 
55	1	0.44354 0.87505 0.16105 0.27538 0.78426 0.52170 
56	1	0.25928 0.87764 0.37996 0.16282 0.67426 0.63289 
57	1	0.25849 0.88657 0.30434 0.18946 0.69145 0.58551 
58	1	0.44206 0.88866 0.23072 0.25661 0.75420 0.59194 
59	1	0.45992 0.84072 0.15647 0.31893 0.81249 0.42596 
60	1	0.16336 0.81624 0.20281 0.12832 0.70068 0.65601 
61	1	0.20998 0.91835 0.16379 0.21083 0.81919 0.49342 
62	1	0.18555 0.91372 0.24550 0.08737 0.57997 0.72694 
63	1	0.38683 0.88696 0.24271 0.21095 0.64440 0.63056 
64	1	0.40304 0.90562 0.22439 0.25550 0.74258 0.52158 
65	1	0.41738 0.84127 0.24865 0.23301 0.64940 0.59822 
66	1	0.65393 0.88171 0.16040 0.47631 0.80575 0.39488 
67	1	0.31948 0.96856 0.17477 0.19714 0.72368 0.55865 
68	1	0.41992 0.95019 0.17227 0.27423 0.78318 0.47013 
69	1	0.46116 0.88973 0.21389 0.27957 0.71467 0.52453 
70	1	0.90713 0.91558 0.12174 0.84112 0.93874 0.12709 
71	1	0.71811 0.93327 0.17258 0.56314 0.83936 0.30765 
72	1	0.41733 0.75786 0.28616 0.24386 0.67537 0.56004 
73	1	0.07688 0.87060 0.26999 0.08627 0.59244 0.69387 
74	1	0.62424 0.87819 0.14691 0.45625 0.81987 0.36257 
75	1	0.35249 0.77793 0.37098 0.17744 0.50335 0.66323 
76	1	0.18776 0.89822 0.29027 0.13363 0.61756 0.65247 
77	1	0.46338 0.90166 0.24771 0.27980 0.66670 0.57201 
78	1	0.19417 0.86361 0.46026 0.15390 0.57222 0.69007 
79	1	0.34869 0.82460 0.35204 0.18658 0.55666 0.62764 
80	1	0.21021 0.76686 0.35853 0.11518 0.48664 0.70843 
81	1	0.32886 0.92105 0.22866 0.18969 0.72442 0.59426 
82	1	0.31688 0.86402 0.28954 0.21448 0.71264 0.55808 
83	1	0.14568 0.90098 0.25455 0.12202 0.65068 0.66495 
84	1	0.51501 0.82995 0.22187 0.33065 0.70099 0.49113 
85	1	0.35147 0.96678 0.19350 0.20787 0.74867 0.56504 
86	1	0.10853 0.81872 0.25410 0.08874 0.59027 0.73531 
87	1	0.35704 0.98621 0.17937 0.22407 0.77230 0.57741 
88	1	0.44983 0.92062 0.26913 0.28842 0.76930 0.48028 
89	1	0.25260 0.99464 0.08925 0.21930 0.87777 0.46876 
90	1	0.30230 0.74591 0.32878 0.16653 0.65389 0.65667 
91	1	0.20455 0.85558 0.21801 0.11024 0.60847 0.67549 
92	1	0.36515 0.84844 0.27619 0.19566 0.62102 0.67949 
93	1	0.31251 0.80929 0.22897 0.19775 0.62123 0.64982 
94	1	0.39219 0.84223 0.27726 0.23114 0.63646 0.61768 
95	1	0.16280 0.89257 0.19259 0.11203 0.66768 0.65406 
96	1	0.36317 0.87810 0.31618 0.19302 0.61238 0.65237 
97	1	0.24012 0.82583 0.38368 0.10537 0.49374 0.77560 
98	1	0.27582 0.92491 0.29134 0.17619 0.67147 0.62503 
99	1	0.75578 0.91820 0.18171 0.62046 0.87967 0.25747 
100	2	0.41343 0.90728 0.33259 0.27129 0.74166 0.49610 
101	2	0.49447 0.86617 0.22799 0.31329 0.66542 0.52041 
102	2	0.08697 0.75014 0.35904 0.06020 0.41421 0.82073 
103	2	0.70789 0.58315 0.42253 0.53827 0.65354 0.43178 
104	2	0.56177 0.80104 0.44708 0.36393 0.57577 0.53332 
105	2	0.76644 0.68703 0.37609 0.62173 0.73930 0.33597 
106	2	0.66842 0.77940 0.43735 0.48825 0.63191 0.45203 
107	2	0.57042 0.54538 0.15190 0.41262 0.72173 0.36483 
108	2	0.04674 0.75868 0.37523 0.03172 0.35703 0.84262 
109	2	0.02534 0.67430 0.38217 0.01182 0.34114 0.95161 
110	2	0.20048 0.59523 0.27248 0.12705 0.47612 0.69783 
111	2	0.38954 0.43156 0.41844 0.21995 0.51616 0.59974 
112	2	0.63930 0.52007 0.73397 0.45250 0.58829 0.45782 
113	2	0.63349 0.67248 0.24154 0.46207 0.69556 0.41000 
114	2	0.77041 0.66006 0.25564 0.62684 0.72230 0.32341 
115	2	0.16878 0.59839 0.41027 0.12101 0.52089 0.66929 
116	2	0.33950 0.86199 0.20809 0.19968 0.74103 0.55309 
117	2	0.56570 0.82731 0.27831 0.37003 0.62283 0.51142 
118	2	0.13653 0.86345 0.35738 0.10163 0.66193 0.69410 
119	2	0.08976 0.76618 0.46297 0.05049 0.53296 0.78871 
120	2	0.18139 0.78581 0.31406 0.12850 0.49829 0.66035 
121	2	0.08470 0.77252 0.50017 0.05659 0.53036 0.78735 
122	2	0.49980 0.74747 0.12513 0.31375 0.70734 0.50714 
123	2	0.14335 0.48541 0.62763 0.07042 0.28538 0.78687 
124	2	0.68985 0.67607 0.32483 0.51877 0.75662 0.40090 
125	2	0.51490 0.91955 0.28862 0.33323 0.67966 0.52382 
126	2	0.64914 0.92702 0.25318 0.46831 0.70376 0.43565 
127	2	0.04397 0.70337 0.43992 0.02882 0.31916 0.89417 
128	2	0.15971 0.54861 0.75725 0.10043 0.50093 0.65386 
129	2	0.34336 0.53684 0.63875 0.17441 0.45174 0.72967 
130	2	0.32814 0.80901 0.35398 0.17422 0.48862 0.63903 
131	2	0.64101 0.68879 0.18247 0.45845 0.70728 0.41685 
132	2	0.63993 0.80559 0.31511 0.45260 0.69367 0.48410 
133	2	0.29692 0.75998 0.13200 0.22063 0.65980 0.46338 
134	2	0.15033 0.66516 0.42463 0.06051 0.39472 0.83184 
135	2	0.55211 0.68738 0.28086 0.35844 0.65447 0.54353 
136	2	0.24392 0.80236 0.33102 0.19936 0.68018 0.59064 
137	2	0.52725 0.02974 0.47708 0.37305 0.69266 0.44491 
138	2	0.51552 0.84836 0.35729 0.34488 0.63722 0.47083 
139	2	0.84501 0.27709 0.43970 0.74052 0.75042 0.20840 
140	2	0.27628 0.89829 0.16621 0.18479 0.68457 0.55936 
141	2	0.34108 0.85881 0.53611 0.30150 0.67260 0.42960 
142	2	0.33416 0.83646 0.11569 0.23088 0.73985 0.46733 
143	2	0.15406 0.94901 0.12296 0.12407 0.82645 0.61746 
144	2	0.61458 0.65426 0.30789 0.42354 0.65676 0.50690 
145	2	0.28819 0.80962 0.45525 0.15553 0.49103 0.65974 
146	2	0.36684 0.65808 0.45768 0.20541 0.65654 0.59239 
147	2	0.23701 0.83979 0.39918 0.12643 0.49286 0.69153 
148	2	0.59428 0.86156 0.35539 0.41047 0.67599 0.45658 
149	2	0.51922 0.71406 0.28543 0.34585 0.67759 0.43495 
150	2	0.57401 0.82853 0.44715 0.37877 0.60847 0.53444 
151	2	0.29225 0.89039 0.29880 0.14872 0.54580 0.68151 
152	2	0.00610 0.62931 0.36537 0.01338 0.22591 0.90555 
153	2	0.00000 0.68332 0.39669 0.00997 0.23053 0.90421 
154	2	0.28374 0.64357 0.55814 0.15034 0.43108 0.66255 
155	2	0.34215 0.80678 0.46713 0.18829 0.58563 0.62516 
156	2	0.51916 0.69383 0.54006 0.31878 0.60266 0.58962 
157	2	0.06272 0.55919 0.62768 0.03372 0.28737 0.88464 
158	2	0.53201 0.87155 0.18335 0.38383 0.76934 0.36065 
159	2	0.35891 0.62284 0.51645 0.20535 0.48820 0.64774 
160	2	0.18788 0.77153 0.18122 0.13989 0.63489 0.63034 
161	2	0.04036 0.66909 0.49914 0.03436 0.36122 0.86062 
162	2	0.11440 0.59281 0.68438 0.07839 0.37419 0.73173 
163	2	0.65121 0.71982 0.17674 0.47569 0.70745 0.40474 
164	2	0.58902 0.90508 0.12641 0.42868 0.81261 0.37072 
165	2	0.20442 0.82953 0.33610 0.15390 0.66500 0.59160 
166	2	0.59857 0.89162 0.21202 0.40848 0.75771 0.47613 
167	2	0.42309 0.92192 0.29205 0.26024 0.70471 0.55354 
168	2	0.58965 0.83239 0.35183 0.39889 0.65330 0.47506 
169	2	0.30662 0.80725 0.49401 0.16391 0.47965 0.64110 
170	2	0.47059 0.55980 0.77326 0.26434 0.39678 0.68339 
171	2	0.13864 0.88275 0.25419 0.12525 0.61480 0.65263 
172	2	0.12059 0.62004 0.45599 0.05676 0.36456 0.83757 
173	2	0.84017 0.68379 0.47617 0.73404 0.81306 0.22240 
174	2	0.10932 0.83319 0.30705 0.06281 0.44212 0.82401 
175	2	0.57146 0.92396 0.26489 0.38889 0.73625 0.45511 
176	2	0.10945 0.81331 0.44640 0.09254 0.52346 0.80859 
177	2	0.18681 0.78857 0.53384 0.08350 0.40057 0.84462 
178	2	0.54235 0.91455 0.23549 0.36140 0.76280 0.45203 
179	2	0.55924 0.93042 0.22503 0.37118 0.69044 0.46875 
180	2	0.11255 0.75262 0.53094 0.06327 0.33662 0.81264 
181	2	0.19628 0.73444 0.24469 0.17915 0.63000 0.53397 
182	2	0.03782 0.63573 0.44992 0.01671 0.32897 0.91353 
183	2	0.12125 0.82475 0.33915 0.05002 0.47335 0.79917 
184	2	0.86035 0.82956 0.10344 0.76358 0.90218 0.19930 
185	2	0.43785 0.87116 0.43009 0.26275 0.67094 0.57586 
186	2	0.31844 0.82676 0.23533 0.18192 0.66625 0.61883 
187	2	0.64072 0.51158 0.56217 0.45765 0.63483 0.43163 
188	2	0.53936 0.77144 0.44017 0.33556 0.55053 0.60396 
189	2	0.34051 0.93868 0.32501 0.32921 0.78583 0.40351 
190	2	0.23947 0.91090 0.32105 0.18284 0.78801 0.56309 
191	2	0.49727 0.89087 0.30678 0.30241 0.60785 0.56411 
192	2	0.20458 0.94822 0.20698 0.12038 0.63601 0.69954 
193	2	0.09561 0.88997 0.25971 0.06433 0.53983 0.79767 
194	2	0.49362 0.84550 0.39343 0.29037 0.54950 0.64905 
195	2	0.57505 0.81809 0.22252 0.38850 0.70855 0.46212 
196	2	0.55515 0.77644 0.35684 0.35671 0.57680 0.54100 
197	2	0.42671 0.92984 0.22500 0.23952 0.64470 0.61878 
198	2	0.46833 0.76973 0.43105 0.27668 0.54783 0.57867 
199	2	0.46076 0.72688 0.55291 0.26158 0.43100 0.62585 
200	3	0.48037 0.69242 0.46836 0.28899 0.53934 0.54289 
201	3	0.94155 0.71750 0.15454 0.89777 0.93156 0.09482 
202	3	0.44840 0.91355 0.21196 0.27178 0.69991 0.56205 
203	3	0.81452 0.85815 0.31438 0.70603 0.90174 0.20062 
204	3	0.91064 0.89834 0.14613 0.84553 0.91015 0.14220 
205	3	0.94070 0.61847 0.15904 0.89524 0.88398 0.11508 
206	3	0.49852 0.81964 0.17014 0.32151 0.74984 0.52611 
207	3	0.09210 0.67793 0.48918 0.07139 0.58309 0.77818 
208	3	0.34334 0.83683 0.32851 0.17651 0.64476 0.64893 
209	3	0.32621 0.76557 0.35161 0.16887 0.56632 0.69543 
210	3	0.83877 0.51268 0.14508 0.73169 0.80969 0.20260 
211	3	0.58623 0.83085 0.48421 0.41037 0.68076 0.44449 
212	3	0.19052 0.75674 0.23247 0.10828 0.56038 0.69769 
213	3	0.50715 0.90389 0.17541 0.31277 0.69869 0.52828 
214	3	0.48844 0.74742 0.40094 0.32088 0.79242 0.45838 
215	3	0.57770 0.70907 0.22528 0.38270 0.69859 0.53214 
216	3	0.16988 0.86010 0.27031 0.08372 0.50948 0.73530 
217	3	0.79806 0.70682 0.15964 0.66794 0.83805 0.30233 
218	3	0.30381 0.21742 0.57474 0.14119 0.38599 0.73010 
219	3	0.79738 0.69911 0.28450 0.66551 0.76239 0.30358 
220	3	0.21037 0.75461 0.28603 0.12883 0.55913 0.64218 
221	3	0.09477 0.57448 0.94780 0.05424 0.26562 0.82600 
222	3	0.98154 0.82736 0.09517 0.96664 0.94499 0.06162 
223	3	0.21189 0.87807 0.22057 0.12696 0.65608 0.65503 
224	3	0.69292 0.35573 0.23971 0.52633 0.69744 0.36966 
225	3	0.52571 0.91434 0.11327 0.36484 0.86802 0.39514 
226	3	0.92108 0.87598 0.17914 0.86533 0.93080 0.12160 
227	3	0.50978 0.88316 0.37978 0.36138 0.79787 0.43181 
228	3	0.23008 0.75802 0.28925 0.11292 0.60202 0.69092 
229	3	0.33276 0.80620 0.18555 0.18297 0.73759 0.60910 
230	3	0.52647 0.79034 0.29508 0.35556 0.68117 0.44689 
231	3	0.25237 0.81379 0.27937 0.17407 0.57963 0.61184 
232	3	0.51138 0.60694 0.32849 0.34336 0.74553 0.43601 
233	3	0.13615 0.50361 0.59616 0.05586 0.29823 0.85958 
234	3	0.50548 0.80103 0.20574 0.32521 0.66918 0.50785 
235	3	0.26824 0.25325 0.39846 0.23603 0.50515 0.48180 
236	3	0.36929 0.83362 0.07515 0.28798 0.83770 0.40239 
237	3	0.76973 0.75806 0.30146 0.62638 0.73016 0.31385 
238	3	0.49349 0.88054 0.34855 0.32945 0.73255 0.38848 
239	3	0.23191 0.61944 0.28678 0.16077 0.58113 0.67579 
240	3	0.15674 0.91569 0.18707 0.08935 0.65792 0.68405 
241	3	0.60777 0.94045 0.26023 0.45736 0.80935 0.35771 
242	3	0.26988 0.70014 0.22686 0.13830 0.63475 0.68688 
243	3	0.79588 0.92109 0.25026 0.67375 0.86276 0.23803 
244	3	0.71686 0.85612 0.24405 0.56318 0.81540 0.26018 
245	3	0.28832 0.93866 0.12635 0.19161 0.77731 0.54478 
246	3	0.15702 0.74982 0.28162 0.11263 0.66750 0.68532 
247	3	0.54026 0.71930 0.45648 0.34759 0.60718 0.49846 
248	3	0.16903 0.86813 0.22902 0.12867 0.71326 0.65850 
249	3	0.57251 0.73890 0.20665 0.39288 0.76864 0.43961 
250	3	0.03146 0.67777 0.28111 0.02960 0.51360 0.88214 
251	3	0.84510 0.72976 0.16485 0.74030 0.83121 0.22179 
252	3	0.65652 0.89925 0.07595 0.51482 0.93244 0.28157 
253	3	0.31011 0.52920 0.30250 0.16403 0.46740 0.63170 
254	3	0.25030 0.56958 0.25209 0.14471 0.53450 0.61961 
255	3	0.26376 0.65020 0.23376 0.13279 0.44873 0.64513 
256	3	0.12969 0.61734 0.38136 0.07048 0.52029 0.78413 
257	3	0.73241 0.91515 0.25801 0.58090 0.80937 0.32282 
258	3	0.86975 0.64407 0.15504 0.77918 0.89499 0.18015 
259	3	0.77790 0.68882 0.14369 0.64257 0.77905 0.26497 
260	3	0.25854 0.16518 0.92489 0.10468 0.25819 0.81059 
261	3	0.97536 0.28768 0.05829 0.95646 0.92569 0.05042 
262	3	0.66252 0.80930 0.11148 0.51965 0.89945 0.30397 
263	3	0.60411 0.51700 0.24508 0.41320 0.67676 0.46135 
264	3	0.48640 0.88747 0.39776 0.31449 0.68954 0.50697 
265	3	0.22382 0.51470 0.32108 0.11169 0.48752 0.72148 
266	3	0.46333 0.96771 0.24077 0.36892 0.80112 0.37966 
267	3	0.35104 0.40726 0.18835 0.27355 0.71352 0.45513 
268	3	0.92856 0.46434 0.05698 0.87736 0.90876 0.07600 
269	3	0.27473 0.93314 0.32368 0.22981 0.69079 0.53791 
270	3	0.32173 0.93793 0.30684 0.26350 0.71995 0.47981 
271	3	0.33025 0.98274 0.06314 0.25616 0.92178 0.38277 
272	3	0.40530 0.99180 0.07720 0.36009 0.91420 0.30787 
273	3	0.93657 0.76800 0.06607 0.89087 0.93009 0.07907 
274	3	0.61738 0.56728 0.14053 0.46720 0.79589 0.30682 
275	3	0.28870 0.63540 0.32428 0.18764 0.56025 0.61114 
276	3	0.59047 0.62399 0.31769 0.39855 0.66639 0.47317 
277	3	0.49363 0.68399 0.27349 0.32007 0.74466 0.47492 
278	3	0.40498 0.65613 0.24311 0.26293 0.67505 0.51101 
279	3	0.79218 0.00407 0.28054 0.66409 0.68111 0.23509 
280	3	0.58967 0.70399 0.43205 0.39610 0.58786 0.49494 
281	3	0.27374 0.75827 0.18370 0.14773 0.64857 0.69692 
282	3	0.55790 0.71601 0.13746 0.41777 0.82164 0.35574 
283	3	0.77886 0.53493 0.41469 0.63779 0.70978 0.33550 
284	3	0.46073 0.67894 0.23859 0.27941 0.68393 0.55400 
285	3	0.29539 0.60199 0.38145 0.13749 0.48989 0.68776 
286	3	0.17761 0.95131 0.09399 0.11339 0.72076 0.62214 
287	3	0.31757 0.86061 0.19040 0.24764 0.85870 0.47993 
288	3	0.06889 0.90205 0.19038 0.07535 0.68539 0.69114 
289	3	0.28545 0.50295 0.28180 0.18973 0.60349 0.59853 
290	3	0.36950 0.78496 0.18452 0.22320 0.74571 0.54783 
291	3	0.36072 0.61556 0.15447 0.26334 0.70593 0.51002 
292	3	0.29695 0.79418 0.28033 0.20373 0.82203 0.52349 
293	3	0.27947 0.63024 0.42815 0.13951 0.59138 0.70826 
294	3	0.43507 0.54582 0.09784 0.31905 0.71529 0.39383 
295	3	0.32351 0.68364 0.25784 0.18254 0.74611 0.61146 
296	3	0.42942 0.87463 0.36360 0.28305 0.78320 0.47382 
297	3	0.31957 0.87830 0.10970 0.26201 0.86667 0.41824 
298	3	0.50608 0.94995 0.09026 0.32761 0.86828 0.44092 
299	3	0.30327 0.73171 0.26574 0.22275 0.73588 0.50214 
300	4	0.38404 0.81427 0.03245 0.31421 0.87817 0.37665 
301	4	0.04873 0.25490 0.69710 0.01648 0.16870 0.92103 
302	4	0.48792 0.12675 0.35489 0.32409 0.55363 0.45654 
303	4	0.46437 0.47898 0.26793 0.30782 0.62250 0.49697 
304	4	0.28020 0.93618 0.29377 0.21672 0.66799 0.59482 
305	4	0.41076 0.75050 0.26687 0.23632 0.67294 0.58570 
306	4	0.16821 0.73914 0.69264 0.09679 0.41673 0.82703 
307	4	0.39823 0.94753 0.09691 0.22935 0.75422 0.54303 
308	4	0.42729 0.68182 0.28568 0.29022 0.67986 0.50618 
309	4	0.24467 0.05572 0.92865 0.09289 0.14982 0.84240 
310	4	0.53388 0.59967 0.47799 0.33083 0.53028 0.60194 
311	4	0.11781 0.75265 0.34417 0.07819 0.43086 0.73278 
312	4	0.10922 0.39750 1.00000 0.05489 0.15980 0.78090 
313	4	0.27749 0.74654 0.32707 0.21174 0.60959 0.62033 
314	4	0.73134 0.73572 0.14146 0.57619 0.78209 0.33361 
315	4	0.83488 0.70528 0.18086 0.72522 0.84175 0.24155 
316	4	0.41963 0.72265 0.26318 0.24316 0.75738 0.58055 
317	4	0.07809 0.80238 0.26019 0.04673 0.39363 0.77370 
318	4	0.34642 0.50235 0.45544 0.18359 0.39287 0.63619 
319	4	0.66878 0.98056 0.17614 0.52875 0.84724 0.28065 
320	4	0.50287 0.87978 0.17309 0.33017 0.75181 0.44707 
321	4	0.06697 0.45391 0.35688 0.03233 0.37381 0.87738 
322	4	0.59931 0.70040 0.31401 0.40366 0.59888 0.49948 
323	4	0.48067 0.75036 0.38692 0.28192 0.52146 0.59463 
324	4	0.37849 0.78744 0.26223 0.20415 0.58975 0.64640 
325	4	0.50227 0.55945 0.20195 0.34470 0.76623 0.48943 
326	4	0.11695 0.76381 0.37897 0.08434 0.39905 0.73171 
327	4	0.21464 0.73804 0.22740 0.11280 0.54447 0.70035 
328	4	0.50137 0.63433 0.46136 0.31585 0.53967 0.50951 
329	4	0.23194 0.68143 0.33223 0.17045 0.59024 0.64226 
330	4	0.17349 0.69469 0.25700 0.09129 0.42850 0.69746 
331	4	0.38725 0.83482 0.30239 0.19499 0.48506 0.69083 
332	4	0.19727 0.49733 0.58423 0.10046 0.47749 0.75823 
333	4	0.87071 0.47303 0.27580 0.77977 0.80044 0.20432 
334	4	0.20625 0.57908 0.34154 0.07605 0.41114 0.84738 
335	4	0.26765 0.95070 0.09293 0.21149 0.81208 0.46235 
336	4	0.30560 0.64186 0.22491 0.16554 0.58660 0.65666 
337	4	0.54052 0.67164 0.22703 0.34713 0.61399 0.52051 
338	4	0.65590 0.67060 0.39530 0.47565 0.68049 0.43676 
339	4	0.25027 0.76517 0.20842 0.13453 0.57730 0.67058 
340	4	0.51328 0.74709 0.32727 0.31265 0.55238 0.55352 
341	4	0.11422 0.45027 0.38234 0.07798 0.30100 0.79430 
342	4	0.36382 0.73212 0.26578 0.33344 0.82800 0.39607 
343	4	0.54640 0.78319 0.45943 0.36571 0.72575 0.46270 
344	4	0.14438 0.63427 0.27786 0.09632 0.44568 0.77000 
345	4	0.48806 0.52785 0.18249 0.33039 0.69846 0.44870 
346	4	0.82127 0.41757 0.13291 0.71004 0.90696 0.20025 
347	4	0.23122 0.79566 0.37827 0.19000 0.85503 0.50421 
348	4	0.07068 0.47188 0.51883 0.02853 0.15677 0.87343 
349	4	0.37205 0.52488 0.41820 0.19660 0.56549 0.70436 
350	4	0.48962 0.54802 0.27098 0.30396 0.68755 0.56278 
351	4	0.07801 0.41932 0.63751 0.04110 0.23616 0.85199 
352	4	0.84786 0.30601 0.35328 0.74348 0.77761 0.23064 
353	4	0.41815 0.61530 0.68734 0.22358 0.48338 0.68734 
354	4	1.00000 0.70574 0.10840 1.00000 0.94673 0.03208 
355	4	0.59528 0.75486 0.13133 0.43051 0.73610 0.37100 
356	4	0.35545 0.63187 0.26011 0.18714 0.45713 0.61568 
357	4	0.26039 0.39372 0.45543 0.12887 0.35779 0.66426 
358	4	0.03402 0.58429 0.48474 0.01807 0.28048 0.89209 
359	4	0.16907 0.77879 0.24192 0.10590 0.58800 0.72529 
360	4	0.77560 0.08715 0.03316 0.66169 0.88106 0.16147 
361	4	0.35061 0.35020 0.03277 0.26145 0.80250 0.40484 
362	4	0.13417 0.40604 0.35780 0.05924 0.31205 0.83178 
363	4	0.90839 0.39839 0.12493 0.84105 0.86007 0.16462 
364	4	0.23061 0.00000 0.76582 0.10769 0.15916 0.74041 
365	4	0.49582 0.80425 0.22935 0.32198 0.73762 0.47608 
366	4	0.42782 0.53652 0.44669 0.24513 0.55305 0.57540 
367	4	0.55015 0.73881 0.34153 0.35262 0.57789 0.54474 
368	4	0.69497 0.57690 0.35344 0.53088 0.71971 0.34397 
369	4	0.45036 0.69080 0.23152 0.27443 0.62121 0.53780 
370	4	0.22519 0.60775 0.79985 0.10596 0.36595 0.74724 
371	4	0.31110 0.95237 0.24175 0.17609 0.68493 0.67716 
372	4	0.04082 0.38562 0.94886 0.00000 0.00000 0.96421 
373	4	0.77755 0.65906 0.23224 0.64970 0.85826 0.25363 
374	4	0.19768 0.26589 0.95358 0.05845 0.22190 1.00000 
375	4	0.29904 0.79645 0.28869 0.19752 0.64205 0.56882 
376	4	0.25100 0.77748 0.19977 0.22220 0.75889 0.49076 
377	4	0.43402 0.66576 0.49216 0.23562 0.43735 0.66017 
378	4	0.95405 0.53269 0.00000 0.92757 1.00000 0.00000 
379	4	0.76205 0.73213 0.13638 0.62483 0.82707 0.26267 
380	4	0.80751 0.55841 0.00155 0.69673 0.91136 0.13588 
381	4	0.43896 0.70168 0.47788 0.23798 0.46733 0.69708 
382	4	0.15247 0.54604 0.22867 0.11891 0.51004 0.64271 
383	4	0.29991 0.01805 0.61756 0.20104 0.47806 0.59433 
384	4	0.63603 0.44530 0.08358 0.47782 0.73663 0.32571 
385	4	0.16224 0.68969 0.47350 0.07509 0.39500 0.80644 
386	4	0.47111 0.81027 0.13886 0.29268 0.68052 0.52099 
387	4	0.30755 0.82496 0.44987 0.17060 0.55947 0.64949 
388	4	0.29947 0.57628 0.38311 0.13196 0.38967 0.75938 
389	4	0.16536 0.63236 0.24560 0.12834 0.59879 0.62315 
390	4	0.24815 0.75545 0.19085 0.14288 0.68936 0.64160 
391	4	0.08492 0.80009 0.30237 0.05337 0.47864 0.83090 
392	4	0.31736 0.47414 0.13609 0.29983 0.75808 0.44997 
393	4	0.77888 0.60925 0.21794 0.63946 0.75662 0.31872 
394	4	0.12362 0.58876 0.19774 0.09303 0.48836 0.64179 
395	4	0.31799 0.38603 0.38377 0.16101 0.37479 0.65744 
396	4	0.34227 0.70283 0.18143 0.16942 0.51999 0.68238 
397	4	0.45710 0.64678 0.09346 0.28847 0.76884 0.49276 
398	4	0.11643 0.45090 0.52698 0.03780 0.20117 0.89140 
399	4	0.54630 0.85669 0.39238 0.34822 0.61092 0.54373 
400	5	0.79924 0.72309 0.41129 0.67353 0.79570 0.23526 
401	5	0.79856 0.71410 0.43099 0.67123 0.78137 0.24673 
402	5	0.76219 0.68813 0.41806 0.61539 0.73583 0.33045 
403	5	0.76498 0.72284 0.42984 0.62272 0.75441 0.27716 
404	5	0.79637 0.74690 0.41010 0.66993 0.78844 0.22267 
405	5	0.79808 0.76781 0.35512 0.67226 0.79914 0.22120 
406	5	0.76933 0.65303 0.43374 0.63068 0.76934 0.24784 
407	5	0.75832 0.71350 0.41389 0.61331 0.75017 0.28263 
408	5	0.76558 0.69566 0.42785 0.62072 0.75716 0.31345 
409	5	0.76705 0.75611 0.45658 0.62957 0.77693 0.26101 
410	5	0.79789 0.69489 0.45242 0.67114 0.78517 0.23417 
411	5	0.78636 0.74879 0.41798 0.65580 0.79645 0.22968 
412	5	0.78368 0.74460 0.42989 0.65276 0.77890 0.23081 
413	5	0.79020 0.76896 0.44738 0.66660 0.82316 0.20880 
414	5	0.80808 0.60166 0.49939 0.68629 0.78793 0.21263 
415	5	0.79611 0.67836 0.41636 0.66776 0.77322 0.25018 
416	5	0.79538 0.67532 0.43458 0.66661 0.78145 0.25522 
417	5	0.80076 0.69214 0.43075 0.67619 0.80093 0.22157 
418	5	0.76550 0.78199 0.37723 0.62629 0.79037 0.27205 
419	5	0.77293 0.73621 0.41453 0.63646 0.77991 0.25507 
420	5	0.79780 0.74883 0.41365 0.67187 0.81110 0.23999 
421	5	0.81448 0.68636 0.41594 0.69549 0.79635 0.21059 
422	5	0.79702 0.70810 0.38538 0.66985 0.80299 0.24275 
423	5	0.81393 0.68854 0.40428 0.69391 0.79186 0.23997 
424	5	0.73811 0.72527 0.49949 0.58793 0.74290 0.29498 
425	5	0.08434 0.55411 0.55221 0.05834 0.42450 0.78035 
426	5	0.82869 0.80114 0.38919 0.72539 0.86525 0.17930 
427	5	0.82852 0.77334 0.41016 0.72026 0.83449 0.20370 
428	5	0.69946 0.78319 0.53472 0.55001 0.77468 0.30182 
429	5	0.36601 0.65835 0.49580 0.19866 0.53137 0.67342 
430	5	0.69499 0.76562 0.54669 0.54184 0.74965 0.30908 
431	5	0.72122 0.72876 0.57458 0.57252 0.75291 0.28573 
432	5	0.28935 0.77120 0.49145 0.13811 0.52513 0.76035 
433	5	0.71254 0.74637 0.58528 0.56602 0.76233 0.28088 
434	5	0.04858 0.70270 0.58537 0.03462 0.38702 0.85226 
435	5	0.76202 0.66073 0.55258 0.62029 0.74474 0.26538 
436	5	0.75353 0.65000 0.56494 0.60723 0.72702 0.30024 
437	5	0.79833 0.58688 0.52260 0.66853 0.73957 0.28107 
438	5	0.86281 0.71298 0.37899 0.76889 0.83049 0.19111 
439	5	0.82610 0.71828 0.43846 0.71237 0.80820 0.23476 
440	5	0.82428 0.75413 0.38857 0.71007 0.81184 0.22980 
441	5	0.82466 0.76099 0.41745 0.71480 0.83782 0.20165 
442	5	0.82380 0.77220 0.39776 0.71369 0.84330 0.19893 
443	5	0.81199 0.74294 0.36730 0.68894 0.78307 0.28848 
444	5	0.81246 0.74752 0.37174 0.69247 0.81033 0.22419 
445	5	0.84401 0.80311 0.22233 0.73747 0.85509 0.23787 
446	5	0.75788 0.79110 0.42017 0.61957 0.79711 0.25567 
447	5	0.76489 0.69744 0.52449 0.62477 0.75443 0.27575 
448	5	0.72898 0.74196 0.52809 0.58108 0.75762 0.27913 
449	5	0.31289 0.76696 0.68808 0.18173 0.56357 0.64134 
450	5	0.74905 0.74983 0.48179 0.60599 0.76662 0.26611 
451	5	0.29541 0.82008 0.51127 0.15345 0.58932 0.69981 
452	5	0.77225 0.70767 0.50004 0.63610 0.76712 0.24215 
453	5	0.32952 0.82719 0.44414 0.19282 0.61047 0.62685 
454	5	0.85443 0.70759 0.39626 0.75602 0.83016 0.19576 
455	5	0.67748 0.83282 0.35838 0.52007 0.76019 0.33052 
456	5	0.81183 0.72660 0.40519 0.69083 0.79324 0.24669 
457	5	0.67732 0.74569 0.41554 0.51072 0.71704 0.35682 
458	5	0.84633 0.68373 0.39947 0.74308 0.82142 0.20194 
459	5	0.86245 0.71724 0.38374 0.76866 0.83493 0.18785 
460	5	0.79612 0.75579 0.33246 0.67121 0.79938 0.24005 
461	5	0.85540 0.70323 0.36080 0.75614 0.81089 0.20250 
462	5	0.85385 0.71366 0.37222 0.75415 0.81728 0.20062 
463	5	0.85497 0.70481 0.37586 0.75634 0.82381 0.19926 
464	5	0.79725 0.76034 0.37863 0.67607 0.81214 0.22553 
465	5	0.85097 0.72506 0.37350 0.75043 0.83659 0.19983 
466	5	0.84321 0.72183 0.34194 0.74028 0.82279 0.19840 
467	5	0.73933 0.77422 0.47330 0.58895 0.74121 0.32051 
468	5	0.82133 0.84027 0.29877 0.70796 0.83614 0.22654 
469	5	0.42900 0.85843 0.47230 0.26078 0.64679 0.54252 
470	5	0.31353 0.80775 0.59308 0.21616 0.55088 0.61376 
471	5	0.43765 0.87695 0.46757 0.35624 0.76214 0.40201 
472	5	0.31428 0.89338 0.36704 0.22234 0.72883 0.54675 
473	5	0.32883 0.90702 0.34610 0.24227 0.75706 0.50441 
474	5	0.81853 0.78264 0.37703 0.70632 0.85269 0.19821 
475	5	0.15958 0.54803 0.42838 0.09737 0.41447 0.71769 
476	5	0.15930 0.83940 0.45208 0.09876 0.53749 0.74524 
477	5	0.13007 0.76640 0.45493 0.06961 0.42842 0.76861 
478	5	0.33299 0.82325 0.41773 0.16803 0.55239 0.68543 
479	5	0.36981 0.73270 0.51153 0.19338 0.55829 0.68251 
480	5	0.20590 0.82850 0.47170 0.16748 0.61388 0.61376 
481	5	0.32158 0.77604 0.42102 0.14862 0.45678 0.72746 
482	5	0.42759 0.87548 0.49167 0.37957 0.78777 0.33399 
483	5	0.37056 0.86678 0.52841 0.37527 0.80370 0.32561 
484	5	0.38231 0.82387 0.39050 0.23294 0.63071 0.52929 
485	5	0.34923 0.87384 0.45647 0.27392 0.68097 0.50772 
486	5	0.36331 0.87334 0.48647 0.33679 0.76013 0.42226 
487	5	0.45102 0.79464 0.38325 0.30189 0.70614 0.46515 
488	5	0.36635 0.88785 0.44561 0.33240 0.78065 0.40794 
489	5	0.38385 0.90292 0.41585 0.35556 0.78711 0.37864 
490	5	0.32315 0.83658 0.57442 0.29598 0.69115 0.49275 
491	5	0.35602 0.85728 0.53861 0.34836 0.76455 0.36026 
492	5	0.39415 0.84649 0.53378 0.30348 0.68119 0.50693 
493	5	0.36695 0.82909 0.61912 0.35414 0.75154 0.35026 
494	5	0.33228 0.79640 0.65067 0.26251 0.65545 0.55730 
495	5	0.41160 0.91170 0.41066 0.38995 0.83324 0.32749 
496	5	0.05631 0.81977 0.35734 0.05711 0.44056 0.76462 
497	5	0.17511 0.68215 0.47794 0.10707 0.50800 0.69331 
498	5	0.25221 0.84876 0.21776 0.16092 0.67131 0.62097 
499	5	0.77723 0.71562 0.55215 0.64634 0.78642 0.26660 
500	6	0.84718 0.74230 0.09421 0.75265 0.89417 0.15276 
501	6	0.23712 0.90636 0.26766 0.12496 0.60770 0.67229 
502	6	0.07125 0.87161 0.27508 0.06304 0.50803 0.76786 
503	6	0.88858 0.96193 0.08546 0.81218 0.96278 0.13596 
504	6	0.69463 0.80170 0.27734 0.53406 0.76668 0.30112 
505	6	0.68283 0.66956 0.31276 0.51882 0.73246 0.32837 
506	6	0.99952 0.90314 0.08834 0.99999 0.99687 0.01566 
507	6	0.59050 0.99595 0.16381 0.45675 0.86669 0.29642 
508	6	0.51860 0.94628 0.24887 0.35524 0.75748 0.40157 
509	6	0.51015 0.90815 0.08154 0.36806 0.89117 0.36907 
510	6	0.21069 0.79865 0.30071 0.14304 0.60255 0.64067 
511	6	0.64023 0.56720 0.40893 0.46216 0.66539 0.39507 
512	6	0.68976 0.92233 0.22859 0.53731 0.85739 0.26773 
513	6	0.21824 0.88757 0.15788 0.17358 0.71276 0.59071 
514	6	0.63511 0.70200 0.38854 0.45238 0.69686 0.44126 
515	6	0.33867 0.73227 0.56825 0.17053 0.47609 0.67844 
516	6	0.18345 0.80165 0.35029 0.11270 0.54276 0.68420 
517	6	0.25012 0.79681 0.25678 0.22958 0.73102 0.47564 
518	6	0.64823 0.76536 0.46647 0.47680 0.75317 0.41727 
519	6	0.14261 0.76544 0.27654 0.06254 0.39073 0.75191 
520	6	0.58143 0.87030 0.31827 0.40225 0.76426 0.42326 
521	6	0.11455 0.65356 0.29123 0.08147 0.61183 0.74802 
522	6	0.27878 0.82629 0.23818 0.16297 0.63133 0.56906 
523	6	0.35484 0.73841 0.37492 0.24988 0.67603 0.50597 
524	6	0.06728 0.74419 0.46084 0.07446 0.52698 0.74068 
525	6	0.39131 0.86144 0.36248 0.23744 0.66113 0.55132 
526	6	0.74499 0.75254 0.41721 0.59164 0.75385 0.34275 
527	6	0.75628 0.79958 0.30376 0.60677 0.74662 0.34229 
528	6	0.27479 0.67997 0.18541 0.16413 0.63087 0.58379 
529	6	0.31444 0.83243 0.29921 0.18840 0.63648 0.61026 
530	6	0.50198 0.89116 0.32587 0.34488 0.78997 0.41329 
531	6	0.28539 0.87726 0.11510 0.20969 0.77200 0.55694 
532	6	0.22709 0.71185 0.46757 0.11275 0.64009 0.71529 
533	6	0.32748 0.78858 0.52072 0.20690 0.69167 0.55292 
534	6	0.23124 0.83880 0.24189 0.16598 0.71545 0.60468 
535	6	0.48762 0.62980 0.22864 0.29198 0.59901 0.53582 
536	6	0.08175 0.72388 0.37925 0.04607 0.39768 0.83310 
537	6	0.46681 0.57570 0.27731 0.27304 0.57866 0.55898 
538	6	0.64208 0.66167 0.13528 0.48806 0.79054 0.31860 
539	6	0.88118 0.76528 0.15370 0.79842 0.89065 0.16858 
540	6	0.46176 0.90937 0.18651 0.27309 0.70223 0.56968 
541	6	0.57828 0.80496 0.38583 0.39595 0.71707 0.45516 
542	6	0.53095 0.75404 0.48553 0.35510 0.69539 0.42509 
543	6	0.74161 0.17756 0.38009 0.58961 0.73098 0.33198 
544	6	0.63280 0.41663 0.53898 0.44959 0.66291 0.44016 
545	6	0.59552 0.32041 0.79339 0.40988 0.59001 0.40869 
546	6	0.52292 0.74490 0.60936 0.35167 0.70897 0.46502 
547	6	0.57365 0.68431 0.63554 0.39763 0.70065 0.39290 
548	6	0.78606 0.00696 0.62407 0.64885 0.67766 0.31158 
549	6	0.76820 0.42445 0.45970 0.62417 0.71560 0.31897 
550	6	0.55820 0.35201 0.58203 0.36511 0.61472 0.48502 
551	6	0.50115 0.62062 0.50752 0.30943 0.66469 0.54727 
552	6	0.74091 0.20244 0.52802 0.59217 0.68309 0.28066 
553	6	0.52540 0.78400 0.53097 0.35937 0.75623 0.43392 
554	6	0.55062 0.29457 0.91186 0.35099 0.52674 0.53279 
555	6	0.69247 0.51116 0.53304 0.52225 0.72314 0.38560 
556	6	0.67953 0.27662 0.84094 0.50902 0.64762 0.33262 
557	6	0.53055 0.33119 0.71266 0.33230 0.56352 0.55005 
558	6	0.71619 0.27650 0.61793 0.55985 0.71907 0.30065 
559	6	0.71676 0.48009 0.50330 0.56298 0.75992 0.31056 
560	6	0.54973 0.84313 0.21485 0.35960 0.69981 0.50954 
561	6	0.47318 0.82660 0.26062 0.30462 0.72721 0.47487 
562	6	0.53027 0.85089 0.22346 0.38077 0.75888 0.40140 
563	6	0.11171 0.77202 0.31763 0.08251 0.57616 0.70792 
564	6	0.46947 0.60147 0.31740 0.27644 0.60823 0.57763 
565	6	0.81823 0.99984 0.11084 0.72152 0.93977 0.15303 
566	6	0.91566 0.92990 0.12186 0.85601 0.95016 0.11988 
567	6	0.26552 0.84439 0.33735 0.16240 0.63182 0.59568 
568	6	0.36476 0.98399 0.07506 0.25072 0.84516 0.45909 
569	6	0.29949 0.74082 0.18539 0.18121 0.64755 0.57225 
570	6	0.51921 0.80063 0.34074 0.34067 0.70747 0.45348 
571	6	0.94954 0.83097 0.08997 0.91300 0.96365 0.06241 
572	6	0.59208 0.95762 0.14430 0.40368 0.78742 0.44614 
573	6	0.28839 0.73593 0.27223 0.18106 0.61074 0.59405 
574	6	0.83934 0.39865 0.30675 0.73156 0.80649 0.22315 
575	6	0.10749 0.82806 0.31384 0.07591 0.51449 0.73571 
576	6	0.55457 0.88024 0.24793 0.37826 0.77766 0.41759 
577	6	0.21253 0.66184 0.45710 0.14635 0.60658 0.61628 
578	6	0.17185 0.78833 0.42022 0.07289 0.51272 0.80757 
579	6	0.71778 0.82025 0.41186 0.57501 0.82112 0.25910 
580	6	0.60646 0.56943 0.36764 0.41472 0.65328 0.48465 
581	6	0.22073 0.84752 0.25515 0.12129 0.63350 0.65686 
582	6	0.75305 0.91783 0.20903 0.60394 0.81447 0.34801 
583	6	0.14738 0.81899 0.41763 0.09290 0.58145 0.72394 
584	6	0.27255 0.95108 0.09861 0.16987 0.85711 0.56808 
585	6	0.29773 0.91189 0.10748 0.20236 0.79202 0.56095 
586	6	0.29906 0.85895 0.29302 0.16538 0.66262 0.60913 
587	6	0.44149 0.87042 0.19588 0.31551 0.83169 0.38517 
588	6	0.22118 0.69829 0.31746 0.10909 0.58960 0.70980 
589	6	0.22800 0.96607 0.08847 0.20413 0.83349 0.46845 
590	6	0.34184 0.74998 0.60590 0.21874 0.66096 0.52555 
591	6	0.48996 0.72185 0.23520 0.31776 0.65278 0.48824 
592	6	0.51031 1.00000 0.18425 0.49764 0.95685 0.20616 
593	6	0.32521 0.86902 0.23968 0.18513 0.60118 0.59302 
594	6	0.70378 0.87634 0.30260 0.54972 0.82156 0.32389 
595	6	0.68607 0.95272 0.20375 0.55260 0.87778 0.22747 
596	6	0.74585 0.81617 0.27165 0.60131 0.83358 0.26838 
597	6	0.79039 0.83724 0.20566 0.65766 0.82640 0.28709 
598	6	0.81671 0.67745 0.22204 0.69743 0.81926 0.24471 
599	6	0.73781 0.54121 0.27373 0.58992 0.77970 0.27314 
