600	6	6
0	1	0.15754 0.91807 0.12676 0.03647 0.54462 0.64905 
1	1	0.06099 0.96687 0.06085 0.02653 0.79304 0.53148 
2	1	0.24206 0.94563 0.11091 0.06575 0.55531 0.59482 
3	1	0.13039 0.87317 0.19840 0.01952 0.31896 0.77500 
4	1	0.21864 0.92755 0.17607 0.05144 0.40653 0.68817 
5	1	0.25188 0.96087 0.13752 0.07878 0.67226 0.54639 
6	1	0.24298 0.91549 0.15307 0.06924 0.61779 0.61120 
7	1	0.11078 0.86408 0.24174 0.01514 0.29629 0.77627 
8	1	0.24324 0.95707 0.14258 0.06776 0.56403 0.62076 
9	1	0.13614 0.98747 0.10067 0.03855 0.62586 0.57516 
10	1	0.09358 0.98019 0.10603 0.02720 0.57655 0.63756 
11	1	0.11423 0.90874 0.09373 0.04778 0.85403 0.45873 
12	1	0.22752 0.94575 0.19765 0.06060 0.62012 0.58941 
13	1	0.09870 0.92821 0.09572 0.03204 0.77915 0.51132 
14	1	0.01978 0.84336 0.16955 0.00576 0.35084 0.76634 
15	1	0.20342 0.95338 0.13893 0.06684 0.67641 0.57377 
16	1	0.06410 0.88003 0.18959 0.00802 0.38105 0.76501 
17	1	0.07827 0.88331 0.18302 0.00943 0.34372 0.78555 
18	1	0.20627 0.97565 0.08142 0.05693 0.69566 0.58503 
19	1	0.29482 0.93286 0.23078 0.09373 0.59084 0.59704 
20	1	0.25575 0.93763 0.12279 0.06901 0.49932 0.66220 
21	1	0.25422 0.98367 0.07472 0.06822 0.53480 0.65566 
22	1	0.24398 0.95177 0.08210 0.07093 0.82824 0.50496 
23	1	0.25062 0.94478 0.10905 0.07336 0.60920 0.57356 
24	1	0.10169 0.93399 0.07611 0.02555 0.76182 0.56959 
25	1	0.18245 0.92020 0.25704 0.03751 0.47348 0.71893 
26	1	0.11606 0.90672 0.26933 0.01786 0.42383 0.75902 
27	1	0.11488 0.92545 0.20148 0.02265 0.53186 0.66287 
28	1	0.11658 0.93127 0.16994 0.02216 0.53492 0.65052 
29	1	0.23643 0.96531 0.15737 0.06028 0.52479 0.65260 
30	1	0.11405 0.98444 0.04584 0.06161 0.90512 0.41057 
31	1	0.25201 0.94462 0.21425 0.06636 0.43071 0.69619 
32	1	0.24980 0.96565 0.10380 0.07247 0.59928 0.57767 
33	1	0.24829 0.93170 0.18993 0.06633 0.48543 0.69180 
34	1	0.26957 0.90792 0.27269 0.07610 0.46323 0.68177 
35	1	0.28749 0.95213 0.20462 0.08867 0.61773 0.57967 
36	1	0.20037 0.99529 0.09756 0.06105 0.64436 0.51120 
37	1	0.60464 0.87604 0.15047 0.38349 0.76994 0.28542 
38	1	0.24356 0.92176 0.18794 0.06632 0.57643 0.64887 
39	1	0.17837 0.96296 0.10810 0.04368 0.54829 0.66660 
40	1	0.24245 0.96675 0.14156 0.08636 0.62783 0.56272 
41	1	0.20449 0.93023 0.11083 0.04568 0.42327 0.69265 
42	1	0.11946 0.98211 0.05076 0.03025 0.74880 0.52206 
43	1	0.17043 0.93588 0.08831 0.06110 0.62449 0.56545 
44	1	0.11578 0.93747 0.17426 0.02080 0.48130 0.72779 
45	1	0.25108 0.98050 0.09739 0.07296 0.58136 0.61394 
46	1	0.27405 0.97269 0.15225 0.09746 0.60262 0.56115 
47	1	0.23999 0.93169 0.18769 0.06702 0.50124 0.61320 
48	1	0.20462 0.96422 0.05421 0.12164 0.93907 0.31611 
49	1	0.26455 0.91906 0.17946 0.07702 0.55157 0.64019 
50	1	0.26501 0.95836 0.14597 0.07482 0.61046 0.60497 
51	1	0.26801 0.93185 0.18481 0.07753 0.53278 0.64650 
52	1	0.36240 0.91006 0.19493 0.14910 0.61643 0.52695 
53	1	0.09807 0.95057 0.06546 0.02067 0.54474 0.62354 
54	1	0.16693 0.83948 0.18958 0.03105 0.34290 0.71887 
55	1	0.08042 0.90992 0.06490 0.03508 0.72247 0.53229 
56	1	0.25918 0.92652 0.26328 0.07423 0.58434 0.61155 
57	1	0.25158 0.94326 0.20902 0.06648 0.46215 0.68960 
58	1	0.29679 0.95476 0.17769 0.10023 0.64574 0.56019 
59	1	0.08390 0.90868 0.07685 0.03803 0.75913 0.49008 
60	1	0.26022 0.92292 0.11683 0.08088 0.63170 0.57484 
61	1	0.25787 0.96133 0.12172 0.07969 0.68124 0.52573 
62	1	0.27085 0.96338 0.13674 0.07727 0.49927 0.65661 
63	1	0.26827 0.96050 0.13022 0.07834 0.55284 0.63196 
64	1	0.22014 0.95153 0.13381 0.05338 0.56859 0.63543 
65	1	0.10287 0.88108 0.17159 0.02367 0.54218 0.68409 
66	1	0.22708 0.93816 0.08337 0.07708 0.74798 0.51205 
67	1	0.26943 0.99519 0.07472 0.07702 0.55834 0.59612 
68	1	0.13520 0.97710 0.10050 0.03194 0.55804 0.64206 
69	1	0.13071 0.94694 0.12286 0.03570 0.58089 0.62880 
70	1	0.30648 0.94882 0.07989 0.19503 0.88031 0.26889 
71	1	0.16136 0.96291 0.09823 0.08978 0.81523 0.37707 
72	1	0.21587 0.87910 0.18346 0.06681 0.64339 0.58318 
73	1	0.14900 0.94924 0.14684 0.03214 0.53732 0.65551 
74	1	0.24568 0.95469 0.07752 0.12681 0.79218 0.33985 
75	1	0.17230 0.82640 0.26529 0.03161 0.31490 0.78419 
76	1	0.24563 0.94609 0.17363 0.06321 0.43270 0.71124 
77	1	0.32880 0.95402 0.15826 0.13092 0.59493 0.55564 
78	1	0.20722 0.89631 0.34706 0.05808 0.46402 0.68107 
79	1	0.24212 0.87552 0.26497 0.06152 0.38488 0.71426 
80	1	0.16685 0.86988 0.24473 0.03097 0.33134 0.73960 
81	1	0.28735 0.95264 0.16963 0.08607 0.55773 0.63307 
82	1	0.27607 0.94210 0.17619 0.08108 0.52373 0.64486 
83	1	0.04337 0.93131 0.15013 0.00704 0.34953 0.78312 
84	1	0.22346 0.92549 0.13431 0.05718 0.56138 0.62951 
85	1	0.25658 0.98862 0.10587 0.07233 0.59548 0.60074 
86	1	0.15169 0.93326 0.13541 0.02640 0.43305 0.73772 
87	1	0.12193 0.99080 0.08840 0.03620 0.63096 0.60157 
88	1	0.26600 0.94457 0.20641 0.08217 0.64170 0.58083 
89	1	0.11421 0.99443 0.02745 0.02594 0.73909 0.58634 
90	1	0.24968 0.88190 0.24827 0.06795 0.55825 0.66296 
91	1	0.04168 0.88821 0.09075 0.00658 0.38129 0.73159 
92	1	0.26352 0.91370 0.21153 0.07297 0.53067 0.66861 
93	1	0.25015 0.91551 0.16368 0.06588 0.49294 0.68390 
94	1	0.16513 0.91812 0.18830 0.03492 0.47785 0.69880 
95	1	0.16608 0.95483 0.09846 0.03354 0.47447 0.67278 
96	1	0.22547 0.94875 0.19372 0.05655 0.48185 0.69801 
97	1	0.14850 0.91470 0.23297 0.02721 0.39557 0.76679 
98	1	0.16187 0.94551 0.20446 0.03344 0.50249 0.70829 
99	1	0.74756 0.95146 0.14195 0.56254 0.81159 0.23215 
100	2	0.27508 0.91304 0.29289 0.08191 0.50107 0.64221 
101	2	0.11892 0.90714 0.12234 0.03362 0.59117 0.62047 
102	2	0.00864 0.76785 0.23689 0.00265 0.23949 0.82820 
103	2	0.15136 0.69832 0.40673 0.05087 0.57039 0.60047 
104	2	0.59719 0.87049 0.39622 0.35875 0.56979 0.45505 
105	2	0.18724 0.79467 0.34994 0.07191 0.56830 0.51576 
106	2	0.67592 0.86036 0.40082 0.45967 0.65858 0.35792 
107	2	0.04545 0.71948 0.15884 0.01322 0.49190 0.67052 
108	2	0.01071 0.84090 0.23123 0.00201 0.19000 0.83881 
109	2	0.00365 0.71459 0.25838 0.00131 0.20093 0.87480 
110	2	0.02493 0.85845 0.18485 0.00238 0.20452 0.85580 
111	2	0.02761 0.67103 0.29781 0.00536 0.31472 0.82344 
112	2	0.48442 0.69297 0.74329 0.23980 0.52659 0.52181 
113	2	0.04915 0.72714 0.17038 0.01290 0.49188 0.69973 
114	2	0.11704 0.57759 0.17776 0.04160 0.49311 0.56774 
115	2	0.01650 0.70916 0.29057 0.00332 0.34192 0.82665 
116	2	0.30008 0.89928 0.16296 0.09512 0.60530 0.59039 
117	2	0.30445 0.86616 0.16539 0.10374 0.48670 0.56833 
118	2	0.07290 0.88308 0.28975 0.01135 0.46532 0.76165 
119	2	0.01484 0.78725 0.39282 0.00305 0.35346 0.84262 
120	2	0.21858 0.88460 0.18661 0.05052 0.35285 0.71380 
121	2	0.02265 0.79612 0.41586 0.00310 0.35317 0.84678 
122	2	0.02412 0.88656 0.06714 0.00806 0.49112 0.71571 
123	2	0.00512 0.57718 0.49718 0.00091 0.11319 0.93218 
124	2	0.59477 0.75340 0.36296 0.35902 0.65804 0.38110 
125	2	0.46337 0.95715 0.22539 0.21919 0.55536 0.50978 
126	2	0.13058 0.92364 0.19869 0.04638 0.61442 0.58980 
127	2	0.00230 0.77888 0.30989 0.00064 0.14638 0.91971 
128	2	0.18606 0.65407 0.88566 0.05804 0.47780 0.60612 
129	2	0.03129 0.45007 0.55660 0.00846 0.36694 0.80670 
130	2	0.23372 0.90984 0.21249 0.05712 0.34714 0.74769 
131	2	0.14568 0.82477 0.16507 0.05870 0.57128 0.59151 
132	2	0.17528 0.79528 0.22741 0.05529 0.60764 0.55396 
133	2	0.03944 0.82584 0.01195 0.01318 0.43858 0.59564 
134	2	0.03263 0.72688 0.29997 0.00435 0.27172 0.83420 
135	2	0.05073 0.63200 0.19387 0.01992 0.49597 0.64374 
136	2	0.18415 0.85682 0.25871 0.04206 0.60929 0.66299 
137	2	0.47983 0.00000 0.46818 0.23618 0.58565 0.45694 
138	2	0.50614 0.90754 0.29814 0.25953 0.53097 0.48737 
139	2	0.24807 0.46890 0.42091 0.14664 0.65583 0.43560 
140	2	0.07259 0.94020 0.09001 0.01632 0.49133 0.69718 
141	2	0.34021 0.87742 0.51450 0.11992 0.43751 0.60005 
142	2	0.21868 0.98926 0.04198 0.05371 0.53995 0.61628 
143	2	0.02277 0.98197 0.06214 0.00918 0.62608 0.66989 
144	2	0.20528 0.72606 0.24718 0.05159 0.43359 0.66327 
145	2	0.05008 0.85905 0.35646 0.00705 0.22305 0.84649 
146	2	0.01328 0.74563 0.42745 0.00344 0.30886 0.82280 
147	2	0.04329 0.88205 0.29274 0.00394 0.19686 0.87875 
148	2	0.19270 0.89334 0.29553 0.05624 0.53087 0.65855 
149	2	0.07232 0.79372 0.24519 0.01880 0.47232 0.71246 
150	2	0.52050 0.87653 0.41137 0.27408 0.52360 0.51668 
151	2	0.10803 0.93323 0.19470 0.01865 0.34164 0.79189 
152	2	0.00006 0.70411 0.22688 0.00079 0.09836 0.88775 
153	2	0.00029 0.75130 0.25476 0.00058 0.11515 0.90478 
154	2	0.02062 0.73621 0.47531 0.00312 0.20886 0.87023 
155	2	0.07039 0.82025 0.40510 0.01869 0.46335 0.71832 
156	2	0.13962 0.70248 0.50476 0.02787 0.43327 0.73250 
157	2	0.00885 0.71369 0.52121 0.00178 0.15513 0.88979 
158	2	0.50354 0.93841 0.21332 0.25688 0.59656 0.47673 
159	2	0.19318 0.77135 0.41710 0.04716 0.37660 0.73523 
160	2	0.06332 0.84479 0.07777 0.01711 0.47991 0.66678 
161	2	0.01692 0.70762 0.37296 0.00197 0.21471 0.89036 
162	2	0.00486 0.66459 0.54339 0.00088 0.12642 0.93423 
163	2	0.20437 0.79541 0.11083 0.05260 0.47109 0.61253 
164	2	0.28259 0.86238 0.05068 0.13337 0.70513 0.43096 
165	2	0.06691 0.86058 0.27557 0.01401 0.41760 0.74723 
166	2	0.09851 0.91413 0.15349 0.02756 0.59778 0.65931 
167	2	0.18339 0.92957 0.22179 0.04822 0.59361 0.62480 
168	2	0.22690 0.88679 0.28948 0.06829 0.50743 0.65995 
169	2	0.03326 0.83173 0.33216 0.00817 0.26483 0.79739 
170	2	0.40782 0.66512 0.69042 0.16899 0.40413 0.65733 
171	2	0.04683 0.93014 0.17197 0.00761 0.32968 0.75641 
172	2	0.00887 0.66187 0.30362 0.00240 0.24845 0.86010 
173	2	0.61142 0.73577 0.44431 0.38254 0.72089 0.31955 
174	2	0.00747 0.88037 0.18036 0.00147 0.22445 0.86736 
175	2	0.55430 0.94368 0.23372 0.31065 0.61179 0.44902 
176	2	0.02239 0.86811 0.40634 0.00467 0.25846 0.83581 
177	2	0.02287 0.80428 0.48499 0.00282 0.23198 0.89820 
178	2	0.15882 0.91077 0.16555 0.06819 0.67776 0.50922 
179	2	0.53153 0.95728 0.15721 0.28565 0.57450 0.49248 
180	2	0.03380 0.77440 0.46008 0.00329 0.16330 0.89876 
181	2	0.01080 0.79749 0.20320 0.00184 0.22021 0.84550 
182	2	0.02663 0.65917 0.29303 0.00230 0.20841 0.87170 
183	2	0.03220 0.85040 0.23706 0.00444 0.34025 0.81233 
184	2	0.60502 0.84498 0.12586 0.37513 0.77222 0.27444 
185	2	0.45380 0.86938 0.46520 0.21537 0.60249 0.50816 
186	2	0.05414 0.79899 0.15363 0.01738 0.54734 0.64795 
187	2	0.47983 0.62211 0.57899 0.23645 0.57547 0.50829 
188	2	0.39200 0.81940 0.30567 0.16000 0.48088 0.56973 
189	2	0.26014 0.93911 0.32652 0.07406 0.45602 0.62755 
190	2	0.14543 0.91529 0.30956 0.02858 0.49785 0.69929 
191	2	0.48504 0.92377 0.22128 0.23860 0.55019 0.49366 
192	2	0.08367 0.96808 0.10626 0.01048 0.37201 0.77388 
193	2	0.05882 0.93071 0.14662 0.00536 0.30203 0.82835 
194	2	0.24100 0.89559 0.34867 0.08185 0.49861 0.62844 
195	2	0.13208 0.90469 0.15439 0.03766 0.51897 0.62871 
196	2	0.29876 0.76598 0.28516 0.10015 0.44056 0.61748 
197	2	0.19341 0.95830 0.16107 0.04381 0.46619 0.68712 
198	2	0.08323 0.84161 0.32323 0.01775 0.35714 0.76748 
199	2	0.49508 0.64737 0.44277 0.24892 0.50864 0.53809 
200	3	0.18670 0.65838 0.35688 0.07661 0.55481 0.55436 
201	3	0.85601 0.78611 0.13464 0.73712 0.89067 0.10864 
202	3	0.12402 0.93668 0.12107 0.02672 0.45340 0.65954 
203	3	0.11341 0.84804 0.29164 0.04552 0.68806 0.53535 
204	3	0.84010 0.90905 0.10119 0.71210 0.91858 0.10953 
205	3	0.89134 0.70576 0.12314 0.79591 0.87948 0.11117 
206	3	0.08740 0.85861 0.09702 0.02472 0.55638 0.65123 
207	3	0.04288 0.71633 0.40701 0.01016 0.45337 0.77043 
208	3	0.08604 0.77433 0.23625 0.01878 0.56184 0.66298 
209	3	0.07441 0.80111 0.29484 0.01325 0.42830 0.77321 
210	3	0.56249 0.79789 0.11903 0.32260 0.67190 0.38686 
211	3	0.54353 0.85400 0.45564 0.30043 0.58460 0.47503 
212	3	0.03557 0.84589 0.17539 0.00544 0.35259 0.79328 
213	3	0.10658 0.90466 0.09024 0.02851 0.50459 0.63312 
214	3	0.07290 0.75816 0.39933 0.02258 0.67584 0.62211 
215	3	0.04950 0.73955 0.13567 0.01433 0.45733 0.68405 
216	3	0.01166 0.87831 0.22184 0.00329 0.26559 0.83241 
217	3	0.74416 0.82698 0.11272 0.55617 0.78929 0.26269 
218	3	0.01421 0.56765 0.57256 0.00163 0.13999 0.91036 
219	3	0.12160 0.79679 0.26589 0.04852 0.59063 0.56096 
220	3	0.01483 0.82500 0.15604 0.00450 0.38556 0.76617 
221	3	0.02636 0.60241 0.94069 0.00152 0.09164 0.95467 
222	3	0.34448 0.85993 0.06213 0.19326 0.79704 0.27436 
223	3	0.04589 0.94030 0.17126 0.00583 0.37377 0.80077 
224	3	0.06815 0.58379 0.18481 0.03260 0.61511 0.59684 
225	3	0.22558 0.92917 0.08159 0.06074 0.68250 0.55536 
226	3	0.29395 0.89172 0.16430 0.16056 0.70196 0.31598 
227	3	0.27954 0.89602 0.38864 0.08542 0.62683 0.58328 
228	3	0.02884 0.81822 0.17680 0.01014 0.46970 0.68932 
229	3	0.03464 0.82819 0.10024 0.01330 0.61882 0.65545 
230	3	0.09197 0.84014 0.21637 0.02393 0.46756 0.66457 
231	3	0.03386 0.77823 0.19802 0.00930 0.34479 0.74254 
232	3	0.07440 0.62646 0.25246 0.02464 0.58680 0.60067 
233	3	0.10078 0.68889 0.46879 0.01214 0.19178 0.86652 
234	3	0.04497 0.87390 0.12677 0.01517 0.49205 0.68471 
235	3	0.04106 0.43037 0.19657 0.01132 0.36794 0.68671 
236	3	0.07601 0.81755 0.05271 0.02973 0.68771 0.56159 
237	3	0.15002 0.82151 0.23188 0.06800 0.65860 0.54271 
238	3	0.16292 0.92285 0.25561 0.03381 0.43308 0.71196 
239	3	0.03188 0.76340 0.18800 0.00480 0.35692 0.79083 
240	3	0.04999 0.93815 0.06967 0.00831 0.42634 0.69100 
241	3	0.17098 0.93639 0.20402 0.06256 0.58487 0.49668 
242	3	0.01187 0.85277 0.13849 0.00469 0.38563 0.76618 
243	3	0.48847 0.92140 0.22362 0.29392 0.81620 0.32247 
244	3	0.23791 0.88262 0.14625 0.08670 0.62055 0.51458 
245	3	0.04939 0.94538 0.06134 0.01465 0.61657 0.64282 
246	3	0.01935 0.80997 0.21774 0.00678 0.55448 0.74865 
247	3	0.15719 0.79140 0.38936 0.03598 0.34711 0.74578 
248	3	0.03312 0.88482 0.12738 0.01206 0.61347 0.67028 
249	3	0.09430 0.77925 0.12998 0.03438 0.64774 0.57942 
250	3	0.00861 0.82141 0.15333 0.00271 0.31413 0.80789 
251	3	0.28638 0.74054 0.10675 0.11739 0.61670 0.41038 
252	3	0.11105 0.93099 0.03935 0.04856 0.84596 0.46381 
253	3	0.01757 0.66094 0.25689 0.00378 0.25851 0.82184 
254	3	0.05008 0.65693 0.11139 0.01837 0.45496 0.63142 
255	3	0.04263 0.55541 0.15222 0.01088 0.32007 0.67600 
256	3	0.04968 0.61582 0.37843 0.01072 0.41297 0.76436 
257	3	0.64487 0.91002 0.19168 0.42267 0.73345 0.32730 
258	3	0.82351 0.66745 0.11403 0.68021 0.86928 0.16204 
259	3	0.14966 0.77293 0.06750 0.05570 0.55782 0.53430 
260	3	0.01605 0.33021 0.80010 0.00278 0.18806 0.90151 
261	3	0.98446 0.38216 0.01072 0.96960 0.97532 0.00000 
262	3	0.14013 0.88170 0.07072 0.03348 0.75182 0.54341 
263	3	0.02205 0.69156 0.16363 0.00959 0.42390 0.68889 
264	3	0.04646 0.85800 0.36259 0.01468 0.44586 0.71172 
265	3	0.01313 0.72201 0.20840 0.00351 0.28688 0.81389 
266	3	0.34363 0.98241 0.17551 0.20334 0.73800 0.38018 
267	3	0.13568 0.65909 0.08950 0.04969 0.65988 0.51284 
268	3	0.68873 0.67963 0.00263 0.47895 0.79082 0.22858 
269	3	0.30213 0.91218 0.24195 0.10179 0.59688 0.56528 
270	3	0.29081 0.92399 0.21154 0.10041 0.63067 0.53942 
271	3	0.43829 0.99079 0.01743 0.20467 0.89017 0.34467 
272	3	0.37678 0.99785 0.03694 0.16070 0.81766 0.41217 
273	3	0.83714 0.92574 0.09371 0.70383 0.89303 0.14260 
274	3	0.09458 0.59717 0.08032 0.03927 0.64987 0.53835 
275	3	0.01093 0.69638 0.22544 0.00348 0.28406 0.79461 
276	3	0.08904 0.71251 0.23383 0.02936 0.59360 0.63305 
277	3	0.09584 0.66621 0.21483 0.03754 0.67935 0.57687 
278	3	0.01173 0.71093 0.21840 0.00414 0.30471 0.76778 
279	3	0.01353 0.26887 0.18782 0.00402 0.13890 0.74419 
280	3	0.10798 0.71521 0.34237 0.02981 0.39561 0.70217 
281	3	0.01461 0.88048 0.10736 0.00397 0.36093 0.76684 
282	3	0.04851 0.84820 0.06339 0.01836 0.61626 0.61625 
283	3	0.66885 0.56353 0.37290 0.45057 0.68419 0.33959 
284	3	0.04164 0.69972 0.19389 0.01818 0.56874 0.62040 
285	3	0.01965 0.63679 0.26437 0.00472 0.32591 0.80203 
286	3	0.02341 0.96625 0.03524 0.00926 0.57310 0.68716 
287	3	0.03562 0.87560 0.13132 0.01706 0.76532 0.59991 
288	3	0.04378 0.86885 0.09959 0.01408 0.55552 0.66099 
289	3	0.06006 0.49838 0.23121 0.01938 0.52847 0.67727 
290	3	0.03847 0.84991 0.07133 0.01574 0.62163 0.60461 
291	3	0.04273 0.67834 0.05763 0.01713 0.46324 0.60093 
292	3	0.03051 0.80299 0.20913 0.01669 0.71156 0.60940 
293	3	0.03137 0.67633 0.35021 0.00730 0.37890 0.78984 
294	3	0.03996 0.67539 0.09654 0.01417 0.43067 0.62653 
295	3	0.05555 0.72653 0.22636 0.01832 0.66782 0.63742 
296	3	0.03119 0.83571 0.37108 0.01000 0.47940 0.71443 
297	3	0.14043 0.95045 0.04741 0.03871 0.82062 0.50949 
298	3	0.10514 0.98028 0.02818 0.03586 0.80313 0.48980 
299	3	0.18780 0.70112 0.17760 0.07470 0.73001 0.49826 
300	4	0.09073 0.88151 0.02477 0.03524 0.63654 0.56133 
301	4	0.00343 0.42321 0.54987 0.00171 0.08244 0.88448 
302	4	0.06766 0.17140 0.18423 0.03096 0.51468 0.55907 
303	4	0.05437 0.48620 0.25044 0.01326 0.43452 0.72830 
304	4	0.12419 0.93725 0.21473 0.03727 0.49031 0.67838 
305	4	0.02773 0.87260 0.16049 0.00595 0.42583 0.75062 
306	4	0.18464 0.70693 0.72043 0.03603 0.25408 0.82488 
307	4	0.23477 0.98574 0.04092 0.07845 0.56561 0.59659 
308	4	0.03782 0.69735 0.21465 0.00824 0.40861 0.73889 
309	4	0.00147 0.26727 0.93236 0.00040 0.00631 0.96275 
310	4	0.09844 0.58236 0.55156 0.01860 0.30862 0.78669 
311	4	0.00428 0.83061 0.18941 0.00125 0.18413 0.87061 
312	4	0.00335 0.47162 0.76102 0.00040 0.03310 0.96452 
313	4	0.03460 0.66392 0.25065 0.01374 0.42964 0.70917 
314	4	0.09514 0.78814 0.10360 0.03656 0.55207 0.58573 
315	4	0.04252 0.77162 0.18143 0.01932 0.47692 0.59879 
316	4	0.03219 0.87206 0.21100 0.00889 0.48859 0.73418 
317	4	0.00540 0.89320 0.13736 0.00075 0.16829 0.88677 
318	4	0.00598 0.60745 0.31137 0.00244 0.16469 0.83562 
319	4	0.72399 0.98646 0.11445 0.52641 0.75794 0.28238 
320	4	0.02138 0.90933 0.11816 0.00574 0.26110 0.74794 
321	4	0.02223 0.65252 0.20894 0.00429 0.29210 0.80440 
322	4	0.50774 0.86780 0.28225 0.26311 0.56602 0.49449 
323	4	0.38881 0.88363 0.34535 0.15618 0.46030 0.60228 
324	4	0.11291 0.73964 0.20676 0.02478 0.41947 0.72115 
325	4	0.09419 0.53505 0.15028 0.03270 0.58132 0.59906 
326	4	0.00543 0.82716 0.21130 0.00100 0.16737 0.88729 
327	4	0.02230 0.90029 0.10525 0.00472 0.33578 0.78619 
328	4	0.55817 0.79243 0.36651 0.31375 0.52767 0.48555 
329	4	0.22346 0.66222 0.25532 0.07925 0.49926 0.59486 
330	4	0.01188 0.78100 0.16076 0.00175 0.20130 0.83915 
331	4	0.02785 0.72400 0.29392 0.00626 0.28386 0.80723 
332	4	0.00965 0.59344 0.50009 0.00297 0.21916 0.85869 
333	4	0.15301 0.64306 0.20518 0.05628 0.57895 0.51824 
334	4	0.04845 0.59380 0.18914 0.01158 0.37492 0.72009 
335	4	0.20150 0.98582 0.05901 0.04825 0.60283 0.62254 
336	4	0.04744 0.71072 0.09245 0.02017 0.53032 0.62496 
337	4	0.08040 0.69568 0.16879 0.01684 0.37572 0.69714 
338	4	0.05337 0.70019 0.36847 0.01197 0.42116 0.74821 
339	4	0.02662 0.92201 0.09021 0.00598 0.35848 0.76842 
340	4	0.30374 0.77119 0.32295 0.09736 0.43088 0.64672 
341	4	0.00019 0.60921 0.24749 0.00084 0.09094 0.88198 
342	4	0.18314 0.79020 0.21957 0.04731 0.57558 0.55699 
343	4	0.05272 0.78353 0.39746 0.01294 0.45751 0.70480 
344	4	0.00164 0.74765 0.15216 0.00162 0.19176 0.83318 
345	4	0.04684 0.53798 0.20041 0.01578 0.43988 0.63470 
346	4	0.20953 0.52884 0.11879 0.11218 0.81909 0.33312 
347	4	0.04361 0.74337 0.41709 0.02072 0.76272 0.55733 
348	4	0.00000 0.59506 0.31327 0.00056 0.04987 0.90529 
349	4	0.05389 0.50870 0.37532 0.01170 0.35798 0.78296 
350	4	0.05393 0.57687 0.24655 0.01597 0.45584 0.71476 
351	4	0.08208 0.55785 0.49423 0.00787 0.14046 0.88734 
352	4	0.12462 0.50607 0.34874 0.02539 0.39862 0.66845 
353	4	0.13918 0.78170 0.63870 0.03739 0.34536 0.74152 
354	4	0.35417 0.80616 0.06628 0.20038 0.86143 0.28357 
355	4	0.36498 0.89000 0.06752 0.13755 0.51133 0.55062 
356	4	0.03893 0.67940 0.18248 0.00693 0.28104 0.78192 
357	4	0.01066 0.42993 0.26949 0.00439 0.22249 0.76906 
358	4	0.00537 0.73160 0.34467 0.00092 0.14929 0.91404 
359	4	0.04177 0.87127 0.11548 0.01046 0.47671 0.73057 
360	4	0.05231 0.68162 0.00000 0.02481 0.49097 0.48514 
361	4	0.06774 0.81826 0.10321 0.01672 0.51682 0.67277 
362	4	0.02928 0.67089 0.15528 0.00611 0.30206 0.76798 
363	4	0.06300 0.55444 0.14630 0.03017 0.63876 0.55908 
364	4	0.00417 0.10383 0.58773 0.00129 0.06369 0.89454 
365	4	0.11130 0.76733 0.17812 0.01914 0.42861 0.67676 
366	4	0.07756 0.60235 0.42805 0.01646 0.39572 0.74460 
367	4	0.05613 0.76919 0.28897 0.01174 0.21134 0.76264 
368	4	0.14975 0.59756 0.29771 0.04783 0.63415 0.55768 
369	4	0.01916 0.71981 0.10823 0.00618 0.39201 0.72705 
370	4	0.09668 0.63528 0.80913 0.01155 0.16241 0.84975 
371	4	0.09396 0.92145 0.18895 0.01608 0.39319 0.75060 
372	4	0.00186 0.47990 0.88588 0.00000 0.00000 1.00000 
373	4	0.23892 0.74959 0.19405 0.07429 0.72682 0.50951 
374	4	0.01920 0.01111 0.88270 0.00359 0.14252 0.89817 
375	4	0.13096 0.83534 0.17154 0.02610 0.47935 0.68289 
376	4	0.12621 0.74315 0.13114 0.05345 0.72672 0.45795 
377	4	0.00925 0.69693 0.47983 0.00197 0.09469 0.88923 
378	4	0.19963 0.68886 0.01164 0.09491 0.66732 0.40456 
379	4	0.02962 0.76870 0.09691 0.01562 0.53033 0.59259 
380	4	0.05566 0.64054 0.07039 0.01876 0.49707 0.60658 
381	4	0.02955 0.79959 0.37123 0.00497 0.24265 0.84754 
382	4	0.02123 0.74085 0.20240 0.00293 0.20409 0.83485 
383	4	0.02548 0.33723 0.61467 0.00568 0.31494 0.79261 
384	4	0.04781 0.55962 0.15487 0.01617 0.46765 0.68006 
385	4	0.01519 0.78949 0.37577 0.00285 0.19360 0.84371 
386	4	0.02651 0.80556 0.09202 0.00671 0.34763 0.73527 
387	4	0.11914 0.84305 0.38262 0.01816 0.31364 0.75372 
388	4	0.02957 0.63098 0.28824 0.00539 0.23468 0.83045 
389	4	0.10550 0.83468 0.10836 0.02293 0.41125 0.71711 
390	4	0.02721 0.86320 0.11836 0.00644 0.43414 0.74818 
391	4	0.02443 0.83714 0.18954 0.00388 0.30184 0.83615 
392	4	0.09535 0.56188 0.15526 0.03987 0.69520 0.56157 
393	4	0.06323 0.72873 0.16669 0.01657 0.46426 0.67170 
394	4	0.01320 0.79718 0.08335 0.00379 0.27661 0.75869 
395	4	0.01293 0.53961 0.24199 0.00271 0.15795 0.81402 
396	4	0.04085 0.86834 0.09093 0.01021 0.33665 0.69867 
397	4	0.11817 0.85428 0.08921 0.02660 0.50753 0.65303 
398	4	0.00361 0.52801 0.38366 0.00062 0.05719 0.90903 
399	4	0.25486 0.82512 0.28933 0.07167 0.45629 0.66614 
400	5	0.81714 0.79874 0.40467 0.66956 0.79028 0.21939 
401	5	0.81564 0.78963 0.42931 0.66731 0.78438 0.22116 
402	5	0.78258 0.80781 0.40450 0.61439 0.76032 0.26291 
403	5	0.77732 0.81343 0.39149 0.60661 0.74539 0.26344 
404	5	0.81967 0.81872 0.38639 0.67365 0.78704 0.22106 
405	5	0.82172 0.83693 0.33595 0.67702 0.79194 0.21611 
406	5	0.77972 0.76381 0.42125 0.61032 0.75405 0.25240 
407	5	0.76361 0.80908 0.37053 0.58560 0.73964 0.27602 
408	5	0.77880 0.80541 0.41678 0.60882 0.75852 0.26025 
409	5	0.80766 0.83154 0.44090 0.65393 0.77349 0.22839 
410	5	0.80532 0.78932 0.42128 0.65058 0.77228 0.23063 
411	5	0.81343 0.82361 0.39182 0.66349 0.78231 0.22314 
412	5	0.79613 0.81125 0.43450 0.63581 0.76399 0.23870 
413	5	0.82001 0.82774 0.44606 0.67395 0.78577 0.21009 
414	5	0.81992 0.72563 0.51260 0.67381 0.78225 0.21323 
415	5	0.80217 0.78519 0.40349 0.64525 0.76987 0.23787 
416	5	0.80370 0.78707 0.41275 0.64762 0.77194 0.23546 
417	5	0.81770 0.79094 0.40725 0.67003 0.78453 0.22456 
418	5	0.79054 0.84775 0.37180 0.62663 0.76646 0.24799 
419	5	0.80058 0.82235 0.39543 0.64257 0.76457 0.24236 
420	5	0.80614 0.82741 0.39044 0.65212 0.78589 0.22091 
421	5	0.82003 0.77856 0.41329 0.67440 0.78312 0.21580 
422	5	0.81669 0.81054 0.36366 0.66849 0.78923 0.22225 
423	5	0.79870 0.78743 0.40001 0.64068 0.77365 0.22905 
424	5	0.51800 0.77962 0.50154 0.30683 0.68435 0.38611 
425	5	0.00858 0.48501 0.46686 0.00299 0.21319 0.84852 
426	5	0.17405 0.80824 0.32700 0.09372 0.73010 0.46469 
427	5	0.25341 0.79305 0.39103 0.14902 0.73960 0.40886 
428	5	0.44484 0.81320 0.54602 0.24599 0.66628 0.41460 
429	5	0.06372 0.74725 0.46042 0.01264 0.34804 0.77421 
430	5	0.67190 0.81612 0.54167 0.45466 0.66472 0.35763 
431	5	0.47518 0.77461 0.59344 0.24953 0.65479 0.42284 
432	5	0.14886 0.83872 0.40272 0.02484 0.38478 0.79399 
433	5	0.73119 0.79233 0.59723 0.53660 0.70964 0.30698 
434	5	0.14465 0.78505 0.44120 0.02305 0.32008 0.80458 
435	5	0.44629 0.73915 0.55701 0.25305 0.66958 0.40282 
436	5	0.53122 0.73271 0.59587 0.30316 0.68310 0.38993 
437	5	0.31149 0.69487 0.50140 0.14605 0.70820 0.44505 
438	5	0.18967 0.74654 0.33742 0.12018 0.73182 0.42323 
439	5	0.19429 0.75783 0.43106 0.11111 0.71094 0.44881 
440	5	0.21279 0.77707 0.34000 0.11212 0.69488 0.45166 
441	5	0.28493 0.76920 0.38493 0.12230 0.70962 0.45716 
442	5	0.54216 0.81309 0.40386 0.30799 0.74935 0.36089 
443	5	0.43670 0.81251 0.34751 0.23852 0.74394 0.36852 
444	5	0.51796 0.80073 0.33447 0.30122 0.75178 0.34902 
445	5	0.46102 0.87736 0.18758 0.28624 0.79589 0.31516 
446	5	0.51973 0.83471 0.40878 0.29828 0.70781 0.38954 
447	5	0.78351 0.77965 0.51651 0.61601 0.74543 0.25834 
448	5	0.56611 0.79896 0.55729 0.33483 0.68553 0.37298 
449	5	0.07054 0.77344 0.64706 0.01265 0.34306 0.76833 
450	5	0.40066 0.80134 0.45919 0.18347 0.64855 0.45628 
451	5	0.13522 0.83167 0.46228 0.02952 0.39174 0.72935 
452	5	0.49399 0.77677 0.47960 0.28057 0.70650 0.38105 
453	5	0.20120 0.86364 0.39525 0.04362 0.36953 0.71347 
454	5	0.39739 0.73798 0.36439 0.20319 0.75203 0.38251 
455	5	0.13381 0.85471 0.35582 0.03569 0.47977 0.60802 
456	5	0.14877 0.74623 0.35472 0.06797 0.67536 0.52770 
457	5	0.08600 0.78173 0.42320 0.02213 0.41480 0.66223 
458	5	0.48210 0.75799 0.35564 0.24698 0.71640 0.41642 
459	5	0.21624 0.74219 0.32492 0.10374 0.73227 0.45034 
460	5	0.06344 0.79200 0.34372 0.02221 0.47361 0.62182 
461	5	0.14884 0.73575 0.28571 0.06361 0.71060 0.50323 
462	5	0.15743 0.74305 0.31545 0.06435 0.70831 0.51019 
463	5	0.18093 0.73817 0.33754 0.08541 0.71793 0.47209 
464	5	0.15720 0.80912 0.38859 0.04895 0.53466 0.56954 
465	5	0.23089 0.75447 0.31576 0.10275 0.71381 0.46291 
466	5	0.06790 0.76303 0.35118 0.02199 0.47763 0.62079 
467	5	0.54104 0.81444 0.43809 0.30842 0.68355 0.39564 
468	5	0.34342 0.86594 0.26476 0.18386 0.77028 0.39073 
469	5	0.39392 0.89047 0.45201 0.15882 0.52922 0.57848 
470	5	0.10471 0.84144 0.56595 0.02710 0.30770 0.77563 
471	5	0.37684 0.91014 0.43007 0.15224 0.59201 0.48297 
472	5	0.44790 0.91818 0.28551 0.20748 0.66060 0.49047 
473	5	0.44997 0.92706 0.26957 0.21041 0.67291 0.47835 
474	5	0.33027 0.82450 0.34436 0.12357 0.69531 0.49744 
475	5	0.01083 0.58383 0.30210 0.00226 0.21614 0.84109 
476	5	0.03629 0.83584 0.40685 0.00336 0.28815 0.85040 
477	5	0.03190 0.72913 0.31921 0.00530 0.29119 0.83344 
478	5	0.44140 0.88689 0.34065 0.19685 0.50229 0.60248 
479	5	0.34220 0.79442 0.48381 0.11919 0.40023 0.69648 
480	5	0.21339 0.85822 0.43850 0.04825 0.37325 0.75021 
481	5	0.38812 0.85363 0.37358 0.15315 0.41575 0.63595 
482	5	0.43521 0.89565 0.45098 0.21871 0.69587 0.35339 
483	5	0.50843 0.88442 0.58791 0.27015 0.67637 0.38501 
484	5	0.48684 0.90646 0.30133 0.24021 0.58157 0.49029 
485	5	0.48529 0.91019 0.40790 0.25271 0.68070 0.40663 
486	5	0.44664 0.89898 0.50546 0.21942 0.68868 0.39923 
487	5	0.46879 0.87212 0.31814 0.22263 0.57731 0.53772 
488	5	0.42389 0.90656 0.49805 0.21188 0.70458 0.37411 
489	5	0.44512 0.91841 0.39484 0.23243 0.72974 0.32710 
490	5	0.45197 0.87626 0.55351 0.23510 0.66689 0.41261 
491	5	0.45907 0.88656 0.53130 0.23257 0.69256 0.39203 
492	5	0.49651 0.87978 0.53323 0.26656 0.67317 0.40598 
493	5	0.46428 0.85736 0.63748 0.23643 0.66294 0.39186 
494	5	0.46316 0.84363 0.64009 0.23728 0.67989 0.42012 
495	5	0.54330 0.91724 0.44135 0.30801 0.75044 0.33952 
496	5	0.10724 0.87165 0.29499 0.01337 0.25164 0.82721 
497	5	0.12245 0.79062 0.36853 0.01823 0.28815 0.78386 
498	5	0.27471 0.91558 0.17781 0.08506 0.58973 0.59969 
499	5	0.77862 0.78410 0.60012 0.60872 0.76452 0.23975 
500	6	0.46720 0.93756 0.04193 0.22660 0.72479 0.41573 
501	6	0.04154 0.91796 0.17432 0.00599 0.40287 0.79908 
502	6	0.01808 0.87531 0.17532 0.00276 0.24701 0.83157 
503	6	0.39910 0.97785 0.04687 0.26937 0.88845 0.26246 
504	6	0.44417 0.87281 0.20552 0.20388 0.57086 0.52312 
505	6	0.51928 0.81894 0.22433 0.27282 0.59167 0.49399 
506	6	0.74757 0.93001 0.06582 0.56812 0.94600 0.13754 
507	6	0.67654 1.00000 0.08965 0.46187 0.77283 0.28453 
508	6	0.58554 0.96888 0.15476 0.34610 0.67494 0.38567 
509	6	0.04706 0.94675 0.03256 0.01751 0.73880 0.58762 
510	6	0.14251 0.87176 0.22197 0.02673 0.42808 0.74573 
511	6	0.46158 0.73425 0.35544 0.21647 0.50718 0.55543 
512	6	0.70019 0.95186 0.17856 0.49261 0.76815 0.32328 
513	6	0.04699 0.89700 0.06266 0.01350 0.49923 0.67820 
514	6	0.22915 0.78504 0.35301 0.06617 0.48231 0.66709 
515	6	0.12427 0.80389 0.52711 0.03238 0.36156 0.77578 
516	6	0.13933 0.77551 0.26362 0.03478 0.48067 0.68033 
517	6	0.28325 0.90648 0.14864 0.08434 0.51581 0.63695 
518	6	0.19707 0.81295 0.48768 0.04557 0.44189 0.66994 
519	6	0.00443 0.80344 0.15104 0.00246 0.22066 0.81185 
520	6	0.62486 0.91411 0.27957 0.39260 0.68828 0.41430 
521	6	0.01929 0.77894 0.16029 0.00649 0.43045 0.74448 
522	6	0.03225 0.82797 0.15198 0.01026 0.43542 0.69046 
523	6	0.02922 0.70413 0.35238 0.00957 0.36742 0.71832 
524	6	0.01672 0.78835 0.37315 0.00248 0.33078 0.86386 
525	6	0.13220 0.90391 0.29045 0.02938 0.43811 0.73553 
526	6	0.67497 0.64113 0.37172 0.45784 0.69637 0.36559 
527	6	0.64740 0.87460 0.29646 0.42163 0.67373 0.38396 
528	6	0.15846 0.75542 0.11779 0.04401 0.54757 0.62265 
529	6	0.14503 0.88317 0.17835 0.05488 0.57730 0.60015 
530	6	0.28153 0.87207 0.27309 0.08939 0.57572 0.58699 
531	6	0.06142 0.91040 0.04434 0.01421 0.58138 0.64659 
532	6	0.04664 0.67690 0.40059 0.00935 0.39652 0.77259 
533	6	0.04441 0.79380 0.50715 0.00804 0.44693 0.79411 
534	6	0.02785 0.83685 0.16361 0.00673 0.44760 0.74163 
535	6	0.38799 0.73690 0.09600 0.15538 0.54187 0.54941 
536	6	0.00496 0.81301 0.24797 0.00135 0.19358 0.87609 
537	6	0.42547 0.67965 0.13662 0.18435 0.54202 0.54931 
538	6	0.16548 0.74944 0.05742 0.07796 0.71868 0.48098 
539	6	0.93863 0.89069 0.10560 0.88165 0.92875 0.08492 
540	6	0.06339 0.86993 0.10480 0.01605 0.38631 0.68426 
541	6	0.43463 0.85037 0.41074 0.19396 0.57106 0.54490 
542	6	0.40141 0.82634 0.45525 0.16508 0.53076 0.58656 
543	6	0.58867 0.62882 0.42585 0.34932 0.63682 0.43746 
544	6	0.53328 0.64056 0.52391 0.28754 0.58343 0.50280 
545	6	0.35304 0.49048 0.81240 0.12986 0.43427 0.63818 
546	6	0.37844 0.79588 0.66783 0.14882 0.53507 0.57986 
547	6	0.40548 0.75247 0.70478 0.17029 0.51932 0.56617 
548	6	0.59670 0.43511 0.69308 0.35932 0.61758 0.43401 
549	6	0.58036 0.62326 0.48386 0.34101 0.60656 0.43942 
550	6	0.39733 0.56818 0.55626 0.16182 0.46124 0.60678 
551	6	0.39380 0.70965 0.49220 0.15805 0.49742 0.62038 
552	6	0.40123 0.40652 0.54396 0.16520 0.46957 0.57353 
553	6	0.46494 0.84471 0.52816 0.22116 0.59836 0.50249 
554	6	0.35176 0.54122 1.00000 0.12824 0.39073 0.66336 
555	6	0.54976 0.66991 0.53323 0.30546 0.61198 0.48068 
556	6	0.42111 0.42059 0.93459 0.18262 0.48247 0.56953 
557	6	0.36540 0.55004 0.70304 0.13660 0.43740 0.66109 
558	6	0.45040 0.44255 0.65689 0.20704 0.52425 0.53353 
559	6	0.49411 0.62854 0.50646 0.24940 0.61123 0.48490 
560	6	0.41080 0.92321 0.14455 0.17336 0.54841 0.56631 
561	6	0.08346 0.88305 0.16294 0.02272 0.47578 0.66926 
562	6	0.12706 0.89213 0.13812 0.03736 0.49467 0.62529 
563	6	0.04362 0.83911 0.19708 0.00961 0.44836 0.74933 
564	6	0.07821 0.74500 0.21331 0.01547 0.42982 0.73804 
565	6	0.89863 0.99444 0.07294 0.80842 0.90563 0.10658 
566	6	0.94262 0.94270 0.09534 0.88909 0.95339 0.07135 
567	6	0.13276 0.89879 0.20054 0.03159 0.46396 0.71177 
568	6	0.09568 0.97083 0.01719 0.02612 0.63755 0.59661 
569	6	0.01405 0.84498 0.11744 0.00597 0.31775 0.72924 
570	6	0.15025 0.84769 0.23929 0.04638 0.51329 0.65840 
571	6	1.00000 0.91511 0.05984 1.00000 1.00000 0.00519 
572	6	0.12106 0.96447 0.09030 0.05219 0.71462 0.55873 
573	6	0.00982 0.80937 0.13745 0.00397 0.31123 0.77803 
574	6	0.78745 0.67732 0.28101 0.62178 0.77702 0.24640 
575	6	0.02872 0.86475 0.23166 0.00319 0.27118 0.83983 
576	6	0.50151 0.92687 0.17718 0.25620 0.64490 0.49372 
577	6	0.03676 0.72030 0.34254 0.00939 0.44088 0.75859 
578	6	0.00823 0.85606 0.29723 0.00127 0.24311 0.89281 
579	6	0.59033 0.85926 0.39950 0.35216 0.67699 0.40807 
580	6	0.40993 0.79253 0.35167 0.17329 0.54032 0.57303 
581	6	0.01000 0.91386 0.15174 0.00295 0.36419 0.81951 
582	6	0.59568 0.91237 0.16442 0.36119 0.70516 0.38292 
583	6	0.01186 0.75064 0.35143 0.00273 0.30215 0.83247 
584	6	0.03256 0.95350 0.03570 0.01619 0.76350 0.59104 
585	6	0.23904 0.87229 0.03828 0.06813 0.60059 0.55946 
586	6	0.11318 0.90716 0.18840 0.01853 0.47801 0.74558 
587	6	0.13707 0.88371 0.11865 0.03333 0.59481 0.64709 
588	6	0.05193 0.74762 0.21569 0.01097 0.42518 0.75596 
589	6	0.03827 0.96945 0.01749 0.01409 0.60101 0.62379 
590	6	0.33157 0.80542 0.59682 0.11271 0.45983 0.67579 
591	6	0.44632 0.88779 0.15052 0.20370 0.61263 0.50730 
592	6	0.57133 0.99046 0.15561 0.33541 0.83278 0.29324 
593	6	0.03432 0.84317 0.16960 0.00602 0.24209 0.80899 
594	6	0.08461 0.87107 0.26956 0.03589 0.63708 0.57559 
595	6	0.50039 0.94302 0.19042 0.25581 0.65920 0.43230 
596	6	0.74532 0.87353 0.21388 0.55716 0.78476 0.28446 
597	6	0.79369 0.90822 0.15063 0.63182 0.82419 0.24084 
598	6	0.81232 0.85165 0.17198 0.66123 0.82363 0.22643 
599	6	0.04284 0.69618 0.20158 0.01645 0.52561 0.64854 
