600	6	6
0	1	0.41404 0.72283 0.28816 0.26689 0.68167 0.57321 
1	1	0.65547 0.92198 0.09527 0.49408 0.93077 0.36366 
2	1	0.11901 0.83348 0.24938 0.06653 0.66988 0.79648 
3	1	0.02531 0.66043 0.51656 0.03626 0.37505 0.85896 
4	1	0.17046 0.75733 0.40720 0.10488 0.57190 0.76063 
5	1	0.54164 0.93921 0.19120 0.36860 0.79881 0.46708 
6	1	0.58296 0.83729 0.21423 0.39212 0.71718 0.50850 
7	1	0.23831 0.70145 0.46534 0.11396 0.46645 0.76469 
8	1	0.43013 0.81327 0.33399 0.24329 0.62320 0.63860 
9	1	0.36401 0.91424 0.23974 0.22173 0.77122 0.56508 
10	1	0.29471 0.90508 0.25502 0.18709 0.72117 0.63180 
11	1	0.42040 0.87205 0.12319 0.36591 0.91026 0.38752 
12	1	0.42899 0.93786 0.20388 0.30045 0.82485 0.49367 
13	1	0.60752 0.88738 0.12811 0.45829 0.90578 0.36196 
14	1	0.28029 0.72626 0.32660 0.16898 0.57888 0.67225 
15	1	0.58256 0.89125 0.23707 0.39622 0.78659 0.47254 
16	1	0.33329 0.75220 0.33151 0.17876 0.62683 0.68450 
17	1	0.22220 0.73355 0.42798 0.09705 0.50873 0.78563 
18	1	0.45561 0.90622 0.21394 0.26395 0.73741 0.60125 
19	1	0.48165 0.87005 0.30012 0.29245 0.70577 0.58071 
20	1	0.17603 0.78511 0.32351 0.09542 0.58653 0.78347 
21	1	0.28391 0.90526 0.15354 0.15377 0.75876 0.69129 
22	1	0.27933 0.86971 0.15057 0.25829 0.87355 0.51848 
23	1	0.19410 0.73241 0.25622 0.15408 0.74421 0.65450 
24	1	0.42611 0.86275 0.12538 0.28644 0.87505 0.50273 
25	1	0.11996 0.86904 0.31864 0.10336 0.65015 0.72134 
26	1	0.14634 0.85854 0.32783 0.09517 0.60355 0.73879 
27	1	0.39340 0.91102 0.24569 0.26686 0.74179 0.53056 
28	1	0.26055 0.91367 0.21638 0.16671 0.79142 0.59702 
29	1	0.22585 0.95418 0.19377 0.16699 0.69223 0.62629 
30	1	0.84898 0.98965 0.07504 0.75367 0.97002 0.16656 
31	1	0.23065 0.90842 0.27144 0.13791 0.58730 0.68555 
32	1	0.51159 0.77004 0.24878 0.31595 0.69897 0.55690 
33	1	0.28223 0.80661 0.33631 0.13655 0.57799 0.72185 
34	1	0.17336 0.74609 0.49076 0.07829 0.50080 0.80351 
35	1	0.36283 0.92645 0.24614 0.22952 0.74804 0.57505 
36	1	0.29884 0.98190 0.14281 0.24373 0.84238 0.46943 
37	1	0.74919 0.83538 0.22969 0.60701 0.86690 0.30626 
38	1	0.42246 0.81159 0.28034 0.24174 0.71419 0.62492 
39	1	0.33021 0.86651 0.28735 0.17661 0.68244 0.66597 
40	1	0.41187 0.85042 0.31025 0.22703 0.66959 0.63516 
41	1	0.33066 0.84714 0.15886 0.21837 0.72157 0.61004 
42	1	0.36981 0.97359 0.08241 0.33416 0.96577 0.37135 
43	1	0.40967 0.84093 0.17205 0.31773 0.83381 0.47323 
44	1	0.23508 0.86002 0.33986 0.13372 0.61106 0.71899 
45	1	0.43367 0.90530 0.24709 0.27900 0.75102 0.56881 
46	1	0.40017 0.93748 0.22859 0.26021 0.71560 0.55518 
47	1	0.24044 0.71320 0.36486 0.09299 0.52928 0.81879 
48	1	0.88640 0.90035 0.08221 0.80440 0.96339 0.18037 
49	1	0.35977 0.65657 0.41482 0.19094 0.56136 0.68511 
50	1	0.26689 0.93902 0.19421 0.18063 0.79226 0.59143 
51	1	0.42698 0.79496 0.33492 0.23406 0.63811 0.65815 
52	1	0.46032 0.71322 0.27941 0.30975 0.75674 0.54584 
53	1	0.27069 0.85853 0.15211 0.16212 0.73019 0.62641 
54	1	0.48088 0.61838 0.34784 0.29300 0.61773 0.59030 
55	1	0.58250 0.88891 0.14390 0.40474 0.85614 0.45587 
56	1	0.21825 0.86789 0.33397 0.15065 0.68852 0.68005 
57	1	0.22882 0.87580 0.31098 0.16665 0.68397 0.64129 
58	1	0.40971 0.85017 0.28071 0.22846 0.74878 0.64745 
59	1	0.78189 0.85526 0.11856 0.65122 0.92834 0.26423 
60	1	0.36252 0.80114 0.23579 0.24939 0.73703 0.57646 
61	1	0.17126 0.95643 0.14566 0.17108 0.80417 0.57959 
62	1	0.17511 0.86841 0.28272 0.11620 0.63713 0.72180 
63	1	0.36509 0.82843 0.32024 0.18707 0.62172 0.68253 
64	1	0.36693 0.91000 0.23064 0.21605 0.74004 0.59472 
65	1	0.51038 0.83660 0.21954 0.32099 0.66276 0.54128 
66	1	0.71222 0.88231 0.12608 0.55378 0.84904 0.33947 
67	1	0.28261 0.95296 0.18032 0.16922 0.73043 0.62676 
68	1	0.38090 0.90771 0.21340 0.22887 0.76868 0.57600 
69	1	0.43260 0.89138 0.16935 0.28930 0.79614 0.51390 
70	1	0.87443 0.88111 0.11897 0.78567 0.94039 0.18646 
71	1	0.81257 0.95067 0.12574 0.69955 0.93096 0.22362 
72	1	0.56532 0.73892 0.23542 0.40299 0.78779 0.43261 
73	1	0.29937 0.89811 0.27235 0.18851 0.72452 0.62433 
74	1	0.82742 0.95387 0.11487 0.72301 0.94142 0.20018 
75	1	0.31371 0.77770 0.33603 0.16052 0.50841 0.68823 
76	1	0.16569 0.84712 0.35755 0.10602 0.59211 0.74093 
77	1	0.43636 0.88730 0.21731 0.27285 0.75404 0.56956 
78	1	0.16986 0.81684 0.43537 0.12646 0.55453 0.73392 
79	1	0.31306 0.80010 0.30701 0.17951 0.55299 0.64151 
80	1	0.18128 0.72092 0.46415 0.07903 0.41499 0.80712 
81	1	0.44180 0.93375 0.21471 0.27654 0.76899 0.54172 
82	1	0.27938 0.82215 0.31383 0.19135 0.72309 0.62699 
83	1	0.13135 0.89089 0.26573 0.09817 0.65006 0.73289 
84	1	0.47725 0.82277 0.18119 0.33337 0.77863 0.48455 
85	1	0.41842 0.97428 0.16600 0.31917 0.84552 0.47411 
86	1	0.26112 0.78465 0.32258 0.15690 0.61853 0.69143 
87	1	0.36618 0.97686 0.15482 0.25446 0.81159 0.53562 
88	1	0.41963 0.86593 0.32132 0.24944 0.73851 0.57905 
89	1	0.21437 0.99422 0.08193 0.17566 0.87269 0.58252 
90	1	0.49881 0.72709 0.32432 0.29869 0.65787 0.59616 
91	1	0.33242 0.85346 0.26047 0.17721 0.63184 0.65504 
92	1	0.35379 0.78298 0.34413 0.17405 0.59636 0.74439 
93	1	0.30399 0.74748 0.25081 0.19548 0.64164 0.67000 
94	1	0.35942 0.80928 0.27186 0.22678 0.69904 0.62934 
95	1	0.12060 0.81785 0.27892 0.07713 0.63160 0.76134 
96	1	0.32399 0.85094 0.31078 0.16643 0.61637 0.69880 
97	1	0.20737 0.82789 0.33120 0.09925 0.55601 0.77419 
98	1	0.28374 0.91865 0.24135 0.19444 0.71490 0.60648 
99	1	0.72055 0.90891 0.18500 0.56617 0.86210 0.34042 
100	2	0.37569 0.89929 0.29068 0.23123 0.72608 0.59110 
101	2	0.50513 0.82531 0.29143 0.32232 0.67055 0.54525 
102	2	0.16056 0.75244 0.33104 0.08530 0.41132 0.79100 
103	2	0.70024 0.54145 0.42597 0.52416 0.62901 0.45457 
104	2	0.52839 0.76128 0.44464 0.32194 0.53696 0.60539 
105	2	0.73276 0.66806 0.36424 0.57057 0.72117 0.39755 
106	2	0.63475 0.75064 0.42236 0.44257 0.61571 0.50844 
107	2	0.56615 0.44240 0.09855 0.41382 0.72091 0.36927 
108	2	0.23025 0.81709 0.31123 0.13320 0.50611 0.68554 
109	2	0.15339 0.67656 0.47368 0.04145 0.34216 0.91422 
110	2	0.18080 0.69754 0.50573 0.09400 0.40653 0.80808 
111	2	0.39782 0.49778 0.53420 0.21197 0.47835 0.67339 
112	2	0.60309 0.57315 0.66422 0.40733 0.54387 0.52434 
113	2	0.60331 0.57931 0.23004 0.42966 0.69446 0.44770 
114	2	0.82208 0.48376 0.28696 0.70054 0.74438 0.28224 
115	2	0.22123 0.63047 0.46622 0.12526 0.51513 0.72404 
116	2	0.29998 0.83524 0.22635 0.15875 0.71480 0.65977 
117	2	0.68282 0.75526 0.25844 0.50799 0.73926 0.41553 
118	2	0.12970 0.87004 0.31298 0.13222 0.69396 0.68622 
119	2	0.06621 0.78395 0.42736 0.06770 0.57206 0.78825 
120	2	0.15085 0.71170 0.47767 0.11677 0.47861 0.72625 
121	2	0.13903 0.78251 0.45401 0.09496 0.57633 0.75829 
122	2	0.59526 0.80386 0.11917 0.40719 0.75765 0.48689 
123	2	0.11626 0.46260 0.77027 0.04919 0.19264 0.85917 
124	2	0.66063 0.67956 0.28851 0.47531 0.73779 0.47267 
125	2	0.47714 0.91022 0.26388 0.30951 0.69782 0.55882 
126	2	0.61714 0.91463 0.21648 0.42892 0.70686 0.47519 
127	2	0.04278 0.73800 0.43597 0.02481 0.35609 0.89585 
128	2	0.11746 0.50056 0.82882 0.05096 0.37742 0.82474 
129	2	0.30529 0.49205 0.64317 0.14178 0.38224 0.78845 
130	2	0.29627 0.73071 0.47510 0.14141 0.44039 0.72765 
131	2	0.60863 0.43022 0.27794 0.42211 0.65812 0.47188 
132	2	0.62932 0.78126 0.28662 0.43777 0.71621 0.49959 
133	2	0.25896 0.69452 0.31630 0.17347 0.57471 0.58839 
134	2	0.10896 0.71416 0.47796 0.05959 0.39442 0.83272 
135	2	0.54536 0.50246 0.32804 0.34422 0.61630 0.58151 
136	2	0.20715 0.81201 0.36259 0.16478 0.64846 0.67766 
137	2	0.78071 0.00000 0.41096 0.64187 0.67652 0.30602 
138	2	0.47906 0.85547 0.32888 0.31577 0.64504 0.52425 
139	2	0.81369 0.26578 0.37959 0.68861 0.70955 0.27974 
140	2	0.31533 0.84172 0.28088 0.19484 0.67932 0.60245 
141	2	0.30148 0.86221 0.39670 0.25509 0.63826 0.52038 
142	2	0.42854 0.96417 0.11760 0.30508 0.88613 0.44302 
143	2	0.14231 0.94243 0.15394 0.12920 0.83782 0.65437 
144	2	0.58017 0.62102 0.27624 0.38337 0.64539 0.54317 
145	2	0.26323 0.79278 0.42001 0.12710 0.46285 0.73396 
146	2	0.32782 0.71880 0.39636 0.16751 0.62276 0.68305 
147	2	0.21686 0.80737 0.41338 0.10053 0.45563 0.76014 
148	2	0.55764 0.83599 0.33169 0.36203 0.65165 0.53676 
149	2	0.48125 0.76930 0.36846 0.30443 0.64503 0.51328 
150	2	0.54663 0.81709 0.38155 0.34736 0.60869 0.57031 
151	2	0.25297 0.86460 0.30849 0.13884 0.58649 0.70190 
152	2	0.06339 0.56435 0.51980 0.01420 0.19028 0.92628 
153	2	0.08359 0.64589 0.48361 0.01942 0.21978 0.89629 
154	2	0.24502 0.69873 0.51027 0.11142 0.38154 0.75515 
155	2	0.44390 0.80820 0.40004 0.26004 0.60158 0.59857 
156	2	0.54149 0.64386 0.50033 0.33510 0.58004 0.60755 
157	2	0.12957 0.59929 0.71881 0.04007 0.19216 0.90065 
158	2	0.49423 0.77949 0.31885 0.33265 0.72152 0.46771 
159	2	0.36710 0.55043 0.51658 0.20011 0.45336 0.68024 
160	2	0.18008 0.83455 0.22054 0.13546 0.64345 0.64126 
161	2	0.03812 0.67851 0.60268 0.03136 0.31096 0.88455 
162	2	0.08091 0.65667 0.62734 0.04657 0.32347 0.81929 
163	2	0.65531 0.65315 0.16927 0.48215 0.72371 0.40874 
164	2	0.56448 0.85335 0.15621 0.39266 0.80111 0.44369 
165	2	0.16877 0.87573 0.27982 0.12367 0.64767 0.66733 
166	2	0.56599 0.87658 0.20555 0.37110 0.75966 0.52765 
167	2	0.38592 0.90581 0.25132 0.23374 0.73063 0.58750 
168	2	0.58054 0.77514 0.36381 0.38155 0.63175 0.52843 
169	2	0.27756 0.81357 0.43129 0.13877 0.46655 0.69513 
170	2	0.45210 0.49531 0.79006 0.23834 0.32246 0.72330 
171	2	0.18118 0.86045 0.24008 0.16242 0.63277 0.63794 
172	2	0.17445 0.58505 0.60413 0.06533 0.31767 0.85983 
173	2	0.81037 0.68951 0.38030 0.68566 0.78959 0.27601 
174	2	0.14424 0.78945 0.39410 0.08759 0.43509 0.81844 
175	2	0.53572 0.94169 0.19669 0.35292 0.76423 0.50267 
176	2	0.29525 0.81997 0.43461 0.16604 0.51147 0.75342 
177	2	0.15868 0.76097 0.49057 0.06615 0.37812 0.85523 
178	2	0.54141 0.85101 0.28395 0.34926 0.74981 0.52764 
179	2	0.53435 0.90356 0.22578 0.33872 0.69272 0.53627 
180	2	0.09285 0.73139 0.49645 0.04598 0.29268 0.85398 
181	2	0.19569 0.74935 0.30119 0.16750 0.60939 0.58339 
182	2	0.04550 0.57716 0.66855 0.01166 0.29624 0.94466 
183	2	0.07859 0.78172 0.41600 0.05123 0.48506 0.81712 
184	2	0.86949 0.83878 0.07278 0.77610 0.90234 0.19954 
185	2	0.41869 0.82742 0.39659 0.24204 0.63562 0.63028 
186	2	0.39625 0.82022 0.21603 0.22811 0.68719 0.61629 
187	2	0.60539 0.50023 0.55293 0.40541 0.55763 0.54753 
188	2	0.55687 0.77870 0.38142 0.35170 0.59496 0.59296 
189	2	0.30342 0.93202 0.25759 0.28606 0.76327 0.48731 
190	2	0.25775 0.92148 0.24673 0.17830 0.80557 0.61128 
191	2	0.46101 0.87612 0.29731 0.28920 0.66615 0.56759 
192	2	0.20965 0.91699 0.21646 0.13167 0.66554 0.69420 
193	2	0.08766 0.87978 0.25052 0.07101 0.58551 0.79812 
194	2	0.46339 0.83251 0.33636 0.25675 0.56173 0.68852 
195	2	0.54404 0.70487 0.34296 0.34299 0.64848 0.57545 
196	2	0.55643 0.69734 0.37504 0.35876 0.57925 0.54842 
197	2	0.38970 0.92836 0.19621 0.21897 0.70547 0.62972 
198	2	0.44208 0.74010 0.42933 0.24606 0.53081 0.63689 
199	2	0.42976 0.62150 0.59199 0.24528 0.41874 0.63147 
200	3	0.69558 0.72758 0.37309 0.51965 0.67776 0.42956 
201	3	0.91497 0.66975 0.14517 0.85039 0.92183 0.14934 
202	3	0.66246 0.86765 0.22577 0.48119 0.77008 0.45772 
203	3	0.77993 0.86431 0.23440 0.65237 0.88950 0.26511 
204	3	0.89132 0.87946 0.10960 0.81404 0.94903 0.14863 
205	3	0.92812 0.49017 0.17842 0.87206 0.87862 0.13872 
206	3	0.50956 0.72939 0.26767 0.32599 0.74822 0.55131 
207	3	0.13940 0.67834 0.45819 0.08842 0.57784 0.77491 
208	3	0.38937 0.81428 0.31165 0.22338 0.68367 0.62583 
209	3	0.36134 0.72452 0.34589 0.18324 0.56126 0.72393 
210	3	0.80451 0.46701 0.10602 0.68242 0.81776 0.23846 
211	3	0.55872 0.80895 0.41922 0.37138 0.65394 0.51476 
212	3	0.22338 0.77533 0.30295 0.10566 0.54702 0.76373 
213	3	0.60792 0.85144 0.20821 0.41520 0.73540 0.48802 
214	3	0.45002 0.75572 0.30014 0.31676 0.79828 0.47748 
215	3	0.61128 0.71626 0.25568 0.41920 0.71369 0.51266 
216	3	0.26769 0.89886 0.26319 0.12102 0.53582 0.74565 
217	3	0.76777 0.69796 0.12597 0.62224 0.85006 0.34611 
218	3	0.26342 0.22883 0.53438 0.10877 0.32587 0.80859 
219	3	0.76305 0.65890 0.29597 0.61144 0.73593 0.37179 
220	3	0.19209 0.71596 0.46400 0.12946 0.52500 0.69754 
221	3	0.09105 0.62958 0.73692 0.05131 0.26083 0.84369 
222	3	0.97996 0.77816 0.08560 0.96255 0.96436 0.06522 
223	3	0.17154 0.88366 0.28130 0.09868 0.65082 0.73468 
224	3	0.66768 0.59539 0.40496 0.48684 0.64292 0.44597 
225	3	0.62298 0.87154 0.12111 0.45995 0.87278 0.37986 
226	3	0.90931 0.84892 0.15313 0.84327 0.93631 0.14786 
227	3	0.47625 0.86106 0.32757 0.31999 0.77382 0.50974 
228	3	0.42790 0.79427 0.32676 0.23689 0.67678 0.62521 
229	3	0.48228 0.78798 0.20771 0.28994 0.74272 0.57851 
230	3	0.59593 0.83375 0.28257 0.42680 0.73337 0.42603 
231	3	0.59196 0.72757 0.37737 0.39727 0.59242 0.52479 
232	3	0.47398 0.58068 0.26208 0.34885 0.73931 0.44282 
233	3	0.09789 0.46069 0.58098 0.05960 0.31940 0.85644 
234	3	0.47658 0.71015 0.28766 0.29268 0.64289 0.57733 
235	3	0.23574 0.37413 0.79339 0.18944 0.37769 0.61946 
236	3	0.36373 0.80175 0.05665 0.36406 0.85005 0.37915 
237	3	0.74760 0.67072 0.33458 0.59023 0.69881 0.37690 
238	3	0.45513 0.84099 0.35594 0.27547 0.67860 0.53773 
239	3	0.20492 0.72466 0.40608 0.12630 0.53673 0.75541 
240	3	0.26433 0.89402 0.21733 0.15964 0.70396 0.63830 
241	3	0.60715 0.90641 0.25636 0.44773 0.81696 0.40492 
242	3	0.24671 0.70517 0.31356 0.11360 0.59801 0.76404 
243	3	0.76828 0.90790 0.19408 0.62951 0.85574 0.29336 
244	3	0.68109 0.82353 0.25187 0.50720 0.77780 0.38041 
245	3	0.48342 0.92272 0.13221 0.31979 0.81651 0.50426 
246	3	0.20581 0.78640 0.32618 0.11833 0.65892 0.71871 
247	3	0.52189 0.71681 0.40134 0.32025 0.57642 0.56869 
248	3	0.17405 0.84356 0.19730 0.15343 0.77834 0.63797 
249	3	0.71116 0.84701 0.23323 0.55533 0.81301 0.35645 
250	3	0.10263 0.70014 0.43490 0.02607 0.47992 0.94147 
251	3	0.91308 0.58819 0.17808 0.84632 0.86280 0.16838 
252	3	0.62162 0.94797 0.11173 0.46277 0.91210 0.38378 
253	3	0.26965 0.53381 0.25312 0.20891 0.54020 0.60856 
254	3	0.20925 0.58884 0.48070 0.10205 0.44993 0.73546 
255	3	0.22383 0.58767 0.34537 0.12871 0.39775 0.68382 
256	3	0.16542 0.72772 0.45173 0.07050 0.45435 0.85194 
257	3	0.71102 0.88798 0.22157 0.54756 0.80440 0.37336 
258	3	0.88383 0.67309 0.16984 0.79944 0.89933 0.18063 
259	3	0.81775 0.52838 0.12803 0.69928 0.80460 0.24288 
260	3	0.26203 0.32897 0.90076 0.09377 0.18036 0.85819 
261	3	0.94973 0.45375 0.10143 0.90971 0.90790 0.09831 
262	3	0.63409 0.73610 0.08853 0.50452 0.92343 0.31230 
263	3	0.56759 0.51512 0.34345 0.36234 0.62061 0.57278 
264	3	0.54160 0.88207 0.31084 0.36107 0.69182 0.50723 
265	3	0.18974 0.53022 0.47777 0.07710 0.43604 0.81869 
266	3	0.43231 0.93203 0.24850 0.32410 0.78913 0.47133 
267	3	0.31198 0.58379 0.20454 0.30550 0.73035 0.45240 
268	3	1.00000 0.18359 0.01325 1.00000 1.00000 0.00000 
269	3	0.24077 0.89529 0.30884 0.19292 0.66678 0.60945 
270	3	0.28717 0.91066 0.28723 0.22434 0.71190 0.56014 
271	3	0.29021 0.90262 0.14656 0.20401 0.89209 0.52197 
272	3	0.36592 0.99404 0.09144 0.30924 0.90815 0.41190 
273	3	0.91062 0.46063 0.08961 0.84464 0.91960 0.13420 
274	3	0.59639 0.42786 0.06219 0.46396 0.80919 0.30279 
275	3	0.26058 0.55572 0.36174 0.22404 0.59001 0.60822 
276	3	0.67879 0.68992 0.31910 0.50147 0.72338 0.42437 
277	3	0.45551 0.62156 0.25545 0.32498 0.74457 0.49354 
278	3	0.36559 0.58219 0.20391 0.27380 0.67542 0.52876 
279	3	0.76589 0.19377 0.35636 0.62091 0.63104 0.31010 
280	3	0.58869 0.64852 0.43305 0.38783 0.57062 0.54193 
281	3	0.32984 0.70930 0.22092 0.22247 0.68446 0.64164 
282	3	0.58169 0.60490 0.15820 0.43567 0.83326 0.38051 
283	3	0.77694 0.44571 0.41159 0.63117 0.68599 0.36349 
284	3	0.43442 0.75552 0.28484 0.24575 0.65401 0.63064 
285	3	0.41103 0.68118 0.39077 0.21085 0.49604 0.68149 
286	3	0.13558 0.95997 0.12680 0.08473 0.71912 0.70577 
287	3	0.38428 0.87206 0.16790 0.28052 0.86469 0.50369 
288	3	0.24582 0.89243 0.22620 0.15788 0.74599 0.64304 
289	3	0.64320 0.52558 0.25301 0.45227 0.63160 0.48651 
290	3	0.47121 0.76407 0.29388 0.29122 0.70998 0.58070 
291	3	0.78099 0.47306 0.13279 0.64033 0.80170 0.31540 
292	3	0.36757 0.80489 0.23621 0.23385 0.81136 0.57025 
293	3	0.24151 0.66348 0.46963 0.11087 0.55966 0.77658 
294	3	0.39603 0.42882 0.07539 0.31191 0.69861 0.43204 
295	3	0.28318 0.80110 0.30304 0.16041 0.70974 0.67112 
296	3	0.39058 0.86513 0.27970 0.24620 0.75603 0.55027 
297	3	0.30854 0.87983 0.18719 0.23109 0.85585 0.51740 
298	3	0.46787 0.90837 0.15764 0.29124 0.85314 0.51950 
299	3	0.30367 0.72165 0.27919 0.26691 0.72606 0.51518 
300	4	0.34816 0.84639 0.03568 0.26434 0.84448 0.48937 
301	4	0.09620 0.35500 0.85480 0.01085 0.07076 0.97552 
302	4	0.86714 0.17678 0.24723 0.77081 0.79613 0.23052 
303	4	0.42611 0.53053 0.18459 0.27742 0.59203 0.54256 
304	4	0.28568 0.89878 0.29893 0.20177 0.65496 0.63650 
305	4	0.38659 0.75077 0.19948 0.22915 0.69972 0.58717 
306	4	0.14974 0.72659 0.56874 0.07142 0.36599 0.87176 
307	4	0.35876 0.95548 0.15396 0.20403 0.74876 0.61726 
308	4	0.39195 0.62789 0.29614 0.26740 0.64435 0.55431 
309	4	0.21155 0.21361 0.74245 0.07683 0.07905 0.85438 
310	4	0.49641 0.60659 0.36904 0.28398 0.47343 0.67650 
311	4	0.17941 0.71643 0.41223 0.08555 0.42419 0.77050 
312	4	0.06766 0.38112 1.00000 0.02141 0.04644 0.88788 
313	4	0.29325 0.63228 0.34279 0.22030 0.59465 0.62151 
314	4	0.69578 0.66159 0.14677 0.53255 0.77590 0.37030 
315	4	0.80049 0.70346 0.18287 0.66927 0.81384 0.30634 
316	4	0.38568 0.67081 0.25393 0.22835 0.73484 0.61997 
317	4	0.05462 0.75684 0.33052 0.04847 0.41190 0.79577 
318	4	0.31102 0.50018 0.50771 0.15662 0.34387 0.69961 
319	4	0.63351 0.95866 0.16799 0.47867 0.83497 0.36501 
320	4	0.46492 0.87926 0.17543 0.29840 0.73828 0.51226 
321	4	0.11283 0.43395 0.30929 0.07655 0.46583 0.79599 
322	4	0.56218 0.67439 0.36141 0.35563 0.57226 0.58076 
323	4	0.44216 0.70403 0.52289 0.23887 0.47549 0.67962 
324	4	0.34746 0.69986 0.26432 0.20216 0.60590 0.64428 
325	4	0.51107 0.36175 0.20769 0.34980 0.75742 0.50233 
326	4	0.09845 0.73996 0.47750 0.06561 0.37172 0.80525 
327	4	0.17303 0.65767 0.39207 0.07204 0.47055 0.80992 
328	4	0.46605 0.47874 0.66696 0.27174 0.46579 0.60701 
329	4	0.20521 0.50229 0.51274 0.15799 0.54314 0.70541 
330	4	0.28399 0.59822 0.49588 0.13115 0.38582 0.72954 
331	4	0.47304 0.70816 0.35539 0.27192 0.52903 0.60837 
332	4	0.16388 0.63315 0.55940 0.07548 0.46784 0.82440 
333	4	0.85570 0.39834 0.24551 0.75400 0.79199 0.22994 
334	4	0.37526 0.58450 0.39160 0.17598 0.45077 0.78402 
335	4	0.39511 0.97059 0.10030 0.28342 0.87021 0.45710 
336	4	0.58214 0.58995 0.16940 0.39936 0.75292 0.49751 
337	4	0.50814 0.59089 0.24287 0.32729 0.59851 0.53971 
338	4	0.62162 0.64817 0.35166 0.43068 0.64302 0.49408 
339	4	0.20908 0.66230 0.37146 0.09211 0.50527 0.78246 
340	4	0.47515 0.77692 0.24963 0.27556 0.53845 0.60705 
341	4	0.09077 0.48269 0.69759 0.04839 0.19727 0.87657 
342	4	0.34722 0.76619 0.18132 0.32672 0.83856 0.40885 
343	4	0.51194 0.75531 0.39783 0.32484 0.67624 0.53343 
344	4	0.12282 0.65327 0.49459 0.06738 0.36573 0.85118 
345	4	0.44964 0.56494 0.16271 0.29060 0.63475 0.53453 
346	4	0.82222 0.26359 0.11523 0.70725 0.89876 0.23251 
347	4	0.18981 0.81751 0.24691 0.14612 0.82223 0.61796 
348	4	0.02821 0.54485 0.57993 0.01843 0.11851 0.89846 
349	4	0.33522 0.50197 0.39001 0.15812 0.50311 0.76499 
350	4	0.45269 0.54772 0.26052 0.25953 0.63503 0.63590 
351	4	0.21281 0.39075 0.67215 0.08000 0.24094 0.84466 
352	4	0.82113 0.27105 0.30415 0.70081 0.74498 0.26964 
353	4	0.37891 0.62799 0.67519 0.20033 0.46984 0.72168 
354	4	0.97012 0.68342 0.08327 0.94561 0.94694 0.06725 
355	4	0.55967 0.74019 0.08923 0.42595 0.81396 0.36957 
356	4	0.48034 0.46252 0.34749 0.28578 0.48093 0.58180 
357	4	0.22199 0.32290 0.74099 0.09122 0.23444 0.78514 
358	4	0.10848 0.61280 0.60718 0.03020 0.24607 0.90259 
359	4	0.12875 0.78079 0.23327 0.09893 0.62516 0.74158 
360	4	0.74052 0.27540 0.05339 0.60896 0.85894 0.23376 
361	4	0.31579 0.83052 0.01829 0.21694 0.75366 0.51175 
362	4	0.43251 0.50023 0.27245 0.23651 0.54341 0.66799 
363	4	0.87531 0.53152 0.08591 0.78443 0.83714 0.21541 
364	4	0.23563 0.08465 0.77102 0.10445 0.07516 0.77849 
365	4	0.53219 0.76726 0.25168 0.34775 0.73131 0.50777 
366	4	0.38873 0.66846 0.48465 0.20054 0.50008 0.68026 
367	4	0.51799 0.66414 0.36638 0.31557 0.54523 0.59900 
368	4	0.66930 0.66034 0.39207 0.49080 0.68113 0.42654 
369	4	0.43303 0.67374 0.34996 0.25208 0.59528 0.59665 
370	4	0.19459 0.59919 0.66587 0.08725 0.32220 0.79416 
371	4	0.30431 0.91997 0.23560 0.16476 0.68320 0.69874 
372	4	0.00000 0.41597 0.88759 0.00000 0.00000 0.95479 
373	4	0.74343 0.63248 0.21481 0.60019 0.83921 0.31247 
374	4	0.19053 0.15448 0.91203 0.04179 0.13268 1.00000 
375	4	0.26841 0.74787 0.45017 0.16365 0.59094 0.65531 
376	4	0.67378 0.75720 0.19879 0.50006 0.77992 0.39208 
377	4	0.40790 0.68339 0.40752 0.21363 0.40630 0.68677 
378	4	0.92105 0.70473 0.00000 0.86864 0.98732 0.05817 
379	4	0.72806 0.73393 0.09975 0.58261 0.82995 0.29907 
380	4	0.77280 0.63782 0.00771 0.63964 0.87150 0.22712 
381	4	0.43064 0.64915 0.51340 0.22556 0.44878 0.71952 
382	4	0.12895 0.42731 0.16408 0.12939 0.52860 0.64738 
383	4	0.25967 0.14229 0.43021 0.23146 0.56320 0.58428 
384	4	0.59932 0.61537 0.04754 0.43065 0.69613 0.39090 
385	4	0.17418 0.77901 0.45545 0.07289 0.40704 0.84494 
386	4	0.48608 0.74430 0.14784 0.29780 0.66419 0.55107 
387	4	0.28888 0.79927 0.39557 0.15487 0.53145 0.68046 
388	4	0.26944 0.51784 0.42793 0.11801 0.35123 0.78257 
389	4	0.12551 0.57040 0.49609 0.08048 0.51330 0.77128 
390	4	0.20737 0.64633 0.20985 0.16000 0.69139 0.63412 
391	4	0.22084 0.79703 0.30388 0.10539 0.51429 0.77092 
392	4	0.27828 0.64233 0.08255 0.25128 0.74633 0.53680 
393	4	0.75690 0.54323 0.20459 0.60874 0.74783 0.34215 
394	4	0.41176 0.48090 0.18043 0.24121 0.61405 0.57406 
395	4	0.32183 0.36909 0.31761 0.20399 0.42035 0.59924 
396	4	0.31736 0.77384 0.28128 0.14944 0.47627 0.72744 
397	4	0.51537 0.58552 0.07959 0.33940 0.75698 0.48725 
398	4	0.18221 0.40769 0.60425 0.07008 0.20235 0.84724 
399	4	0.59401 0.83495 0.31172 0.39550 0.63488 0.52948 
400	5	0.76548 0.72188 0.32582 0.61868 0.76182 0.32588 
401	5	0.76421 0.71695 0.35411 0.61745 0.75936 0.32788 
402	5	0.72738 0.65292 0.41477 0.56310 0.68867 0.40521 
403	5	0.73036 0.71418 0.37819 0.56794 0.71203 0.37675 
404	5	0.76162 0.73632 0.34590 0.61342 0.74737 0.32654 
405	5	0.76329 0.73471 0.32042 0.61554 0.75800 0.32559 
406	5	0.73448 0.61382 0.37752 0.57488 0.72477 0.35595 
407	5	0.72340 0.69541 0.36915 0.55873 0.71190 0.37828 
408	5	0.73054 0.69465 0.39438 0.56901 0.71930 0.38548 
409	5	0.73194 0.72982 0.40624 0.57388 0.73394 0.35955 
410	5	0.76310 0.66259 0.40568 0.61489 0.74085 0.33212 
411	5	0.75144 0.75619 0.34160 0.59941 0.75923 0.33346 
412	5	0.74891 0.73801 0.34895 0.59650 0.73716 0.33693 
413	5	0.75529 0.73666 0.39756 0.61006 0.78136 0.31083 
414	5	0.77344 0.58958 0.40018 0.62951 0.74394 0.31645 
415	5	0.76163 0.65630 0.35741 0.61255 0.73382 0.33788 
416	5	0.76079 0.63964 0.39249 0.61172 0.74032 0.34130 
417	5	0.76624 0.66174 0.36975 0.61988 0.75970 0.32340 
418	5	0.73040 0.77227 0.31525 0.57271 0.75848 0.35920 
419	5	0.73796 0.70999 0.35794 0.58074 0.74032 0.35442 
420	5	0.76312 0.71193 0.38190 0.61743 0.77949 0.32473 
421	5	0.78015 0.64643 0.37265 0.63894 0.75202 0.31355 
422	5	0.76234 0.65850 0.34741 0.61455 0.76843 0.32875 
423	5	0.77987 0.67262 0.34745 0.63935 0.75741 0.31812 
424	5	0.70374 0.70984 0.42444 0.53422 0.69446 0.39358 
425	5	0.31011 0.57526 0.51823 0.13639 0.40416 0.76049 
426	5	0.79582 0.80481 0.28699 0.67116 0.84086 0.25314 
427	5	0.79507 0.76464 0.32263 0.66535 0.80432 0.27896 
428	5	0.66434 0.77794 0.41927 0.49686 0.73538 0.39284 
429	5	0.32648 0.63941 0.44082 0.15841 0.49752 0.75602 
430	5	0.65906 0.76092 0.44025 0.48977 0.71512 0.40123 
431	5	0.68575 0.72396 0.46277 0.51801 0.70739 0.38783 
432	5	0.25079 0.75453 0.46962 0.10485 0.51303 0.83599 
433	5	0.67679 0.74941 0.45496 0.51296 0.72581 0.37635 
434	5	0.14434 0.70589 0.53969 0.05302 0.40982 0.83915 
435	5	0.72678 0.66416 0.44497 0.56468 0.69860 0.36834 
436	5	0.72029 0.64476 0.46303 0.55488 0.67926 0.39193 
437	5	0.76354 0.58005 0.43868 0.61410 0.70868 0.35148 
438	5	0.82945 0.70621 0.30331 0.71309 0.80438 0.26235 
439	5	0.79660 0.70080 0.35460 0.66357 0.77512 0.30414 
440	5	0.79259 0.73140 0.32153 0.65788 0.77862 0.30588 
441	5	0.79366 0.74959 0.32888 0.66335 0.80686 0.27858 
442	5	0.79066 0.77056 0.30885 0.65895 0.81248 0.28258 
443	5	0.77853 0.72277 0.32767 0.63569 0.75531 0.35159 
444	5	0.77800 0.73833 0.31545 0.63626 0.77706 0.31471 
445	5	0.80975 0.79368 0.20417 0.68376 0.84285 0.29065 
446	5	0.72365 0.76244 0.37034 0.56497 0.75575 0.35844 
447	5	0.72969 0.68735 0.44278 0.56999 0.71385 0.36841 
448	5	0.69343 0.73637 0.42693 0.52591 0.71225 0.38585 
449	5	0.34568 0.73939 0.57975 0.19280 0.56320 0.66825 
450	5	0.71366 0.74950 0.38749 0.55058 0.72684 0.36828 
451	5	0.29722 0.77419 0.45867 0.15094 0.58892 0.72022 
452	5	0.73726 0.70891 0.40429 0.57997 0.72152 0.34979 
453	5	0.32761 0.82476 0.35298 0.18172 0.60522 0.65881 
454	5	0.82163 0.69777 0.32275 0.70117 0.80338 0.27058 
455	5	0.64195 0.81943 0.28445 0.47023 0.72281 0.40120 
456	5	0.77773 0.70996 0.33564 0.63579 0.76265 0.32294 
457	5	0.64126 0.73114 0.33200 0.46155 0.66895 0.42486 
458	5	0.81283 0.67076 0.32824 0.68739 0.78756 0.28040 
459	5	0.82935 0.70961 0.30591 0.71345 0.80831 0.25555 
460	5	0.76153 0.76023 0.24801 0.61793 0.77020 0.30283 
461	5	0.82352 0.69841 0.28907 0.70277 0.78111 0.27623 
462	5	0.82149 0.70450 0.30151 0.70003 0.78614 0.27630 
463	5	0.82137 0.68695 0.31083 0.70032 0.79260 0.27397 
464	5	0.76307 0.75149 0.29660 0.62180 0.78363 0.29922 
465	5	0.82079 0.71520 0.29186 0.70001 0.81504 0.26386 
466	5	0.80940 0.71125 0.27503 0.68548 0.79072 0.26341 
467	5	0.70440 0.76277 0.39340 0.53703 0.70903 0.38900 
468	5	0.78681 0.83481 0.24794 0.65449 0.83126 0.29086 
469	5	0.40305 0.86723 0.34980 0.25513 0.70950 0.55350 
470	5	0.28323 0.77927 0.52858 0.17794 0.49818 0.69561 
471	5	0.47556 0.86547 0.38141 0.37895 0.78650 0.41629 
472	5	0.28068 0.85514 0.36939 0.18512 0.71009 0.63537 
473	5	0.28948 0.86878 0.35130 0.19993 0.73611 0.60612 
474	5	0.78740 0.77328 0.30574 0.65473 0.82405 0.28274 
475	5	0.24941 0.55404 0.48110 0.12764 0.39155 0.72920 
476	5	0.16072 0.82420 0.41126 0.10580 0.52837 0.75650 
477	5	0.08884 0.72469 0.46519 0.05253 0.39425 0.83159 
478	5	0.29316 0.77084 0.43250 0.14052 0.53908 0.73650 
479	5	0.33545 0.71047 0.49786 0.15401 0.50201 0.76746 
480	5	0.20813 0.83361 0.38180 0.15501 0.60981 0.65495 
481	5	0.28137 0.74142 0.43552 0.12169 0.45284 0.77333 
482	5	0.38907 0.86878 0.38197 0.32687 0.74908 0.44577 
483	5	0.33077 0.86056 0.41226 0.32514 0.76760 0.44054 
484	5	0.34266 0.79937 0.42144 0.18521 0.57471 0.65452 
485	5	0.30922 0.85572 0.40005 0.25384 0.66356 0.56502 
486	5	0.36503 0.86206 0.39402 0.31797 0.74254 0.48696 
487	5	0.41422 0.74175 0.38311 0.25776 0.66861 0.56733 
488	5	0.42833 0.88918 0.34128 0.36640 0.79553 0.41872 
489	5	0.40983 0.90504 0.31178 0.35979 0.80128 0.41195 
490	5	0.28556 0.81428 0.48571 0.26402 0.67083 0.56832 
491	5	0.32334 0.84555 0.43513 0.30047 0.72373 0.47621 
492	5	0.35464 0.82705 0.45439 0.27197 0.66088 0.57362 
493	5	0.33147 0.82995 0.46871 0.30404 0.70646 0.46714 
494	5	0.29211 0.77836 0.54125 0.23078 0.62937 0.62590 
495	5	0.37245 0.91339 0.30265 0.34016 0.80928 0.43034 
496	5	0.16123 0.81386 0.40353 0.07763 0.42841 0.78157 
497	5	0.16149 0.73855 0.46568 0.08450 0.49622 0.76011 
498	5	0.21104 0.78660 0.28112 0.13379 0.65770 0.69477 
499	5	0.74447 0.71177 0.44083 0.59587 0.75678 0.33579 
500	6	0.82245 0.56477 0.09782 0.71311 0.89699 0.19515 
501	6	0.19578 0.85170 0.31075 0.10798 0.59941 0.73183 
502	6	0.25755 0.85075 0.27241 0.13447 0.58138 0.71907 
503	6	0.85485 0.92677 0.09807 0.75501 0.95790 0.20372 
504	6	0.65978 0.77854 0.28657 0.48140 0.73192 0.40895 
505	6	0.64804 0.60543 0.32924 0.46761 0.69409 0.42517 
506	6	0.96709 0.89426 0.07705 0.94058 0.99380 0.06748 
507	6	0.55337 1.00000 0.11157 0.40770 0.86366 0.37392 
508	6	0.48098 0.93383 0.22422 0.31244 0.73819 0.48068 
509	6	0.47198 0.85472 0.08286 0.39344 0.91002 0.36883 
510	6	0.18405 0.82467 0.32616 0.11346 0.55846 0.70960 
511	6	0.60360 0.53289 0.41642 0.41156 0.61901 0.49172 
512	6	0.65594 0.88824 0.22209 0.48465 0.82993 0.37996 
513	6	0.37209 0.85642 0.15479 0.26718 0.75811 0.53570 
514	6	0.60921 0.70398 0.36225 0.41549 0.67152 0.50429 
515	6	0.30211 0.74638 0.49751 0.14179 0.46638 0.73994 
516	6	0.32621 0.78992 0.30041 0.18285 0.58378 0.65262 
517	6	0.21117 0.77749 0.30413 0.18411 0.68946 0.60272 
518	6	0.64477 0.76242 0.36716 0.46588 0.74379 0.45733 
519	6	0.36853 0.78345 0.24830 0.18011 0.48698 0.69043 
520	6	0.54504 0.83493 0.32798 0.35437 0.74129 0.51726 
521	6	0.08230 0.74683 0.35213 0.05226 0.59205 0.83488 
522	6	0.25466 0.82635 0.27731 0.12456 0.56500 0.69950 
523	6	0.31497 0.81746 0.35146 0.20841 0.61834 0.62294 
524	6	0.08129 0.75693 0.48142 0.06512 0.52085 0.80116 
525	6	0.35422 0.83632 0.34061 0.20052 0.65071 0.63691 
526	6	0.71868 0.75624 0.34054 0.55211 0.73951 0.40060 
527	6	0.72105 0.81009 0.27279 0.55934 0.75687 0.38724 
528	6	0.56315 0.50190 0.23537 0.36577 0.65125 0.51584 
529	6	0.28205 0.81532 0.30728 0.16231 0.62581 0.68404 
530	6	0.46839 0.87951 0.27631 0.29912 0.76508 0.52606 
531	6	0.28370 0.88240 0.20122 0.20136 0.76047 0.61299 
532	6	0.27812 0.68155 0.40357 0.13849 0.63192 0.71669 
533	6	0.29601 0.78998 0.45133 0.17114 0.66630 0.65185 
534	6	0.21997 0.87806 0.24945 0.15137 0.70546 0.67011 
535	6	0.58318 0.55104 0.34249 0.38238 0.60403 0.53218 
536	6	0.07188 0.77423 0.40444 0.04764 0.39976 0.83415 
537	6	0.50475 0.52170 0.41594 0.29838 0.54957 0.60991 
538	6	0.62703 0.57572 0.08222 0.49100 0.85433 0.30792 
539	6	0.84737 0.67478 0.17784 0.74240 0.88282 0.22897 
540	6	0.42684 0.86120 0.21557 0.24792 0.70529 0.60706 
541	6	0.54091 0.80181 0.30304 0.35469 0.71590 0.51356 
542	6	0.50190 0.71337 0.44887 0.31155 0.64725 0.54434 
543	6	0.70614 0.23504 0.32775 0.53952 0.69482 0.39346 
544	6	0.59742 0.39505 0.48873 0.40434 0.60933 0.51521 
545	6	0.57193 0.36332 0.65526 0.37239 0.52548 0.51624 
546	6	0.48492 0.75256 0.45096 0.30793 0.67678 0.54172 
547	6	0.53674 0.67848 0.51522 0.34545 0.64842 0.51752 
548	6	0.75131 0.09213 0.52164 0.59562 0.62448 0.37461 
549	6	0.73404 0.45331 0.40455 0.57159 0.67170 0.39382 
550	6	0.52139 0.35083 0.51331 0.33143 0.57038 0.54721 
551	6	0.46374 0.59999 0.40606 0.28492 0.63330 0.58601 
552	6	0.70666 0.24074 0.42706 0.53955 0.63244 0.37387 
553	6	0.48798 0.78327 0.40939 0.31554 0.72666 0.51844 
554	6	0.51349 0.35212 0.86346 0.30181 0.43425 0.64557 
555	6	0.65808 0.50896 0.47597 0.47249 0.67286 0.47182 
556	6	0.64497 0.31686 0.67849 0.45585 0.57405 0.45819 
557	6	0.49457 0.34348 0.61456 0.29645 0.49831 0.61238 
558	6	0.68697 0.28338 0.51351 0.51328 0.66581 0.40296 
559	6	0.68690 0.42232 0.42943 0.51671 0.71930 0.39636 
560	6	0.52621 0.80451 0.24782 0.32982 0.69756 0.56700 
561	6	0.43814 0.86775 0.25708 0.26394 0.71671 0.55554 
562	6	0.49436 0.89688 0.22329 0.33442 0.74126 0.48738 
563	6	0.12907 0.68310 0.46571 0.07480 0.51976 0.78448 
564	6	0.46635 0.71394 0.41622 0.27009 0.59717 0.62102 
565	6	0.78366 0.98203 0.10084 0.66834 0.94404 0.21814 
566	6	0.88220 0.92310 0.09727 0.79910 0.95071 0.17226 
567	6	0.23041 0.82826 0.36417 0.12489 0.61128 0.69551 
568	6	0.32491 0.99164 0.04474 0.30475 0.90148 0.44418 
569	6	0.52608 0.73169 0.27574 0.33450 0.61005 0.52992 
570	6	0.50001 0.77258 0.36986 0.30828 0.67362 0.55412 
571	6	0.92323 0.80252 0.09386 0.86587 0.95723 0.11139 
572	6	0.55487 0.91703 0.18749 0.36049 0.77284 0.51385 
573	6	0.26746 0.71001 0.45555 0.15200 0.57013 0.68443 
574	6	0.80604 0.38928 0.26654 0.67929 0.79166 0.27817 
575	6	0.19374 0.83771 0.30438 0.10340 0.58684 0.74413 
576	6	0.51731 0.82315 0.28064 0.33164 0.75767 0.51004 
577	6	0.22778 0.74468 0.43674 0.13880 0.58880 0.67404 
578	6	0.13171 0.75298 0.45399 0.06932 0.49814 0.83210 
579	6	0.68531 0.81030 0.32583 0.52377 0.78978 0.36057 
580	6	0.56943 0.60365 0.36473 0.36772 0.61591 0.56471 
581	6	0.17944 0.83578 0.31118 0.09666 0.63187 0.73689 
582	6	0.74417 0.88505 0.18613 0.58793 0.81537 0.37193 
583	6	0.17066 0.78733 0.38955 0.11250 0.55416 0.74852 
584	6	0.38685 0.95705 0.11605 0.23394 0.88246 0.56407 
585	6	0.25709 0.82652 0.16846 0.16794 0.78178 0.65424 
586	6	0.25943 0.83648 0.30757 0.13918 0.65327 0.68228 
587	6	0.40499 0.91793 0.19699 0.26719 0.81000 0.50209 
588	6	0.23259 0.78542 0.36497 0.12336 0.60546 0.72984 
589	6	0.18743 0.94329 0.14309 0.16655 0.82162 0.58005 
590	6	0.30716 0.73764 0.53056 0.17316 0.60632 0.64871 
591	6	0.45261 0.68235 0.24760 0.30397 0.65708 0.51936 
592	6	0.47214 0.99211 0.14298 0.45885 0.96229 0.27100 
593	6	0.39936 0.88706 0.23523 0.23216 0.62784 0.59205 
594	6	0.66896 0.84157 0.27957 0.49966 0.80182 0.39602 
595	6	0.65097 0.96390 0.12905 0.50160 0.87432 0.31244 
596	6	0.71074 0.81618 0.20470 0.55103 0.82576 0.33938 
597	6	0.76939 0.81118 0.20148 0.62380 0.81842 0.33361 
598	6	0.78236 0.65137 0.22243 0.64374 0.80509 0.30885 
599	6	0.70325 0.63680 0.35882 0.53567 0.73180 0.37488 
