1400	14	6
0	1	0.21786 0.93534 0.01672 0.21736 0.98266 0.38277 
1	1	0.20403 0.38918 0.44788 0.14278 0.80055 0.54761 
2	1	0.12686 0.44653 0.44101 0.12986 0.79671 0.55983 
3	1	0.16598 0.38390 0.30997 0.16599 0.84214 0.48057 
4	1	0.14941 0.38404 0.33706 0.15298 0.85100 0.49034 
5	1	0.16036 0.40525 0.47231 0.14888 0.82675 0.53231 
6	1	0.13667 0.58955 0.37205 0.11946 0.85259 0.55532 
7	1	0.22900 0.40147 0.37552 0.17563 0.85216 0.48343 
8	1	0.29773 0.59619 0.27755 0.18023 0.87195 0.49218 
9	1	0.17349 0.44541 0.31963 0.17274 0.85625 0.48007 
10	1	0.23381 0.59296 0.22028 0.20952 0.89568 0.43078 
11	1	0.14378 0.91742 0.10359 0.11643 0.86584 0.57960 
12	1	0.15373 0.92926 0.05799 0.13868 0.89857 0.52445 
13	1	0.12580 0.93152 0.08286 0.12003 0.93143 0.54007 
14	1	0.16871 0.91442 0.07295 0.12224 0.89727 0.54655 
15	1	0.15871 0.92113 0.03422 0.14816 0.91506 0.48203 
16	1	0.20234 0.92377 0.04880 0.13079 0.89109 0.52592 
17	1	0.17540 0.90812 0.04304 0.17461 0.91565 0.46079 
18	1	0.15117 0.46138 0.35820 0.14991 0.86223 0.50500 
19	1	0.18367 0.58128 0.15987 0.21980 0.92878 0.38599 
20	1	0.20925 0.35998 0.26782 0.22516 0.89692 0.40158 
21	1	0.20016 0.43995 0.32105 0.17196 0.89190 0.46516 
22	1	0.23202 0.25058 0.57535 0.15487 0.78549 0.54652 
23	1	0.17066 0.36974 0.45472 0.12976 0.80176 0.55920 
24	1	0.15775 0.40910 0.36478 0.16529 0.87299 0.47999 
25	1	0.12540 0.54114 0.32319 0.15220 0.86638 0.50215 
26	1	0.21721 0.46789 0.30123 0.16303 0.85468 0.49247 
27	1	0.16073 0.27050 0.54765 0.14216 0.80241 0.54963 
28	1	0.16143 0.95406 0.01057 0.17144 0.95211 0.44113 
29	1	0.21140 0.36013 0.35211 0.17831 0.84970 0.47649 
30	1	0.15464 0.59332 0.31708 0.15888 0.86466 0.50235 
31	1	0.18343 0.56573 0.14973 0.21966 0.94955 0.36619 
32	1	0.19573 0.54855 0.13661 0.22579 0.95069 0.35541 
33	1	0.17686 0.54510 0.19335 0.21273 0.93106 0.39064 
34	1	0.18715 0.55472 0.27644 0.17822 0.88166 0.46800 
35	1	0.14620 0.44403 0.28807 0.17457 0.89314 0.45376 
36	1	0.18345 0.38402 0.26290 0.20873 0.90128 0.41511 
37	1	0.08036 0.72161 0.24298 0.04500 0.50509 0.77065 
38	1	0.18705 0.81898 0.17091 0.08247 0.62892 0.70506 
39	1	0.26050 0.74067 0.19320 0.11276 0.58721 0.67012 
40	1	0.31183 0.35419 0.24015 0.20403 0.48010 0.53963 
41	1	0.17981 0.72237 0.20672 0.07883 0.51284 0.71327 
42	1	0.09114 0.84759 0.21352 0.03421 0.51501 0.81055 
43	1	0.14543 0.60458 0.36484 0.05959 0.40405 0.78735 
44	1	0.25962 0.48745 0.24170 0.16465 0.44292 0.59345 
45	1	0.14815 0.74140 0.19412 0.08948 0.65062 0.67169 
46	1	0.09087 0.64785 0.27429 0.04039 0.44181 0.77387 
47	1	0.13607 0.72962 0.19313 0.08220 0.60604 0.69112 
48	1	0.11105 0.68176 0.23337 0.06722 0.50797 0.72405 
49	1	0.11579 0.68364 0.33901 0.04990 0.47814 0.80342 
50	1	0.17847 0.73351 0.21651 0.07506 0.52366 0.72082 
51	1	0.16253 0.63472 0.30110 0.05069 0.42540 0.79046 
52	1	0.09583 0.71951 0.25238 0.05197 0.50005 0.76750 
53	1	0.37408 0.73527 0.20735 0.16405 0.60836 0.64908 
54	1	0.26953 0.51845 0.20782 0.12168 0.43762 0.63345 
55	1	0.24031 0.38363 0.24160 0.14780 0.50835 0.60714 
56	1	0.16204 0.76611 0.13555 0.11123 0.71625 0.60590 
57	1	0.45923 0.28346 0.19231 0.28019 0.56053 0.47520 
58	1	0.17074 0.81789 0.15973 0.11260 0.66435 0.65849 
59	1	0.25815 0.76678 0.22639 0.11842 0.53679 0.68890 
60	1	0.27085 0.28863 0.28317 0.13097 0.48376 0.62838 
61	1	0.16169 0.33296 0.34326 0.06442 0.32976 0.72155 
62	1	0.50337 0.57081 0.21066 0.26076 0.58573 0.53917 
63	1	0.38464 0.76933 0.12282 0.20982 0.64813 0.54806 
64	1	0.21420 0.66609 0.18830 0.11521 0.57271 0.64039 
65	1	0.15346 0.69868 0.21994 0.06582 0.49133 0.73056 
66	1	0.11709 0.44140 0.30677 0.06737 0.45988 0.72037 
67	1	0.15846 0.59259 0.24961 0.08346 0.52730 0.68649 
68	1	0.28665 0.53952 0.14374 0.19593 0.64047 0.51448 
69	1	0.15660 0.70542 0.22255 0.07381 0.50821 0.72622 
70	1	0.20828 0.74469 0.22329 0.09297 0.59006 0.69296 
71	1	0.14149 0.76177 0.19154 0.06430 0.51108 0.72060 
72	1	0.09374 0.72183 0.29499 0.03642 0.44584 0.81774 
73	1	0.07737 0.68319 0.24854 0.04568 0.48170 0.77138 
74	1	0.15723 0.74031 0.25337 0.05335 0.48395 0.77669 
75	1	0.22543 0.43240 0.32481 0.08601 0.39267 0.71588 
76	1	0.07694 0.64973 0.25897 0.05410 0.47689 0.75225 
77	1	0.10101 0.62186 0.26965 0.05350 0.46976 0.74779 
78	1	0.08414 0.73341 0.25281 0.04767 0.49845 0.78269 
79	1	0.10092 0.80374 0.13919 0.07996 0.63348 0.67943 
80	1	0.11828 0.67570 0.24686 0.05795 0.48220 0.74280 
81	1	0.14316 0.77912 0.19988 0.05618 0.54379 0.75134 
82	1	0.12777 0.66376 0.32199 0.04320 0.43888 0.81942 
83	1	0.14456 0.52818 0.24226 0.08269 0.50193 0.66928 
84	1	0.29569 0.63750 0.16833 0.14469 0.56458 0.59991 
85	1	0.21476 0.46734 0.25251 0.11053 0.47555 0.64416 
86	1	0.13710 0.63373 0.20827 0.07201 0.51635 0.69045 
87	1	0.05791 0.77889 0.34857 0.02258 0.38482 0.86655 
88	1	0.02887 0.81777 0.24605 0.02152 0.45953 0.84564 
89	1	0.12132 0.78272 0.18134 0.04648 0.48495 0.74888 
90	1	0.19989 0.27776 0.29604 0.10881 0.42171 0.64882 
91	1	0.09907 0.69879 0.26714 0.04260 0.47517 0.78347 
92	1	0.16997 0.81723 0.13704 0.09253 0.64122 0.66609 
93	1	0.10578 0.75686 0.26421 0.04717 0.52016 0.77847 
94	1	0.09756 0.70886 0.26531 0.05876 0.54762 0.75171 
95	1	0.06092 0.79809 0.25616 0.03152 0.47161 0.82451 
96	1	0.10078 0.78956 0.21898 0.05047 0.51477 0.77615 
97	1	0.13111 0.79724 0.18278 0.05681 0.57141 0.73661 
98	1	0.13813 0.80420 0.21563 0.06099 0.54500 0.76309 
99	1	0.08842 0.80868 0.24462 0.03950 0.52954 0.80601 
100	2	0.08938 0.70665 0.17468 0.05489 0.36185 0.69988 
101	2	0.18579 0.79041 0.18922 0.07060 0.39200 0.71597 
102	2	0.16579 0.77285 0.22074 0.05995 0.36759 0.74249 
103	2	0.18969 0.77516 0.20388 0.06959 0.37051 0.73282 
104	2	0.16523 0.74584 0.14620 0.08018 0.45041 0.65522 
105	2	0.08629 0.74746 0.18584 0.04381 0.36328 0.74560 
106	2	0.14011 0.76063 0.28427 0.03221 0.31332 0.83105 
107	2	0.09779 0.75948 0.23093 0.03791 0.36110 0.78345 
108	2	0.18671 0.70083 0.22246 0.07678 0.39207 0.70727 
109	2	0.11107 0.78963 0.21308 0.05844 0.35418 0.74125 
110	2	0.13071 0.90049 0.14206 0.06070 0.39044 0.74322 
111	2	0.11395 0.76391 0.20290 0.04305 0.37738 0.76246 
112	2	0.03870 0.74656 0.24999 0.02737 0.30589 0.81966 
113	2	0.12031 0.76569 0.19974 0.04986 0.38811 0.74533 
114	2	0.06856 0.72516 0.19732 0.04064 0.35288 0.75972 
115	2	0.06183 0.80735 0.20558 0.03422 0.36893 0.79698 
116	2	0.08984 0.84435 0.16068 0.03818 0.40263 0.77053 
117	2	0.08138 0.72005 0.19160 0.04835 0.34760 0.73702 
118	2	0.06223 0.83599 0.19238 0.02579 0.36014 0.82267 
119	2	0.16834 0.79926 0.21324 0.05667 0.38768 0.75803 
120	2	0.11266 0.78274 0.24592 0.03318 0.33503 0.82414 
121	2	0.17381 0.79494 0.27298 0.04480 0.32455 0.81820 
122	2	0.09229 0.76941 0.26055 0.03610 0.34054 0.80159 
123	2	0.15124 0.77789 0.27169 0.04852 0.34761 0.79459 
124	2	0.12237 0.71948 0.30474 0.05263 0.34339 0.78051 
125	2	0.09291 0.73946 0.30236 0.02844 0.30202 0.83721 
126	2	0.05986 0.77133 0.23912 0.02674 0.32041 0.82481 
127	2	0.05101 0.70479 0.38188 0.01219 0.22310 0.89597 
128	2	0.03637 0.81810 0.30117 0.00302 0.24666 0.94001 
129	2	0.03480 0.78595 0.26987 0.01293 0.28321 0.88577 
130	2	0.03757 0.76911 0.24834 0.01343 0.29431 0.86087 
131	2	0.05431 0.78722 0.25803 0.01883 0.29936 0.86024 
132	2	0.03996 0.67905 0.31896 0.01635 0.23429 0.87138 
133	2	0.04543 0.76065 0.33847 0.01298 0.23133 0.90140 
134	2	0.03701 0.75535 0.29059 0.01282 0.26771 0.86896 
135	2	0.03107 0.73223 0.30948 0.01047 0.24205 0.88521 
136	2	0.00059 0.72530 0.34448 0.00367 0.21197 0.92342 
137	2	0.04047 0.67286 0.34677 0.01416 0.23606 0.87897 
138	2	0.02839 0.70985 0.25706 0.01899 0.28071 0.82690 
139	2	0.16324 0.89261 0.29572 0.03329 0.42956 0.87113 
140	2	0.03999 0.78958 0.23800 0.01813 0.29534 0.84363 
141	2	0.07484 0.68840 0.22669 0.03300 0.33117 0.77317 
142	2	0.02579 0.76206 0.23930 0.01460 0.27228 0.85113 
143	2	0.05870 0.79445 0.22334 0.01738 0.30869 0.84687 
144	2	0.06005 0.81674 0.19894 0.02434 0.31097 0.82836 
145	2	0.04980 0.79601 0.21703 0.02042 0.28767 0.83363 
146	2	0.05804 0.62517 0.30108 0.02719 0.22247 0.82247 
147	2	0.06212 0.71203 0.26152 0.02098 0.27089 0.84234 
148	2	0.03816 0.73193 0.21010 0.02299 0.26487 0.80196 
149	2	0.03806 0.61353 0.26692 0.02393 0.26980 0.80118 
150	2	0.01331 0.68158 0.28610 0.01313 0.20599 0.86144 
151	2	0.01442 0.54448 0.38644 0.01150 0.13408 0.87679 
152	2	0.05054 0.52682 0.28368 0.03024 0.21189 0.78802 
153	2	0.05600 0.59919 0.30527 0.02421 0.19644 0.82963 
154	2	0.06177 0.47751 0.28488 0.03428 0.22212 0.77184 
155	2	0.07594 0.53004 0.40182 0.02006 0.12402 0.87148 
156	2	0.03811 0.56905 0.35254 0.01638 0.15145 0.86085 
157	2	0.04926 0.58063 0.29755 0.02085 0.22347 0.82237 
158	2	0.01320 0.62031 0.31949 0.01279 0.18411 0.86119 
159	2	0.02773 0.53337 0.29333 0.02183 0.20718 0.80803 
160	2	0.07730 0.45052 0.37252 0.02938 0.14341 0.81893 
161	2	0.06044 0.39090 0.42932 0.02058 0.11133 0.85725 
162	2	0.02749 0.58155 0.38471 0.01160 0.12861 0.89310 
163	2	0.00136 0.58465 0.36733 0.00832 0.13298 0.89406 
164	2	0.05808 0.50745 0.41951 0.02121 0.10722 0.86192 
165	2	0.00157 0.55563 0.38321 0.00558 0.11859 0.90428 
166	2	0.02446 0.39961 0.47375 0.00687 0.05460 0.91043 
167	2	0.00000 0.52731 0.47115 0.00069 0.05710 0.94925 
168	2	0.05441 0.23790 0.49172 0.01766 0.04136 0.86547 
169	2	0.01315 0.52770 0.40117 0.00865 0.10021 0.89344 
170	2	0.03661 0.35286 0.42314 0.01947 0.08192 0.85400 
171	2	0.03720 0.31284 0.40431 0.01850 0.09038 0.83956 
172	2	0.03372 0.32073 0.44158 0.01484 0.08117 0.85885 
173	2	0.03093 0.07842 0.46999 0.01818 0.04855 0.83753 
174	2	0.02657 0.25088 0.43093 0.01934 0.09405 0.83743 
175	2	0.03166 0.36107 0.40966 0.01492 0.08915 0.85165 
176	2	0.03967 0.31239 0.50845 0.01322 0.05838 0.87095 
177	2	0.04489 0.32545 0.56846 0.00940 0.01534 0.91252 
178	2	0.01597 0.28234 0.47673 0.00969 0.06639 0.88117 
179	2	0.01475 0.29983 0.60409 0.00192 0.00387 0.94099 
180	2	0.03182 0.44051 0.46199 0.00882 0.04337 0.89652 
181	2	0.02215 0.28672 0.49140 0.01322 0.04628 0.87347 
182	2	0.04500 0.21799 0.46143 0.01967 0.05775 0.84161 
183	2	0.03203 0.37489 0.55692 0.00576 0.00143 0.92989 
184	2	0.02924 0.15076 0.52062 0.01088 0.01969 0.87108 
185	2	0.02373 0.00000 0.45239 0.01731 0.05673 0.83004 
186	2	0.02837 0.07378 0.44847 0.01894 0.05491 0.82818 
187	2	0.03430 0.15634 0.38681 0.02521 0.09320 0.80266 
188	2	0.04706 0.17347 0.42695 0.02266 0.06839 0.82584 
189	2	0.03018 0.34419 0.48421 0.00875 0.04057 0.89295 
190	2	0.02517 0.37499 0.42546 0.01581 0.07951 0.85675 
191	2	0.02255 0.32052 0.44799 0.01262 0.05898 0.86179 
192	2	0.00697 0.14099 0.53084 0.00783 0.01821 0.88980 
193	2	0.01844 0.24474 0.47028 0.01201 0.04890 0.86723 
194	2	0.03047 0.05554 0.57245 0.01079 0.00000 0.88145 
195	2	0.04678 0.32064 0.36154 0.02898 0.11990 0.79875 
196	2	0.05002 0.67202 0.21564 0.03440 0.27288 0.76082 
197	2	0.09202 0.63406 0.19506 0.06372 0.31418 0.68954 
198	2	0.14731 0.69317 0.21875 0.05488 0.29533 0.74437 
199	2	0.07579 0.77084 0.19115 0.04094 0.31351 0.76682 
200	3	0.28130 0.78903 0.15823 0.22326 0.69793 0.49686 
201	3	0.31524 0.48231 0.44664 0.16334 0.49673 0.61222 
202	3	0.14058 0.67444 0.31283 0.10404 0.52938 0.64804 
203	3	0.14305 0.65410 0.30364 0.10401 0.52568 0.64930 
204	3	0.26143 0.70800 0.24637 0.13858 0.54311 0.58947 
205	3	0.29943 0.64824 0.33162 0.15158 0.53454 0.61084 
206	3	0.23299 0.65822 0.33708 0.11313 0.53897 0.65896 
207	3	0.19747 0.62476 0.37094 0.12810 0.49009 0.63365 
208	3	0.22605 0.57097 0.38278 0.14981 0.51572 0.59488 
209	3	0.21948 0.44916 0.53895 0.13878 0.47541 0.63995 
210	3	0.20236 0.58182 0.37485 0.10936 0.52276 0.64556 
211	3	0.21639 0.58947 0.33872 0.12418 0.51910 0.62336 
212	3	0.22775 0.54812 0.40302 0.11869 0.50333 0.66661 
213	3	0.19336 0.57610 0.39459 0.12498 0.51780 0.65659 
214	3	0.22116 0.63604 0.34310 0.12945 0.50486 0.63722 
215	3	0.25507 0.65161 0.31393 0.12109 0.51602 0.64169 
216	3	0.16346 0.59711 0.44424 0.10313 0.50011 0.68328 
217	3	0.27047 0.59344 0.34578 0.14591 0.52973 0.62167 
218	3	0.15470 0.70253 0.26855 0.11063 0.56468 0.63095 
219	3	0.15652 0.73590 0.33045 0.08073 0.46958 0.73884 
220	3	0.26089 0.72432 0.27614 0.14146 0.52875 0.61903 
221	3	0.18276 0.68349 0.32892 0.12252 0.54856 0.64260 
222	3	0.15455 0.65268 0.33997 0.11199 0.55093 0.65409 
223	3	0.36793 0.65773 0.36382 0.18805 0.57488 0.60746 
224	3	0.22786 0.67581 0.33796 0.13045 0.57389 0.64113 
225	3	0.44103 0.70675 0.33003 0.23721 0.63178 0.55465 
226	3	0.35929 0.71251 0.37604 0.19819 0.62011 0.58370 
227	3	0.31852 0.73944 0.28673 0.19117 0.65379 0.57339 
228	3	0.51570 0.60823 0.41737 0.34414 0.68719 0.48022 
229	3	0.34636 0.58218 0.36389 0.17695 0.45799 0.61151 
230	3	0.22199 0.64834 0.40839 0.11989 0.50214 0.67242 
231	3	0.20727 0.64596 0.43158 0.09493 0.45271 0.70868 
232	3	0.18804 0.63579 0.40134 0.09274 0.47074 0.70284 
233	3	0.20359 0.68676 0.38592 0.08745 0.48595 0.71924 
234	3	0.31199 0.61563 0.45774 0.14239 0.45596 0.66581 
235	3	0.28539 0.67018 0.43919 0.12279 0.47906 0.68594 
236	3	0.25609 0.60655 0.45647 0.15951 0.47778 0.63664 
237	3	0.37225 0.40573 0.80065 0.26195 0.55777 0.58941 
238	3	0.45147 0.69109 0.38034 0.21486 0.60142 0.62064 
239	3	0.22660 0.70793 0.33140 0.14335 0.55456 0.64391 
240	3	0.22485 0.73411 0.35535 0.14020 0.54413 0.64878 
241	3	0.20383 0.62375 0.43909 0.12622 0.49385 0.66424 
242	3	0.41032 0.48810 0.47152 0.22598 0.47412 0.58310 
243	3	0.21611 0.61534 0.36099 0.12877 0.51146 0.63573 
244	3	0.21825 0.59869 0.42378 0.12638 0.51031 0.65234 
245	3	0.24602 0.60968 0.43424 0.14386 0.51477 0.64649 
246	3	0.37843 0.63965 0.40776 0.18845 0.49426 0.61465 
247	3	0.19193 0.75902 0.34389 0.08399 0.52015 0.72940 
248	3	0.27601 0.71138 0.34532 0.13503 0.53656 0.64406 
249	3	0.21083 0.61753 0.50054 0.10697 0.46932 0.69442 
250	3	0.36755 0.64639 0.38198 0.16748 0.50223 0.64905 
251	3	0.46299 0.58566 0.43632 0.22279 0.47902 0.61599 
252	3	0.32381 0.65504 0.37965 0.16817 0.50912 0.63986 
253	3	0.34997 0.60449 0.42077 0.21949 0.49315 0.58012 
254	3	0.42271 0.68194 0.37566 0.19507 0.53196 0.63235 
255	3	0.54704 0.51310 0.61313 0.27968 0.51663 0.59714 
256	3	0.26113 0.66511 0.37999 0.15165 0.56533 0.62214 
257	3	0.29059 0.50337 0.59512 0.17934 0.47945 0.63351 
258	3	0.24734 0.71175 0.33769 0.15758 0.58232 0.61186 
259	3	0.34163 0.70984 0.44106 0.16651 0.54272 0.65954 
260	3	0.38545 0.78186 0.27061 0.20375 0.66705 0.57568 
261	3	0.48852 0.69112 0.39461 0.35509 0.65894 0.50197 
262	3	0.38503 0.68975 0.28261 0.28076 0.63392 0.50078 
263	3	0.35677 0.65250 0.43306 0.17180 0.54903 0.64622 
264	3	0.43076 0.65269 0.37669 0.19937 0.55204 0.62961 
265	3	0.35772 0.70593 0.33085 0.17481 0.55708 0.62180 
266	3	0.31267 0.58935 0.43694 0.17536 0.56285 0.62222 
267	3	0.46116 0.60342 0.42230 0.31031 0.57476 0.54253 
268	3	0.59360 0.66230 0.35083 0.31751 0.62264 0.54851 
269	3	0.48932 0.59505 0.48983 0.32593 0.60771 0.55756 
270	3	0.44896 0.64954 0.53430 0.34162 0.65626 0.52160 
271	3	0.46515 0.65198 0.44767 0.32354 0.65791 0.51051 
272	3	0.51239 0.62105 0.46799 0.37039 0.67841 0.48696 
273	3	0.58193 0.67650 0.45114 0.35344 0.68883 0.48993 
274	3	0.77057 0.68072 0.40938 0.51824 0.71329 0.42858 
275	3	0.45939 0.59753 0.52544 0.33314 0.67380 0.50276 
276	3	0.72925 0.65703 0.35710 0.49000 0.72798 0.42671 
277	3	0.44054 0.66516 0.44430 0.33113 0.67838 0.49733 
278	3	0.58689 0.65455 0.46974 0.35956 0.71192 0.49312 
279	3	0.50280 0.52122 0.66160 0.32825 0.65214 0.51382 
280	3	0.93299 0.61223 0.53449 0.65380 0.67222 0.42104 
281	3	0.59722 0.60603 0.46512 0.44843 0.69321 0.44574 
282	3	0.41258 0.71850 0.37238 0.29214 0.67262 0.53042 
283	3	0.38496 0.67555 0.39036 0.25261 0.64631 0.55569 
284	3	0.55994 0.71021 0.32821 0.35177 0.68806 0.49562 
285	3	0.41057 0.66684 0.43289 0.26989 0.64116 0.56365 
286	3	0.44169 0.63902 0.50434 0.27753 0.62478 0.56888 
287	3	0.49309 0.61686 0.34807 0.30594 0.64329 0.52049 
288	3	0.39359 0.66785 0.47518 0.19173 0.56777 0.65612 
289	3	0.35025 0.64621 0.43015 0.18765 0.59227 0.62875 
290	3	0.32621 0.63012 0.43286 0.22031 0.62833 0.59450 
291	3	0.40082 0.72162 0.41243 0.27029 0.68216 0.53783 
292	3	0.39653 0.49040 0.84635 0.26690 0.60421 0.58227 
293	3	0.44188 0.44523 0.70148 0.26481 0.60175 0.59582 
294	3	0.37755 0.66884 0.40213 0.19528 0.58430 0.61448 
295	3	0.35306 0.39647 0.64336 0.21000 0.55759 0.61411 
296	3	0.49796 0.58420 0.48448 0.26056 0.58680 0.59366 
297	3	0.17121 0.67153 0.47504 0.10080 0.53989 0.70836 
298	3	0.45315 0.68934 0.38486 0.27396 0.64101 0.54826 
299	3	0.30813 0.69391 0.41566 0.23473 0.63066 0.55671 
300	4	0.44394 0.90640 0.09651 0.42394 0.89345 0.30105 
301	4	0.44381 0.89706 0.05190 0.47897 0.94401 0.21722 
302	4	0.33037 0.89009 0.21693 0.27745 0.82012 0.45521 
303	4	0.32619 0.94525 0.08379 0.29861 0.82924 0.42577 
304	4	0.38801 0.98396 0.02302 0.33284 0.96325 0.36849 
305	4	0.19903 0.94595 0.12601 0.22054 0.81265 0.48907 
306	4	0.42258 0.94091 0.07580 0.39884 0.87524 0.34035 
307	4	0.36077 0.95724 0.04209 0.34426 0.87020 0.35422 
308	4	0.29517 0.96698 0.07614 0.22545 0.81107 0.49055 
309	4	0.45780 0.92562 0.08857 0.42158 0.90182 0.31371 
310	4	0.58498 0.93788 0.01040 0.51859 0.94692 0.19107 
311	4	0.51432 0.93248 0.02575 0.43765 0.91996 0.24222 
312	4	0.57106 0.94073 0.01260 0.53701 0.94533 0.18558 
313	4	0.37899 0.93247 0.08221 0.35457 0.88720 0.33750 
314	4	0.33454 0.91957 0.10832 0.30827 0.85818 0.37982 
315	4	0.30095 0.93352 0.12463 0.29722 0.83738 0.40870 
316	4	0.36607 0.91486 0.10784 0.35185 0.85044 0.35629 
317	4	0.30388 0.93191 0.08376 0.31021 0.86626 0.37342 
318	4	0.34027 0.93992 0.07935 0.30766 0.86253 0.38467 
319	4	0.29824 0.91727 0.13413 0.31502 0.85128 0.39388 
320	4	0.39111 0.93284 0.10336 0.32839 0.86685 0.37942 
321	4	0.41350 0.94795 0.08623 0.32908 0.84850 0.40506 
322	4	0.27704 0.95067 0.16261 0.22070 0.79875 0.51895 
323	4	0.24025 0.93074 0.18071 0.23418 0.79580 0.51146 
324	4	0.25783 0.95136 0.09245 0.26473 0.83782 0.43430 
325	4	0.65672 0.92366 0.16813 0.44322 0.84183 0.38329 
326	4	0.43867 0.93401 0.08220 0.38408 0.87874 0.33626 
327	4	0.36689 0.95167 0.08874 0.31530 0.85148 0.41802 
328	4	0.47844 0.92991 0.10242 0.41000 0.87948 0.33955 
329	4	0.29632 0.90509 0.27212 0.21147 0.75011 0.56180 
330	4	0.29399 0.94024 0.07792 0.24651 0.80790 0.43893 
331	4	0.30152 0.94068 0.10814 0.21168 0.78606 0.50575 
332	4	0.31203 0.93113 0.09815 0.22145 0.78613 0.47664 
333	4	0.38636 0.92895 0.13559 0.25622 0.77363 0.48005 
334	4	0.32556 0.94628 0.13310 0.20830 0.76609 0.53799 
335	4	0.23326 0.93765 0.12593 0.18392 0.75481 0.54182 
336	4	0.23628 0.95677 0.09286 0.12409 0.77936 0.61616 
337	4	0.23909 0.94450 0.09936 0.17083 0.80533 0.54185 
338	4	0.26112 0.95671 0.10158 0.17179 0.81551 0.56216 
339	4	0.22463 0.93164 0.12114 0.15399 0.80949 0.56352 
340	4	0.22838 0.95017 0.10924 0.16669 0.78735 0.55589 
341	4	0.26100 0.96122 0.06995 0.18973 0.81180 0.53458 
342	4	0.24671 0.95286 0.13001 0.13613 0.74220 0.62131 
343	4	0.20663 0.96735 0.03744 0.14825 0.85813 0.53590 
344	4	0.25233 0.95206 0.10004 0.16766 0.78303 0.56090 
345	4	0.26231 0.95207 0.08511 0.16686 0.80122 0.55042 
346	4	0.44668 0.94776 0.05659 0.25441 0.81544 0.47198 
347	4	0.30554 0.94681 0.09655 0.20081 0.77055 0.52395 
348	4	0.23833 0.97238 0.06019 0.19177 0.84732 0.52874 
349	4	0.24019 0.94474 0.11226 0.16203 0.77764 0.57385 
350	4	0.26338 0.96792 0.07918 0.17646 0.80703 0.56182 
351	4	0.23119 0.95962 0.10351 0.17496 0.76741 0.57417 
352	4	0.43176 0.95949 0.06084 0.23658 0.85250 0.49155 
353	4	0.29942 0.94095 0.06326 0.21754 0.83879 0.46506 
354	4	0.19570 0.94388 0.11305 0.13118 0.73428 0.60932 
355	4	0.28648 0.91989 0.07891 0.19756 0.77441 0.49501 
356	4	0.59166 0.93436 0.13433 0.41681 0.78585 0.41136 
357	4	0.51534 0.92806 0.14708 0.28993 0.75342 0.51443 
358	4	0.48712 0.95219 0.05807 0.32889 0.82077 0.41883 
359	4	0.41471 0.94350 0.06420 0.34603 0.82093 0.39062 
360	4	0.55039 0.95538 0.06524 0.35407 0.81797 0.42178 
361	4	0.40860 0.94780 0.08176 0.22067 0.81863 0.53117 
362	4	0.71335 0.94028 0.08620 0.49426 0.80073 0.36525 
363	4	0.42990 0.93508 0.10140 0.30931 0.78839 0.42075 
364	4	0.51353 0.90437 0.14243 0.39952 0.79003 0.38652 
365	4	0.54258 0.92432 0.08450 0.44304 0.82319 0.34528 
366	4	0.54828 0.94475 0.06524 0.50003 0.82856 0.32609 
367	4	0.66132 0.93554 0.07058 0.52516 0.83122 0.31196 
368	4	0.61408 0.93192 0.11634 0.41550 0.78907 0.41132 
369	4	0.42211 0.93819 0.10072 0.30696 0.77508 0.43775 
370	4	0.50825 0.91554 0.11256 0.38165 0.80839 0.38610 
371	4	0.28627 0.96376 0.03378 0.23430 0.80669 0.44184 
372	4	0.30746 0.95828 0.02501 0.29690 0.84778 0.38385 
373	4	0.30853 0.96303 0.05208 0.19597 0.77923 0.49885 
374	4	0.23565 0.95773 0.05366 0.19975 0.78708 0.48187 
375	4	0.23156 0.96548 0.04527 0.18508 0.79547 0.49512 
376	4	0.37001 0.95421 0.02172 0.30909 0.85599 0.36242 
377	4	0.29956 0.95876 0.04020 0.22125 0.80128 0.45490 
378	4	0.25490 0.95286 0.05666 0.22314 0.79158 0.47056 
379	4	0.21621 0.97851 0.02818 0.15927 0.79458 0.53017 
380	4	0.24161 0.93772 0.11344 0.16859 0.77987 0.55104 
381	4	0.30467 0.95517 0.10462 0.19980 0.73276 0.54726 
382	4	0.26537 0.95110 0.09276 0.23972 0.78591 0.48681 
383	4	0.30123 0.95049 0.11396 0.21095 0.74177 0.53278 
384	4	0.34095 0.92857 0.08911 0.27160 0.79372 0.43296 
385	4	0.49942 0.95271 0.09676 0.26373 0.76156 0.52660 
386	4	0.36456 0.91562 0.13842 0.17429 0.72426 0.58980 
387	4	0.24590 0.90726 0.16451 0.13244 0.73464 0.62037 
388	4	0.38270 0.93169 0.07730 0.26743 0.76508 0.47880 
389	4	0.34538 0.92647 0.03826 0.27895 0.81142 0.42221 
390	4	0.12426 0.91234 0.16724 0.06953 0.68798 0.70112 
391	4	0.22462 0.93141 0.06560 0.14196 0.75451 0.56532 
392	4	0.22369 0.95928 0.08129 0.15530 0.75655 0.58862 
393	4	0.14503 0.94725 0.06775 0.10380 0.71872 0.61484 
394	4	0.19700 0.95450 0.10292 0.11565 0.69834 0.64579 
395	4	0.13833 0.96425 0.07965 0.07153 0.69603 0.70064 
396	4	0.13110 0.95924 0.07317 0.08155 0.76199 0.65061 
397	4	0.17726 0.95120 0.15044 0.09276 0.67558 0.70684 
398	4	0.33170 0.93835 0.09180 0.26589 0.78895 0.48080 
399	4	0.28033 0.94343 0.03368 0.24769 0.81516 0.40014 
400	5	0.46972 0.95406 0.11276 0.23536 0.72654 0.55404 
401	5	0.36571 0.94335 0.12016 0.21063 0.73735 0.53964 
402	5	0.35695 0.93041 0.18042 0.15427 0.70638 0.63489 
403	5	0.30549 0.97016 0.08365 0.16048 0.74922 0.57213 
404	5	0.17174 0.95750 0.10461 0.11990 0.72496 0.61389 
405	5	0.12068 0.96460 0.09840 0.10071 0.72350 0.63681 
406	5	0.37069 0.93948 0.07759 0.23369 0.79947 0.45310 
407	5	0.28315 0.93596 0.06311 0.21842 0.82545 0.45011 
408	5	0.38814 0.94210 0.06423 0.26420 0.81700 0.43566 
409	5	0.28428 0.93795 0.06786 0.19735 0.72759 0.47460 
410	5	0.17332 0.93500 0.13755 0.11323 0.68161 0.64238 
411	5	0.26288 0.93726 0.06849 0.16485 0.73989 0.52103 
412	5	0.15640 0.94302 0.10900 0.13637 0.73010 0.58444 
413	5	0.29106 0.94187 0.05164 0.17762 0.76353 0.49670 
414	5	0.16801 0.93217 0.09119 0.13294 0.74251 0.57417 
415	5	0.23140 0.89577 0.12032 0.15975 0.76021 0.52633 
416	5	0.19886 0.93408 0.04094 0.17646 0.80276 0.46208 
417	5	0.14692 0.97072 0.08979 0.06451 0.66904 0.70880 
418	5	0.16328 0.96908 0.06709 0.11662 0.74372 0.58995 
419	5	0.17852 0.93399 0.07018 0.15276 0.77063 0.51044 
420	5	0.17483 0.96424 0.04668 0.14006 0.75654 0.53880 
421	5	0.19550 0.94630 0.08459 0.16826 0.77150 0.52375 
422	5	0.20788 0.94835 0.07382 0.15520 0.77368 0.53011 
423	5	0.13522 0.95304 0.09749 0.11129 0.72089 0.61686 
424	5	0.21945 0.93810 0.07619 0.14049 0.73326 0.54700 
425	5	0.24397 0.94717 0.03575 0.18715 0.80291 0.46516 
426	5	0.18580 0.95266 0.04066 0.17090 0.79001 0.48538 
427	5	0.16846 0.95076 0.02884 0.17950 0.83214 0.45551 
428	5	0.15344 0.94335 0.10699 0.13153 0.73720 0.58384 
429	5	0.23071 0.93113 0.05053 0.17202 0.78784 0.47793 
430	5	0.16543 0.94701 0.06735 0.12782 0.73449 0.56031 
431	5	0.23078 0.95359 0.06163 0.14786 0.78331 0.54620 
432	5	0.16331 0.94860 0.08945 0.12868 0.75587 0.57966 
433	5	0.23851 0.96814 0.07446 0.12478 0.73154 0.61890 
434	5	0.23932 0.93327 0.07307 0.18491 0.80377 0.47998 
435	5	0.20756 0.96126 0.03769 0.14222 0.80035 0.52538 
436	5	0.28532 0.94089 0.03146 0.22526 0.83217 0.42823 
437	5	0.21760 0.94102 0.11047 0.15787 0.77083 0.56687 
438	5	0.19580 0.95582 0.04258 0.17518 0.79688 0.49966 
439	5	0.36544 0.92848 0.06068 0.27484 0.83095 0.39571 
440	5	0.19161 0.97074 0.04936 0.15369 0.77982 0.54508 
441	5	0.27545 0.93001 0.12054 0.17009 0.76801 0.55446 
442	5	0.20826 0.95972 0.05940 0.18073 0.79302 0.50399 
443	5	0.25697 0.94767 0.02994 0.22927 0.84790 0.40826 
444	5	0.17619 0.94020 0.15935 0.11864 0.71650 0.63092 
445	5	0.30092 0.93925 0.03817 0.24388 0.82215 0.40498 
446	5	0.19892 0.93077 0.03799 0.20940 0.82291 0.42632 
447	5	0.28448 0.93344 0.06238 0.22449 0.82553 0.43871 
448	5	0.16980 0.93974 0.12726 0.14504 0.72171 0.60008 
449	5	0.20782 0.95271 0.10483 0.13030 0.72945 0.61034 
450	5	0.19486 0.95505 0.09303 0.15701 0.73604 0.56512 
451	5	0.20095 0.91206 0.14594 0.15179 0.72522 0.56211 
452	5	0.19632 0.91550 0.07930 0.19012 0.78039 0.47937 
453	5	0.22316 0.93962 0.08674 0.17074 0.75876 0.52548 
454	5	0.23882 0.92105 0.06581 0.21641 0.78564 0.44962 
455	5	0.18360 0.95307 0.10049 0.14725 0.71774 0.58512 
456	5	0.23835 0.94646 0.08894 0.16021 0.74122 0.55693 
457	5	0.22206 0.91623 0.12371 0.22408 0.77417 0.46970 
458	5	0.17368 0.95244 0.06539 0.16873 0.76473 0.51471 
459	5	0.22026 0.94787 0.06560 0.18671 0.77933 0.49507 
460	5	0.15538 0.94519 0.07061 0.16526 0.75454 0.52569 
461	5	0.34716 0.93264 0.07062 0.31823 0.82766 0.36120 
462	5	0.42516 0.94324 0.09361 0.29324 0.78966 0.44545 
463	5	0.22225 0.96034 0.09543 0.21643 0.77293 0.51050 
464	5	0.58400 0.95352 0.04634 0.40437 0.83304 0.33622 
465	5	0.41299 0.94565 0.12105 0.28241 0.76088 0.48204 
466	5	0.34873 0.96613 0.09175 0.24851 0.77786 0.50745 
467	5	0.25575 0.97446 0.07409 0.24465 0.78290 0.49595 
468	5	0.59951 0.93705 0.07297 0.44031 0.81831 0.31809 
469	5	0.42724 0.95397 0.10400 0.30152 0.77362 0.44631 
470	5	0.44602 0.95181 0.05796 0.38631 0.82958 0.33002 
471	5	0.66498 0.93623 0.06401 0.50842 0.83999 0.29104 
472	5	0.51885 0.95139 0.07934 0.40566 0.80601 0.38358 
473	5	0.32004 0.96034 0.10732 0.24379 0.74799 0.51094 
474	5	0.36284 0.96424 0.08709 0.28861 0.82102 0.46365 
475	5	0.43620 0.94791 0.05484 0.35362 0.83539 0.34629 
476	5	0.45321 0.95217 0.04426 0.37162 0.83747 0.33857 
477	5	0.37612 0.95056 0.05944 0.26829 0.79521 0.40905 
478	5	0.51675 0.95068 0.04802 0.41911 0.85615 0.31588 
479	5	0.32411 0.95053 0.11648 0.29195 0.77203 0.46962 
480	5	0.43900 0.97031 0.04878 0.34722 0.82977 0.38586 
481	5	0.35411 0.97304 0.07947 0.24776 0.78919 0.50568 
482	5	0.29649 0.96444 0.09397 0.23507 0.77088 0.52167 
483	5	0.57424 0.95618 0.05842 0.43319 0.87157 0.32190 
484	5	0.31809 0.93984 0.12111 0.25777 0.79505 0.46971 
485	5	0.59359 0.96419 0.02289 0.51006 0.88264 0.27337 
486	5	0.49673 0.94697 0.11089 0.36669 0.82456 0.39833 
487	5	0.44453 0.97166 0.04754 0.29558 0.82678 0.44497 
488	5	0.29724 0.96276 0.11364 0.23375 0.78892 0.51902 
489	5	0.45066 0.96515 0.05675 0.40380 0.85961 0.37967 
490	5	0.47062 0.96230 0.03999 0.41081 0.87210 0.31153 
491	5	0.67269 0.96174 0.10136 0.41631 0.79541 0.44200 
492	5	0.45416 0.94588 0.13803 0.33481 0.77985 0.49012 
493	5	0.35060 0.95319 0.13728 0.25325 0.78485 0.52018 
494	5	0.28009 0.94956 0.13976 0.20918 0.75805 0.55199 
495	5	0.28316 0.92521 0.10472 0.23796 0.85050 0.46867 
496	5	0.37204 0.94328 0.11181 0.26561 0.81036 0.46958 
497	5	0.16430 0.93441 0.29154 0.07371 0.63136 0.77433 
498	5	0.15610 0.91306 0.35595 0.07995 0.61260 0.77260 
499	5	0.38618 0.95849 0.15400 0.18571 0.72836 0.61333 
500	6	0.02223 0.78025 0.36968 0.00198 0.13524 0.93738 
501	6	0.08960 0.87140 0.13327 0.04423 0.43920 0.73458 
502	6	0.07359 0.87774 0.15272 0.03418 0.40653 0.77182 
503	6	0.09810 0.89126 0.15835 0.03253 0.40929 0.78990 
504	6	0.08750 0.86903 0.24255 0.01491 0.25135 0.87982 
505	6	0.07180 0.79507 0.25642 0.01546 0.23037 0.86404 
506	6	0.10496 0.85227 0.18591 0.03217 0.31665 0.79753 
507	6	0.14257 0.79226 0.14256 0.05341 0.41542 0.69800 
508	6	0.09132 0.80410 0.14673 0.04399 0.42395 0.71902 
509	6	0.15461 0.65988 0.12313 0.07592 0.44064 0.61499 
510	6	0.06313 0.67334 0.26783 0.03371 0.25014 0.76911 
511	6	0.05006 0.76700 0.24577 0.02775 0.27309 0.79114 
512	6	0.04506 0.75766 0.28285 0.01891 0.22280 0.84317 
513	6	0.03054 0.78176 0.19058 0.02919 0.34216 0.76997 
514	6	0.10443 0.73431 0.27493 0.03238 0.24062 0.79980 
515	6	0.20942 0.69253 0.13262 0.08500 0.41688 0.62353 
516	6	0.11125 0.62829 0.30497 0.03587 0.20560 0.78540 
517	6	0.07870 0.77010 0.23955 0.02764 0.27251 0.81076 
518	6	0.09571 0.77301 0.19907 0.04947 0.33856 0.73542 
519	6	0.04070 0.64619 0.29867 0.02984 0.23682 0.78463 
520	6	0.14405 0.74531 0.16275 0.05535 0.39567 0.69854 
521	6	0.12080 0.77540 0.14281 0.06080 0.40787 0.67956 
522	6	0.08677 0.74530 0.16511 0.05166 0.40562 0.69660 
523	6	0.04092 0.75031 0.13169 0.03721 0.40248 0.70873 
524	6	0.05696 0.78842 0.18474 0.03345 0.35453 0.76176 
525	6	0.05631 0.67818 0.20840 0.04268 0.31050 0.72212 
526	6	0.11345 0.64977 0.15214 0.06070 0.36054 0.65527 
527	6	0.08785 0.69348 0.18931 0.04228 0.31869 0.72651 
528	6	0.06494 0.89333 0.21773 0.02459 0.29166 0.84750 
529	6	0.03383 0.81324 0.20527 0.02051 0.30989 0.80155 
530	6	0.02530 0.76443 0.22195 0.01804 0.29973 0.82481 
531	6	0.11127 0.80538 0.15825 0.05597 0.40337 0.70551 
532	6	0.07407 0.76637 0.27531 0.02190 0.24991 0.84312 
533	6	0.08229 0.78916 0.27182 0.02222 0.27693 0.84489 
534	6	0.08436 0.78906 0.23910 0.02830 0.29667 0.81353 
535	6	0.05679 0.81445 0.32947 0.00902 0.21879 0.91210 
536	6	0.07049 0.76371 0.25169 0.02822 0.29555 0.80828 
537	6	0.10206 0.81380 0.27021 0.03275 0.26484 0.82150 
538	6	0.06020 0.82698 0.25825 0.01761 0.27277 0.86711 
539	6	0.04163 0.86341 0.23114 0.01594 0.27296 0.85763 
540	6	0.05182 0.78499 0.20855 0.02489 0.29935 0.79006 
541	6	0.10952 0.79068 0.13456 0.06330 0.43056 0.65300 
542	6	0.09729 0.84130 0.23105 0.02375 0.30068 0.83556 
543	6	0.01970 0.68615 0.29702 0.01405 0.24858 0.84778 
544	6	0.10776 0.61782 0.25331 0.05003 0.26280 0.72731 
545	6	0.07331 0.74384 0.21319 0.03136 0.33144 0.76943 
546	6	0.07838 0.79787 0.21597 0.03213 0.32756 0.79103 
547	6	0.07857 0.84120 0.30521 0.01391 0.22195 0.90411 
548	6	0.10211 0.71562 0.19460 0.04386 0.32509 0.73549 
549	6	0.14168 0.75305 0.16188 0.06278 0.39240 0.68375 
550	6	0.06471 0.72018 0.16705 0.04520 0.38043 0.70619 
551	6	0.08765 0.78247 0.19650 0.03718 0.34761 0.75963 
552	6	0.06979 0.76546 0.18904 0.03244 0.36929 0.75369 
553	6	0.02794 0.81131 0.25460 0.01058 0.26888 0.86834 
554	6	0.08907 0.76000 0.21169 0.03722 0.31998 0.76137 
555	6	0.09095 0.78113 0.27185 0.02776 0.25754 0.81767 
556	6	0.08969 0.80310 0.31248 0.01717 0.21208 0.88554 
557	6	0.09358 0.77998 0.18118 0.04028 0.32197 0.73661 
558	6	0.09841 0.70812 0.12321 0.07484 0.43182 0.60971 
559	6	0.09893 0.75480 0.13613 0.05090 0.40794 0.67796 
560	6	0.16284 0.68578 0.13419 0.08231 0.40423 0.60623 
561	6	0.08373 0.83245 0.31767 0.01536 0.18643 0.90774 
562	6	0.07044 0.79288 0.18444 0.03625 0.34715 0.75818 
563	6	0.09883 0.78459 0.20516 0.03413 0.31649 0.77685 
564	6	0.11758 0.72298 0.15599 0.05641 0.39218 0.67349 
565	6	0.08929 0.74104 0.15555 0.04488 0.38565 0.70182 
566	6	0.01107 0.76918 0.34743 0.00159 0.16153 0.93290 
567	6	0.15435 0.72125 0.19591 0.06391 0.34447 0.69105 
568	6	0.06332 0.74181 0.25700 0.02733 0.24367 0.80358 
569	6	0.13975 0.75945 0.14773 0.05644 0.38183 0.68468 
570	6	0.05968 0.83747 0.25415 0.02131 0.24567 0.83033 
571	6	0.08790 0.77228 0.20763 0.03621 0.30540 0.76947 
572	6	0.09277 0.77330 0.23940 0.03039 0.27033 0.80674 
573	6	0.10309 0.77211 0.23622 0.03332 0.27022 0.79616 
574	6	0.06694 0.74740 0.31353 0.02391 0.21989 0.84224 
575	6	0.06834 0.76667 0.28668 0.02611 0.24040 0.82803 
576	6	0.07038 0.78902 0.24168 0.02835 0.28294 0.81262 
577	6	0.10318 0.75606 0.18076 0.04654 0.35916 0.72304 
578	6	0.05965 0.77410 0.20173 0.03170 0.31705 0.77247 
579	6	0.08520 0.79768 0.21780 0.03070 0.29453 0.79869 
580	6	0.04838 0.77675 0.28408 0.01284 0.20798 0.86301 
581	6	0.11943 0.71414 0.13384 0.06283 0.42850 0.64559 
582	6	0.03431 0.76046 0.21778 0.02485 0.29339 0.78071 
583	6	0.11238 0.81026 0.12448 0.06621 0.42390 0.64600 
584	6	0.07617 0.72743 0.21181 0.03335 0.29605 0.75453 
585	6	0.06315 0.75103 0.16207 0.04807 0.35029 0.68920 
586	6	0.08543 0.71200 0.22674 0.03732 0.26215 0.76059 
587	6	0.14557 0.74742 0.11431 0.08254 0.44343 0.60112 
588	6	0.06570 0.75436 0.20294 0.03410 0.30577 0.75606 
589	6	0.07079 0.78713 0.24973 0.02348 0.27311 0.81512 
590	6	0.15543 0.83467 0.18322 0.04694 0.35381 0.75716 
591	6	0.13349 0.77961 0.13457 0.06575 0.43371 0.66125 
592	6	0.08257 0.78222 0.24482 0.02803 0.27136 0.81371 
593	6	0.05172 0.75794 0.26384 0.01933 0.23695 0.83113 
594	6	0.14488 0.78521 0.13459 0.06712 0.40935 0.65047 
595	6	0.16408 0.68961 0.15916 0.06646 0.37774 0.66286 
596	6	0.05372 0.78244 0.32160 0.00856 0.21013 0.89804 
597	6	0.04228 0.81528 0.19359 0.02243 0.33109 0.79504 
598	6	0.07340 0.73826 0.18392 0.03026 0.35772 0.75152 
599	6	0.08392 0.79637 0.19001 0.03362 0.33030 0.77019 
600	7	0.28991 0.69365 0.16447 0.20163 0.86318 0.47389 
601	7	0.30656 0.97801 0.02434 0.17031 0.89176 0.56883 
602	7	0.31859 0.97015 0.01899 0.22927 0.92449 0.48667 
603	7	0.28320 0.96797 0.05067 0.15893 0.86365 0.58780 
604	7	0.35135 0.97745 0.03386 0.15862 0.86694 0.59700 
605	7	0.17998 0.97396 0.04040 0.10458 0.87220 0.62559 
606	7	0.21423 0.97160 0.04054 0.11919 0.87055 0.61056 
607	7	0.38098 0.96336 0.14336 0.19312 0.73071 0.58920 
608	7	0.26363 0.98415 0.08992 0.13842 0.69731 0.61796 
609	7	0.25451 0.98762 0.07119 0.13254 0.73326 0.61179 
610	7	0.24642 0.98199 0.08226 0.12723 0.72117 0.62647 
611	7	0.27394 0.97379 0.10575 0.11917 0.68834 0.65926 
612	7	0.27508 0.99129 0.05280 0.16734 0.77663 0.58888 
613	7	0.25004 0.96218 0.16633 0.14200 0.69676 0.63107 
614	7	0.28273 0.95340 0.17331 0.14475 0.70583 0.62859 
615	7	0.17157 0.97859 0.07875 0.11500 0.73063 0.63193 
616	7	0.24512 1.00000 0.01390 0.16077 0.90348 0.53886 
617	7	0.35087 0.98449 0.08084 0.18889 0.76757 0.57322 
618	7	0.32428 0.97971 0.09851 0.16009 0.72347 0.61487 
619	7	0.15391 0.97158 0.10975 0.08904 0.67952 0.67170 
620	7	0.15571 0.97531 0.11359 0.09101 0.70514 0.68186 
621	7	0.17606 0.97045 0.12285 0.09131 0.66891 0.67825 
622	7	0.24919 0.97997 0.08112 0.11286 0.71495 0.64241 
623	7	0.19164 0.97383 0.11008 0.09760 0.69886 0.66320 
624	7	0.21869 0.97938 0.07779 0.11477 0.70525 0.63003 
625	7	0.10254 0.98393 0.02188 0.07102 0.88233 0.64312 
626	7	0.10843 0.96850 0.00353 0.11046 0.90623 0.52725 
627	7	0.18069 0.94567 0.03861 0.08911 0.82398 0.61262 
628	7	0.12295 0.93757 0.05463 0.07578 0.81705 0.62613 
629	7	0.04970 0.94701 0.08472 0.04892 0.76632 0.71041 
630	7	0.08942 0.92529 0.11162 0.05568 0.74898 0.71149 
631	7	0.19270 0.94247 0.07153 0.08682 0.80436 0.64919 
632	7	0.21618 0.94377 0.06647 0.09947 0.81794 0.62689 
633	7	0.16226 0.97781 0.00147 0.10414 0.91425 0.54874 
634	7	0.13782 0.87805 0.11418 0.09434 0.81624 0.60558 
635	7	0.15334 0.89319 0.06943 0.10617 0.83341 0.56763 
636	7	0.11341 0.92842 0.04614 0.09552 0.81004 0.58582 
637	7	0.10550 0.90952 0.05906 0.09762 0.81569 0.58028 
638	7	0.11375 0.94645 0.03771 0.08650 0.82545 0.58956 
639	7	0.15134 0.97388 0.00432 0.10967 0.90238 0.53843 
640	7	0.09153 0.97734 0.00000 0.09557 0.91702 0.54387 
641	7	0.08571 0.92812 0.05109 0.08245 0.81429 0.59847 
642	7	0.17775 0.76937 0.09040 0.16404 0.89942 0.45565 
643	7	0.11778 0.98266 0.04527 0.06027 0.77471 0.71784 
644	7	0.09761 0.98357 0.05303 0.04558 0.72512 0.75028 
645	7	0.07387 0.99169 0.03576 0.04404 0.74988 0.72398 
646	7	0.10063 0.97959 0.07031 0.04585 0.69206 0.75724 
647	7	0.08559 0.97979 0.05861 0.05127 0.72336 0.72849 
648	7	0.13389 0.99872 0.00884 0.06503 0.88265 0.66198 
649	7	0.09923 0.97900 0.07059 0.04667 0.68839 0.75457 
650	7	0.09717 0.98476 0.04937 0.04885 0.74565 0.72799 
651	7	0.15217 0.99682 0.01896 0.07329 0.85621 0.66408 
652	7	0.09961 0.98824 0.04089 0.04493 0.74283 0.73141 
653	7	0.07604 0.99842 0.00748 0.05823 0.88580 0.66858 
654	7	0.10690 0.98132 0.05079 0.05298 0.74562 0.72797 
655	7	0.12892 0.95543 0.06926 0.07780 0.79787 0.64053 
656	7	0.10086 0.99743 0.00875 0.05695 0.87901 0.67437 
657	7	0.09910 0.99807 0.00984 0.05851 0.88586 0.67292 
658	7	0.09985 0.97859 0.05325 0.05654 0.76678 0.71390 
659	7	0.09460 0.98716 0.03484 0.05796 0.77572 0.69932 
660	7	0.13603 0.98110 0.03786 0.06480 0.79221 0.68668 
661	7	0.11326 0.98719 0.03707 0.05819 0.78053 0.71296 
662	7	0.18069 0.87516 0.11524 0.12048 0.58636 0.61175 
663	7	0.15907 0.88676 0.11648 0.08685 0.61923 0.65056 
664	7	0.15412 0.85977 0.14535 0.08273 0.55909 0.66313 
665	7	0.31154 0.77398 0.14694 0.15337 0.60956 0.56263 
666	7	0.19971 0.87890 0.13889 0.09113 0.52263 0.65978 
667	7	0.22519 0.62643 0.33403 0.11247 0.54400 0.63932 
668	7	0.20402 0.86056 0.11428 0.10197 0.52377 0.64456 
669	7	0.14274 0.84511 0.13708 0.09973 0.57531 0.63315 
670	7	0.12519 0.77505 0.18585 0.08669 0.57791 0.65788 
671	7	0.23530 0.80180 0.18583 0.10635 0.59227 0.60580 
672	7	0.15091 0.86081 0.19006 0.06362 0.45164 0.71771 
673	7	0.23219 0.80375 0.13824 0.11783 0.50368 0.59713 
674	7	0.14008 0.87426 0.09930 0.09145 0.64492 0.62681 
675	7	0.09721 0.89850 0.11264 0.05204 0.51932 0.72216 
676	7	0.12868 0.89836 0.15725 0.04697 0.48664 0.76624 
677	7	0.08947 0.88578 0.12064 0.05481 0.51596 0.71557 
678	7	0.14251 0.87146 0.13114 0.07126 0.48702 0.69452 
679	7	0.13063 0.78802 0.19738 0.08058 0.50989 0.67265 
680	7	0.11196 0.87172 0.12187 0.05652 0.49711 0.72036 
681	7	0.15967 0.74559 0.29453 0.07558 0.41987 0.70605 
682	7	0.15312 0.87412 0.09843 0.07499 0.55061 0.67246 
683	7	0.10406 0.80050 0.16015 0.06664 0.51887 0.68869 
684	7	0.10850 0.89859 0.11216 0.05760 0.52452 0.71457 
685	7	0.15122 0.85850 0.15585 0.06954 0.51913 0.68634 
686	7	0.16238 0.75496 0.17853 0.08621 0.45288 0.65602 
687	7	0.14158 0.80049 0.17597 0.08601 0.44521 0.67469 
688	7	0.17365 0.81063 0.13923 0.10602 0.49209 0.61333 
689	7	0.16347 0.79146 0.20496 0.07913 0.42379 0.68524 
690	7	0.08846 0.82585 0.14236 0.07072 0.50759 0.66988 
691	7	0.19479 0.76347 0.16000 0.11898 0.46467 0.59932 
692	7	0.11503 0.76354 0.19704 0.07507 0.43322 0.68531 
693	7	0.22280 0.71793 0.14957 0.12353 0.49449 0.57230 
694	7	0.21886 0.73935 0.16968 0.12055 0.44301 0.60032 
695	7	0.10940 0.83096 0.24257 0.05675 0.52901 0.72790 
696	7	0.15528 0.74924 0.18235 0.09409 0.48190 0.62256 
697	7	0.18900 0.85266 0.12883 0.09373 0.56382 0.63981 
698	7	0.13588 0.64050 0.30494 0.08248 0.47886 0.67447 
699	7	0.14551 0.80629 0.16525 0.09344 0.48753 0.65324 
700	8	0.33383 0.61849 0.11664 0.30018 0.69634 0.33467 
701	8	0.28641 0.64440 0.17395 0.27929 0.70893 0.38958 
702	8	0.42973 0.64604 0.18828 0.30050 0.70332 0.38095 
703	8	0.32937 0.78943 0.19379 0.29403 0.68139 0.42947 
704	8	0.32091 0.74019 0.17312 0.27942 0.68338 0.42023 
705	8	0.29429 0.78951 0.16236 0.24532 0.62926 0.43880 
706	8	0.33865 0.79950 0.14595 0.30715 0.68740 0.39693 
707	8	0.35804 0.76193 0.16821 0.30274 0.65047 0.40749 
708	8	0.41545 0.54750 0.33067 0.31368 0.65821 0.40537 
709	8	0.33940 0.72889 0.14843 0.25517 0.65290 0.43062 
710	8	0.32251 0.80387 0.19322 0.26931 0.66187 0.46601 
711	8	0.39439 0.70646 0.29006 0.26542 0.64372 0.47192 
712	8	0.30071 0.69748 0.28254 0.26288 0.63509 0.45812 
713	8	0.27367 0.74221 0.30646 0.21306 0.59397 0.52680 
714	8	0.35238 0.66901 0.32315 0.27181 0.65916 0.47660 
715	8	0.28628 0.67094 0.45013 0.22023 0.60867 0.53695 
716	8	0.32770 0.76374 0.25004 0.24099 0.60510 0.48644 
717	8	0.31996 0.77324 0.23652 0.25004 0.62224 0.47741 
718	8	0.37535 0.65424 0.37453 0.25741 0.62227 0.48760 
719	8	0.23810 0.68036 0.28803 0.19237 0.58497 0.50159 
720	8	0.22181 0.57377 0.29491 0.18490 0.59172 0.50701 
721	8	0.31952 0.71993 0.22763 0.23542 0.59555 0.45478 
722	8	0.31977 0.63419 0.42816 0.20905 0.59461 0.53026 
723	8	0.43419 0.70642 0.27828 0.29229 0.64735 0.44849 
724	8	0.29788 0.50246 0.36009 0.27255 0.64126 0.43031 
725	8	0.39336 0.66962 0.20236 0.29399 0.69534 0.37830 
726	8	0.41888 0.68146 0.31783 0.34126 0.69666 0.41555 
727	8	0.56830 0.67426 0.22487 0.36949 0.69835 0.38737 
728	8	0.32404 0.82623 0.17728 0.24893 0.69406 0.45563 
729	8	0.70245 0.68494 0.24990 0.45931 0.71927 0.37399 
730	8	0.50498 0.67248 0.32016 0.33834 0.68636 0.41960 
731	8	0.86185 0.61458 0.21905 0.65702 0.76794 0.24854 
732	8	0.50332 0.71861 0.21710 0.43736 0.71916 0.34412 
733	8	0.50910 0.74731 0.21012 0.39279 0.75548 0.34507 
734	8	0.48718 0.72931 0.22699 0.37760 0.70977 0.36801 
735	8	0.33175 0.42283 0.46828 0.20179 0.56409 0.52716 
736	8	0.18304 0.54196 0.45531 0.17746 0.56561 0.53467 
737	8	0.30633 0.34186 0.23354 0.26942 0.65475 0.39210 
738	8	0.24253 0.57242 0.29991 0.20039 0.62895 0.49715 
739	8	0.34797 0.59999 0.33457 0.24074 0.61437 0.46593 
740	8	0.52150 0.74825 0.30940 0.34779 0.73001 0.43242 
741	8	0.39197 0.67880 0.23029 0.29579 0.70777 0.41005 
742	8	0.24525 0.55976 0.44966 0.18870 0.59393 0.53198 
743	8	0.21151 0.69770 0.34425 0.16652 0.59601 0.57482 
744	8	0.25167 0.55874 0.29585 0.21745 0.62698 0.48863 
745	8	0.28682 0.70012 0.28216 0.18488 0.58754 0.53309 
746	8	0.32899 0.62302 0.21363 0.21364 0.63032 0.48227 
747	8	0.18700 0.72272 0.13809 0.17540 0.62908 0.47465 
748	8	0.28587 0.60022 0.30809 0.18439 0.61335 0.52452 
749	8	0.26807 0.28590 0.29011 0.21424 0.62477 0.45083 
750	8	0.25447 0.48159 0.28665 0.18325 0.57647 0.48946 
751	8	0.29572 0.31797 0.34099 0.21299 0.60065 0.46710 
752	8	0.29167 0.52492 0.43200 0.19416 0.55799 0.54549 
753	8	0.33035 0.50840 0.36416 0.20778 0.58175 0.51253 
754	8	0.37226 0.61817 0.37990 0.25491 0.66068 0.47797 
755	8	0.22223 0.59392 0.39426 0.18838 0.60252 0.54358 
756	8	0.19011 0.67728 0.32781 0.16040 0.56548 0.57591 
757	8	0.26518 0.34849 0.47701 0.22798 0.61083 0.47911 
758	8	0.21382 0.66282 0.26223 0.17570 0.60606 0.52277 
759	8	0.33947 0.68550 0.24869 0.25149 0.65580 0.44844 
760	8	0.40354 0.66828 0.26121 0.30645 0.71747 0.40127 
761	8	0.17457 0.49131 0.32476 0.14554 0.58973 0.54860 
762	8	0.16804 0.66762 0.29908 0.12397 0.54697 0.59711 
763	8	0.21556 0.47514 0.34114 0.13543 0.50557 0.58279 
764	8	0.32650 0.94240 0.04862 0.20996 0.73140 0.46982 
765	8	0.26771 0.43321 0.27288 0.16710 0.54953 0.51097 
766	8	0.25157 0.60307 0.22585 0.17056 0.55739 0.51080 
767	8	0.18188 0.61884 0.51518 0.08839 0.39884 0.71650 
768	8	0.22420 0.73799 0.36322 0.13090 0.42923 0.65087 
769	8	0.23709 0.46125 0.21046 0.16570 0.54402 0.50186 
770	8	0.20688 0.37618 0.22180 0.12482 0.42389 0.55341 
771	8	0.15012 0.28178 0.23794 0.11613 0.45514 0.56495 
772	8	0.21773 0.09518 0.23735 0.15348 0.44929 0.49436 
773	8	0.14040 0.46508 0.26759 0.09602 0.49199 0.61681 
774	8	0.12009 0.66587 0.27860 0.07722 0.39368 0.67699 
775	8	0.21685 0.66682 0.31876 0.11149 0.41037 0.64041 
776	8	0.15056 0.52548 0.30915 0.11144 0.48690 0.59532 
777	8	0.22555 0.50625 0.20935 0.13397 0.51475 0.53432 
778	8	0.12775 0.46071 0.32327 0.10225 0.46679 0.61556 
779	8	0.14345 0.56194 0.38324 0.09459 0.41969 0.65061 
780	8	0.21980 0.42062 0.27643 0.12753 0.44788 0.55675 
781	8	0.21845 0.03319 0.29876 0.13913 0.46435 0.52803 
782	8	0.15535 0.20933 0.25341 0.12132 0.45478 0.55165 
783	8	0.16007 0.25311 0.34295 0.09441 0.39279 0.61957 
784	8	0.18284 0.31465 0.24016 0.13066 0.47250 0.53001 
785	8	0.13669 0.62658 0.31588 0.08237 0.38754 0.66841 
786	8	0.16610 0.65987 0.24089 0.11643 0.45806 0.59203 
787	8	0.16625 0.26512 0.34784 0.08512 0.36210 0.64004 
788	8	0.16985 0.24871 0.40295 0.07315 0.31848 0.67702 
789	8	0.16588 0.34991 0.37559 0.10015 0.34256 0.63267 
790	8	0.23970 0.53696 0.22014 0.15662 0.46045 0.54181 
791	8	0.06829 0.44366 0.45061 0.04689 0.31395 0.76469 
792	8	0.11204 0.28207 0.36653 0.08567 0.41170 0.63879 
793	8	0.15910 0.51991 0.28378 0.11138 0.47199 0.60527 
794	8	0.02531 0.87193 0.31216 0.01117 0.26308 0.90586 
795	8	0.02605 0.87404 0.32181 0.00712 0.24810 0.92472 
796	8	0.03537 0.85130 0.39094 0.00640 0.20843 0.93766 
797	8	0.01459 0.83288 0.50991 0.00000 0.16663 0.98853 
798	8	0.05263 0.86597 0.36207 0.01623 0.22098 0.90432 
799	8	0.06366 0.86457 0.39753 0.01184 0.19412 0.93341 
800	9	0.53590 0.85435 0.13050 0.62479 0.93607 0.20304 
801	9	0.47111 0.88178 0.16344 0.53894 0.85799 0.30915 
802	9	0.71497 0.92513 0.16076 0.60404 0.83058 0.33298 
803	9	0.36910 0.83947 0.13460 0.44238 0.85931 0.31380 
804	9	0.26789 0.82497 0.14798 0.19895 0.70663 0.50253 
805	9	0.25062 0.86264 0.20674 0.18893 0.68264 0.57495 
806	9	0.31863 0.78086 0.15501 0.32344 0.79018 0.39434 
807	9	0.67065 0.82633 0.12847 0.73522 0.88681 0.21073 
808	9	0.34202 0.85710 0.09233 0.40004 0.84633 0.31201 
809	9	0.49289 0.77709 0.02893 0.52246 0.91614 0.15089 
810	9	0.54251 0.79060 0.12851 0.52513 0.88752 0.22128 
811	9	0.79195 0.78097 0.09199 0.70664 0.92579 0.14887 
812	9	0.38487 0.85572 0.18204 0.39063 0.81076 0.36470 
813	9	0.36413 0.84090 0.22297 0.31871 0.73399 0.47687 
814	9	0.35285 0.86516 0.16104 0.36755 0.79239 0.39762 
815	9	0.35006 0.82909 0.25321 0.34385 0.74437 0.45636 
816	9	0.27533 0.84448 0.16723 0.27555 0.78252 0.44255 
817	9	0.47801 0.82939 0.04837 0.42220 0.84292 0.27553 
818	9	0.52917 0.86862 0.14397 0.59236 0.90115 0.22922 
819	9	0.57278 0.95884 0.03589 0.62928 0.95826 0.16417 
820	9	0.94938 0.79828 0.13205 0.98274 0.90014 0.13365 
821	9	0.60575 0.86428 0.16167 0.56534 0.85234 0.29148 
822	9	0.72652 0.80878 0.06587 0.96683 0.99823 0.00000 
823	9	1.00000 0.86029 0.15609 1.00000 0.88128 0.17547 
824	9	0.94481 0.90281 0.12181 0.92106 0.89312 0.18339 
825	9	0.67021 0.78361 0.12933 0.60760 0.87283 0.20358 
826	9	0.51798 0.82069 0.12686 0.46037 0.80071 0.33313 
827	9	0.43726 0.76330 0.12533 0.42887 0.82547 0.25934 
828	9	0.47819 0.72792 0.06815 0.47544 0.84628 0.23420 
829	9	0.36926 0.83425 0.08502 0.37023 0.81431 0.30746 
830	9	0.29362 0.77010 0.17675 0.27858 0.73739 0.43804 
831	9	0.28019 0.84020 0.08506 0.26003 0.77619 0.40462 
832	9	0.30604 0.85814 0.07631 0.30123 0.79415 0.38596 
833	9	0.44077 0.90791 0.07337 0.32988 0.84673 0.36467 
834	9	0.62546 0.89583 0.03049 0.52063 0.89902 0.23250 
835	9	0.44551 0.85406 0.17378 0.40162 0.81545 0.36002 
836	9	0.31001 0.93296 0.06729 0.27209 0.81626 0.43531 
837	9	0.49830 0.88215 0.10566 0.46558 0.83582 0.33069 
838	9	0.33653 0.91371 0.07709 0.33329 0.82634 0.37768 
839	9	0.59874 0.89693 0.03953 0.50198 0.90456 0.24007 
840	9	0.42545 0.84754 0.09996 0.44837 0.87879 0.25057 
841	9	0.65808 0.84137 0.10131 0.59682 0.88736 0.21608 
842	9	0.35898 0.92130 0.03328 0.32902 0.87152 0.30466 
843	9	0.29687 0.92025 0.07458 0.36467 0.89584 0.28039 
844	9	0.55817 0.79881 0.14098 0.60362 0.91443 0.19695 
845	9	0.61151 0.90123 0.04692 0.64839 0.97677 0.13988 
846	9	0.57592 0.91794 0.02815 0.68036 0.96454 0.13751 
847	9	0.33131 0.93058 0.07188 0.31623 0.85863 0.38974 
848	9	0.47871 0.89018 0.10886 0.49233 0.88390 0.30022 
849	9	0.21855 0.80036 0.14647 0.14546 0.61190 0.55544 
850	9	0.28867 0.79259 0.12266 0.20374 0.64973 0.48267 
851	9	0.23971 0.80600 0.10056 0.17610 0.64506 0.50159 
852	9	0.20735 0.82275 0.10368 0.12971 0.60512 0.54162 
853	9	0.27108 0.82141 0.12388 0.16114 0.62655 0.55280 
854	9	0.23919 0.85423 0.12552 0.16895 0.64389 0.54377 
855	9	0.29925 0.80165 0.18449 0.15564 0.57729 0.60501 
856	9	0.16425 0.86180 0.19016 0.10617 0.54810 0.66084 
857	9	0.24769 0.77748 0.17100 0.15569 0.59337 0.54105 
858	9	0.22060 0.77686 0.10876 0.16441 0.61373 0.49178 
859	9	0.25641 0.79979 0.15109 0.15831 0.58650 0.56351 
860	9	0.18203 0.80268 0.16389 0.12452 0.57399 0.60380 
861	9	0.21366 0.81998 0.16041 0.14626 0.59255 0.59208 
862	9	0.21755 0.84491 0.15898 0.13407 0.59396 0.58942 
863	9	0.16970 0.80325 0.15229 0.16003 0.60032 0.51584 
864	9	0.35474 0.87531 0.21154 0.28494 0.75181 0.47838 
865	9	0.34455 0.83118 0.14815 0.32799 0.78348 0.40500 
866	9	0.44506 0.86195 0.11921 0.39397 0.83488 0.34513 
867	9	0.55814 0.82425 0.08143 0.46282 0.87409 0.27650 
868	9	0.39613 0.81737 0.14399 0.29482 0.74836 0.43733 
869	9	0.14818 0.85235 0.17319 0.12055 0.60142 0.59719 
870	9	0.24568 0.81240 0.17988 0.15550 0.60034 0.55193 
871	9	0.35998 0.85941 0.12914 0.21651 0.68945 0.47839 
872	9	0.25959 0.89261 0.12615 0.19254 0.69290 0.51229 
873	9	0.39944 0.90594 0.14720 0.26579 0.75827 0.46392 
874	9	0.39303 0.86035 0.12224 0.30273 0.78181 0.40982 
875	9	0.20519 0.83919 0.11275 0.18203 0.64649 0.49668 
876	9	0.16017 0.80416 0.20529 0.10459 0.55245 0.62449 
877	9	0.16945 0.83085 0.17186 0.12496 0.55550 0.60230 
878	9	0.25352 0.80580 0.13046 0.16348 0.60906 0.52826 
879	9	0.15508 0.81089 0.15344 0.12110 0.58949 0.57291 
880	9	0.21894 0.81705 0.14344 0.15908 0.62746 0.51632 
881	9	0.21413 0.82480 0.15508 0.13398 0.61041 0.56141 
882	9	0.17335 0.86064 0.24246 0.08197 0.48041 0.72472 
883	9	0.12835 0.81858 0.20716 0.10042 0.53023 0.64139 
884	9	0.44654 0.88124 0.13993 0.35740 0.81472 0.37052 
885	9	0.52051 0.95305 0.03708 0.46799 0.93974 0.25741 
886	9	0.63997 0.88342 0.08665 0.49448 0.87487 0.27217 
887	9	0.40341 0.87526 0.12552 0.37458 0.82622 0.36175 
888	9	0.43694 0.87601 0.08070 0.44502 0.85753 0.29486 
889	9	0.48566 0.87505 0.10610 0.35243 0.85421 0.36698 
890	9	0.43777 0.86853 0.19582 0.33600 0.75653 0.43329 
891	9	0.34505 0.85516 0.14610 0.30311 0.80389 0.40474 
892	9	0.46720 0.84548 0.18448 0.36947 0.83887 0.33864 
893	9	0.36518 0.88198 0.15898 0.32422 0.79362 0.41242 
894	9	0.37226 0.86842 0.14961 0.31407 0.77886 0.42278 
895	9	0.21795 0.86284 0.16918 0.18951 0.69472 0.51747 
896	9	0.37717 0.86112 0.17319 0.30431 0.72240 0.47234 
897	9	0.44498 0.81472 0.12242 0.43096 0.83396 0.30938 
898	9	0.36729 0.84164 0.08551 0.37614 0.80847 0.31876 
899	9	0.17013 0.83850 0.20011 0.15122 0.63990 0.57877 
900	10	0.18004 0.81875 0.75665 0.03497 0.31641 0.93788 
901	10	0.18436 0.86069 0.60654 0.02714 0.29322 0.97374 
902	10	0.18897 0.83949 0.64085 0.03390 0.30645 0.95226 
903	10	0.18190 0.85513 0.55700 0.03176 0.33546 0.93429 
904	10	0.18354 0.86570 0.46243 0.03860 0.34635 0.90633 
905	10	0.18321 0.85535 0.58090 0.02802 0.34078 0.95506 
906	10	0.17779 0.84429 0.63864 0.02591 0.30665 0.96237 
907	10	0.17115 0.83487 0.66827 0.02195 0.29260 1.00000 
908	10	0.19236 0.79895 0.82161 0.02794 0.26629 0.98650 
909	10	0.17779 0.84023 0.65049 0.02250 0.27929 0.98872 
910	10	0.20732 0.85843 0.55462 0.03693 0.31934 0.93969 
911	10	0.19663 0.81770 0.80260 0.02750 0.27380 0.99861 
912	10	0.21174 0.84020 0.65676 0.03466 0.29886 0.96868 
913	10	0.24458 0.83275 0.62235 0.04767 0.33455 0.94108 
914	10	0.24530 0.87865 0.33190 0.06048 0.42380 0.84870 
915	10	0.25007 0.83042 0.57748 0.05016 0.34545 0.92155 
916	10	0.29810 0.85169 0.58593 0.06951 0.35529 0.91484 
917	10	0.32856 0.87853 0.48532 0.08498 0.32221 0.89851 
918	10	0.36572 0.85179 0.64413 0.09938 0.32212 0.90154 
919	10	0.37878 0.91444 0.38381 0.10764 0.38135 0.86832 
920	10	0.19743 0.86478 0.44948 0.03701 0.41070 0.89974 
921	10	0.29666 0.86153 0.53019 0.07403 0.44482 0.86363 
922	10	0.29604 0.89958 0.26519 0.10163 0.53028 0.74379 
923	10	0.32981 0.92649 0.30007 0.09263 0.48921 0.81366 
924	10	0.37692 0.89622 0.45750 0.11468 0.47701 0.81454 
925	10	0.34046 0.93927 0.22741 0.10045 0.51789 0.79211 
926	10	0.23812 0.86545 0.42069 0.06148 0.45338 0.81786 
927	10	0.23947 0.85693 0.43898 0.06851 0.45608 0.80937 
928	10	0.25381 0.91456 0.26481 0.07539 0.48337 0.79472 
929	10	0.29431 0.94019 0.24405 0.07879 0.50271 0.81058 
930	10	0.28406 0.93034 0.28062 0.08052 0.49052 0.80037 
931	10	0.31318 0.94769 0.24889 0.08043 0.47681 0.84216 
932	10	0.29583 0.90080 0.38769 0.07923 0.43632 0.85015 
933	10	0.27603 0.89430 0.39298 0.07755 0.43594 0.82402 
934	10	0.25960 0.93370 0.20614 0.07328 0.46738 0.79352 
935	10	0.23300 0.90183 0.32540 0.06548 0.45898 0.81559 
936	10	0.21554 0.92353 0.31593 0.05315 0.41153 0.84430 
937	10	0.20609 0.91239 0.19583 0.05454 0.48315 0.81042 
938	10	0.51462 0.85293 0.63201 0.20932 0.48381 0.77209 
939	10	0.56158 0.85435 0.59280 0.22595 0.47258 0.80258 
940	10	0.69885 0.87605 0.50033 0.35131 0.53519 0.68379 
941	10	0.71798 0.87893 0.55585 0.37221 0.55351 0.69361 
942	10	0.68775 0.86523 0.49642 0.34087 0.52038 0.69455 
943	10	0.56277 0.84432 0.70381 0.22521 0.43647 0.81844 
944	10	0.56022 0.87250 0.53921 0.23659 0.46733 0.76586 
945	10	0.53951 0.87706 0.46376 0.21324 0.46863 0.77710 
946	10	0.58248 0.87796 0.61955 0.24731 0.46276 0.76776 
947	10	0.35856 0.89897 0.41668 0.11764 0.46795 0.79997 
948	10	0.35281 0.83643 0.61296 0.10971 0.45016 0.81545 
949	10	0.69939 0.82444 0.38010 0.40473 0.77394 0.50257 
950	10	0.65298 0.87078 0.35152 0.35022 0.73046 0.55779 
951	10	0.44030 0.90771 0.25588 0.18256 0.59636 0.65388 
952	10	0.62499 0.87493 0.52206 0.29025 0.55936 0.70970 
953	10	0.57506 0.87276 0.39849 0.28816 0.58431 0.63167 
954	10	0.32459 0.81805 0.57270 0.10091 0.44752 0.83216 
955	10	0.44709 0.82280 0.77189 0.14745 0.40197 0.86078 
956	10	0.23902 0.80914 0.59586 0.05817 0.35875 0.87524 
957	10	0.36047 0.87133 0.51503 0.10900 0.43121 0.84069 
958	10	0.44207 0.83725 0.70609 0.16065 0.48047 0.79942 
959	10	0.43650 0.88793 0.46168 0.14851 0.45554 0.81772 
960	10	0.28925 0.84956 0.52207 0.06523 0.32309 0.91927 
961	10	0.31004 0.86042 0.47294 0.07842 0.40351 0.86333 
962	10	0.11400 0.72312 0.65176 0.04230 0.37403 0.87108 
963	10	0.32332 0.87977 0.37191 0.13055 0.51252 0.72229 
964	10	0.23606 0.85163 0.36338 0.11512 0.53181 0.71547 
965	10	0.21507 0.74266 0.74774 0.04697 0.35785 0.91308 
966	10	0.30772 0.83748 0.44905 0.09446 0.46115 0.80517 
967	10	0.07839 0.80590 0.53389 0.03376 0.36559 0.89370 
968	10	0.60839 0.88019 0.58065 0.27114 0.44377 0.76103 
969	10	0.44423 0.88237 0.37748 0.18936 0.58012 0.70899 
970	10	0.32360 0.81839 0.64485 0.09720 0.39512 0.86083 
971	10	0.36824 0.81912 0.71721 0.11043 0.41611 0.86562 
972	10	0.37840 0.81473 0.78785 0.11452 0.38421 0.88836 
973	10	0.35274 0.86805 0.56554 0.10096 0.39988 0.88157 
974	10	0.33848 0.86098 0.53267 0.09469 0.42448 0.87413 
975	10	0.24529 0.83253 0.81168 0.05033 0.36427 0.93634 
976	10	0.13740 0.85824 0.48177 0.02950 0.36706 0.92258 
977	10	0.24742 0.90113 0.44073 0.05548 0.37589 0.91613 
978	10	0.28077 0.91643 0.35627 0.07375 0.41534 0.87655 
979	10	0.23903 0.83845 0.54577 0.04873 0.36665 0.90750 
980	10	0.21977 0.84037 0.51987 0.04937 0.38036 0.90568 
981	10	0.37730 0.91507 0.36276 0.11448 0.44320 0.83897 
982	10	0.41854 0.90090 0.42907 0.14231 0.46588 0.80715 
983	10	0.21552 0.89096 0.32763 0.05767 0.47046 0.83889 
984	10	0.23062 0.91829 0.31245 0.04954 0.47264 0.87235 
985	10	0.38531 0.93968 0.27371 0.12447 0.52063 0.79301 
986	10	0.39468 0.92146 0.34284 0.12894 0.49308 0.79150 
987	10	0.36420 0.91669 0.34608 0.11240 0.52457 0.80369 
988	10	0.42482 0.93554 0.28570 0.15045 0.53773 0.75967 
989	10	0.17065 0.82302 0.47393 0.03378 0.39728 0.88628 
990	10	0.37355 0.93192 0.28748 0.11613 0.49622 0.80751 
991	10	0.44293 0.93236 0.29113 0.16713 0.52626 0.74903 
992	10	0.42080 0.92254 0.35606 0.14458 0.49975 0.76307 
993	10	0.40079 0.87963 0.53134 0.12821 0.46196 0.83341 
994	10	0.40899 0.92686 0.25029 0.14062 0.52391 0.76261 
995	10	0.41532 0.89363 0.50924 0.13927 0.45291 0.81475 
996	10	0.30349 0.89757 0.41715 0.07696 0.44121 0.86327 
997	10	0.39387 0.92560 0.23732 0.13679 0.54328 0.74191 
998	10	0.42673 0.91375 0.36710 0.14858 0.51976 0.77581 
999	10	0.45997 0.93954 0.19996 0.17272 0.55280 0.73805 
1000	11	0.33500 0.99007 0.00252 0.41110 1.00000 0.25804 
1001	11	0.61111 0.94025 0.14010 0.45189 0.88751 0.35928 
1002	11	0.49735 0.90523 0.05339 0.46250 0.92459 0.28569 
1003	11	0.96838 0.92817 0.04739 0.90481 0.93765 0.15398 
1004	11	0.61338 0.94606 0.04176 0.69210 0.96607 0.18212 
1005	11	0.71744 0.90896 0.05286 0.68206 0.93980 0.20753 
1006	11	0.60857 0.92509 0.06986 0.54073 0.91304 0.28836 
1007	11	0.65820 0.90504 0.02874 0.67122 0.95599 0.17049 
1008	11	0.78310 0.90978 0.06554 0.68405 0.91713 0.23383 
1009	11	0.86361 0.92022 0.05288 0.77161 0.92476 0.18927 
1010	11	0.79015 0.92174 0.06944 0.74317 0.91680 0.21608 
1011	11	0.66587 0.89450 0.08112 0.56439 0.89691 0.27731 
1012	11	0.73984 0.91153 0.05601 0.65783 0.93315 0.22478 
1013	11	0.81511 0.90291 0.06243 0.83174 0.93541 0.17884 
1014	11	0.81254 0.90670 0.05759 0.72451 0.92989 0.17872 
1015	11	0.84344 0.90006 0.05887 0.70044 0.92280 0.23236 
1016	11	0.61809 0.91721 0.09776 0.57598 0.89378 0.27808 
1017	11	0.79429 0.90914 0.09493 0.75874 0.90597 0.23271 
1018	11	0.69225 0.91665 0.08289 0.51845 0.90036 0.30711 
1019	11	0.51521 0.93542 0.03405 0.55819 0.94633 0.22080 
1020	11	0.57821 0.92435 0.07298 0.53548 0.92132 0.27160 
1021	11	0.44629 0.90260 0.07082 0.35435 0.91888 0.34272 
1022	11	0.45630 0.91827 0.08428 0.47730 0.92614 0.29194 
1023	11	0.46044 0.92161 0.09815 0.37160 0.93221 0.33438 
1024	11	0.42506 0.91118 0.08566 0.37732 0.91841 0.32658 
1025	11	0.40441 0.93755 0.09645 0.38924 0.88659 0.35350 
1026	11	0.60112 0.92540 0.11385 0.49419 0.89006 0.32041 
1027	11	0.37910 0.90560 0.04800 0.43269 0.93874 0.25884 
1028	11	0.50442 0.91447 0.05903 0.46967 0.93103 0.26759 
1029	11	0.26324 0.91818 0.11953 0.31731 0.88506 0.37775 
1030	11	0.47239 0.92895 0.05296 0.47856 0.92538 0.25847 
1031	11	0.43541 0.90896 0.05774 0.45494 0.92505 0.27503 
1032	11	0.51411 0.90671 0.04342 0.51362 0.93922 0.23534 
1033	11	0.42901 0.90157 0.06456 0.40009 0.91553 0.29041 
1034	11	0.34073 0.92187 0.09098 0.35443 0.89636 0.33959 
1035	11	0.29814 0.91281 0.07204 0.32480 0.90755 0.33762 
1036	11	0.38082 0.88249 0.04338 0.39193 0.93511 0.26348 
1037	11	0.29031 0.87563 0.04410 0.34663 0.93146 0.28114 
1038	11	0.29935 0.94052 0.17543 0.25441 0.83548 0.48235 
1039	11	0.31040 0.95137 0.12456 0.29530 0.85317 0.43652 
1040	11	0.37837 0.92535 0.06971 0.35439 0.88640 0.36320 
1041	11	0.41811 0.93146 0.11689 0.40600 0.86475 0.34572 
1042	11	0.40896 0.91586 0.07496 0.38818 0.91056 0.31489 
1043	11	0.53806 0.88354 0.07793 0.56955 0.86914 0.23949 
1044	11	0.65506 0.92005 0.10654 0.52540 0.84288 0.34510 
1045	11	0.67081 0.91714 0.04496 0.75183 0.92187 0.17726 
1046	11	0.45916 0.90096 0.06973 0.47312 0.90496 0.27782 
1047	11	0.48842 0.90048 0.04880 0.46908 0.93703 0.24269 
1048	11	0.30889 0.94652 0.16191 0.26923 0.87514 0.45444 
1049	11	0.40556 0.94168 0.10182 0.37328 0.92042 0.35471 
1050	11	0.49356 0.93389 0.03939 0.46128 0.95523 0.25399 
1051	11	0.40918 0.91314 0.06198 0.41511 0.93046 0.30680 
1052	11	0.40352 0.93159 0.09191 0.37970 0.88193 0.36293 
1053	11	0.66056 0.87497 0.08598 0.66614 0.88285 0.23515 
1054	11	0.56654 0.83473 0.02807 0.67065 0.93751 0.13184 
1055	11	0.61469 0.83512 0.03081 0.62753 0.92896 0.15456 
1056	11	0.53473 0.88441 0.07185 0.49279 0.89607 0.29063 
1057	11	0.55403 0.91446 0.04623 0.61897 0.94458 0.21884 
1058	11	0.62487 0.85051 0.02103 0.62093 0.93953 0.15535 
1059	11	0.49962 0.93038 0.06881 0.42069 0.91531 0.32125 
1060	11	0.50363 0.91350 0.05363 0.47500 0.91693 0.27737 
1061	11	0.53351 0.89978 0.05974 0.53949 0.89543 0.26030 
1062	11	0.58309 0.90688 0.07491 0.56967 0.90266 0.25609 
1063	11	0.49005 0.91604 0.04789 0.52817 0.90940 0.26238 
1064	11	0.47977 0.92055 0.06800 0.47816 0.90691 0.28184 
1065	11	0.51245 0.91181 0.06709 0.45784 0.89899 0.30953 
1066	11	0.46988 0.91821 0.06174 0.44217 0.91083 0.29609 
1067	11	0.48428 0.92025 0.12479 0.45824 0.85389 0.35087 
1068	11	0.98823 0.89554 0.07838 0.87231 0.92772 0.17771 
1069	11	0.72456 0.93641 0.08421 0.63879 0.90501 0.24683 
1070	11	0.82204 0.94207 0.06855 0.78363 0.93619 0.18626 
1071	11	0.70140 0.91620 0.07780 0.77525 0.92820 0.16645 
1072	11	0.41708 0.91830 0.06135 0.40154 0.90696 0.32492 
1073	11	0.33961 0.91267 0.08311 0.32920 0.90690 0.35353 
1074	11	0.38530 0.94303 0.05660 0.36351 0.90955 0.34068 
1075	11	0.37960 0.93671 0.06678 0.35550 0.90795 0.34769 
1076	11	0.45231 0.91644 0.05511 0.43013 0.91742 0.29284 
1077	11	0.30603 0.93916 0.08269 0.30170 0.87847 0.39543 
1078	11	0.38321 0.91632 0.05843 0.37653 0.93108 0.29319 
1079	11	0.26453 0.91911 0.10037 0.29118 0.90973 0.36769 
1080	11	0.36483 0.93279 0.10198 0.30977 0.90761 0.37748 
1081	11	0.25104 0.90976 0.20226 0.24260 0.85519 0.46736 
1082	11	0.33347 0.95210 0.11691 0.27747 0.87582 0.43011 
1083	11	0.29831 0.92941 0.14086 0.29524 0.86168 0.42612 
1084	11	0.36324 0.93869 0.09692 0.31803 0.89167 0.38757 
1085	11	0.29396 0.93481 0.11056 0.30270 0.88335 0.40289 
1086	11	0.38866 0.91971 0.13534 0.29775 0.86186 0.43065 
1087	11	0.38052 0.88590 0.04691 0.40909 0.94748 0.24809 
1088	11	0.25775 0.96200 0.10009 0.20370 0.88172 0.50387 
1089	11	0.25339 0.97446 0.04955 0.18941 0.92852 0.49284 
1090	11	0.25248 0.95461 0.14135 0.15208 0.83500 0.58140 
1091	11	0.24533 0.95840 0.11152 0.17465 0.85285 0.54726 
1092	11	0.38403 0.95948 0.04920 0.26373 0.93562 0.41337 
1093	11	0.32198 0.95697 0.06047 0.23890 0.92351 0.43240 
1094	11	0.35607 0.94877 0.09312 0.23339 0.89861 0.46622 
1095	11	0.30924 0.94789 0.12573 0.21200 0.86968 0.50386 
1096	11	0.46792 0.94124 0.02647 0.30458 0.95382 0.36127 
1097	11	0.46543 0.92324 0.03695 0.31599 0.94631 0.35077 
1098	11	0.32740 0.94074 0.05066 0.25136 0.93129 0.40026 
1099	11	0.20202 0.95018 0.05776 0.21046 0.91374 0.44894 
1100	12	0.43589 0.93237 0.01735 0.39779 0.94890 0.29397 
1101	12	0.38167 0.85318 0.08385 0.32381 0.90692 0.37421 
1102	12	0.29641 0.88971 0.13170 0.24263 0.81824 0.50476 
1103	12	0.33675 0.94594 0.07101 0.26039 0.84936 0.48752 
1104	12	0.41152 0.91960 0.04880 0.32809 0.91206 0.37144 
1105	12	0.35661 0.93527 0.03587 0.33863 0.90035 0.37953 
1106	12	0.53057 0.94095 0.02764 0.46723 0.93713 0.27311 
1107	12	0.28221 0.90571 0.09972 0.25639 0.86323 0.46844 
1108	12	0.49949 0.92693 0.04904 0.36093 0.90135 0.38499 
1109	12	0.41131 0.93186 0.02908 0.32270 0.91526 0.38533 
1110	12	0.40497 0.90665 0.06483 0.41099 0.91808 0.34454 
1111	12	0.49021 0.89161 0.06911 0.38425 0.90805 0.35240 
1112	12	0.31089 0.90921 0.04197 0.32220 0.91027 0.36622 
1113	12	0.38575 0.89331 0.04277 0.38337 0.93434 0.32045 
1114	12	0.67359 0.87165 0.03527 0.66881 0.99418 0.15727 
1115	12	0.79996 0.90576 0.03237 0.77110 0.98329 0.13989 
1116	12	0.46169 0.85355 0.10550 0.48904 0.91455 0.29131 
1117	12	0.44940 0.90036 0.09969 0.36165 0.86050 0.41405 
1118	12	0.67466 0.90976 0.01011 0.68858 0.98190 0.14467 
1119	12	0.38404 0.92957 0.03837 0.33889 0.92357 0.35100 
1120	12	0.52459 0.93990 0.05410 0.43175 0.89899 0.35314 
1121	12	0.38532 0.92051 0.06632 0.33401 0.87900 0.40445 
1122	12	0.48897 0.90840 0.07639 0.46663 0.88052 0.34317 
1123	12	0.28771 0.90365 0.07476 0.26086 0.89780 0.43405 
1124	12	0.19662 0.91338 0.10674 0.15815 0.77603 0.58340 
1125	12	0.53947 0.90108 0.02958 0.53383 0.93906 0.25308 
1126	12	0.65352 0.90768 0.03741 0.52633 0.93733 0.25391 
1127	12	0.44608 0.95891 0.03328 0.33416 0.89417 0.41549 
1128	12	0.53387 0.91793 0.01448 0.55952 0.97833 0.20918 
1129	12	0.36290 0.91362 0.07827 0.29644 0.84640 0.45319 
1130	12	0.40344 0.90825 0.05643 0.36496 0.88977 0.37326 
1131	12	0.40942 0.90176 0.02963 0.39258 0.95792 0.28779 
1132	12	0.41388 0.92170 0.02193 0.45569 0.96940 0.23687 
1133	12	0.16959 0.98647 0.01113 0.15899 0.91453 0.52095 
1134	12	0.19545 0.97988 0.01505 0.15551 0.90614 0.53262 
1135	12	0.23749 0.90328 0.06887 0.16107 0.82479 0.52773 
1136	12	0.30136 0.93239 0.07625 0.16482 0.78100 0.57868 
1137	12	0.24470 0.91166 0.07840 0.15982 0.81319 0.54516 
1138	12	0.28652 0.99244 0.00532 0.17022 0.92997 0.52728 
1139	12	0.12069 0.94103 0.08379 0.11345 0.80302 0.60842 
1140	12	0.19053 0.94792 0.06952 0.13450 0.78796 0.60243 
1141	12	0.19293 0.93364 0.08396 0.15265 0.81934 0.57134 
1142	12	0.37044 0.90556 0.04915 0.25828 0.87248 0.44501 
1143	12	0.32713 0.94531 0.07793 0.17360 0.81664 0.57350 
1144	12	0.34099 0.92768 0.08758 0.18542 0.79812 0.55349 
1145	12	0.14958 0.90919 0.16766 0.09706 0.70594 0.68024 
1146	12	0.35034 0.91742 0.13713 0.16438 0.74433 0.62810 
1147	12	0.35007 0.91655 0.10470 0.20364 0.81427 0.53202 
1148	12	0.42692 0.93188 0.10982 0.25145 0.86255 0.49222 
1149	12	0.51610 0.94195 0.02417 0.40959 0.91681 0.32857 
1150	12	0.59702 0.91487 0.09167 0.49211 0.86287 0.36243 
1151	12	0.69426 0.94256 0.06260 0.45209 0.86611 0.39100 
1152	12	0.42760 0.88927 0.14294 0.31875 0.84557 0.44779 
1153	12	0.67859 0.91218 0.13811 0.42451 0.83319 0.44579 
1154	12	0.37149 0.92509 0.07411 0.19233 0.84203 0.53410 
1155	12	0.19779 0.93556 0.11549 0.10295 0.73585 0.67613 
1156	12	0.26550 0.96190 0.06918 0.16253 0.83606 0.59675 
1157	12	0.34072 0.96100 0.01269 0.30616 0.93186 0.39139 
1158	12	0.26611 0.93496 0.09466 0.16656 0.79352 0.59609 
1159	12	0.49214 0.98452 0.03046 0.23712 0.86512 0.55727 
1160	12	0.32899 0.94320 0.07044 0.18617 0.78830 0.57541 
1161	12	0.31310 0.98205 0.01678 0.20898 0.91444 0.50569 
1162	12	0.31160 0.98085 0.03348 0.16785 0.85561 0.59108 
1163	12	0.65615 0.94346 0.02406 0.46145 0.93429 0.33192 
1164	12	0.34348 0.95987 0.01570 0.33634 0.94824 0.35417 
1165	12	0.69546 0.94282 0.03688 0.54790 0.90411 0.31948 
1166	12	0.41604 0.94400 0.05184 0.29987 0.85066 0.46972 
1167	12	0.47128 0.93841 0.06955 0.29805 0.85406 0.47479 
1168	12	0.52888 0.95478 0.00263 0.37906 0.98121 0.31560 
1169	12	0.32776 0.94703 0.02658 0.30541 0.92846 0.38795 
1170	12	0.21200 0.95061 0.03324 0.20506 0.92321 0.45098 
1171	12	0.38026 0.90955 0.13459 0.24417 0.85791 0.50933 
1172	12	0.35166 0.95312 0.02461 0.29023 0.94874 0.36743 
1173	12	0.43809 0.90401 0.04173 0.37532 0.95671 0.32424 
1174	12	0.52792 0.90989 0.06787 0.44386 0.91382 0.33430 
1175	12	0.38569 0.93633 0.04368 0.28416 0.90164 0.42533 
1176	12	0.30557 0.90023 0.06738 0.29579 0.89825 0.39546 
1177	12	0.31730 0.95370 0.07639 0.23162 0.85542 0.49577 
1178	12	0.56578 0.92161 0.07016 0.36882 0.86727 0.41893 
1179	12	0.71695 0.85652 0.07117 0.47135 0.88087 0.34778 
1180	12	0.59174 0.83015 0.15090 0.32614 0.77670 0.50006 
1181	12	0.69700 0.86134 0.05704 0.49753 0.89407 0.31942 
1182	12	0.45454 0.82315 0.07779 0.32639 0.88093 0.37414 
1183	12	0.21238 0.91985 0.11604 0.13641 0.80965 0.57211 
1184	12	0.47792 0.85027 0.06541 0.31101 0.87610 0.39212 
1185	12	0.55492 0.88576 0.11587 0.38787 0.88563 0.33133 
1186	12	0.39696 0.87737 0.06490 0.42854 0.92611 0.26651 
1187	12	0.50134 0.91819 0.09937 0.27027 0.83055 0.48277 
1188	12	0.29279 0.89067 0.10896 0.23688 0.85798 0.41699 
1189	12	0.28380 0.95282 0.08333 0.18584 0.83794 0.53321 
1190	12	0.14760 0.84691 0.19866 0.11170 0.73408 0.65407 
1191	12	0.53476 0.88242 0.04599 0.39116 0.91019 0.33715 
1192	12	0.37640 0.88755 0.05564 0.26855 0.86463 0.42022 
1193	12	0.26139 0.86303 0.14145 0.17711 0.79218 0.54679 
1194	12	0.20808 0.95695 0.06618 0.16273 0.84466 0.56298 
1195	12	0.34752 0.92347 0.01987 0.32474 0.93187 0.34861 
1196	12	0.22900 0.94649 0.04549 0.19555 0.90760 0.47941 
1197	12	0.41802 0.81710 0.07270 0.38400 0.83660 0.36177 
1198	12	0.43958 0.94406 0.03530 0.35479 0.89729 0.38129 
1199	12	0.30209 0.82775 0.16229 0.26530 0.76218 0.50109 
1200	13	0.35873 0.88229 0.41648 0.11559 0.52054 0.80347 
1201	13	0.36502 0.91220 0.27243 0.12625 0.58966 0.74854 
1202	13	0.35234 0.88627 0.34798 0.12546 0.57099 0.74204 
1203	13	0.35021 0.88712 0.40739 0.11319 0.53201 0.79025 
1204	13	0.33734 0.87699 0.47055 0.10507 0.50327 0.81668 
1205	13	0.33203 0.85674 0.36469 0.15061 0.59802 0.66808 
1206	13	0.26016 0.84272 0.37606 0.11572 0.58517 0.70984 
1207	13	0.33081 0.85750 0.55530 0.10731 0.51876 0.81416 
1208	13	0.32313 0.85227 0.51190 0.11007 0.52901 0.79439 
1209	13	0.32274 0.89166 0.40214 0.11959 0.52200 0.77755 
1210	13	0.32817 0.86367 0.42087 0.12794 0.54447 0.73963 
1211	13	0.32506 0.85893 0.37124 0.13506 0.58568 0.70881 
1212	13	0.33272 0.92243 0.23771 0.11626 0.58214 0.74687 
1213	13	0.32509 0.88018 0.30059 0.14811 0.57864 0.70518 
1214	13	0.32189 0.85503 0.22118 0.15865 0.65077 0.56572 
1215	13	0.31916 0.88346 0.39825 0.13011 0.55125 0.75347 
1216	13	0.34414 0.90497 0.30487 0.14927 0.58597 0.70279 
1217	13	0.33852 0.89552 0.15764 0.14204 0.62930 0.62101 
1218	13	0.33622 0.85363 0.50944 0.13174 0.53446 0.76547 
1219	13	0.35086 0.89949 0.36805 0.12656 0.58890 0.75246 
1220	13	0.39735 0.88687 0.32102 0.16019 0.64047 0.68837 
1221	13	0.40052 0.88221 0.28759 0.18931 0.67138 0.61512 
1222	13	0.41257 0.90233 0.25150 0.17119 0.64486 0.67115 
1223	13	0.37642 0.85795 0.33407 0.17960 0.66683 0.62546 
1224	13	0.41435 0.86710 0.31769 0.18465 0.66162 0.64020 
1225	13	0.40657 0.88703 0.24955 0.16335 0.63902 0.66688 
1226	13	0.40719 0.89759 0.33185 0.16105 0.63691 0.70110 
1227	13	0.40833 0.87147 0.28188 0.17911 0.69112 0.63306 
1228	13	0.40395 0.93757 0.19316 0.16415 0.65900 0.68104 
1229	13	0.39658 0.88562 0.29789 0.16762 0.65126 0.66704 
1230	13	0.38651 0.90941 0.25651 0.15982 0.65234 0.66460 
1231	13	0.37563 0.87196 0.35565 0.15409 0.64351 0.68516 
1232	13	0.37828 0.89376 0.23820 0.15936 0.67454 0.64562 
1233	13	0.34755 0.92082 0.24264 0.13684 0.64086 0.69501 
1234	13	0.38231 0.86179 0.37845 0.13979 0.57928 0.73302 
1235	13	0.38117 0.86005 0.48311 0.13915 0.56125 0.74096 
1236	13	0.38708 0.82140 0.32496 0.16060 0.63431 0.63589 
1237	13	0.38337 0.85563 0.34189 0.15172 0.62136 0.68336 
1238	13	0.37710 0.83627 0.19322 0.12571 0.52395 0.69669 
1239	13	0.37247 0.87244 0.40119 0.13430 0.56312 0.74141 
1240	13	0.37560 0.85133 0.37416 0.15007 0.61361 0.68359 
1241	13	0.37090 0.83151 0.53465 0.13649 0.56969 0.74459 
1242	13	0.37357 0.89144 0.27022 0.14016 0.58534 0.71240 
1243	13	0.36677 0.83950 0.46066 0.13643 0.57155 0.71621 
1244	13	0.36395 0.85665 0.46454 0.12721 0.53393 0.76993 
1245	13	0.36726 0.89117 0.28020 0.13387 0.60019 0.71945 
1246	13	0.36577 0.85973 0.41785 0.12894 0.56033 0.75022 
1247	13	0.35865 0.87824 0.35852 0.12863 0.57435 0.73541 
1248	13	0.36324 0.87387 0.31449 0.13123 0.59920 0.72382 
1249	13	0.36357 0.86897 0.28089 0.14158 0.61983 0.67410 
1250	13	0.35583 0.85526 0.32518 0.13140 0.60187 0.70187 
1251	13	0.36266 0.84301 0.36869 0.14091 0.60220 0.70280 
1252	13	0.33107 0.85637 0.38701 0.13481 0.59334 0.71042 
1253	13	0.36006 0.86328 0.18566 0.14824 0.62978 0.62076 
1254	13	0.35654 0.81839 0.56018 0.12076 0.53762 0.77567 
1255	13	0.36805 0.86236 0.38463 0.13554 0.57460 0.72619 
1256	13	0.31595 0.84321 0.41293 0.12042 0.57916 0.72368 
1257	13	0.35817 0.84462 0.24468 0.14817 0.61217 0.62244 
1258	13	0.36054 0.85674 0.36274 0.13847 0.59809 0.70641 
1259	13	0.36101 0.89696 0.15620 0.14038 0.61577 0.63837 
1260	13	0.36051 0.84659 0.38757 0.13828 0.60160 0.70153 
1261	13	0.36501 0.85022 0.17392 0.16041 0.64223 0.59483 
1262	13	0.38775 0.86565 0.33379 0.15394 0.62879 0.67918 
1263	13	0.37947 0.87331 0.27466 0.15003 0.63422 0.67612 
1264	13	0.36582 0.80340 0.41851 0.15171 0.60698 0.65113 
1265	13	0.36790 0.84275 0.44221 0.13784 0.59611 0.72476 
1266	13	0.36385 0.86089 0.18410 0.16032 0.63909 0.58727 
1267	13	0.36976 0.84750 0.31637 0.14768 0.59459 0.67800 
1268	13	0.36118 0.82585 0.40626 0.14521 0.60712 0.68548 
1269	13	0.35570 0.88142 0.23454 0.15223 0.61367 0.65600 
1270	13	0.36489 0.89706 0.32666 0.12781 0.59072 0.74297 
1271	13	0.34237 0.85881 0.37496 0.11936 0.56986 0.74524 
1272	13	0.32932 0.86233 0.37342 0.11722 0.56888 0.74047 
1273	13	0.32143 0.84770 0.45538 0.10846 0.55124 0.76244 
1274	13	0.32826 0.83789 0.45855 0.11135 0.54012 0.76525 
1275	13	0.33195 0.84857 0.37084 0.11728 0.56875 0.73404 
1276	13	0.32358 0.86570 0.34762 0.10778 0.54586 0.76397 
1277	13	0.29179 0.81461 0.44646 0.11453 0.55951 0.72371 
1278	13	0.31017 0.82500 0.50151 0.10503 0.53231 0.76610 
1279	13	0.31035 0.82754 0.45803 0.10724 0.53280 0.75757 
1280	13	0.31088 0.83914 0.40533 0.10265 0.54139 0.76952 
1281	13	0.30079 0.85486 0.50701 0.09005 0.48923 0.81727 
1282	13	0.27070 0.85191 0.38524 0.10107 0.60310 0.73336 
1283	13	0.26376 0.85503 0.46260 0.07599 0.46957 0.82545 
1284	13	0.26490 0.85529 0.44852 0.08785 0.50524 0.78967 
1285	13	0.26587 0.88356 0.34149 0.09359 0.53440 0.75592 
1286	13	0.26317 0.88228 0.30224 0.08460 0.50775 0.77016 
1287	13	0.26499 0.87434 0.31016 0.10178 0.55566 0.73751 
1288	13	0.27405 0.84734 0.45870 0.09087 0.52167 0.78523 
1289	13	0.26374 0.87540 0.33384 0.09839 0.54751 0.74876 
1290	13	0.24123 0.84720 0.37995 0.08512 0.54921 0.77272 
1291	13	0.21413 0.83909 0.34720 0.10237 0.55537 0.72145 
1292	13	0.21163 0.84314 0.37916 0.09795 0.55671 0.72423 
1293	13	0.21907 0.82474 0.37667 0.09847 0.56824 0.72323 
1294	13	0.22562 0.85610 0.38280 0.09476 0.55839 0.73977 
1295	13	0.22279 0.83983 0.42650 0.08372 0.55033 0.77568 
1296	13	0.22009 0.89044 0.27759 0.07727 0.57413 0.75708 
1297	13	0.23118 0.86929 0.30217 0.09448 0.60316 0.72009 
1298	13	0.23256 0.83592 0.46609 0.08201 0.56092 0.76701 
1299	13	0.24157 0.84976 0.32034 0.11242 0.60521 0.69876 
1300	14	0.14788 0.81207 0.68616 0.09684 0.63832 0.70578 
1301	14	0.14363 0.79713 0.39439 0.12690 0.72535 0.62016 
1302	14	0.14267 0.79916 0.55545 0.12039 0.72517 0.64901 
1303	14	0.09379 0.83956 0.56988 0.09491 0.68874 0.69847 
1304	14	0.11938 0.86302 0.45624 0.09325 0.65504 0.70259 
1305	14	0.22391 0.74920 0.52957 0.14243 0.69576 0.61683 
1306	14	0.22613 0.78108 0.47279 0.16197 0.74400 0.58042 
1307	14	0.28838 0.76064 0.60339 0.15254 0.68818 0.63138 
1308	14	0.13987 0.97385 0.10479 0.09736 0.86282 0.64161 
1309	14	0.13748 0.82911 0.31859 0.12246 0.75900 0.61054 
1310	14	0.09548 0.96751 0.13360 0.07835 0.83203 0.67425 
1311	14	0.18371 0.76208 0.46690 0.12110 0.74648 0.62752 
1312	14	0.13505 0.82522 0.47694 0.09435 0.71458 0.69503 
1313	14	0.10684 0.81068 0.51136 0.09742 0.71079 0.67122 
1314	14	0.19707 0.76864 0.48091 0.12033 0.74138 0.62856 
1315	14	0.09073 0.78229 0.53530 0.07990 0.67603 0.72648 
1316	14	0.24406 0.77876 0.42755 0.15971 0.74947 0.58979 
1317	14	0.13151 0.82871 0.50357 0.08048 0.67187 0.71895 
1318	14	0.18905 0.79542 0.39189 0.15488 0.78329 0.57022 
1319	14	0.09761 0.95247 0.08714 0.10706 0.85403 0.59842 
1320	14	0.09759 0.97552 0.06794 0.10533 0.88119 0.59164 
1321	14	0.11082 0.61249 0.85349 0.08562 0.61626 0.74797 
1322	14	0.11503 0.64053 0.38561 0.10637 0.74493 0.62182 
1323	14	0.13680 0.63334 0.72982 0.10627 0.61587 0.69614 
1324	14	0.13155 0.95747 0.07179 0.10524 0.87688 0.58670 
1325	14	0.13262 0.76377 0.52773 0.10902 0.69473 0.66267 
1326	14	0.14110 0.75784 0.61854 0.09179 0.61844 0.70338 
1327	14	0.13892 0.68378 0.81580 0.08021 0.60550 0.74169 
1328	14	0.10873 0.94654 0.15505 0.06758 0.80541 0.69098 
1329	14	0.12932 0.67195 0.78178 0.09018 0.65454 0.70050 
1330	14	0.15060 0.70925 0.99024 0.07356 0.55116 0.79870 
1331	14	0.27530 0.73355 0.57684 0.15235 0.72893 0.61294 
1332	14	0.11758 0.75889 0.53604 0.10463 0.67669 0.66957 
1333	14	0.19089 0.64115 0.86852 0.09914 0.60491 0.73684 
1334	14	0.18626 0.74668 0.59863 0.12229 0.71924 0.65606 
1335	14	0.11673 0.80874 0.47596 0.08312 0.71657 0.70001 
1336	14	0.26148 0.65040 0.60739 0.14348 0.71052 0.62731 
1337	14	0.21635 0.67992 0.92710 0.10247 0.62229 0.73234 
1338	14	0.12666 0.73152 0.55006 0.08476 0.67201 0.69782 
1339	14	0.12785 0.63138 0.65910 0.10976 0.71574 0.64540 
1340	14	0.14434 0.64094 0.59528 0.13039 0.71765 0.63129 
1341	14	0.09975 0.76817 0.69897 0.07510 0.60895 0.76433 
1342	14	0.10675 0.63976 0.77291 0.07585 0.67576 0.74393 
1343	14	0.08921 0.94421 0.11287 0.07217 0.81009 0.66636 
1344	14	0.12152 0.61909 0.73140 0.07696 0.62665 0.74458 
1345	14	0.23639 0.74007 0.63273 0.11177 0.67981 0.68565 
1346	14	0.15665 0.68131 0.65526 0.10954 0.69807 0.67753 
1347	14	0.10714 0.43893 0.70783 0.08806 0.66567 0.70044 
1348	14	0.12739 0.56873 0.86719 0.05598 0.55357 0.82159 
1349	14	0.22335 0.69143 0.68327 0.14346 0.65190 0.65405 
1350	14	0.13764 0.65029 0.61677 0.06998 0.61553 0.74585 
1351	14	0.10006 0.98073 0.08379 0.07516 0.82482 0.66170 
1352	14	0.11719 0.70977 0.52478 0.10442 0.67557 0.64802 
1353	14	0.11494 0.81693 0.42012 0.08389 0.63991 0.70601 
1354	14	0.09548 0.58016 0.79051 0.05824 0.51458 0.79856 
1355	14	0.10494 0.72000 0.39876 0.08656 0.70542 0.66215 
1356	14	0.15032 0.68463 0.72624 0.08315 0.60069 0.76063 
1357	14	0.13524 0.65353 1.00000 0.06775 0.54521 0.81669 
1358	14	0.13822 0.56803 0.95329 0.10178 0.57408 0.72956 
1359	14	0.13694 0.97695 0.07524 0.06229 0.79215 0.70568 
1360	14	0.18147 0.69245 0.38895 0.11823 0.65076 0.66912 
1361	14	0.15422 0.76606 0.60680 0.09609 0.63117 0.71183 
1362	14	0.13110 0.64041 0.86276 0.09409 0.59782 0.72200 
1363	14	0.18377 0.96522 0.07899 0.14132 0.85758 0.56273 
1364	14	0.10456 0.78113 0.56472 0.07704 0.64333 0.74545 
1365	14	0.11056 0.77985 0.52653 0.09452 0.68522 0.68150 
1366	14	0.15746 0.83993 0.40921 0.13535 0.71196 0.61719 
1367	14	0.68924 0.77079 0.34562 0.46248 0.72954 0.46523 
1368	14	0.70033 0.74667 0.36717 0.46542 0.74812 0.45606 
1369	14	0.31230 0.74909 0.30562 0.14352 0.56051 0.68781 
1370	14	0.27549 0.80364 0.30406 0.11643 0.54208 0.73363 
1371	14	0.38364 0.81079 0.23651 0.21955 0.56855 0.62139 
1372	14	0.31402 0.39077 0.54512 0.17247 0.55845 0.65647 
1373	14	0.28053 0.51074 0.52854 0.17474 0.51738 0.64875 
1374	14	0.30005 0.74382 0.33261 0.15936 0.56609 0.66741 
1375	14	0.29643 0.81820 0.28319 0.11039 0.54415 0.73836 
1376	14	0.14150 0.70414 0.43612 0.08860 0.58878 0.74044 
1377	14	0.20182 0.75045 0.44556 0.11384 0.55547 0.76104 
1378	14	0.30606 0.83563 0.25363 0.15023 0.62217 0.68845 
1379	14	0.14271 0.63064 0.46419 0.08935 0.51541 0.77193 
1380	14	0.17765 0.68874 0.31024 0.09497 0.58510 0.71982 
1381	14	0.24512 0.48848 0.51280 0.11093 0.61704 0.72380 
1382	14	0.15643 0.36173 0.76695 0.10641 0.51981 0.76914 
1383	14	0.23975 0.29809 0.61125 0.14595 0.54379 0.70615 
1384	14	0.18973 0.37086 0.86675 0.10907 0.49604 0.79085 
1385	14	0.21641 0.45653 0.51086 0.14954 0.64570 0.66473 
1386	14	0.18271 0.47180 0.54132 0.10063 0.59882 0.72846 
1387	14	0.10754 0.53616 0.62901 0.05774 0.57706 0.79969 
1388	14	0.08207 0.67193 0.39171 0.06714 0.58787 0.77457 
1389	14	0.14578 0.64073 0.44025 0.07367 0.56485 0.77708 
1390	14	0.30624 0.39731 0.66584 0.13382 0.57071 0.72736 
1391	14	0.34373 0.03705 0.38340 0.17673 0.39467 0.58410 
1392	14	0.26822 0.60879 0.42445 0.14007 0.63179 0.66657 
1393	14	0.23704 0.29118 0.62284 0.16498 0.63018 0.64557 
1394	14	0.19153 0.78050 0.28695 0.11612 0.59395 0.72608 
1395	14	0.17281 0.33791 0.80159 0.10978 0.51622 0.75958 
1396	14	0.25876 0.71457 0.40280 0.12603 0.57418 0.71245 
1397	14	0.20518 0.61017 0.32571 0.11600 0.62065 0.66882 
1398	14	0.16222 0.66564 0.54433 0.07701 0.49315 0.82432 
1399	14	0.30927 0.51166 0.39151 0.16714 0.60382 0.65047 
