1400	14	6
0	1	0.20126 0.93970 0.01857 0.23570 0.97515 0.33652 
1	1	0.18141 0.47136 0.46572 0.14938 0.79458 0.53019 
2	1	0.15160 0.51515 0.44780 0.13930 0.79090 0.53618 
3	1	0.18699 0.45704 0.32842 0.18444 0.84472 0.44334 
4	1	0.11706 0.45267 0.35188 0.14737 0.84180 0.47806 
5	1	0.14798 0.49321 0.48050 0.14536 0.82207 0.51528 
6	1	0.12328 0.64502 0.36299 0.12526 0.85077 0.52559 
7	1	0.21524 0.48389 0.38388 0.18237 0.84177 0.46215 
8	1	0.17868 0.65216 0.29986 0.15853 0.85756 0.48820 
9	1	0.14356 0.51462 0.34594 0.16736 0.84346 0.46750 
10	1	0.20032 0.64655 0.22593 0.20949 0.88836 0.40314 
11	1	0.10628 0.92701 0.10875 0.11523 0.86089 0.56064 
12	1	0.17691 0.93565 0.06201 0.14254 0.89446 0.49761 
13	1	0.10062 0.93729 0.07541 0.12611 0.93014 0.50134 
14	1	0.17627 0.92233 0.07781 0.14104 0.89297 0.50838 
15	1	0.15460 0.93147 0.03911 0.15370 0.90444 0.45682 
16	1	0.15420 0.93127 0.05769 0.12516 0.88134 0.51700 
17	1	0.16427 0.92102 0.04800 0.17441 0.90391 0.43935 
18	1	0.15437 0.52506 0.37638 0.15339 0.85268 0.48507 
19	1	0.17794 0.63860 0.16050 0.22714 0.92989 0.34662 
20	1	0.22489 0.44552 0.26573 0.24489 0.89387 0.36366 
21	1	0.26569 0.50578 0.32884 0.18847 0.88549 0.43534 
22	1	0.16441 0.36226 0.56895 0.15179 0.78815 0.52241 
23	1	0.11673 0.46355 0.46856 0.12698 0.79549 0.54622 
24	1	0.13853 0.49271 0.37912 0.16644 0.86962 0.45407 
25	1	0.18484 0.60226 0.31888 0.17945 0.86405 0.45724 
26	1	0.24743 0.53828 0.30696 0.17488 0.85091 0.46542 
27	1	0.13420 0.37398 0.55671 0.14381 0.79644 0.52791 
28	1	0.15692 0.96090 0.01358 0.17667 0.94697 0.40854 
29	1	0.19598 0.45528 0.35262 0.18387 0.84813 0.44981 
30	1	0.14636 0.65177 0.33999 0.15571 0.85755 0.48703 
31	1	0.17599 0.60268 0.15420 0.23228 0.94259 0.32293 
32	1	0.18887 0.59564 0.14422 0.22859 0.93934 0.32441 
33	1	0.20123 0.59550 0.19201 0.23453 0.93087 0.34296 
34	1	0.16074 0.61682 0.27976 0.17951 0.87185 0.44368 
35	1	0.16453 0.52018 0.29623 0.18314 0.88480 0.42165 
36	1	0.19823 0.47575 0.26355 0.22804 0.90006 0.36952 
37	1	0.07343 0.74163 0.22909 0.05741 0.52426 0.73204 
38	1	0.21518 0.83653 0.16500 0.10216 0.64222 0.66737 
39	1	0.28020 0.76798 0.19284 0.13621 0.58800 0.63804 
40	1	0.45838 0.45441 0.21764 0.27498 0.51336 0.47573 
41	1	0.14729 0.74781 0.19722 0.08669 0.52769 0.68428 
42	1	0.07871 0.86098 0.19492 0.04664 0.54059 0.76915 
43	1	0.26349 0.65127 0.33975 0.09458 0.43147 0.74161 
44	1	0.41199 0.55187 0.23155 0.21815 0.45909 0.54291 
45	1	0.16137 0.76094 0.19971 0.10656 0.65408 0.64122 
46	1	0.06803 0.68775 0.27724 0.04520 0.44292 0.76432 
47	1	0.14861 0.76176 0.18398 0.09579 0.61643 0.65870 
48	1	0.13242 0.71529 0.20972 0.08494 0.53375 0.67406 
49	1	0.13170 0.71759 0.31923 0.06423 0.50212 0.76826 
50	1	0.18376 0.76224 0.20909 0.08998 0.53746 0.68766 
51	1	0.09775 0.67006 0.28393 0.05261 0.44008 0.76571 
52	1	0.09072 0.74404 0.23911 0.05438 0.50959 0.74506 
53	1	0.32763 0.76788 0.21758 0.17925 0.60013 0.63047 
54	1	0.23442 0.56779 0.19530 0.12568 0.45596 0.59675 
55	1	0.21483 0.45060 0.22485 0.14587 0.52267 0.57164 
56	1	0.29540 0.78609 0.12851 0.15224 0.73123 0.54991 
57	1	0.59258 0.38420 0.15902 0.39242 0.60148 0.37697 
58	1	0.19920 0.83757 0.15713 0.12923 0.66749 0.62476 
59	1	0.31294 0.79508 0.22194 0.16255 0.55317 0.64011 
60	1	0.19731 0.37811 0.27931 0.13671 0.49335 0.59781 
61	1	0.24004 0.42053 0.28861 0.10667 0.38357 0.64263 
62	1	0.35206 0.62468 0.19073 0.26196 0.60728 0.48416 
63	1	0.36214 0.79916 0.12135 0.21562 0.65377 0.51689 
64	1	0.28560 0.70722 0.18833 0.13861 0.58721 0.61055 
65	1	0.14227 0.73366 0.21542 0.07486 0.49968 0.70512 
66	1	0.11210 0.50997 0.29257 0.07478 0.47226 0.69159 
67	1	0.15365 0.64175 0.24417 0.09830 0.54016 0.65278 
68	1	0.33318 0.59341 0.14237 0.21836 0.64841 0.47355 
69	1	0.15020 0.73904 0.20504 0.08921 0.53129 0.68378 
70	1	0.25627 0.76610 0.20901 0.12743 0.60988 0.63804 
71	1	0.27133 0.79480 0.17959 0.10350 0.54001 0.67553 
72	1	0.08347 0.75151 0.29229 0.04120 0.45153 0.80395 
73	1	0.06321 0.71689 0.24413 0.05350 0.49278 0.74982 
74	1	0.12437 0.76844 0.23881 0.05999 0.50047 0.74945 
75	1	0.31216 0.53143 0.26285 0.15107 0.45346 0.61852 
76	1	0.13080 0.68958 0.23968 0.07379 0.49939 0.70923 
77	1	0.12278 0.66998 0.25892 0.06433 0.48270 0.72130 
78	1	0.08228 0.75522 0.24046 0.05500 0.51495 0.75469 
79	1	0.10183 0.82061 0.14223 0.08387 0.63309 0.66476 
80	1	0.12489 0.72060 0.23051 0.07020 0.49737 0.70784 
81	1	0.07906 0.80395 0.19004 0.06128 0.55638 0.72361 
82	1	0.09763 0.69144 0.31508 0.05185 0.45336 0.79526 
83	1	0.23931 0.59672 0.22179 0.11736 0.52645 0.61735 
84	1	0.24271 0.68604 0.16446 0.14836 0.57556 0.56850 
85	1	0.20264 0.51910 0.24596 0.12633 0.48654 0.60363 
86	1	0.11381 0.67224 0.21009 0.07824 0.51723 0.67223 
87	1	0.06406 0.79902 0.33701 0.02867 0.39768 0.85172 
88	1	0.03663 0.82968 0.24162 0.03021 0.47453 0.82204 
89	1	0.08571 0.81208 0.17363 0.05235 0.49605 0.72445 
90	1	0.31067 0.37823 0.26356 0.15807 0.45919 0.58230 
91	1	0.10746 0.72923 0.26005 0.05313 0.48751 0.75645 
92	1	0.17096 0.83190 0.13800 0.09775 0.64801 0.64662 
93	1	0.11332 0.78490 0.27011 0.05748 0.52206 0.76481 
94	1	0.11474 0.73226 0.26175 0.06985 0.55504 0.72709 
95	1	0.08540 0.81689 0.24889 0.04252 0.48304 0.79976 
96	1	0.10396 0.81634 0.20932 0.06676 0.53505 0.74173 
97	1	0.11422 0.81835 0.18570 0.06553 0.57420 0.71684 
98	1	0.12915 0.82438 0.20086 0.07395 0.56203 0.72572 
99	1	0.09662 0.82965 0.23271 0.05041 0.54649 0.77798 
100	2	0.08948 0.75468 0.17677 0.05676 0.37718 0.68986 
101	2	0.16604 0.83473 0.19474 0.07063 0.40002 0.71292 
102	2	0.14347 0.82368 0.21956 0.05976 0.38198 0.73748 
103	2	0.09068 0.81873 0.21952 0.05339 0.36253 0.75460 
104	2	0.16322 0.78610 0.13738 0.09355 0.47847 0.62473 
105	2	0.07036 0.79235 0.16838 0.05298 0.40058 0.70855 
106	2	0.07612 0.81353 0.28115 0.02525 0.31880 0.84218 
107	2	0.06198 0.81092 0.22911 0.03815 0.37823 0.77765 
108	2	0.10400 0.77226 0.23022 0.06538 0.38723 0.71856 
109	2	0.10474 0.83817 0.20710 0.06459 0.37910 0.72442 
110	2	0.13019 0.92868 0.14053 0.05911 0.40132 0.74444 
111	2	0.09221 0.81239 0.19540 0.04737 0.40236 0.74314 
112	2	0.03833 0.80025 0.22688 0.03645 0.35022 0.78578 
113	2	0.13632 0.81344 0.19798 0.05944 0.41569 0.72212 
114	2	0.08249 0.78333 0.18704 0.05219 0.38709 0.73008 
115	2	0.09075 0.84863 0.20288 0.04148 0.39064 0.78230 
116	2	0.06540 0.87963 0.15532 0.04095 0.41684 0.75859 
117	2	0.11496 0.77539 0.18444 0.06022 0.37629 0.71312 
118	2	0.09887 0.86927 0.18248 0.03797 0.39570 0.79432 
119	2	0.13793 0.84343 0.21187 0.05615 0.39975 0.75252 
120	2	0.06774 0.82457 0.24603 0.03206 0.35079 0.82170 
121	2	0.08063 0.84221 0.26573 0.03890 0.33929 0.81499 
122	2	0.09834 0.82297 0.26199 0.03827 0.35854 0.80085 
123	2	0.12891 0.82560 0.27413 0.05362 0.36639 0.78365 
124	2	0.11222 0.78367 0.29642 0.05546 0.36241 0.77353 
125	2	0.09860 0.79631 0.30281 0.03269 0.32175 0.83075 
126	2	0.04951 0.82441 0.24075 0.02810 0.33723 0.82306 
127	2	0.03314 0.77239 0.38948 0.01245 0.23956 0.91138 
128	2	0.00694 0.85761 0.29471 0.00418 0.26906 0.94318 
129	2	0.03189 0.83018 0.27980 0.01378 0.29537 0.89710 
130	2	0.00442 0.82199 0.26988 0.01055 0.29244 0.89022 
131	2	0.03383 0.82945 0.26799 0.01805 0.31006 0.87053 
132	2	0.03750 0.75690 0.31932 0.01693 0.25367 0.88524 
133	2	0.04185 0.81462 0.35310 0.01252 0.23819 0.91954 
134	2	0.02798 0.81176 0.31383 0.01224 0.26945 0.89636 
135	2	0.01540 0.79639 0.32306 0.00995 0.25260 0.90466 
136	2	0.00060 0.78630 0.34562 0.00525 0.23541 0.93347 
137	2	0.03581 0.74988 0.33759 0.01676 0.26478 0.88043 
138	2	0.03381 0.78478 0.24790 0.02022 0.30319 0.82993 
139	2	0.15087 0.91015 0.28146 0.03800 0.45640 0.85629 
140	2	0.08311 0.83426 0.21794 0.02862 0.34074 0.81592 
141	2	0.04738 0.74998 0.22775 0.03532 0.34783 0.77039 
142	2	0.02364 0.81487 0.23157 0.01812 0.29533 0.84491 
143	2	0.03453 0.83938 0.22566 0.01762 0.32083 0.85384 
144	2	0.05928 0.85413 0.19500 0.02863 0.33186 0.82111 
145	2	0.04747 0.83645 0.20927 0.02329 0.30864 0.82635 
146	2	0.06076 0.67574 0.28707 0.03395 0.25325 0.80250 
147	2	0.02723 0.76494 0.27647 0.01802 0.27158 0.86028 
148	2	0.03751 0.79301 0.20635 0.02417 0.27954 0.80491 
149	2	0.01908 0.69669 0.27668 0.02187 0.27791 0.81759 
150	2	0.01306 0.74076 0.29544 0.01374 0.21392 0.87077 
151	2	0.01825 0.64092 0.35494 0.01513 0.17192 0.86230 
152	2	0.08041 0.63232 0.27762 0.04115 0.23979 0.77789 
153	2	0.06980 0.67079 0.28413 0.03210 0.23231 0.81088 
154	2	0.05731 0.57565 0.30026 0.03564 0.23199 0.78117 
155	2	0.07289 0.61240 0.35643 0.02824 0.17108 0.84431 
156	2	0.04691 0.67191 0.34774 0.01581 0.16814 0.87614 
157	2	0.03245 0.66656 0.30439 0.02062 0.23159 0.83108 
158	2	0.01712 0.70102 0.33585 0.01521 0.19149 0.87032 
159	2	0.01732 0.63526 0.31872 0.01954 0.20536 0.83295 
160	2	0.05547 0.57777 0.42353 0.02170 0.12344 0.86734 
161	2	0.05417 0.52189 0.47399 0.01529 0.10081 0.90290 
162	2	0.02412 0.64330 0.40464 0.01095 0.12868 0.91182 
163	2	0.00000 0.67135 0.37491 0.00741 0.14179 0.91230 
164	2	0.05013 0.60960 0.43542 0.02169 0.11229 0.87526 
165	2	0.00274 0.64141 0.41387 0.00500 0.11251 0.93633 
166	2	0.02601 0.52057 0.48695 0.00766 0.06318 0.93075 
167	2	0.00258 0.61756 0.50193 0.00000 0.05444 0.98260 
168	2	0.03598 0.36485 0.50266 0.01740 0.04822 0.87994 
169	2	0.01610 0.61363 0.41024 0.00953 0.11066 0.90619 
170	2	0.04489 0.43275 0.43098 0.02136 0.08992 0.86053 
171	2	0.03577 0.41848 0.42686 0.01868 0.08914 0.85632 
172	2	0.03560 0.43603 0.44270 0.01740 0.09650 0.86305 
173	2	0.03938 0.28964 0.49352 0.01636 0.04991 0.86838 
174	2	0.02921 0.38375 0.42898 0.01934 0.10945 0.84154 
175	2	0.03449 0.48380 0.41043 0.01693 0.10137 0.85535 
176	2	0.03278 0.43601 0.53332 0.01322 0.06005 0.88843 
177	2	0.03479 0.44126 0.58869 0.01099 0.02090 0.92576 
178	2	0.01774 0.39594 0.47969 0.00992 0.07678 0.88776 
179	2	0.00842 0.40476 0.60812 0.00339 0.01537 0.94912 
180	2	0.02781 0.54197 0.46177 0.00958 0.05580 0.90691 
181	2	0.01729 0.39279 0.50176 0.01332 0.05388 0.88322 
182	2	0.04916 0.37079 0.45149 0.02168 0.07604 0.83874 
183	2	0.01859 0.45442 0.56708 0.00443 0.01117 0.95149 
184	2	0.03049 0.27366 0.55763 0.00973 0.01698 0.90036 
185	2	0.01832 0.18741 0.47114 0.01472 0.06000 0.85396 
186	2	0.02121 0.23115 0.44379 0.01928 0.07038 0.83334 
187	2	0.03132 0.24968 0.39404 0.02660 0.10217 0.80211 
188	2	0.04120 0.27980 0.42171 0.02334 0.08234 0.82469 
189	2	0.02319 0.45122 0.48165 0.01024 0.05472 0.89784 
190	2	0.02486 0.46359 0.46833 0.01112 0.06476 0.89078 
191	2	0.01789 0.42206 0.46803 0.01167 0.05994 0.87867 
192	2	0.00003 0.30163 0.53755 0.00657 0.02650 0.90977 
193	2	0.02161 0.37449 0.47906 0.01053 0.05654 0.88692 
194	2	0.02200 0.26813 0.60420 0.00798 0.00000 0.91635 
195	2	0.04114 0.44675 0.37224 0.02753 0.12563 0.81000 
196	2	0.09082 0.74665 0.20192 0.04648 0.30469 0.72588 
197	2	0.11473 0.70713 0.19519 0.06965 0.32068 0.67168 
198	2	0.11794 0.75463 0.22256 0.05332 0.29643 0.74043 
199	2	0.09326 0.81157 0.19440 0.04376 0.31601 0.75888 
200	3	0.25507 0.82476 0.18857 0.20031 0.69336 0.50361 
201	3	0.26505 0.55964 0.51002 0.15489 0.50532 0.60200 
202	3	0.24028 0.72677 0.33473 0.12962 0.56207 0.61738 
203	3	0.17505 0.71720 0.35894 0.11450 0.53980 0.63887 
204	3	0.26842 0.77066 0.26816 0.16093 0.57037 0.55859 
205	3	0.22299 0.69815 0.36817 0.14332 0.54471 0.59743 
206	3	0.13430 0.71362 0.40045 0.10270 0.53422 0.66422 
207	3	0.23665 0.67439 0.42339 0.13867 0.50409 0.62006 
208	3	0.24638 0.64216 0.44550 0.14987 0.51893 0.59518 
209	3	0.30475 0.54426 0.56448 0.16546 0.50581 0.60797 
210	3	0.18182 0.66509 0.42060 0.12951 0.54820 0.62235 
211	3	0.28888 0.65373 0.36437 0.15741 0.55593 0.58308 
212	3	0.23300 0.63330 0.44208 0.12780 0.52264 0.65089 
213	3	0.21856 0.63338 0.45103 0.11220 0.50789 0.66808 
214	3	0.24120 0.70216 0.36181 0.13753 0.53544 0.61190 
215	3	0.21923 0.71432 0.34332 0.12602 0.54074 0.62470 
216	3	0.21193 0.65887 0.49312 0.12004 0.51867 0.66300 
217	3	0.27697 0.67402 0.39577 0.14094 0.52736 0.62882 
218	3	0.20914 0.75341 0.31007 0.12983 0.58742 0.61037 
219	3	0.15897 0.76274 0.39000 0.08291 0.46850 0.74354 
220	3	0.17377 0.75445 0.33417 0.11684 0.51073 0.63730 
221	3	0.24306 0.74488 0.36582 0.13037 0.55986 0.63172 
222	3	0.25774 0.71622 0.37779 0.13483 0.57439 0.63492 
223	3	0.34825 0.71078 0.38554 0.18464 0.58056 0.59700 
224	3	0.19334 0.72984 0.38203 0.13376 0.57827 0.63206 
225	3	0.27643 0.76086 0.38888 0.19074 0.62271 0.56020 
226	3	0.29013 0.76189 0.39673 0.18244 0.63166 0.56728 
227	3	0.37045 0.77684 0.32344 0.21372 0.66751 0.55431 
228	3	0.50470 0.66887 0.47824 0.33043 0.67069 0.47642 
229	3	0.30865 0.66739 0.40316 0.18460 0.47809 0.59707 
230	3	0.20357 0.69117 0.48291 0.11893 0.51519 0.66721 
231	3	0.16817 0.70071 0.49805 0.10032 0.47013 0.70195 
232	3	0.15179 0.69272 0.46777 0.08644 0.48110 0.70984 
233	3	0.17991 0.72507 0.43468 0.09124 0.50980 0.70808 
234	3	0.28640 0.66275 0.53065 0.15210 0.47187 0.65591 
235	3	0.25539 0.71989 0.50305 0.12361 0.49614 0.67459 
236	3	0.31044 0.65128 0.54930 0.15544 0.47125 0.64280 
237	3	0.48670 0.50515 0.90428 0.30689 0.58451 0.56768 
238	3	0.29835 0.74582 0.44937 0.16577 0.58944 0.64269 
239	3	0.26839 0.75370 0.40928 0.14217 0.55015 0.65419 
240	3	0.23597 0.78503 0.41827 0.13749 0.53785 0.65337 
241	3	0.25384 0.68216 0.48864 0.14863 0.52161 0.63807 
242	3	0.33689 0.57408 0.52672 0.21965 0.48340 0.57393 
243	3	0.21702 0.67512 0.42990 0.12386 0.50898 0.64301 
244	3	0.23761 0.65394 0.47198 0.12457 0.51487 0.65027 
245	3	0.20925 0.67384 0.48915 0.14599 0.53276 0.63660 
246	3	0.31829 0.69108 0.48300 0.20314 0.51648 0.59237 
247	3	0.17725 0.78494 0.37293 0.07822 0.53257 0.72300 
248	3	0.27579 0.75334 0.38443 0.13336 0.54813 0.64110 
249	3	0.29873 0.65940 0.58883 0.14031 0.49709 0.66979 
250	3	0.17867 0.70160 0.43109 0.11263 0.48122 0.67348 
251	3	0.26460 0.65082 0.52057 0.16748 0.45988 0.63016 
252	3	0.29038 0.71884 0.41223 0.16249 0.51135 0.63171 
253	3	0.47044 0.68592 0.46717 0.26041 0.49550 0.57123 
254	3	0.22394 0.73479 0.41486 0.14407 0.52729 0.64187 
255	3	0.29218 0.59590 0.67017 0.20206 0.50012 0.60710 
256	3	0.35033 0.73982 0.42159 0.17764 0.57494 0.60762 
257	3	0.36634 0.57832 0.69283 0.19712 0.48638 0.62733 
258	3	0.32858 0.75873 0.35960 0.18653 0.59913 0.58329 
259	3	0.23789 0.73080 0.49941 0.15105 0.54895 0.65147 
260	3	0.19727 0.81657 0.31774 0.14988 0.64783 0.59620 
261	3	0.76516 0.72779 0.47287 0.52431 0.65792 0.46855 
262	3	0.35221 0.74888 0.31044 0.25934 0.63286 0.49523 
263	3	0.34467 0.71116 0.47520 0.18212 0.56498 0.62982 
264	3	0.32605 0.70546 0.40481 0.18109 0.56260 0.62054 
265	3	0.30439 0.75699 0.38094 0.17018 0.56269 0.62067 
266	3	0.28593 0.65831 0.48807 0.17145 0.56705 0.61740 
267	3	0.29138 0.66419 0.50673 0.23962 0.54846 0.56152 
268	3	0.31615 0.71956 0.41033 0.22033 0.59498 0.57656 
269	3	0.40607 0.66088 0.53497 0.31009 0.60989 0.53449 
270	3	0.72000 0.68480 0.59499 0.48497 0.67519 0.46960 
271	3	0.59486 0.71479 0.49481 0.43600 0.70081 0.44365 
272	3	0.34790 0.63615 0.59862 0.31653 0.66359 0.49102 
273	3	0.33208 0.68657 0.56302 0.27434 0.67551 0.50001 
274	3	0.79206 0.71520 0.47049 0.59250 0.72598 0.38687 
275	3	0.35189 0.63388 0.58215 0.27908 0.65619 0.51036 
276	3	0.54701 0.70294 0.46190 0.38006 0.69689 0.45060 
277	3	0.44496 0.69310 0.55337 0.35525 0.67512 0.47933 
278	3	0.50568 0.68152 0.54255 0.32539 0.69816 0.49542 
279	3	0.41237 0.55990 0.76161 0.30888 0.65335 0.50645 
280	3	0.50210 0.63815 0.66712 0.45591 0.65201 0.43643 
281	3	0.74966 0.63800 0.56569 0.53657 0.70222 0.42259 
282	3	0.42438 0.75806 0.42708 0.30564 0.68729 0.50205 
283	3	0.33340 0.73084 0.44733 0.23452 0.64464 0.54858 
284	3	0.35588 0.75526 0.38058 0.29787 0.67490 0.49785 
285	3	0.41790 0.72653 0.50715 0.24982 0.62654 0.56896 
286	3	0.35634 0.70335 0.54821 0.28977 0.63582 0.53624 
287	3	0.43315 0.68920 0.43569 0.33548 0.65482 0.50631 
288	3	0.47709 0.73387 0.50371 0.25179 0.59775 0.61897 
289	3	0.33365 0.71352 0.48944 0.21591 0.62322 0.59547 
290	3	0.38389 0.68124 0.45118 0.26550 0.65413 0.54456 
291	3	0.41940 0.75718 0.47130 0.28951 0.68403 0.51820 
292	3	0.37273 0.54635 0.99652 0.29873 0.62577 0.55667 
293	3	0.46795 0.54251 0.77911 0.30787 0.62498 0.55860 
294	3	0.23386 0.73610 0.43094 0.17756 0.59173 0.59836 
295	3	0.34648 0.51003 0.75187 0.19735 0.55739 0.61930 
296	3	0.36195 0.65643 0.55786 0.20862 0.57941 0.60651 
297	3	0.15151 0.74318 0.53334 0.11020 0.55904 0.69616 
298	3	0.59588 0.74423 0.45287 0.38558 0.66943 0.49794 
299	3	0.37600 0.74689 0.47293 0.26243 0.63964 0.53042 
300	4	0.58127 0.91462 0.09891 0.52659 0.89544 0.22692 
301	4	0.34229 0.90068 0.05121 0.47806 0.94251 0.15613 
302	4	0.33462 0.89934 0.22703 0.29969 0.81214 0.41649 
303	4	0.37375 0.94941 0.08351 0.32069 0.83135 0.37994 
304	4	0.68186 0.98507 0.02182 0.52164 0.95966 0.27380 
305	4	0.35337 0.94898 0.11644 0.30456 0.82407 0.40804 
306	4	0.42422 0.94750 0.08133 0.40343 0.86431 0.31122 
307	4	0.31198 0.96055 0.04355 0.33169 0.86029 0.32219 
308	4	0.17570 0.96913 0.07586 0.21346 0.80392 0.46522 
309	4	0.34880 0.93147 0.09020 0.39552 0.88683 0.28298 
310	4	0.62619 0.94522 0.01116 0.61839 0.94480 0.11201 
311	4	0.53111 0.93617 0.02535 0.48021 0.92155 0.17580 
312	4	0.54110 0.94545 0.01472 0.52598 0.93188 0.15040 
313	4	0.54549 0.93988 0.08937 0.43353 0.88227 0.28232 
314	4	0.31473 0.92688 0.10520 0.32739 0.85805 0.33130 
315	4	0.39012 0.94061 0.12695 0.34127 0.83695 0.35884 
316	4	0.29827 0.92441 0.11214 0.32920 0.83351 0.33300 
317	4	0.34446 0.93490 0.08632 0.35464 0.86392 0.31923 
318	4	0.39524 0.94320 0.08109 0.33492 0.85391 0.33770 
319	4	0.34412 0.92566 0.14008 0.34436 0.85085 0.34941 
320	4	0.46396 0.93996 0.11087 0.36863 0.86049 0.33614 
321	4	0.28029 0.95154 0.09072 0.30486 0.83305 0.37827 
322	4	0.28953 0.95359 0.16957 0.21927 0.78718 0.49647 
323	4	0.26534 0.93828 0.18798 0.24263 0.78904 0.48435 
324	4	0.46420 0.95825 0.08962 0.36636 0.84672 0.35241 
325	4	0.44318 0.93082 0.16317 0.42708 0.83662 0.34035 
326	4	0.48010 0.93901 0.08595 0.41199 0.87311 0.28920 
327	4	0.36735 0.95539 0.09399 0.31963 0.83753 0.38864 
328	4	0.40064 0.93669 0.11007 0.38944 0.86566 0.31347 
329	4	0.22342 0.91277 0.28126 0.20291 0.74107 0.54734 
330	4	0.32060 0.94736 0.07909 0.30595 0.81677 0.37504 
331	4	0.30336 0.94473 0.10779 0.23504 0.78823 0.46294 
332	4	0.26646 0.93792 0.10256 0.24474 0.78400 0.43179 
333	4	0.30100 0.93275 0.14508 0.27488 0.77302 0.44024 
334	4	0.24720 0.95340 0.13799 0.21547 0.75613 0.51398 
335	4	0.29589 0.94724 0.12991 0.19891 0.75580 0.51005 
336	4	0.22869 0.96003 0.09514 0.13604 0.78045 0.58586 
337	4	0.32387 0.95127 0.09490 0.21362 0.81008 0.49349 
338	4	0.24816 0.96056 0.10143 0.19890 0.81946 0.51720 
339	4	0.29217 0.93932 0.12821 0.16822 0.80182 0.54096 
340	4	0.35922 0.95445 0.11251 0.21119 0.78363 0.51900 
341	4	0.35667 0.96608 0.07271 0.21333 0.80416 0.50714 
342	4	0.19649 0.95697 0.13391 0.14865 0.74641 0.59244 
343	4	0.19637 0.97172 0.03359 0.16315 0.86103 0.49293 
344	4	0.24806 0.95649 0.09941 0.18077 0.78073 0.53100 
345	4	0.32855 0.95618 0.08039 0.21402 0.80996 0.49738 
346	4	0.39350 0.95544 0.05873 0.27197 0.81218 0.43526 
347	4	0.31416 0.95193 0.09643 0.22837 0.76755 0.48484 
348	4	0.26837 0.97482 0.05885 0.22885 0.84852 0.48062 
349	4	0.21915 0.94881 0.10671 0.18144 0.78276 0.52821 
350	4	0.22647 0.97145 0.08413 0.18592 0.80124 0.53609 
351	4	0.28253 0.96363 0.10361 0.20045 0.77016 0.53817 
352	4	0.39232 0.96262 0.06650 0.24161 0.83982 0.46810 
353	4	0.30065 0.94389 0.06862 0.25431 0.83357 0.41686 
354	4	0.19785 0.94825 0.11617 0.14848 0.74039 0.57745 
355	4	0.32882 0.92709 0.07069 0.26286 0.79133 0.41211 
356	4	0.44841 0.93971 0.12798 0.41472 0.78726 0.36817 
357	4	0.36544 0.93501 0.14676 0.25638 0.74837 0.49179 
358	4	0.48567 0.95665 0.05812 0.36091 0.81962 0.37062 
359	4	0.40353 0.94884 0.06628 0.38690 0.82202 0.34217 
360	4	0.34684 0.96008 0.06829 0.33476 0.81120 0.38356 
361	4	0.37410 0.95349 0.08355 0.25215 0.81604 0.48911 
362	4	0.56846 0.94491 0.08435 0.46106 0.79072 0.33111 
363	4	0.42491 0.94305 0.10755 0.33518 0.78410 0.38249 
364	4	0.47190 0.91141 0.14526 0.42141 0.78799 0.34155 
365	4	0.52330 0.93189 0.09045 0.48122 0.81753 0.30016 
366	4	0.47372 0.95513 0.06941 0.48187 0.82051 0.29661 
367	4	0.45365 0.94346 0.07832 0.43943 0.80549 0.30888 
368	4	0.47494 0.93872 0.11384 0.39930 0.78950 0.36750 
369	4	0.36565 0.94570 0.10061 0.34402 0.78074 0.38844 
370	4	0.42510 0.92432 0.11744 0.36059 0.79988 0.35900 
371	4	0.29617 0.96648 0.03340 0.27217 0.81187 0.38928 
372	4	0.35910 0.96228 0.02809 0.29589 0.83762 0.35529 
373	4	0.29160 0.96746 0.04972 0.21056 0.78160 0.45482 
374	4	0.22012 0.96197 0.05647 0.20572 0.78167 0.45019 
375	4	0.21459 0.96774 0.04394 0.21563 0.79707 0.43960 
376	4	0.34061 0.95537 0.02518 0.31946 0.83941 0.32641 
377	4	0.20371 0.96246 0.04522 0.21973 0.79124 0.42880 
378	4	0.29876 0.95880 0.05675 0.25023 0.79056 0.42852 
379	4	0.24832 0.98032 0.02692 0.19456 0.80025 0.47637 
380	4	0.28034 0.94335 0.11586 0.18866 0.77818 0.51799 
381	4	0.25470 0.96071 0.10141 0.23428 0.74246 0.49503 
382	4	0.27671 0.95689 0.08639 0.28169 0.79714 0.42739 
383	4	0.29358 0.95503 0.11143 0.24131 0.74990 0.48337 
384	4	0.39686 0.93154 0.09249 0.31630 0.79545 0.38634 
385	4	0.34767 0.95580 0.09985 0.24566 0.75499 0.49905 
386	4	0.27476 0.92213 0.13920 0.17250 0.72128 0.56885 
387	4	0.32729 0.91614 0.16645 0.16821 0.74010 0.58558 
388	4	0.32186 0.93826 0.08213 0.26216 0.75301 0.45838 
389	4	0.26428 0.93362 0.04167 0.23974 0.79885 0.41297 
390	4	0.20515 0.92130 0.17348 0.08987 0.69207 0.67871 
391	4	0.21501 0.93693 0.06333 0.15271 0.75616 0.53336 
392	4	0.26732 0.96210 0.08257 0.17177 0.75604 0.56031 
393	4	0.21269 0.95164 0.06922 0.12475 0.72048 0.58182 
394	4	0.22242 0.95975 0.10616 0.13074 0.69794 0.62530 
395	4	0.14378 0.96778 0.08118 0.08094 0.70382 0.67990 
396	4	0.08774 0.96292 0.07332 0.08629 0.76210 0.62620 
397	4	0.18849 0.95559 0.14430 0.11701 0.68998 0.66561 
398	4	0.46147 0.94567 0.09002 0.33546 0.79711 0.42998 
399	4	0.27409 0.94808 0.03104 0.26878 0.82095 0.34408 
400	5	0.51703 0.95857 0.10625 0.29101 0.73804 0.49767 
401	5	0.50542 0.94962 0.12053 0.30184 0.75602 0.47789 
402	5	0.32537 0.93583 0.17891 0.16110 0.70382 0.60625 
403	5	0.28085 0.97446 0.08761 0.17488 0.74498 0.53986 
404	5	0.25193 0.96080 0.11406 0.13696 0.71865 0.58934 
405	5	0.15506 0.96994 0.10513 0.11012 0.71963 0.60955 
406	5	0.57667 0.94702 0.08015 0.36914 0.82325 0.36908 
407	5	0.40668 0.94322 0.06555 0.26948 0.82274 0.39783 
408	5	0.34189 0.94697 0.06539 0.25702 0.80961 0.40009 
409	5	0.39399 0.94335 0.07153 0.24596 0.73137 0.42592 
410	5	0.12320 0.94253 0.14749 0.11224 0.67306 0.62910 
411	5	0.17797 0.94388 0.06951 0.17403 0.74570 0.48084 
412	5	0.12654 0.95089 0.11196 0.13065 0.72127 0.56729 
413	5	0.20695 0.94846 0.05403 0.18425 0.76582 0.45662 
414	5	0.13245 0.94059 0.09525 0.13262 0.73595 0.55597 
415	5	0.19834 0.90824 0.12625 0.15242 0.74852 0.50730 
416	5	0.20647 0.94135 0.04258 0.18046 0.79424 0.43140 
417	5	0.11653 0.97403 0.09184 0.07454 0.67033 0.68021 
418	5	0.13644 0.97307 0.07301 0.11976 0.73611 0.56542 
419	5	0.27112 0.94150 0.07084 0.18609 0.77211 0.46392 
420	5	0.27345 0.96893 0.04684 0.17641 0.76971 0.49037 
421	5	0.15983 0.95260 0.09399 0.15367 0.75371 0.51492 
422	5	0.15441 0.95459 0.08189 0.15041 0.76654 0.50896 
423	5	0.14318 0.96029 0.10349 0.11900 0.71771 0.59439 
424	5	0.14223 0.94424 0.07953 0.14130 0.73391 0.51468 
425	5	0.22320 0.95554 0.03698 0.20183 0.80009 0.42509 
426	5	0.14671 0.95919 0.04055 0.17777 0.79286 0.44393 
427	5	0.20663 0.95780 0.03019 0.19918 0.83051 0.41320 
428	5	0.16099 0.95106 0.11124 0.14013 0.73295 0.55573 
429	5	0.17446 0.94131 0.05373 0.18525 0.78755 0.43845 
430	5	0.23186 0.95238 0.06711 0.15506 0.74358 0.51693 
431	5	0.28474 0.95940 0.06434 0.17440 0.78487 0.50747 
432	5	0.17525 0.95468 0.09586 0.14245 0.74788 0.55339 
433	5	0.17988 0.97237 0.08308 0.12757 0.72276 0.60337 
434	5	0.19938 0.94155 0.06918 0.21072 0.81851 0.42304 
435	5	0.21222 0.96497 0.03634 0.15752 0.80311 0.48351 
436	5	0.23623 0.94806 0.03611 0.23016 0.82075 0.39982 
437	5	0.29566 0.95014 0.11085 0.17496 0.76383 0.54303 
438	5	0.19329 0.96015 0.03943 0.19785 0.80562 0.44459 
439	5	0.28305 0.93832 0.05798 0.29197 0.83581 0.34002 
440	5	0.28815 0.97543 0.04720 0.19867 0.79578 0.48412 
441	5	0.31238 0.93852 0.12360 0.19449 0.76845 0.52085 
442	5	0.18804 0.96563 0.06332 0.18400 0.78592 0.47174 
443	5	0.28363 0.95620 0.03244 0.25141 0.84702 0.36492 
444	5	0.14045 0.94764 0.16384 0.11753 0.70840 0.61292 
445	5	0.30786 0.94828 0.04244 0.25616 0.81621 0.36998 
446	5	0.24168 0.93476 0.04019 0.23388 0.82252 0.37927 
447	5	0.22769 0.94109 0.06306 0.23329 0.82098 0.39694 
448	5	0.19873 0.94776 0.13191 0.16609 0.72521 0.56636 
449	5	0.13759 0.95775 0.11242 0.12155 0.71838 0.59485 
450	5	0.17742 0.96460 0.09315 0.16445 0.73638 0.53634 
451	5	0.15441 0.92404 0.14080 0.16186 0.73139 0.52425 
452	5	0.28508 0.92731 0.08303 0.22186 0.78117 0.43309 
453	5	0.25548 0.94851 0.09031 0.18916 0.75358 0.49238 
454	5	0.20282 0.93383 0.06917 0.22462 0.78375 0.41176 
455	5	0.15222 0.96000 0.10609 0.14869 0.71066 0.56429 
456	5	0.20077 0.95361 0.09647 0.15745 0.72996 0.54119 
457	5	0.27200 0.92760 0.13766 0.22603 0.76574 0.44182 
458	5	0.19356 0.96025 0.06583 0.17617 0.76555 0.48007 
459	5	0.21806 0.95438 0.06801 0.20153 0.77695 0.46319 
460	5	0.20518 0.95306 0.07558 0.18156 0.75418 0.49305 
461	5	0.38182 0.93908 0.06910 0.33723 0.81878 0.31514 
462	5	0.31584 0.94987 0.09785 0.28271 0.78012 0.41924 
463	5	0.27695 0.96561 0.10569 0.26060 0.77067 0.46655 
464	5	0.52411 0.96066 0.04351 0.42926 0.84213 0.26738 
465	5	0.28209 0.95273 0.12645 0.26856 0.75119 0.45882 
466	5	0.29193 0.97006 0.09986 0.25000 0.77316 0.48300 
467	5	0.28404 0.97842 0.08016 0.26475 0.78143 0.45678 
468	5	0.49326 0.94547 0.06990 0.43617 0.82749 0.26138 
469	5	0.35789 0.96075 0.10953 0.30111 0.77280 0.41356 
470	5	0.48977 0.95884 0.05329 0.47131 0.84978 0.23854 
471	5	0.56903 0.94263 0.06642 0.47465 0.82747 0.25589 
472	5	0.39805 0.95659 0.07710 0.40491 0.80310 0.34314 
473	5	0.29763 0.96588 0.10979 0.26402 0.75124 0.47152 
474	5	0.47683 0.97065 0.08842 0.35304 0.81962 0.41202 
475	5	0.42760 0.95395 0.05678 0.39026 0.83304 0.28232 
476	5	0.53470 0.95886 0.04987 0.40495 0.82883 0.29570 
477	5	0.59463 0.96014 0.05853 0.43977 0.82452 0.30325 
478	5	0.55825 0.95683 0.04907 0.46119 0.85538 0.26211 
479	5	0.30803 0.95974 0.11969 0.29137 0.76213 0.45083 
480	5	0.36357 0.97419 0.05678 0.34016 0.82056 0.35324 
481	5	0.33224 0.97782 0.08423 0.25974 0.78328 0.47353 
482	5	0.23747 0.96828 0.10887 0.23892 0.76199 0.50232 
483	5	0.46453 0.96193 0.06112 0.42031 0.86773 0.27559 
484	5	0.22388 0.94692 0.12902 0.24493 0.78768 0.44644 
485	5	0.71690 0.96830 0.02657 0.60905 0.87878 0.21186 
486	5	0.49629 0.95596 0.11099 0.43755 0.83375 0.32647 
487	5	0.47463 0.97430 0.05471 0.35247 0.82227 0.39848 
488	5	0.45010 0.96745 0.11918 0.30565 0.78997 0.46719 
489	5	0.45475 0.96973 0.06395 0.41052 0.84494 0.35331 
490	5	0.55549 0.96817 0.04488 0.46116 0.87272 0.25074 
491	5	0.54884 0.96637 0.10619 0.41300 0.79372 0.39662 
492	5	0.45920 0.95184 0.15014 0.31069 0.76003 0.48373 
493	5	0.53001 0.95777 0.15363 0.35202 0.78450 0.47153 
494	5	0.33075 0.95652 0.14581 0.22874 0.75170 0.51633 
495	5	0.29572 0.93190 0.11594 0.24470 0.83620 0.44850 
496	5	0.35698 0.95264 0.10709 0.29981 0.81519 0.41007 
497	5	0.17148 0.94182 0.31278 0.08270 0.62552 0.75679 
498	5	0.15378 0.92570 0.37700 0.08544 0.60552 0.76278 
499	5	0.31535 0.96382 0.16329 0.18900 0.72608 0.58982 
500	6	0.01313 0.81208 0.31617 0.00793 0.18577 0.90455 
501	6	0.09408 0.88618 0.11903 0.05147 0.46921 0.70306 
502	6	0.06828 0.89143 0.13656 0.04222 0.44086 0.74127 
503	6	0.08240 0.90292 0.13839 0.04098 0.44457 0.75503 
504	6	0.08111 0.88449 0.21157 0.02070 0.29233 0.85076 
505	6	0.05347 0.82110 0.22994 0.01983 0.26639 0.83669 
506	6	0.10691 0.87045 0.15334 0.04382 0.36989 0.74717 
507	6	0.11041 0.80767 0.12284 0.06673 0.45865 0.64577 
508	6	0.08186 0.81892 0.13705 0.04843 0.44520 0.69137 
509	6	0.10826 0.68282 0.10770 0.08329 0.47517 0.56494 
510	6	0.05723 0.68991 0.22738 0.04162 0.29789 0.72394 
511	6	0.05428 0.78104 0.19472 0.04305 0.34126 0.72652 
512	6	0.04693 0.77176 0.22853 0.03056 0.28680 0.78447 
513	6	0.06398 0.80490 0.16129 0.04526 0.39484 0.71142 
514	6	0.10971 0.76443 0.22475 0.04397 0.29939 0.74520 
515	6	0.17815 0.71307 0.11972 0.08705 0.44282 0.58679 
516	6	0.11524 0.65748 0.24606 0.05034 0.26996 0.71930 
517	6	0.07681 0.79128 0.19884 0.03702 0.32411 0.75801 
518	6	0.09298 0.78280 0.18117 0.05462 0.36605 0.70090 
519	6	0.04141 0.66128 0.24615 0.04163 0.29298 0.73001 
520	6	0.13823 0.77200 0.14154 0.06599 0.43906 0.64898 
521	6	0.10939 0.79172 0.12438 0.06882 0.44458 0.63063 
522	6	0.12639 0.76610 0.14509 0.06811 0.44442 0.64573 
523	6	0.03942 0.77852 0.11472 0.04688 0.44260 0.66354 
524	6	0.11602 0.80866 0.16173 0.04934 0.40141 0.71295 
525	6	0.05272 0.69070 0.17011 0.05631 0.37002 0.65747 
526	6	0.19715 0.68470 0.12673 0.08924 0.41760 0.58869 
527	6	0.17508 0.72817 0.15127 0.07286 0.39009 0.64805 
528	6	0.06936 0.90240 0.17725 0.03485 0.34764 0.79437 
529	6	0.03643 0.83817 0.16970 0.03101 0.36116 0.75411 
530	6	0.05025 0.78520 0.19359 0.02732 0.34497 0.78400 
531	6	0.10183 0.82530 0.14143 0.06065 0.43424 0.67090 
532	6	0.04600 0.78691 0.24845 0.02498 0.28101 0.81749 
533	6	0.07826 0.80485 0.23752 0.03048 0.32233 0.80314 
534	6	0.09041 0.79950 0.20910 0.03879 0.34113 0.76447 
535	6	0.06295 0.83240 0.28715 0.01871 0.26621 0.87309 
536	6	0.07710 0.77221 0.22214 0.03711 0.33835 0.76425 
537	6	0.07956 0.82682 0.22844 0.04055 0.31185 0.77942 
538	6	0.08336 0.83855 0.22688 0.02530 0.31524 0.83117 
539	6	0.03838 0.88113 0.20506 0.02132 0.31236 0.82774 
540	6	0.03919 0.81241 0.18808 0.02981 0.33424 0.76301 
541	6	0.08844 0.81430 0.12050 0.06849 0.46129 0.61654 
542	6	0.16116 0.85884 0.19493 0.04614 0.36099 0.77756 
543	6	0.01929 0.70521 0.25400 0.02290 0.29719 0.80098 
544	6	0.10033 0.64197 0.22434 0.05515 0.30331 0.68946 
545	6	0.09636 0.76276 0.18446 0.04211 0.37697 0.72258 
546	6	0.06344 0.81196 0.18673 0.03926 0.36996 0.74588 
547	6	0.07397 0.85273 0.24720 0.02642 0.28772 0.84645 
548	6	0.09247 0.73750 0.16583 0.05915 0.37842 0.67540 
549	6	0.13853 0.76381 0.14788 0.07050 0.42536 0.64057 
550	6	0.06971 0.74581 0.14454 0.05834 0.42521 0.65571 
551	6	0.15530 0.79842 0.17181 0.05711 0.39694 0.70894 
552	6	0.05836 0.78234 0.16586 0.04063 0.40661 0.71117 
553	6	0.03518 0.82825 0.22045 0.01870 0.31562 0.82819 
554	6	0.08403 0.77959 0.17836 0.05025 0.37258 0.70717 
555	6	0.07092 0.80148 0.21596 0.03964 0.32172 0.76043 
556	6	0.07492 0.82173 0.27669 0.02339 0.25102 0.85407 
557	6	0.08587 0.81510 0.15570 0.05064 0.36420 0.69145 
558	6	0.16363 0.74337 0.10648 0.09213 0.47029 0.55964 
559	6	0.09418 0.77877 0.11835 0.06080 0.44649 0.63244 
560	6	0.17211 0.71825 0.12085 0.09342 0.43538 0.56531 
561	6	0.12323 0.85139 0.28453 0.02778 0.23064 0.87726 
562	6	0.11294 0.81076 0.16151 0.04711 0.39041 0.71747 
563	6	0.14338 0.80349 0.17326 0.05280 0.37011 0.71882 
564	6	0.12825 0.74750 0.13595 0.07001 0.43115 0.62144 
565	6	0.06856 0.76454 0.13426 0.05361 0.42573 0.65346 
566	6	0.00658 0.79442 0.27942 0.01098 0.22875 0.87771 
567	6	0.18050 0.75385 0.16866 0.08147 0.39272 0.63996 
568	6	0.08002 0.76464 0.20784 0.04070 0.30194 0.74582 
569	6	0.11871 0.77885 0.12539 0.06583 0.42798 0.63413 
570	6	0.04890 0.85922 0.21574 0.03221 0.29877 0.78382 
571	6	0.07200 0.78591 0.17111 0.04719 0.36258 0.71055 
572	6	0.08247 0.79346 0.20169 0.03718 0.31540 0.76294 
573	6	0.05789 0.78437 0.20517 0.03230 0.30431 0.76437 
574	6	0.08830 0.77091 0.25813 0.03822 0.27974 0.78550 
575	6	0.08414 0.78893 0.23525 0.03908 0.29944 0.77707 
576	6	0.06875 0.80575 0.20349 0.03521 0.32814 0.76866 
577	6	0.11938 0.77641 0.16159 0.05524 0.39195 0.68443 
578	6	0.05450 0.79248 0.17057 0.04030 0.36480 0.72203 
579	6	0.07698 0.81034 0.18055 0.04122 0.34655 0.74392 
580	6	0.04282 0.80108 0.25060 0.01975 0.24824 0.82705 
581	6	0.10058 0.73778 0.12279 0.06653 0.44948 0.61094 
582	6	0.03508 0.78810 0.17642 0.03826 0.35273 0.71818 
583	6	0.10144 0.83293 0.10995 0.07483 0.45548 0.60471 
584	6	0.08521 0.75622 0.17090 0.04752 0.35172 0.69514 
585	6	0.09862 0.77906 0.13695 0.06887 0.40407 0.62952 
586	6	0.06647 0.74639 0.19685 0.04349 0.30146 0.72179 
587	6	0.15211 0.77497 0.10462 0.09142 0.46810 0.56111 
588	6	0.06729 0.77678 0.16963 0.04351 0.35184 0.70406 
589	6	0.07204 0.80455 0.20412 0.03591 0.32799 0.75759 
590	6	0.14203 0.84727 0.15729 0.06169 0.40278 0.70288 
591	6	0.11985 0.80306 0.11864 0.07514 0.46602 0.61931 
592	6	0.07783 0.80046 0.19552 0.03702 0.32925 0.75354 
593	6	0.04558 0.78238 0.23090 0.02712 0.27953 0.79231 
594	6	0.10312 0.80648 0.11968 0.07152 0.43714 0.60780 
595	6	0.10545 0.70819 0.14564 0.06793 0.39965 0.62700 
596	6	0.03486 0.80686 0.27638 0.01426 0.25819 0.86166 
597	6	0.06864 0.83540 0.16572 0.03303 0.37907 0.74952 
598	6	0.02923 0.76141 0.16178 0.03702 0.39036 0.71041 
599	6	0.06200 0.81255 0.16198 0.04269 0.37746 0.71792 
600	7	0.35807 0.71379 0.16042 0.23125 0.86437 0.42480 
601	7	0.16180 0.98078 0.02274 0.14161 0.88504 0.54348 
602	7	0.27776 0.97239 0.02044 0.21904 0.91225 0.46321 
603	7	0.22289 0.96947 0.04423 0.16477 0.85746 0.55660 
604	7	0.32604 0.98066 0.03124 0.15766 0.86166 0.58012 
605	7	0.13835 0.97618 0.03772 0.10992 0.86661 0.59232 
606	7	0.20848 0.97393 0.04116 0.15621 0.86795 0.55058 
607	7	0.57128 0.96803 0.13930 0.31823 0.74739 0.52631 
608	7	0.28481 0.98506 0.09673 0.14605 0.68831 0.60084 
609	7	0.39180 0.98940 0.07210 0.19706 0.74705 0.56130 
610	7	0.26462 0.98450 0.07994 0.15567 0.72749 0.58709 
611	7	0.23579 0.97624 0.10634 0.12487 0.68569 0.63937 
612	7	0.31409 0.99203 0.05483 0.18697 0.77442 0.55850 
613	7	0.29146 0.96495 0.17080 0.16165 0.69247 0.60742 
614	7	0.20601 0.95780 0.17985 0.13633 0.70137 0.61197 
615	7	0.19813 0.98021 0.07675 0.12581 0.73161 0.60141 
616	7	0.24333 1.00000 0.01556 0.18077 0.89640 0.50152 
617	7	0.34432 0.98584 0.08204 0.19803 0.76303 0.54967 
618	7	0.25611 0.98138 0.09546 0.16643 0.72825 0.58083 
619	7	0.13426 0.97469 0.10994 0.09303 0.68254 0.64817 
620	7	0.17412 0.97691 0.11816 0.10729 0.70668 0.65716 
621	7	0.16131 0.97302 0.12756 0.09707 0.66901 0.65999 
622	7	0.23020 0.98297 0.07981 0.11976 0.71854 0.61635 
623	7	0.17846 0.97625 0.11249 0.10760 0.69809 0.63950 
624	7	0.22947 0.98132 0.07867 0.12655 0.70426 0.60097 
625	7	0.12098 0.98699 0.02495 0.08713 0.87470 0.61586 
626	7	0.10672 0.97180 0.00471 0.11339 0.89816 0.49772 
627	7	0.17611 0.95043 0.03836 0.10009 0.82094 0.58060 
628	7	0.07797 0.94271 0.05586 0.07860 0.81243 0.60278 
629	7	0.04793 0.95356 0.08735 0.04885 0.75594 0.70695 
630	7	0.07135 0.93442 0.10574 0.06032 0.74978 0.68903 
631	7	0.11981 0.94752 0.07570 0.07919 0.79292 0.64412 
632	7	0.14905 0.95225 0.06836 0.08704 0.80797 0.62449 
633	7	0.21179 0.97696 0.00674 0.15016 0.91831 0.47591 
634	7	0.11784 0.88820 0.11692 0.10056 0.81241 0.58214 
635	7	0.14327 0.90272 0.06623 0.11474 0.83465 0.53396 
636	7	0.11892 0.93363 0.04411 0.10756 0.81271 0.54825 
637	7	0.11837 0.91779 0.05708 0.10911 0.81737 0.54201 
638	7	0.13953 0.94949 0.03584 0.10231 0.82654 0.54794 
639	7	0.13983 0.97522 0.00489 0.12421 0.89817 0.49545 
640	7	0.11310 0.98060 0.00000 0.10787 0.91369 0.50677 
641	7	0.07917 0.93470 0.05111 0.08525 0.81144 0.57161 
642	7	0.16524 0.78548 0.09487 0.17315 0.89219 0.42189 
643	7	0.17259 0.98433 0.04539 0.07135 0.77455 0.69595 
644	7	0.10864 0.98466 0.05138 0.05045 0.73185 0.73078 
645	7	0.12956 0.99201 0.03797 0.05684 0.74733 0.69778 
646	7	0.12851 0.98106 0.07132 0.05577 0.69622 0.73599 
647	7	0.07996 0.98031 0.06198 0.05568 0.71779 0.71436 
648	7	0.10397 0.99877 0.00960 0.06956 0.87888 0.63855 
649	7	0.10282 0.98074 0.07096 0.05501 0.69435 0.72969 
650	7	0.07251 0.98603 0.04791 0.05056 0.75034 0.70882 
651	7	0.18157 0.99716 0.01942 0.08895 0.85701 0.62947 
652	7	0.09824 0.98926 0.04024 0.05454 0.75237 0.69988 
653	7	0.09438 0.99842 0.00863 0.06290 0.87976 0.64812 
654	7	0.07732 0.98314 0.05076 0.05484 0.74561 0.71555 
655	7	0.19809 0.95846 0.07082 0.09437 0.79337 0.61452 
656	7	0.11975 0.99795 0.00839 0.06560 0.87883 0.64573 
657	7	0.10391 0.99837 0.00985 0.06693 0.88479 0.64383 
658	7	0.09878 0.98012 0.04997 0.06468 0.77299 0.68477 
659	7	0.09410 0.98841 0.03579 0.06489 0.77783 0.67545 
660	7	0.10717 0.98300 0.03923 0.06954 0.79261 0.66983 
661	7	0.10575 0.98801 0.03705 0.06604 0.78429 0.68700 
662	7	0.22884 0.88942 0.10651 0.13538 0.60344 0.58305 
663	7	0.14655 0.90027 0.10631 0.09298 0.64886 0.61915 
664	7	0.16595 0.87712 0.14441 0.09249 0.57971 0.64383 
665	7	0.31958 0.80619 0.14473 0.16542 0.62357 0.54012 
666	7	0.15645 0.89798 0.12478 0.10418 0.55252 0.62634 
667	7	0.19304 0.68130 0.33678 0.11134 0.55965 0.63315 
668	7	0.17799 0.87648 0.11118 0.09759 0.53450 0.63649 
669	7	0.13599 0.86084 0.13060 0.11279 0.60374 0.60021 
670	7	0.17885 0.81142 0.18025 0.10240 0.60188 0.63474 
671	7	0.17840 0.82542 0.18581 0.10439 0.60337 0.59066 
672	7	0.12770 0.88085 0.16903 0.06985 0.47797 0.68677 
673	7	0.25847 0.83342 0.13053 0.13755 0.53118 0.56404 
674	7	0.11357 0.88790 0.09829 0.08586 0.65972 0.61343 
675	7	0.08650 0.91271 0.10748 0.05558 0.53919 0.70105 
676	7	0.10457 0.91042 0.16189 0.04589 0.50025 0.76347 
677	7	0.09221 0.89656 0.11176 0.06042 0.53949 0.69276 
678	7	0.13779 0.88948 0.12424 0.06895 0.50495 0.68378 
679	7	0.15225 0.81297 0.18796 0.08073 0.52604 0.65776 
680	7	0.09346 0.89397 0.11618 0.06292 0.52376 0.70259 
681	7	0.16695 0.77632 0.28198 0.08265 0.44492 0.68615 
682	7	0.09807 0.89153 0.09494 0.07240 0.56683 0.65911 
683	7	0.16552 0.83427 0.14981 0.08712 0.54708 0.65658 
684	7	0.07712 0.91316 0.10246 0.06232 0.55411 0.68891 
685	7	0.11120 0.87964 0.15279 0.06917 0.53831 0.67453 
686	7	0.18945 0.81536 0.15668 0.09847 0.48584 0.62813 
687	7	0.13405 0.83776 0.16750 0.08600 0.46101 0.66476 
688	7	0.16022 0.82857 0.14295 0.09497 0.49282 0.61099 
689	7	0.17264 0.82566 0.18502 0.08849 0.44958 0.66269 
690	7	0.10176 0.85713 0.13517 0.07386 0.53190 0.65410 
691	7	0.19031 0.79751 0.16070 0.11619 0.47198 0.59510 
692	7	0.15433 0.81328 0.17462 0.08707 0.46173 0.66027 
693	7	0.15207 0.76560 0.14172 0.11826 0.50648 0.55772 
694	7	0.19815 0.78637 0.17190 0.11243 0.44621 0.59887 
695	7	0.09989 0.85922 0.21958 0.06096 0.54944 0.70526 
696	7	0.15211 0.79203 0.16954 0.10474 0.50816 0.59633 
697	7	0.19038 0.87205 0.12656 0.09822 0.57985 0.62065 
698	7	0.15876 0.69871 0.28919 0.09228 0.51006 0.64716 
699	7	0.16079 0.83452 0.15127 0.09811 0.51479 0.62749 
700	8	0.24590 0.66871 0.11808 0.28961 0.69568 0.31281 
701	8	0.26459 0.68257 0.18174 0.25485 0.70743 0.37709 
702	8	0.26543 0.68597 0.18229 0.26511 0.70151 0.36280 
703	8	0.23867 0.80784 0.20334 0.24234 0.66439 0.43374 
704	8	0.24362 0.77047 0.18059 0.23144 0.67265 0.42030 
705	8	0.26066 0.81643 0.16662 0.22486 0.63650 0.42916 
706	8	0.21612 0.81727 0.15372 0.23279 0.66371 0.40710 
707	8	0.28895 0.78734 0.17286 0.26816 0.65695 0.40055 
708	8	0.30239 0.58043 0.34786 0.28447 0.65613 0.39845 
709	8	0.23160 0.76449 0.15471 0.22001 0.65552 0.42434 
710	8	0.22857 0.81981 0.19931 0.22146 0.64453 0.47185 
711	8	0.29174 0.73150 0.31193 0.23588 0.63320 0.47029 
712	8	0.37083 0.72509 0.28584 0.26807 0.64419 0.44295 
713	8	0.25554 0.76204 0.32636 0.19477 0.58385 0.52414 
714	8	0.27332 0.70234 0.33364 0.24121 0.66153 0.46674 
715	8	0.20379 0.69260 0.45738 0.19819 0.62356 0.52283 
716	8	0.28066 0.78357 0.25990 0.21302 0.59173 0.48754 
717	8	0.23170 0.79754 0.23836 0.22448 0.62158 0.46852 
718	8	0.25333 0.68607 0.38947 0.20406 0.59454 0.50181 
719	8	0.20027 0.72063 0.28134 0.17638 0.59298 0.49306 
720	8	0.24700 0.62488 0.28655 0.17823 0.59556 0.49275 
721	8	0.41736 0.75583 0.22570 0.27979 0.61372 0.41655 
722	8	0.26283 0.67237 0.42529 0.18732 0.59720 0.52180 
723	8	0.36165 0.73401 0.28119 0.25536 0.64339 0.43979 
724	8	0.28045 0.55914 0.35308 0.27901 0.66323 0.39650 
725	8	0.35768 0.70581 0.19966 0.30701 0.70577 0.34955 
726	8	0.45371 0.71113 0.33003 0.31785 0.69290 0.40895 
727	8	0.41585 0.71509 0.23068 0.32742 0.70275 0.37224 
728	8	0.34670 0.84462 0.17815 0.24856 0.69811 0.43679 
729	8	0.44402 0.70989 0.26382 0.34281 0.70103 0.37597 
730	8	0.38546 0.70602 0.31874 0.32944 0.70038 0.38810 
731	8	0.41183 0.67057 0.22858 0.40303 0.73845 0.27703 
732	8	0.40555 0.75091 0.21962 0.35757 0.71407 0.33873 
733	8	0.42160 0.76626 0.22286 0.34272 0.74684 0.34129 
734	8	0.35687 0.75798 0.22801 0.34437 0.71850 0.34564 
735	8	0.19998 0.50295 0.47474 0.16500 0.54628 0.52900 
736	8	0.27715 0.60603 0.46904 0.20270 0.58831 0.50733 
737	8	0.21753 0.44659 0.22358 0.22667 0.64838 0.38553 
738	8	0.18399 0.62775 0.29153 0.18218 0.63302 0.48620 
739	8	0.30441 0.66172 0.32603 0.26503 0.63388 0.43272 
740	8	0.48933 0.78161 0.30153 0.32422 0.71693 0.43094 
741	8	0.24825 0.72700 0.23032 0.26351 0.71083 0.39674 
742	8	0.21500 0.61411 0.45364 0.18386 0.61052 0.51842 
743	8	0.19203 0.73815 0.34471 0.15808 0.60871 0.56657 
744	8	0.22027 0.62063 0.29599 0.19349 0.62244 0.48655 
745	8	0.25821 0.74655 0.27985 0.17873 0.59219 0.52662 
746	8	0.20674 0.67432 0.21530 0.19130 0.62921 0.47393 
747	8	0.18683 0.75401 0.13333 0.17025 0.64016 0.45295 
748	8	0.18386 0.65472 0.28955 0.16935 0.62116 0.50676 
749	8	0.23214 0.40522 0.27129 0.20846 0.64405 0.42559 
750	8	0.23541 0.56800 0.27217 0.18862 0.60051 0.45921 
751	8	0.23227 0.42783 0.31551 0.21045 0.62539 0.43393 
752	8	0.18632 0.59417 0.43650 0.17065 0.56652 0.54071 
753	8	0.25774 0.56589 0.36763 0.19630 0.58968 0.49868 
754	8	0.28431 0.66452 0.37132 0.25559 0.67906 0.44871 
755	8	0.17360 0.65248 0.38608 0.17203 0.60878 0.53628 
756	8	0.16534 0.71907 0.33222 0.14900 0.56384 0.57202 
757	8	0.20746 0.42269 0.48631 0.21086 0.61704 0.46817 
758	8	0.22663 0.71258 0.26337 0.16262 0.61777 0.51899 
759	8	0.37582 0.73280 0.23726 0.26200 0.67377 0.41966 
760	8	0.24220 0.70583 0.27023 0.24391 0.70549 0.40448 
761	8	0.21944 0.54914 0.31559 0.16148 0.60583 0.51620 
762	8	0.14516 0.70452 0.30764 0.12148 0.54867 0.59010 
763	8	0.16941 0.53749 0.32600 0.12854 0.51385 0.56645 
764	8	0.31588 0.95099 0.04642 0.24440 0.74621 0.42658 
765	8	0.20392 0.47741 0.25830 0.17540 0.57430 0.46318 
766	8	0.33140 0.64493 0.21855 0.20815 0.58890 0.45978 
767	8	0.15368 0.65302 0.53086 0.08833 0.41051 0.70872 
768	8	0.41512 0.76221 0.36166 0.19804 0.46306 0.60865 
769	8	0.22624 0.51605 0.22021 0.16123 0.54760 0.48500 
770	8	0.19930 0.46939 0.21847 0.12619 0.43199 0.53516 
771	8	0.11775 0.38816 0.24986 0.10633 0.45665 0.56697 
772	8	0.20892 0.17738 0.23356 0.16579 0.47777 0.45441 
773	8	0.10973 0.52671 0.26990 0.09424 0.49625 0.60432 
774	8	0.10175 0.69806 0.29395 0.06795 0.38966 0.68826 
775	8	0.20675 0.69420 0.33657 0.11994 0.41948 0.62576 
776	8	0.17963 0.58493 0.31014 0.11733 0.50098 0.57879 
777	8	0.24826 0.57065 0.20575 0.15089 0.53479 0.50277 
778	8	0.12795 0.52018 0.33022 0.10117 0.47525 0.60746 
779	8	0.12956 0.61578 0.38267 0.09007 0.42370 0.64419 
780	8	0.21416 0.47102 0.29488 0.11944 0.43926 0.55606 
781	8	0.21235 0.14335 0.29576 0.15937 0.48929 0.48494 
782	8	0.14472 0.29865 0.26198 0.12216 0.45577 0.53984 
783	8	0.21999 0.35706 0.31835 0.12382 0.42738 0.57385 
784	8	0.22445 0.39932 0.23623 0.14792 0.49969 0.49214 
785	8	0.15563 0.66992 0.31883 0.08671 0.40255 0.65466 
786	8	0.15375 0.68978 0.25802 0.10635 0.44583 0.59425 
787	8	0.12835 0.37175 0.34437 0.08812 0.36982 0.62632 
788	8	0.12178 0.35954 0.40905 0.06748 0.32330 0.67879 
789	8	0.16845 0.41792 0.40611 0.09219 0.33540 0.63864 
790	8	0.23956 0.57042 0.22985 0.16593 0.45848 0.52589 
791	8	0.05031 0.51333 0.45401 0.04538 0.32021 0.76399 
792	8	0.11260 0.35434 0.38253 0.08326 0.41663 0.63467 
793	8	0.19648 0.55129 0.29865 0.12341 0.47647 0.57869 
794	8	0.02287 0.89145 0.29944 0.01241 0.28345 0.90518 
795	8	0.01786 0.89250 0.30020 0.00971 0.27490 0.91739 
796	8	0.03068 0.87544 0.36588 0.01149 0.24112 0.92629 
797	8	0.01062 0.86164 0.47142 0.00502 0.20332 0.97754 
798	8	0.04155 0.88862 0.32831 0.02099 0.25391 0.88819 
799	8	0.06033 0.88697 0.36398 0.01879 0.23027 0.91785 
800	9	0.45795 0.87630 0.14176 0.56661 0.92908 0.18176 
801	9	0.44214 0.89033 0.19285 0.45885 0.84295 0.31496 
802	9	0.48928 0.93409 0.18015 0.47637 0.81836 0.34007 
803	9	0.38082 0.85907 0.14056 0.40862 0.86085 0.29391 
804	9	0.20008 0.84935 0.14291 0.20174 0.73554 0.46140 
805	9	0.18932 0.87476 0.21874 0.17990 0.68405 0.56223 
806	9	0.28497 0.78700 0.18015 0.29140 0.77758 0.39059 
807	9	0.75833 0.84653 0.14615 0.70775 0.87834 0.19143 
808	9	0.32673 0.86798 0.10486 0.36970 0.83798 0.30776 
809	9	0.32180 0.79799 0.04376 0.39832 0.87040 0.17182 
810	9	0.47269 0.81849 0.14479 0.49272 0.88511 0.19824 
811	9	0.49149 0.81234 0.11282 0.53552 0.89690 0.16499 
812	9	0.36205 0.87988 0.21102 0.36064 0.80896 0.35104 
813	9	0.37414 0.85319 0.25395 0.28040 0.71867 0.48859 
814	9	0.31058 0.87597 0.18954 0.32249 0.78024 0.40601 
815	9	0.37771 0.84836 0.28168 0.32584 0.74302 0.45276 
816	9	0.43560 0.86199 0.16155 0.35905 0.81531 0.36592 
817	9	0.43233 0.84198 0.05429 0.38371 0.83686 0.26003 
818	9	0.56725 0.88937 0.17721 0.58311 0.90069 0.19610 
819	9	0.36947 0.96561 0.04723 0.52613 0.94618 0.15544 
820	9	0.94554 0.81349 0.17663 0.98965 0.88684 0.11143 
821	9	0.45785 0.88914 0.18385 0.45987 0.83680 0.29932 
822	9	0.73288 0.84412 0.08782 0.83842 0.98245 0.00000 
823	9	0.96174 0.87701 0.19374 0.96553 0.86879 0.15605 
824	9	0.90616 0.92035 0.15131 0.93779 0.88330 0.15776 
825	9	0.48722 0.81933 0.11913 0.43137 0.84823 0.22271 
826	9	0.38104 0.83934 0.13954 0.42309 0.81286 0.30938 
827	9	0.29160 0.80921 0.11760 0.40159 0.82601 0.21850 
828	9	0.34774 0.76457 0.06428 0.41558 0.85252 0.20480 
829	9	0.31187 0.83503 0.08844 0.31108 0.79559 0.30199 
830	9	0.28758 0.81045 0.19023 0.27005 0.75486 0.41500 
831	9	0.23791 0.85512 0.09133 0.23525 0.78073 0.39361 
832	9	0.29404 0.88008 0.09102 0.27864 0.79247 0.37753 
833	9	0.25282 0.91275 0.08191 0.29791 0.84817 0.33482 
834	9	0.49407 0.90884 0.03972 0.47893 0.89345 0.21300 
835	9	0.28771 0.87330 0.19348 0.34788 0.80435 0.35129 
836	9	0.31238 0.94002 0.08464 0.25968 0.80172 0.42916 
837	9	0.36849 0.89346 0.10748 0.39401 0.83307 0.31397 
838	9	0.27841 0.92056 0.09478 0.31333 0.81955 0.36377 
839	9	0.42772 0.90221 0.04940 0.42009 0.88209 0.22892 
840	9	0.51503 0.87307 0.09246 0.49865 0.90236 0.17686 
841	9	0.38896 0.86917 0.12262 0.48203 0.87315 0.21768 
842	9	0.49682 0.94424 0.02041 0.40941 0.91606 0.22170 
843	9	0.36584 0.93388 0.06904 0.40387 0.90677 0.21981 
844	9	0.53543 0.81497 0.14430 0.55649 0.92482 0.16201 
845	9	0.63654 0.90758 0.04203 0.74601 1.00000 0.03418 
846	9	0.50607 0.93440 0.03194 0.62195 0.96502 0.10324 
847	9	0.38085 0.93757 0.07056 0.36838 0.87141 0.32242 
848	9	0.42229 0.90218 0.10745 0.50222 0.89343 0.24624 
849	9	0.16032 0.83055 0.17247 0.13223 0.60508 0.56474 
850	9	0.18862 0.82619 0.12114 0.18879 0.66240 0.45411 
851	9	0.28070 0.83440 0.11192 0.18044 0.64437 0.49458 
852	9	0.11898 0.84186 0.11152 0.11870 0.60373 0.53543 
853	9	0.21321 0.84030 0.13938 0.14599 0.61314 0.55932 
854	9	0.20450 0.86822 0.14154 0.15621 0.63263 0.54170 
855	9	0.22239 0.82591 0.21070 0.15426 0.57459 0.60467 
856	9	0.16019 0.87445 0.20518 0.10303 0.55296 0.66099 
857	9	0.18375 0.80073 0.18673 0.14677 0.59597 0.53827 
858	9	0.14270 0.81686 0.12853 0.14180 0.59778 0.50811 
859	9	0.18147 0.82237 0.17825 0.13948 0.57504 0.57513 
860	9	0.13140 0.81908 0.17338 0.11694 0.57912 0.59367 
861	9	0.20790 0.84228 0.17080 0.14364 0.59255 0.58333 
862	9	0.19469 0.86991 0.16725 0.13718 0.59719 0.57340 
863	9	0.18569 0.83358 0.14927 0.17472 0.62494 0.47886 
864	9	0.26534 0.89229 0.23509 0.24513 0.74357 0.47890 
865	9	0.31276 0.83870 0.17893 0.31214 0.77361 0.39723 
866	9	0.33824 0.87717 0.13297 0.38511 0.83565 0.31218 
867	9	0.40915 0.82802 0.09365 0.40283 0.87450 0.25451 
868	9	0.28400 0.83967 0.16341 0.25650 0.73792 0.43889 
869	9	0.12817 0.87054 0.19040 0.12055 0.59951 0.58188 
870	9	0.26807 0.82926 0.16853 0.17732 0.62516 0.49990 
871	9	0.25682 0.87540 0.13596 0.22319 0.70437 0.44145 
872	9	0.21154 0.90174 0.13946 0.18569 0.68712 0.49966 
873	9	0.27603 0.90994 0.15658 0.25266 0.76011 0.44059 
874	9	0.34369 0.86733 0.13493 0.29565 0.77983 0.38837 
875	9	0.29564 0.86890 0.11542 0.20168 0.66113 0.46894 
876	9	0.11933 0.82900 0.20733 0.10855 0.57587 0.59233 
877	9	0.14599 0.85313 0.17719 0.12253 0.56261 0.58685 
878	9	0.19334 0.82424 0.14221 0.15177 0.60544 0.51612 
879	9	0.14454 0.83203 0.16815 0.12933 0.59222 0.55348 
880	9	0.13408 0.84639 0.16545 0.13880 0.60966 0.52216 
881	9	0.18338 0.85386 0.18836 0.11806 0.58804 0.58173 
882	9	0.10864 0.88194 0.28340 0.07668 0.47693 0.73761 
883	9	0.18684 0.84120 0.21639 0.11588 0.54735 0.61772 
884	9	0.39967 0.89402 0.16552 0.39083 0.81737 0.32932 
885	9	0.56547 0.95320 0.03582 0.49419 0.94721 0.20396 
886	9	0.43560 0.90013 0.09397 0.45303 0.86850 0.24174 
887	9	0.31304 0.88107 0.15410 0.30247 0.80337 0.37388 
888	9	0.36567 0.88756 0.09734 0.37271 0.84241 0.29331 
889	9	0.31286 0.88979 0.13200 0.31352 0.84653 0.35802 
890	9	0.32471 0.87951 0.23189 0.26078 0.73859 0.46195 
891	9	0.30082 0.86523 0.15773 0.31877 0.80185 0.37044 
892	9	0.41420 0.87386 0.17802 0.37622 0.85850 0.27861 
893	9	0.40236 0.88843 0.16827 0.36261 0.79857 0.37352 
894	9	0.29601 0.87434 0.15099 0.29179 0.78435 0.39612 
895	9	0.29395 0.87061 0.17417 0.21698 0.70269 0.47441 
896	9	0.30459 0.86851 0.19789 0.28456 0.71358 0.46275 
897	9	0.38805 0.83075 0.14476 0.40514 0.81734 0.29697 
898	9	0.34644 0.85960 0.10589 0.35906 0.79907 0.30302 
899	9	0.16290 0.84057 0.22277 0.15164 0.63901 0.56190 
900	10	0.16771 0.84192 0.72257 0.04037 0.32842 0.92585 
901	10	0.17177 0.87276 0.57844 0.03201 0.30654 0.96092 
902	10	0.17577 0.85207 0.63094 0.03772 0.31398 0.94659 
903	10	0.16939 0.87035 0.53508 0.03635 0.34876 0.92577 
904	10	0.17087 0.88290 0.42852 0.04661 0.37426 0.88402 
905	10	0.17053 0.87063 0.56163 0.03211 0.35305 0.94832 
906	10	0.16540 0.85832 0.61270 0.03012 0.32157 0.95688 
907	10	0.15923 0.84806 0.66172 0.02564 0.29896 1.00000 
908	10	0.18012 0.81611 0.79517 0.03295 0.28121 0.97785 
909	10	0.16517 0.85458 0.63164 0.02687 0.28925 0.98366 
910	10	0.19471 0.87034 0.53983 0.04187 0.32977 0.93117 
911	10	0.18323 0.83393 0.76950 0.03186 0.28696 0.99384 
912	10	0.19742 0.85376 0.65269 0.03874 0.30696 0.96600 
913	10	0.22810 0.85128 0.60926 0.05201 0.34264 0.93690 
914	10	0.22909 0.89229 0.29835 0.06685 0.44810 0.82425 
915	10	0.23351 0.84326 0.58127 0.05489 0.35164 0.91452 
916	10	0.27844 0.86883 0.55703 0.07392 0.36522 0.90839 
917	10	0.30691 0.89292 0.48103 0.08808 0.32549 0.90070 
918	10	0.34153 0.86814 0.63386 0.10484 0.32720 0.89539 
919	10	0.35420 0.92222 0.37978 0.11302 0.38603 0.86370 
920	10	0.18376 0.87878 0.43754 0.04186 0.42147 0.88919 
921	10	0.27703 0.87312 0.51516 0.07737 0.45021 0.85410 
922	10	0.27677 0.90766 0.25740 0.11135 0.54774 0.71790 
923	10	0.30866 0.93266 0.30313 0.09699 0.49132 0.80288 
924	10	0.35178 0.90795 0.46804 0.11844 0.47530 0.80988 
925	10	0.31862 0.94459 0.22560 0.10614 0.52331 0.77528 
926	10	0.22246 0.88315 0.41031 0.06896 0.46521 0.79760 
927	10	0.22321 0.87494 0.43095 0.07684 0.46861 0.78904 
928	10	0.23725 0.92127 0.26906 0.08480 0.49193 0.77388 
929	10	0.27533 0.94292 0.25459 0.08450 0.50806 0.79503 
930	10	0.26573 0.93721 0.27134 0.09448 0.51264 0.77116 
931	10	0.29230 0.95309 0.24344 0.08531 0.48378 0.82929 
932	10	0.27615 0.90907 0.37922 0.08346 0.44799 0.83889 
933	10	0.25768 0.90334 0.37595 0.08807 0.45868 0.79658 
934	10	0.24227 0.94269 0.18971 0.08111 0.49080 0.76790 
935	10	0.21742 0.91274 0.31334 0.07191 0.47493 0.80084 
936	10	0.20080 0.93211 0.31754 0.05680 0.41906 0.83931 
937	10	0.19208 0.91954 0.18681 0.06258 0.49566 0.79249 
938	10	0.46631 0.87229 0.55498 0.20650 0.50478 0.73988 
939	10	0.51520 0.87159 0.56894 0.22657 0.48891 0.77679 
940	10	0.63454 0.89893 0.45377 0.34741 0.55371 0.65551 
941	10	0.66235 0.89176 0.50572 0.38292 0.57093 0.65761 
942	10	0.61796 0.88046 0.46241 0.33266 0.54257 0.66391 
943	10	0.51904 0.86437 0.65743 0.22873 0.45420 0.79884 
944	10	0.51297 0.88947 0.51604 0.23418 0.47560 0.75019 
945	10	0.49513 0.89213 0.44285 0.21395 0.47906 0.75636 
946	10	0.52857 0.89644 0.57133 0.24390 0.47938 0.74224 
947	10	0.33409 0.90842 0.38764 0.12466 0.48641 0.76444 
948	10	0.31916 0.85855 0.58257 0.10993 0.46635 0.80239 
949	10	0.64035 0.84712 0.35570 0.40596 0.78801 0.46309 
950	10	0.60379 0.89092 0.31584 0.36007 0.73976 0.52149 
951	10	0.41048 0.91836 0.24545 0.19643 0.61256 0.62001 
952	10	0.57506 0.88849 0.47232 0.29455 0.57655 0.67540 
953	10	0.53082 0.88986 0.35417 0.29768 0.61183 0.58186 
954	10	0.30215 0.84013 0.57028 0.10504 0.45654 0.82320 
955	10	0.41145 0.84746 0.71286 0.15031 0.42256 0.84277 
956	10	0.22073 0.83024 0.57935 0.06063 0.36810 0.87307 
957	10	0.33513 0.88797 0.50514 0.11343 0.43753 0.82953 
958	10	0.41129 0.85801 0.67403 0.16608 0.48981 0.78015 
959	10	0.40846 0.90310 0.45159 0.15479 0.46041 0.80876 
960	10	0.27969 0.86235 0.51400 0.07281 0.32727 0.91649 
961	10	0.28848 0.88020 0.43552 0.08179 0.42056 0.85660 
962	10	0.10421 0.74573 0.65411 0.04677 0.38288 0.86351 
963	10	0.30072 0.89453 0.32462 0.14662 0.54660 0.67820 
964	10	0.21892 0.87092 0.33278 0.11788 0.54457 0.69291 
965	10	0.19920 0.77235 0.67492 0.05127 0.38252 0.89351 
966	10	0.27719 0.86669 0.41295 0.09595 0.48536 0.78727 
967	10	0.07368 0.81208 0.53549 0.03862 0.37509 0.88463 
968	10	0.55125 0.89602 0.54239 0.26882 0.45470 0.74333 
969	10	0.41482 0.89590 0.36278 0.19900 0.58838 0.69644 
970	10	0.29301 0.83587 0.59829 0.10035 0.41710 0.84265 
971	10	0.34475 0.83980 0.70959 0.11507 0.41321 0.86558 
972	10	0.35395 0.83048 0.76208 0.11887 0.38845 0.88670 
973	10	0.32967 0.88116 0.54297 0.10599 0.40821 0.87463 
974	10	0.31642 0.87430 0.50979 0.09871 0.42960 0.86808 
975	10	0.22790 0.85050 0.79398 0.05462 0.36574 0.92807 
976	10	0.12715 0.87226 0.45781 0.03374 0.37785 0.91417 
977	10	0.23053 0.90962 0.43075 0.05910 0.37820 0.91168 
978	10	0.26239 0.92380 0.33386 0.07749 0.42308 0.86504 
979	10	0.22162 0.85463 0.53018 0.05287 0.37058 0.90042 
980	10	0.20442 0.85865 0.49753 0.05346 0.39251 0.89481 
981	10	0.35161 0.92635 0.35718 0.11827 0.44237 0.83453 
982	10	0.38618 0.91206 0.40669 0.14611 0.47465 0.79152 
983	10	0.20058 0.90038 0.32806 0.06503 0.47964 0.82738 
984	10	0.21447 0.92552 0.30658 0.05296 0.48037 0.86287 
985	10	0.35614 0.94451 0.27592 0.12651 0.52559 0.78159 
986	10	0.36692 0.93028 0.33992 0.12995 0.49380 0.78932 
987	10	0.33904 0.92562 0.35426 0.11605 0.52084 0.79476 
988	10	0.39322 0.94469 0.28035 0.15305 0.54036 0.75134 
989	10	0.15828 0.83560 0.46767 0.03800 0.40372 0.87601 
990	10	0.34634 0.93852 0.28078 0.12058 0.50131 0.79357 
991	10	0.41029 0.94062 0.27386 0.17122 0.53568 0.73119 
992	10	0.39350 0.93127 0.33354 0.15228 0.51348 0.73942 
993	10	0.37457 0.89297 0.51088 0.13508 0.47381 0.81829 
994	10	0.38284 0.93416 0.23862 0.14839 0.53801 0.73755 
995	10	0.38793 0.90258 0.49928 0.14567 0.46068 0.80036 
996	10	0.28295 0.90633 0.37781 0.08598 0.46849 0.82686 
997	10	0.36854 0.93300 0.22852 0.14569 0.55662 0.72104 
998	10	0.39963 0.92340 0.36031 0.15650 0.52438 0.76159 
999	10	0.42937 0.94585 0.20296 0.17743 0.55752 0.72503 
1000	11	0.34099 0.99102 0.00480 0.47079 0.99313 0.19039 
1001	11	0.64647 0.94562 0.16306 0.50254 0.87435 0.31934 
1002	11	0.53790 0.91393 0.06189 0.46672 0.91325 0.25149 
1003	11	0.82816 0.93495 0.06513 0.79767 0.92178 0.13173 
1004	11	0.59011 0.94976 0.06069 0.68680 0.95398 0.14134 
1005	11	0.70320 0.91990 0.05629 0.75234 0.93464 0.14364 
1006	11	0.57343 0.93218 0.07849 0.53911 0.90672 0.24595 
1007	11	0.64664 0.91690 0.03236 0.68485 0.95341 0.11631 
1008	11	0.57472 0.91712 0.08587 0.61674 0.89554 0.21990 
1009	11	0.72390 0.92949 0.06156 0.73458 0.91494 0.14733 
1010	11	0.62016 0.93330 0.08481 0.59358 0.89547 0.21139 
1011	11	0.57670 0.90106 0.07979 0.59495 0.90051 0.20968 
1012	11	0.51026 0.91941 0.06949 0.56720 0.91629 0.20922 
1013	11	0.60273 0.91375 0.07663 0.66164 0.91584 0.17480 
1014	11	0.63464 0.91618 0.06782 0.73234 0.92183 0.12108 
1015	11	0.66543 0.90855 0.07090 0.61914 0.91082 0.20474 
1016	11	0.72071 0.92476 0.11247 0.60829 0.88717 0.24024 
1017	11	0.63633 0.92171 0.11607 0.68815 0.89834 0.20469 
1018	11	0.60957 0.92512 0.10280 0.52837 0.89391 0.26152 
1019	11	0.53674 0.94078 0.04846 0.58479 0.93161 0.18437 
1020	11	0.48301 0.93099 0.10081 0.46075 0.89982 0.26613 
1021	11	0.46076 0.91268 0.08242 0.38500 0.91400 0.28643 
1022	11	0.59936 0.92629 0.10337 0.52594 0.91493 0.23588 
1023	11	0.50672 0.92850 0.10566 0.41284 0.92581 0.27827 
1024	11	0.40505 0.92154 0.10202 0.36893 0.90850 0.29606 
1025	11	0.40882 0.94322 0.10763 0.41666 0.87918 0.30331 
1026	11	0.49719 0.93297 0.12524 0.42629 0.87325 0.31054 
1027	11	0.51608 0.91972 0.05622 0.48171 0.92727 0.21278 
1028	11	0.55301 0.92164 0.07251 0.47476 0.91899 0.23978 
1029	11	0.27874 0.92709 0.13495 0.31473 0.87932 0.33658 
1030	11	0.40629 0.93891 0.06436 0.48299 0.91841 0.21343 
1031	11	0.40309 0.91968 0.06945 0.44272 0.91408 0.24176 
1032	11	0.46810 0.91805 0.05130 0.57626 0.93588 0.16282 
1033	11	0.38270 0.91229 0.08594 0.42709 0.90892 0.23733 
1034	11	0.30026 0.92994 0.11030 0.31693 0.88301 0.32584 
1035	11	0.30681 0.92201 0.09843 0.35030 0.89300 0.30025 
1036	11	0.34805 0.89651 0.05047 0.39118 0.92302 0.22174 
1037	11	0.29040 0.88799 0.04601 0.37437 0.92850 0.21977 
1038	11	0.45305 0.94587 0.21317 0.32222 0.82416 0.43248 
1039	11	0.27708 0.95771 0.13209 0.30993 0.85335 0.39073 
1040	11	0.36620 0.93160 0.08625 0.37972 0.87488 0.32751 
1041	11	0.36186 0.94138 0.15881 0.37136 0.84648 0.34492 
1042	11	0.32734 0.92420 0.08246 0.37144 0.90329 0.28386 
1043	11	0.59861 0.89812 0.08077 0.66168 0.87682 0.16514 
1044	11	0.58495 0.92874 0.12390 0.47989 0.82798 0.33452 
1045	11	0.66926 0.92808 0.05199 0.71957 0.90906 0.14859 
1046	11	0.40248 0.91277 0.08612 0.43828 0.89008 0.25658 
1047	11	0.39276 0.91128 0.05820 0.45130 0.92554 0.20632 
1048	11	0.37325 0.95143 0.17158 0.32342 0.87478 0.39082 
1049	11	0.37195 0.94706 0.11041 0.33316 0.91363 0.32865 
1050	11	0.43069 0.93956 0.05163 0.47953 0.94271 0.21067 
1051	11	0.39862 0.92280 0.07263 0.37194 0.91613 0.29521 
1052	11	0.33048 0.93617 0.13051 0.33722 0.86013 0.36373 
1053	11	0.54923 0.88712 0.10540 0.61132 0.86281 0.21264 
1054	11	0.54545 0.85403 0.03351 0.66942 0.93060 0.08445 
1055	11	0.43808 0.85799 0.03435 0.60262 0.92450 0.10350 
1056	11	0.45295 0.89258 0.08017 0.51745 0.88845 0.23626 
1057	11	0.47624 0.92015 0.05594 0.56346 0.93082 0.18311 
1058	11	0.60009 0.86590 0.02480 0.66084 0.93041 0.10110 
1059	11	0.38005 0.93764 0.08394 0.41915 0.90275 0.28924 
1060	11	0.46443 0.92369 0.06190 0.50014 0.90809 0.22517 
1061	11	0.55094 0.90972 0.06708 0.58915 0.88815 0.20546 
1062	11	0.48268 0.91635 0.08922 0.54900 0.88389 0.21905 
1063	11	0.55479 0.92358 0.05432 0.52494 0.90008 0.21624 
1064	11	0.39757 0.92904 0.08406 0.44670 0.89151 0.25952 
1065	11	0.49185 0.91986 0.08135 0.43551 0.88705 0.27551 
1066	11	0.37416 0.92820 0.08352 0.44226 0.90399 0.25514 
1067	11	0.43450 0.93075 0.15906 0.46539 0.84086 0.32101 
1068	11	0.60648 0.91018 0.11168 0.63596 0.90808 0.19488 
1069	11	0.66826 0.94485 0.10384 0.73712 0.89978 0.18833 
1070	11	0.65054 0.94996 0.08573 0.66620 0.91878 0.17280 
1071	11	0.49136 0.92690 0.09988 0.63196 0.91297 0.14994 
1072	11	0.33916 0.92451 0.07431 0.38264 0.89528 0.29408 
1073	11	0.34439 0.92229 0.09837 0.33568 0.89487 0.31963 
1074	11	0.36334 0.94977 0.06375 0.37488 0.90492 0.30030 
1075	11	0.50412 0.94391 0.08158 0.42747 0.90089 0.29006 
1076	11	0.35401 0.92532 0.06959 0.42109 0.90474 0.26403 
1077	11	0.37825 0.94654 0.08873 0.37005 0.88063 0.33801 
1078	11	0.35297 0.92595 0.07675 0.37041 0.91514 0.27027 
1079	11	0.26147 0.92741 0.12993 0.30465 0.89465 0.33914 
1080	11	0.26853 0.93987 0.10362 0.29759 0.91003 0.33435 
1081	11	0.23265 0.91797 0.20905 0.23603 0.85096 0.43833 
1082	11	0.22981 0.95572 0.12009 0.27839 0.87319 0.38566 
1083	11	0.36569 0.93614 0.16318 0.31329 0.84993 0.39566 
1084	11	0.26441 0.94639 0.11946 0.29857 0.87437 0.37475 
1085	11	0.27535 0.94203 0.12538 0.30041 0.87440 0.37090 
1086	11	0.23550 0.92613 0.14505 0.25534 0.84892 0.41303 
1087	11	0.34124 0.89943 0.05070 0.43089 0.94327 0.19466 
1088	11	0.32658 0.96572 0.10813 0.22035 0.87525 0.46597 
1089	11	0.24117 0.97639 0.05544 0.20227 0.91963 0.45616 
1090	11	0.22284 0.95746 0.15465 0.18040 0.83919 0.52283 
1091	11	0.34408 0.96103 0.12268 0.21165 0.84945 0.50613 
1092	11	0.24802 0.96213 0.05618 0.24744 0.92660 0.38342 
1093	11	0.35963 0.96008 0.06724 0.26769 0.92054 0.38355 
1094	11	0.24746 0.95303 0.10067 0.21299 0.89607 0.43968 
1095	11	0.30337 0.95196 0.13336 0.20801 0.86378 0.47847 
1096	11	0.25423 0.94517 0.02839 0.27310 0.94810 0.32380 
1097	11	0.30643 0.92984 0.03543 0.27928 0.94026 0.31840 
1098	11	0.35672 0.94548 0.05508 0.26549 0.92694 0.35973 
1099	11	0.33709 0.95367 0.06317 0.27168 0.91135 0.38977 
1100	12	0.43702 0.93921 0.01854 0.42066 0.94034 0.24764 
1101	12	0.43521 0.86487 0.09218 0.36427 0.90075 0.32928 
1102	12	0.31824 0.89998 0.13621 0.26852 0.81563 0.46268 
1103	12	0.37660 0.95626 0.07658 0.29596 0.84851 0.44347 
1104	12	0.43049 0.93366 0.05138 0.39632 0.90944 0.30517 
1105	12	0.45650 0.94080 0.03782 0.38510 0.89349 0.32883 
1106	12	0.45505 0.94877 0.03105 0.44872 0.92871 0.23443 
1107	12	0.29148 0.91538 0.10288 0.29222 0.86033 0.42226 
1108	12	0.47320 0.93460 0.05062 0.39441 0.90251 0.33204 
1109	12	0.43426 0.93968 0.03193 0.34789 0.91211 0.34109 
1110	12	0.32070 0.91622 0.07068 0.38435 0.90743 0.31335 
1111	12	0.43295 0.90727 0.07404 0.39320 0.90505 0.30846 
1112	12	0.42556 0.92077 0.04336 0.39277 0.90396 0.30211 
1113	12	0.51346 0.90401 0.04947 0.45463 0.92230 0.26668 
1114	12	1.00000 0.87763 0.03793 1.00000 0.98882 0.04843 
1115	12	0.60932 0.91406 0.03501 0.72098 0.97315 0.09380 
1116	12	0.43699 0.86858 0.11553 0.47482 0.90484 0.26130 
1117	12	0.45074 0.91074 0.10666 0.40379 0.85348 0.36937 
1118	12	0.51674 0.92147 0.01230 0.63788 0.97084 0.10800 
1119	12	0.26357 0.93951 0.04039 0.32157 0.91386 0.31753 
1120	12	0.46626 0.94754 0.06551 0.47762 0.88851 0.31316 
1121	12	0.31700 0.92685 0.07347 0.33939 0.86893 0.37104 
1122	12	0.41361 0.91835 0.08984 0.43641 0.86549 0.32535 
1123	12	0.26042 0.91265 0.07956 0.27786 0.89394 0.38540 
1124	12	0.23969 0.92085 0.11617 0.17862 0.77044 0.55139 
1125	12	0.47837 0.90984 0.03008 0.52792 0.94009 0.20162 
1126	12	0.60456 0.91346 0.03757 0.53634 0.93173 0.20442 
1127	12	0.38018 0.96365 0.03378 0.33800 0.89319 0.37066 
1128	12	0.60812 0.92160 0.01984 0.60883 0.96679 0.15637 
1129	12	0.36165 0.92244 0.08449 0.31442 0.84178 0.41594 
1130	12	0.29040 0.91792 0.06350 0.33677 0.87598 0.36081 
1131	12	0.50439 0.90968 0.03472 0.45608 0.94726 0.22928 
1132	12	0.50237 0.92954 0.02390 0.53695 0.96670 0.16396 
1133	12	0.15744 0.99043 0.00909 0.15939 0.90745 0.48842 
1134	12	0.22840 0.98469 0.01310 0.14664 0.88856 0.53035 
1135	12	0.23441 0.92175 0.07377 0.18665 0.82055 0.49882 
1136	12	0.28020 0.94219 0.08698 0.16890 0.77223 0.56727 
1137	12	0.19863 0.92828 0.08113 0.16752 0.80833 0.52150 
1138	12	0.27449 0.99525 0.00346 0.16512 0.91875 0.50845 
1139	12	0.19155 0.95380 0.08173 0.12965 0.80025 0.58358 
1140	12	0.23221 0.95676 0.06700 0.14940 0.78303 0.57583 
1141	12	0.42255 0.94226 0.08303 0.23209 0.81891 0.51597 
1142	12	0.33301 0.91630 0.04810 0.27666 0.86945 0.39746 
1143	12	0.21317 0.95466 0.08103 0.14585 0.80758 0.56982 
1144	12	0.31578 0.94572 0.09245 0.18652 0.79119 0.54044 
1145	12	0.17803 0.92068 0.17107 0.11911 0.70713 0.65022 
1146	12	0.31833 0.92620 0.14980 0.17552 0.73954 0.61130 
1147	12	0.34351 0.92683 0.11440 0.22232 0.80725 0.50381 
1148	12	0.44443 0.94718 0.12006 0.30014 0.86431 0.43838 
1149	12	0.57925 0.94871 0.02334 0.49763 0.92005 0.24313 
1150	12	0.50707 0.93350 0.09764 0.49403 0.86319 0.32303 
1151	12	0.47010 0.95194 0.06359 0.40406 0.86417 0.35263 
1152	12	0.35558 0.90234 0.15347 0.33340 0.83902 0.41118 
1153	12	0.51652 0.92431 0.14920 0.40595 0.82755 0.40662 
1154	12	0.25582 0.93897 0.07206 0.19442 0.83992 0.50152 
1155	12	0.20640 0.94656 0.11719 0.09817 0.73231 0.67522 
1156	12	0.41560 0.96375 0.07708 0.22283 0.84609 0.52969 
1157	12	0.35412 0.96406 0.01586 0.33125 0.92440 0.34805 
1158	12	0.31149 0.94007 0.09670 0.19659 0.79562 0.55413 
1159	12	0.32751 0.98679 0.03069 0.22473 0.85862 0.52561 
1160	12	0.24372 0.95240 0.07038 0.17896 0.78002 0.56048 
1161	12	0.33779 0.98658 0.01133 0.22244 0.91186 0.46391 
1162	12	0.28538 0.98574 0.02910 0.18909 0.85613 0.55438 
1163	12	0.58118 0.95174 0.02616 0.46582 0.92933 0.28708 
1164	12	0.42078 0.96496 0.01644 0.35759 0.92931 0.32205 
1165	12	0.63591 0.95113 0.03955 0.55123 0.89453 0.28457 
1166	12	0.42191 0.94950 0.05657 0.33438 0.84597 0.42910 
1167	12	0.36645 0.94645 0.07537 0.30267 0.84274 0.45204 
1168	12	0.46441 0.95810 0.00403 0.38451 0.97229 0.27107 
1169	12	0.30512 0.95034 0.02858 0.32233 0.92057 0.34069 
1170	12	0.31118 0.95258 0.03768 0.24853 0.91157 0.40679 
1171	12	0.32948 0.91726 0.13446 0.29159 0.85811 0.44748 
1172	12	0.39002 0.95790 0.02558 0.36672 0.94279 0.29353 
1173	12	0.55551 0.91026 0.04459 0.45007 0.94623 0.26472 
1174	12	0.65645 0.91903 0.07376 0.52715 0.90991 0.27869 
1175	12	0.28957 0.94775 0.04188 0.26890 0.88822 0.39115 
1176	12	0.53264 0.91286 0.06082 0.40069 0.88787 0.33185 
1177	12	0.19574 0.96442 0.07297 0.18678 0.83993 0.49395 
1178	12	0.30075 0.93515 0.07072 0.27522 0.84852 0.41323 
1179	12	0.32119 0.86694 0.07409 0.29041 0.84849 0.36964 
1180	12	0.39796 0.85097 0.14637 0.26154 0.76543 0.48071 
1181	12	0.30889 0.88333 0.05413 0.35487 0.87709 0.31853 
1182	12	0.44736 0.84878 0.07087 0.36180 0.87596 0.31578 
1183	12	0.22943 0.93330 0.10343 0.14587 0.79334 0.53925 
1184	12	0.31048 0.86427 0.07530 0.28441 0.86164 0.37324 
1185	12	0.28744 0.89862 0.10780 0.28126 0.86095 0.33651 
1186	12	0.36083 0.87184 0.07509 0.43784 0.91045 0.21655 
1187	12	0.36531 0.93505 0.08294 0.23432 0.82047 0.45625 
1188	12	0.36025 0.90390 0.10296 0.28330 0.85656 0.35649 
1189	12	0.52338 0.96262 0.08152 0.30291 0.83076 0.45857 
1190	12	0.12014 0.86403 0.19123 0.10945 0.71443 0.63951 
1191	12	0.42354 0.90487 0.03735 0.47482 0.91537 0.24671 
1192	12	0.41299 0.90043 0.04788 0.29985 0.86419 0.37195 
1193	12	0.38598 0.88658 0.11875 0.27241 0.81587 0.45565 
1194	12	0.18305 0.96915 0.04866 0.13512 0.83580 0.56980 
1195	12	0.33757 0.93541 0.01329 0.30808 0.93791 0.29840 
1196	12	0.27419 0.95816 0.03805 0.19360 0.88972 0.47041 
1197	12	0.55346 0.82799 0.07257 0.47807 0.83861 0.29082 
1198	12	0.29923 0.94221 0.03920 0.28351 0.86924 0.39251 
1199	12	0.31169 0.84714 0.16178 0.22906 0.76218 0.50084 
1200	13	0.33363 0.88999 0.39020 0.12183 0.53227 0.78649 
1201	13	0.33870 0.91984 0.24555 0.13333 0.60694 0.72388 
1202	13	0.32719 0.89622 0.32331 0.12968 0.57872 0.73012 
1203	13	0.32435 0.89589 0.37332 0.11929 0.55007 0.76883 
1204	13	0.31299 0.88538 0.44031 0.11066 0.51813 0.80296 
1205	13	0.30731 0.87245 0.34236 0.15504 0.60842 0.65014 
1206	13	0.24210 0.85857 0.34518 0.11655 0.59740 0.69532 
1207	13	0.30574 0.86748 0.52032 0.10955 0.52802 0.80004 
1208	13	0.29939 0.86289 0.49109 0.11119 0.53443 0.78674 
1209	13	0.30004 0.90009 0.37875 0.12250 0.53143 0.76282 
1210	13	0.30394 0.87565 0.40513 0.13139 0.54619 0.73077 
1211	13	0.30086 0.87178 0.34482 0.13449 0.59804 0.69395 
1212	13	0.30878 0.93035 0.22723 0.11910 0.58988 0.73479 
1213	13	0.30064 0.89295 0.28293 0.14781 0.58713 0.68904 
1214	13	0.29782 0.87148 0.21778 0.16005 0.66126 0.55268 
1215	13	0.29607 0.89299 0.37254 0.13078 0.55850 0.73927 
1216	13	0.31802 0.91414 0.28395 0.14580 0.58973 0.69356 
1217	13	0.31294 0.90922 0.14629 0.14507 0.63955 0.60023 
1218	13	0.31240 0.86166 0.47750 0.13199 0.54516 0.74996 
1219	13	0.32508 0.90630 0.34270 0.13256 0.60129 0.73522 
1220	13	0.36682 0.89859 0.30172 0.16686 0.65108 0.66977 
1221	13	0.37045 0.89371 0.27497 0.19186 0.67370 0.59728 
1222	13	0.38075 0.91465 0.23540 0.17943 0.65491 0.64546 
1223	13	0.34874 0.86906 0.32060 0.18332 0.67338 0.60497 
1224	13	0.38251 0.88079 0.31997 0.18395 0.65381 0.64084 
1225	13	0.37608 0.90103 0.24756 0.16384 0.63613 0.66586 
1226	13	0.37610 0.90738 0.30946 0.16786 0.64423 0.68337 
1227	13	0.37771 0.88465 0.26410 0.18131 0.69842 0.61788 
1228	13	0.37348 0.94310 0.17799 0.17038 0.67101 0.65913 
1229	13	0.36711 0.89590 0.29096 0.17085 0.65611 0.65456 
1230	13	0.35864 0.91733 0.25327 0.16329 0.65292 0.65760 
1231	13	0.34712 0.88450 0.33265 0.15965 0.65059 0.66931 
1232	13	0.35003 0.90455 0.22336 0.16364 0.67953 0.63221 
1233	13	0.32235 0.92739 0.22765 0.14052 0.64485 0.68566 
1234	13	0.35112 0.87416 0.35228 0.14203 0.58819 0.71950 
1235	13	0.35019 0.87062 0.46445 0.14161 0.57105 0.73243 
1236	13	0.35614 0.84340 0.29787 0.16147 0.64800 0.62261 
1237	13	0.35395 0.86934 0.31833 0.15443 0.63229 0.66889 
1238	13	0.34801 0.87170 0.17976 0.13409 0.55201 0.66938 
1239	13	0.34368 0.88417 0.37322 0.13591 0.57266 0.73146 
1240	13	0.34481 0.86387 0.35270 0.15203 0.62269 0.66945 
1241	13	0.34120 0.84490 0.51157 0.13617 0.57642 0.73981 
1242	13	0.34285 0.90292 0.26882 0.13637 0.58382 0.71502 
1243	13	0.33762 0.85246 0.44729 0.13539 0.57282 0.71748 
1244	13	0.33392 0.86854 0.39489 0.13217 0.56074 0.73837 
1245	13	0.33674 0.90302 0.25655 0.13490 0.61142 0.70504 
1246	13	0.33663 0.87288 0.39721 0.12726 0.55780 0.75067 
1247	13	0.32832 0.88757 0.33691 0.12751 0.58286 0.72867 
1248	13	0.33314 0.88817 0.28932 0.13075 0.60330 0.71468 
1249	13	0.33255 0.88410 0.26691 0.13650 0.61737 0.67487 
1250	13	0.32609 0.87232 0.29676 0.13047 0.60892 0.69174 
1251	13	0.33127 0.85872 0.35802 0.13715 0.60266 0.70241 
1252	13	0.30607 0.86805 0.36181 0.13474 0.60102 0.69989 
1253	13	0.32974 0.88138 0.17884 0.14214 0.62742 0.62222 
1254	13	0.32729 0.83296 0.55076 0.11794 0.53610 0.78039 
1255	13	0.33619 0.87737 0.34918 0.13524 0.59079 0.71230 
1256	13	0.29319 0.85857 0.38532 0.12006 0.58743 0.71607 
1257	13	0.32689 0.85874 0.23927 0.14449 0.61501 0.61947 
1258	13	0.32967 0.86916 0.34898 0.13486 0.59857 0.70254 
1259	13	0.33083 0.91040 0.15402 0.14052 0.61934 0.63577 
1260	13	0.32974 0.86120 0.36434 0.13625 0.60750 0.69402 
1261	13	0.33378 0.87165 0.17212 0.15871 0.64439 0.59206 
1262	13	0.35420 0.87968 0.32201 0.15302 0.62863 0.67614 
1263	13	0.34509 0.88830 0.25668 0.14786 0.63960 0.66734 
1264	13	0.33619 0.82024 0.42566 0.14453 0.59302 0.66416 
1265	13	0.33880 0.85756 0.40885 0.14013 0.61243 0.71042 
1266	13	0.33427 0.87628 0.17527 0.16367 0.65099 0.57425 
1267	13	0.34074 0.86922 0.30025 0.14433 0.59332 0.67855 
1268	13	0.33154 0.84447 0.38611 0.14374 0.61106 0.68067 
1269	13	0.32728 0.89857 0.21789 0.15202 0.62439 0.64125 
1270	13	0.33428 0.90609 0.30195 0.12791 0.60018 0.73435 
1271	13	0.31511 0.87073 0.35439 0.11818 0.57561 0.73986 
1272	13	0.30314 0.87450 0.34882 0.11572 0.57413 0.73267 
1273	13	0.29506 0.86002 0.41008 0.11175 0.57075 0.74333 
1274	13	0.30141 0.85031 0.43560 0.11067 0.54469 0.76239 
1275	13	0.30386 0.86251 0.37189 0.11339 0.56444 0.74030 
1276	13	0.29821 0.87676 0.33677 0.10524 0.54496 0.76564 
1277	13	0.27052 0.82664 0.44623 0.10956 0.55769 0.72850 
1278	13	0.28532 0.83589 0.49432 0.10396 0.53526 0.76532 
1279	13	0.28542 0.83887 0.46718 0.10356 0.52870 0.76903 
1280	13	0.28533 0.85289 0.38885 0.09952 0.54098 0.77029 
1281	13	0.27636 0.86439 0.45871 0.09165 0.50522 0.80418 
1282	13	0.25041 0.86192 0.37223 0.10527 0.61032 0.72343 
1283	13	0.24070 0.86675 0.44575 0.07588 0.47435 0.82811 
1284	13	0.24112 0.86642 0.42709 0.08653 0.51180 0.78878 
1285	13	0.24070 0.89380 0.32293 0.09118 0.53784 0.75829 
1286	13	0.23994 0.89172 0.29547 0.08290 0.51070 0.77430 
1287	13	0.24019 0.88719 0.28855 0.09880 0.56179 0.73595 
1288	13	0.24838 0.85970 0.44200 0.08821 0.52492 0.78875 
1289	13	0.24083 0.88596 0.31735 0.09364 0.54863 0.75291 
1290	13	0.22114 0.85873 0.36885 0.08525 0.54867 0.77083 
1291	13	0.19499 0.85028 0.33810 0.09249 0.55679 0.72439 
1292	13	0.19192 0.85250 0.37093 0.09603 0.55908 0.72308 
1293	13	0.20060 0.83854 0.36273 0.09688 0.57115 0.71922 
1294	13	0.20615 0.86716 0.34525 0.09817 0.57862 0.71927 
1295	13	0.20384 0.84979 0.39677 0.08257 0.55273 0.76951 
1296	13	0.20280 0.89881 0.26376 0.07875 0.58184 0.75005 
1297	13	0.21046 0.87797 0.28945 0.08858 0.60696 0.72120 
1298	13	0.21157 0.84835 0.46286 0.07597 0.55649 0.77845 
1299	13	0.21979 0.85925 0.32336 0.10396 0.60239 0.70336 
1300	14	0.14280 0.80101 0.66669 0.10397 0.63788 0.68629 
1301	14	0.12483 0.78192 0.38853 0.12503 0.72239 0.60017 
1302	14	0.15685 0.78640 0.54291 0.13634 0.72697 0.61586 
1303	14	0.10044 0.82883 0.57486 0.09701 0.68401 0.68765 
1304	14	0.09197 0.84954 0.45623 0.09015 0.65108 0.69397 
1305	14	0.21487 0.73091 0.52961 0.15012 0.69713 0.59194 
1306	14	0.15268 0.76354 0.46195 0.16072 0.74522 0.55320 
1307	14	0.27379 0.73598 0.59088 0.16062 0.69056 0.60019 
1308	14	0.16084 0.97074 0.10922 0.10159 0.85718 0.62312 
1309	14	0.10535 0.81494 0.31248 0.12305 0.75862 0.58635 
1310	14	0.15320 0.96333 0.13554 0.08799 0.82828 0.65332 
1311	14	0.11838 0.74187 0.45317 0.12572 0.74616 0.59815 
1312	14	0.13407 0.80970 0.45202 0.10382 0.72204 0.65894 
1313	14	0.11000 0.79938 0.50785 0.10197 0.70814 0.65166 
1314	14	0.12844 0.75019 0.46438 0.12365 0.74344 0.59694 
1315	14	0.09693 0.76808 0.53192 0.08617 0.67599 0.70428 
1316	14	0.21891 0.75846 0.44925 0.16090 0.74132 0.57478 
1317	14	0.12194 0.81465 0.50597 0.08383 0.66559 0.70758 
1318	14	0.17715 0.77672 0.38626 0.16224 0.77937 0.54400 
1319	14	0.11521 0.95058 0.08714 0.11260 0.84792 0.57522 
1320	14	0.10290 0.97284 0.06748 0.10817 0.87939 0.56691 
1321	14	0.09393 0.58879 0.80671 0.09112 0.62214 0.72339 
1322	14	0.11083 0.62953 0.37493 0.11202 0.74804 0.58672 
1323	14	0.17405 0.61400 0.70972 0.11412 0.61692 0.67276 
1324	14	0.12020 0.95260 0.06873 0.12049 0.87743 0.53473 
1325	14	0.18014 0.75018 0.51606 0.12422 0.69666 0.63222 
1326	14	0.13847 0.73786 0.63166 0.09235 0.61338 0.69706 
1327	14	0.10535 0.65141 0.84838 0.08353 0.59998 0.73560 
1328	14	0.11197 0.94161 0.14861 0.07825 0.81132 0.65448 
1329	14	0.11146 0.65060 0.75308 0.09106 0.65519 0.68458 
1330	14	0.13953 0.69459 1.00000 0.07891 0.54689 0.78821 
1331	14	0.20841 0.70883 0.56289 0.15296 0.72965 0.59004 
1332	14	0.15994 0.73926 0.49148 0.11713 0.68436 0.63566 
1333	14	0.16420 0.60945 0.84445 0.10445 0.60648 0.71753 
1334	14	0.15136 0.72468 0.59170 0.12684 0.72068 0.63058 
1335	14	0.10408 0.79547 0.46443 0.08852 0.71776 0.67838 
1336	14	0.22489 0.63043 0.59327 0.14458 0.70925 0.60527 
1337	14	0.17366 0.65984 0.89479 0.10099 0.62473 0.71604 
1338	14	0.09639 0.71101 0.51917 0.08616 0.67624 0.67776 
1339	14	0.12681 0.59816 0.66306 0.11491 0.71381 0.62517 
1340	14	0.16189 0.62541 0.60166 0.13649 0.71279 0.61366 
1341	14	0.10181 0.75295 0.64825 0.08818 0.61715 0.72837 
1342	14	0.09924 0.63909 0.72642 0.08258 0.67459 0.71795 
1343	14	0.08198 0.94006 0.10338 0.07844 0.81513 0.62889 
1344	14	0.07970 0.59299 0.73971 0.07781 0.62846 0.73135 
1345	14	0.17079 0.71744 0.58965 0.10720 0.68558 0.66398 
1346	14	0.11693 0.65409 0.66055 0.10867 0.69568 0.66304 
1347	14	0.11066 0.40811 0.67284 0.10679 0.67490 0.65368 
1348	14	0.13155 0.55001 0.79492 0.06779 0.56628 0.78426 
1349	14	0.21570 0.66437 0.68557 0.15509 0.65120 0.63115 
1350	14	0.09769 0.63043 0.58244 0.07678 0.62465 0.71107 
1351	14	0.09649 0.97851 0.08786 0.07952 0.81410 0.64698 
1352	14	0.15591 0.69147 0.52966 0.11135 0.67174 0.63018 
1353	14	0.10260 0.79998 0.42386 0.08963 0.63934 0.68886 
1354	14	0.12539 0.53875 0.76828 0.06767 0.52276 0.77552 
1355	14	0.13954 0.70357 0.38803 0.09679 0.70723 0.62934 
1356	14	0.09665 0.66066 0.66886 0.08642 0.61055 0.72875 
1357	14	0.09520 0.63111 0.96034 0.07074 0.55365 0.79492 
1358	14	0.12716 0.53942 0.93878 0.11169 0.57709 0.70694 
1359	14	0.10092 0.97361 0.07757 0.06876 0.78738 0.68351 
1360	14	0.14328 0.67576 0.37000 0.12829 0.65990 0.63085 
1361	14	0.15421 0.74497 0.57717 0.10323 0.63447 0.68474 
1362	14	0.14233 0.60216 0.86702 0.10177 0.59753 0.70402 
1363	14	0.22180 0.95996 0.08109 0.14751 0.85157 0.53803 
1364	14	0.11756 0.76428 0.53571 0.08394 0.65149 0.70992 
1365	14	0.11982 0.75788 0.51572 0.10044 0.68526 0.66230 
1366	14	0.19025 0.82521 0.41136 0.14875 0.71163 0.58757 
1367	14	0.81888 0.79632 0.31378 0.61442 0.73502 0.40081 
1368	14	0.46136 0.77509 0.33545 0.37001 0.73838 0.44860 
1369	14	0.28312 0.76533 0.30677 0.12613 0.55659 0.69670 
1370	14	0.18569 0.81238 0.29321 0.10437 0.54927 0.72794 
1371	14	0.27721 0.81918 0.23165 0.16257 0.55795 0.64139 
1372	14	0.24816 0.42241 0.50114 0.17291 0.57812 0.62536 
1373	14	0.30518 0.49249 0.50706 0.19237 0.53194 0.61875 
1374	14	0.23541 0.76064 0.32268 0.15006 0.56708 0.66163 
1375	14	0.18891 0.82294 0.27826 0.08943 0.54808 0.74186 
1376	14	0.19250 0.71226 0.42478 0.09883 0.59999 0.72351 
1377	14	0.23226 0.76481 0.40371 0.11775 0.56848 0.74069 
1378	14	0.26720 0.84860 0.23752 0.14163 0.63009 0.67601 
1379	14	0.18991 0.64363 0.43555 0.10218 0.53445 0.74602 
1380	14	0.11868 0.71197 0.28532 0.09064 0.59594 0.70629 
1381	14	0.14543 0.55980 0.46923 0.09839 0.62386 0.71492 
1382	14	0.18494 0.34885 0.77192 0.10765 0.52281 0.75884 
1383	14	0.18415 0.31951 0.58553 0.13480 0.54990 0.69575 
1384	14	0.17357 0.37385 0.84921 0.10550 0.50154 0.78364 
1385	14	0.29033 0.46671 0.50399 0.15887 0.65001 0.64600 
1386	14	0.16749 0.50487 0.49479 0.10155 0.61200 0.70982 
1387	14	0.07815 0.55425 0.58981 0.06014 0.59104 0.77805 
1388	14	0.07893 0.68742 0.36126 0.07392 0.59518 0.74687 
1389	14	0.11692 0.66772 0.38712 0.08024 0.58907 0.73982 
1390	14	0.25443 0.41089 0.69909 0.12577 0.56457 0.72658 
1391	14	0.33843 0.00000 0.38629 0.18994 0.40585 0.55988 
1392	14	0.17803 0.59557 0.43414 0.12442 0.63282 0.66262 
1393	14	0.18286 0.23231 0.64804 0.14918 0.62559 0.63953 
1394	14	0.13264 0.78449 0.27638 0.09973 0.59289 0.72424 
1395	14	0.15054 0.31035 0.83259 0.10671 0.51413 0.75882 
1396	14	0.20217 0.68681 0.42641 0.11668 0.57265 0.70718 
1397	14	0.16439 0.60747 0.32191 0.11782 0.62173 0.65390 
1398	14	0.13194 0.67918 0.50608 0.07926 0.50543 0.81082 
1399	14	0.24353 0.50498 0.39163 0.14878 0.59934 0.65014 
