200	2	6
0	1	0.14706 0.90429 877.39862 0.05410 0.64672 5.38794 
1	1	0.14628 0.90401 880.43353 0.05383 0.64501 5.38819 
2	1	0.14628 0.90401 880.43353 0.05383 0.64501 5.38819 
3	1	0.14628 0.90401 880.43353 0.05383 0.64501 5.38819 
4	1	0.14628 0.90401 880.43353 0.05383 0.64501 5.38819 
5	1	0.14628 0.90401 880.43353 0.05383 0.64501 5.38819 
6	1	0.14628 0.90401 880.43353 0.05383 0.64501 5.38819 
7	1	0.14628 0.90401 880.43353 0.05383 0.64501 5.38819 
8	1	0.14628 0.90401 880.43353 0.05383 0.64501 5.38819 
9	1	0.14628 0.90401 880.43353 0.05383 0.64501 5.38819 
10	1	0.14628 0.90401 880.43353 0.05383 0.64501 5.38819 
11	1	0.14628 0.90401 880.43353 0.05383 0.64501 5.38819 
12	1	0.14628 0.90401 880.43353 0.05383 0.64501 5.38819 
13	1	0.14628 0.90401 880.43353 0.05383 0.64501 5.38819 
14	1	0.14628 0.90401 880.43353 0.05383 0.64501 5.38819 
15	1	0.14628 0.90401 880.43353 0.05383 0.64501 5.38819 
16	1	0.14628 0.90401 880.43353 0.05383 0.64501 5.38819 
17	1	0.14628 0.90401 880.43353 0.05383 0.64501 5.38819 
18	1	0.14628 0.90401 880.43353 0.05383 0.64501 5.38819 
19	1	0.14628 0.90401 880.43353 0.05383 0.64501 5.38819 
20	1	0.14628 0.90401 880.43353 0.05383 0.64501 5.38819 
21	1	0.14628 0.90401 880.43353 0.05383 0.64501 5.38819 
22	1	0.14628 0.90401 880.43353 0.05383 0.64501 5.38819 
23	1	0.14628 0.90401 880.43353 0.05383 0.64501 5.38819 
24	1	0.14628 0.90401 880.43353 0.05383 0.64501 5.38819 
25	1	0.14628 0.90401 880.43353 0.05383 0.64501 5.38819 
26	1	0.14628 0.90401 880.43353 0.05383 0.64501 5.38819 
27	1	0.14628 0.90401 880.43353 0.05383 0.64501 5.38819 
28	1	0.14628 0.90401 880.43353 0.05383 0.64501 5.38819 
29	1	0.14628 0.90401 880.43353 0.05383 0.64501 5.38819 
30	1	0.14628 0.90401 880.43353 0.05383 0.64501 5.38819 
31	1	0.14628 0.90401 880.43353 0.05383 0.64501 5.38819 
32	1	0.14628 0.90401 880.43353 0.05383 0.64501 5.38819 
33	1	0.14628 0.90401 880.43353 0.05383 0.64501 5.38819 
34	1	0.14628 0.90401 880.43353 0.05383 0.64501 5.38819 
35	1	0.14628 0.90401 880.43353 0.05383 0.64501 5.38819 
36	1	0.14628 0.90401 880.43353 0.05383 0.64501 5.38819 
37	1	0.14628 0.90401 880.43353 0.05383 0.64501 5.38819 
38	1	0.14628 0.90401 880.43353 0.05383 0.64501 5.38819 
39	1	0.14628 0.90401 880.43353 0.05383 0.64501 5.38819 
40	1	0.14628 0.90401 880.43353 0.05383 0.64501 5.38819 
41	1	0.14628 0.90401 880.43353 0.05383 0.64501 5.38819 
42	1	0.14628 0.90401 880.43353 0.05383 0.64501 5.38819 
43	1	0.14628 0.90401 880.43353 0.05383 0.64501 5.38819 
44	1	0.14628 0.90401 880.43353 0.05383 0.64501 5.38819 
45	1	0.14628 0.90401 880.43353 0.05383 0.64501 5.38819 
46	1	0.14628 0.90401 880.43353 0.05383 0.64501 5.38819 
47	1	0.14628 0.90401 880.43353 0.05383 0.64501 5.38819 
48	1	0.14628 0.90401 880.43353 0.05383 0.64501 5.38819 
49	1	0.14628 0.90401 880.43353 0.05383 0.64501 5.38819 
50	1	0.14628 0.90401 880.43353 0.05383 0.64501 5.38819 
51	1	0.14628 0.90401 880.43353 0.05383 0.64501 5.38819 
52	1	0.14628 0.90401 880.43353 0.05383 0.64501 5.38819 
53	1	0.14628 0.90401 880.43353 0.05383 0.64501 5.38819 
54	1	0.14628 0.90401 880.43353 0.05383 0.64501 5.38819 
55	1	0.14628 0.90401 880.43353 0.05383 0.64501 5.38819 
56	1	0.14628 0.90401 880.43353 0.05383 0.64501 5.38819 
57	1	0.14628 0.90401 880.43353 0.05383 0.64501 5.38819 
58	1	0.14628 0.90401 880.43353 0.05383 0.64501 5.38819 
59	1	0.14628 0.90401 880.43353 0.05383 0.64501 5.38819 
60	1	0.14628 0.90401 880.43353 0.05383 0.64501 5.38819 
61	1	0.14628 0.90401 880.43353 0.05383 0.64501 5.38819 
62	1	0.14628 0.90401 880.43353 0.05383 0.64501 5.38819 
63	1	0.14628 0.90401 880.43353 0.05383 0.64501 5.38819 
64	1	0.14628 0.90401 880.43353 0.05383 0.64501 5.38819 
65	1	0.14628 0.90401 880.43353 0.05383 0.64501 5.38819 
66	1	0.14628 0.90401 880.43353 0.05383 0.64501 5.38819 
67	1	0.14628 0.90401 880.43353 0.05383 0.64501 5.38819 
68	1	0.14628 0.90401 880.43353 0.05383 0.64501 5.38819 
69	1	0.14628 0.90401 880.43353 0.05383 0.64501 5.38819 
70	1	0.14628 0.90401 880.43353 0.05383 0.64501 5.38819 
71	1	0.14628 0.90401 880.43353 0.05383 0.64501 5.38819 
72	1	0.14628 0.90401 880.43353 0.05383 0.64501 5.38819 
73	1	0.14628 0.90401 880.43353 0.05383 0.64501 5.38819 
74	1	0.14628 0.90401 880.43353 0.05383 0.64501 5.38819 
75	1	0.14628 0.90401 880.43353 0.05383 0.64501 5.38819 
76	1	0.14628 0.90401 880.43353 0.05383 0.64501 5.38819 
77	1	0.14628 0.90401 880.43353 0.05383 0.64501 5.38819 
78	1	0.14628 0.90401 880.43353 0.05383 0.64501 5.38819 
79	1	0.14628 0.90401 880.43353 0.05383 0.64501 5.38819 
80	1	0.14628 0.90401 880.43353 0.05383 0.64501 5.38819 
81	1	0.14628 0.90401 880.43353 0.05383 0.64501 5.38819 
82	1	0.14628 0.90401 880.43353 0.05383 0.64501 5.38819 
83	1	0.14628 0.90401 880.43353 0.05383 0.64501 5.38819 
84	1	0.14628 0.90401 880.43353 0.05383 0.64501 5.38819 
85	1	0.14628 0.90401 880.43353 0.05383 0.64501 5.38819 
86	1	0.14628 0.90401 880.43353 0.05383 0.64501 5.38819 
87	1	0.14628 0.90401 880.43353 0.05383 0.64501 5.38819 
88	1	0.14628 0.90401 880.43353 0.05383 0.64501 5.38819 
89	1	0.14628 0.90401 880.43353 0.05383 0.64501 5.38819 
90	1	0.14628 0.90401 880.43353 0.05383 0.64501 5.38819 
91	1	0.14628 0.90401 880.43353 0.05383 0.64501 5.38819 
92	1	0.14628 0.90401 880.43353 0.05383 0.64501 5.38819 
93	1	0.14628 0.90401 880.43353 0.05383 0.64501 5.38819 
94	1	0.14628 0.90401 880.43353 0.05383 0.64501 5.38819 
95	1	0.14628 0.90401 880.43353 0.05383 0.64501 5.38819 
96	1	0.14628 0.90401 880.43353 0.05383 0.64501 5.38819 
97	1	0.14628 0.90401 880.43353 0.05383 0.64501 5.38819 
98	1	0.14628 0.90401 880.43353 0.05383 0.64501 5.38819 
99	1	0.14628 0.90401 880.43353 0.05383 0.64501 5.38819 
100	2	0.10559 0.80567 2279.16577 0.03379 0.54664 6.34351 
101	2	0.35357 0.55437 3522.04272 0.13724 0.55311 5.03622 
102	2	0.20138 0.84746 2151.95605 0.06430 0.57481 5.63007 
103	2	0.29471 0.92753 535.82928 0.13227 0.76081 4.11217 
104	2	0.16303 0.91833 953.62964 0.06158 0.64663 5.09269 
105	2	0.11190 0.91996 968.60492 0.04303 0.67640 5.70531 
106	2	0.11598 0.84777 991.85364 0.04208 0.60087 5.68054 
107	2	0.10722 0.90954 1023.88007 0.03883 0.60955 5.68086 
108	2	0.26295 0.95056 581.50012 0.09066 0.67937 4.84848 
109	2	0.14909 0.92641 996.95276 0.05583 0.65841 5.25202 
110	2	0.22272 0.91759 1176.82910 0.09538 0.70718 4.65493 
111	2	0.53127 0.96081 393.05432 0.30604 0.84390 3.12374 
112	2	0.25499 0.79456 1557.93713 0.10740 0.70936 4.63280 
113	2	0.16609 0.93206 789.73297 0.05920 0.64924 5.14499 
114	2	0.14769 0.88107 1277.66101 0.04339 0.53415 5.53319 
115	2	0.09952 0.81909 942.44818 0.03689 0.55351 5.65331 
116	2	0.21118 0.97706 362.98450 0.10711 0.85815 4.11323 
117	2	0.27876 0.87487 1590.69714 0.10259 0.68450 4.98188 
118	2	0.18546 0.90436 801.93384 0.08926 0.73943 4.62253 
119	2	0.20070 0.86180 1087.48926 0.07128 0.72066 5.18546 
120	2	0.18102 0.92888 819.91876 0.06203 0.71733 5.31168 
121	2	0.18047 0.95781 652.50378 0.06707 0.65626 4.86229 
122	2	0.33319 0.93802 606.49060 0.14865 0.77586 4.20700 
123	2	0.15572 0.76261 1477.07837 0.05827 0.54284 5.13283 
124	2	0.18490 0.88782 1563.56543 0.05708 0.61920 5.41692 
125	2	0.31505 0.87610 1113.10510 0.15281 0.70986 4.04038 
126	2	0.10530 0.90329 837.61407 0.03943 0.56216 5.60118 
127	2	0.12587 0.85079 1870.14197 0.03854 0.57271 5.99480 
128	2	0.16667 0.79910 3472.55884 0.05230 0.57230 5.74076 
129	2	0.21691 0.94282 467.74243 0.09611 0.74004 4.37031 
130	2	0.16077 0.95364 705.99847 0.08550 0.73005 4.40697 
131	2	0.31810 0.85403 1408.45044 0.11820 0.67553 5.12588 
132	2	0.14731 0.84822 1005.47302 0.05796 0.55768 5.36358 
133	2	0.16642 0.82085 999.00562 0.06518 0.62899 5.28159 
134	2	0.31209 0.89376 493.91223 0.13931 0.77403 4.28043 
135	2	0.22598 0.88311 1452.38171 0.07815 0.64525 5.06007 
136	2	0.15790 0.87725 940.69727 0.07108 0.64013 4.84925 
137	2	0.12468 0.83024 2415.49927 0.04232 0.57603 5.81485 
138	2	0.26740 0.81088 1432.44373 0.10250 0.66648 4.85859 
139	2	0.25200 0.96689 334.50064 0.09354 0.72468 4.47605 
140	2	0.15707 0.90174 1445.36243 0.05480 0.57945 5.38235 
141	2	0.20850 0.96284 607.37903 0.09481 0.79556 4.40475 
142	2	0.32104 0.89795 823.01282 0.12722 0.70324 4.59777 
143	2	0.18128 0.83300 1964.30249 0.05477 0.56550 5.56395 
144	2	0.12080 0.83799 1162.57141 0.04173 0.57459 5.66586 
145	2	0.11564 0.84335 1986.41528 0.04133 0.55243 5.91632 
146	2	0.24752 0.88130 848.31360 0.08866 0.68217 5.14572 
147	2	0.28505 0.93976 868.01971 0.13090 0.72381 4.29960 
148	2	0.12206 0.80038 1876.34802 0.04295 0.57190 5.67979 
149	2	0.07365 0.82104 2026.93298 0.02171 0.56427 6.63405 
150	2	0.12430 0.82324 1183.54761 0.04231 0.58723 5.69555 
151	2	0.09558 0.86713 1183.14966 0.03534 0.55103 5.85021 
152	2	0.16166 0.89326 996.64423 0.06101 0.66063 5.39978 
153	2	0.12337 0.84279 1269.54858 0.04323 0.58463 5.56027 
154	2	0.24196 0.87163 965.04865 0.09115 0.66923 4.59425 
155	2	0.11262 0.90413 1268.39148 0.04786 0.61710 5.31289 
156	2	0.08194 0.84252 1592.91162 0.02770 0.51728 6.17962 
157	2	0.45862 0.96869 289.64880 0.24431 0.79576 3.30722 
158	2	0.27503 0.92252 930.88550 0.09266 0.62740 5.16232 
159	2	0.36297 0.96582 351.39053 0.20637 0.81310 3.10149 
160	2	0.26725 0.95130 700.69122 0.13611 0.78227 4.18705 
161	2	0.19071 0.89804 1607.56409 0.07545 0.56274 5.04327 
162	2	0.07469 0.90348 967.23950 0.03018 0.58602 5.80755 
163	2	0.15121 0.85034 1016.04553 0.05890 0.59110 5.33926 
164	2	0.10074 0.88057 787.15601 0.04392 0.72823 5.43463 
165	2	0.15821 0.81169 1974.13892 0.04869 0.52819 5.61182 
166	2	0.14726 0.82685 1930.12732 0.05951 0.62287 5.35034 
167	2	0.14377 0.89810 1202.60278 0.04826 0.62799 5.54567 
168	2	0.12604 0.91443 827.32324 0.05393 0.61248 5.22722 
169	2	0.15002 0.71746 1386.97253 0.04954 0.57121 5.62277 
170	2	0.28345 0.83987 1132.89795 0.11036 0.70599 4.78828 
171	2	0.18868 0.82034 1950.67944 0.06107 0.60818 5.26925 
172	2	0.11773 0.82639 1082.04077 0.04913 0.61139 5.45316 
173	2	0.09257 0.82344 2026.82361 0.03760 0.56456 6.00315 
174	2	0.28096 0.93523 518.20819 0.11478 0.74983 4.47552 
175	2	0.13990 0.76041 2212.43066 0.05560 0.61359 5.60078 
176	2	0.10670 0.88299 1045.20996 0.05169 0.68669 5.18419 
177	2	0.20816 0.94296 676.62158 0.10184 0.73071 4.50156 
178	2	0.17478 0.70334 1375.59998 0.05580 0.51267 5.43474 
179	2	0.09643 0.77028 1491.28442 0.03038 0.50913 6.14663 
180	2	0.15097 0.98438 227.58304 0.08438 0.83372 4.27984 
181	2	0.15318 0.77138 3664.36182 0.04153 0.48935 5.86118 
182	2	0.18456 0.91069 532.32330 0.06973 0.67251 5.12261 
183	2	0.14329 0.88267 1549.34485 0.04622 0.50508 5.79055 
184	2	0.23004 0.93142 182.21091 0.09965 0.77703 4.18546 
185	2	0.13392 0.78443 1507.83215 0.04516 0.59503 5.52846 
186	2	0.28487 0.96291 476.84293 0.12991 0.76772 4.14613 
187	2	0.15990 0.92663 1150.20166 0.05586 0.62550 5.29230 
188	2	0.30595 0.83223 1460.11292 0.13890 0.67060 4.61717 
189	2	0.10335 0.82714 1350.95715 0.03938 0.53493 5.78054 
190	2	0.19417 0.79603 1043.91504 0.08845 0.64769 4.61495 
191	2	0.25904 0.87287 1535.37170 0.08088 0.62284 5.49194 
192	2	0.12778 0.87945 810.25958 0.05542 0.67300 5.21529 
193	2	0.06602 0.83432 1265.01282 0.02446 0.50334 6.21547 
194	2	0.13789 0.84741 1636.22595 0.03261 0.49792 6.21192 
195	2	0.21195 0.80489 898.65692 0.11575 0.73042 4.43789 
196	2	0.11814 0.82600 1315.42334 0.03547 0.50163 5.94783 
197	2	0.11090 0.87370 1056.62744 0.03957 0.55587 5.58339 
198	2	0.27483 0.75596 2061.62451 0.09375 0.58196 5.39339 
199	2	0.14648 0.91729 1241.36487 0.03872 0.57026 6.04000 
