1000	10	6
0	1	0.10850 0.78187 0.17863 0.07348 0.53324 0.73586 
1	1	0.12275 0.88364 0.10923 0.09749 0.73435 0.67118 
2	1	0.10417 0.70770 0.42948 0.03552 0.39556 0.87139 
3	1	0.16713 0.95170 0.07464 0.08297 0.77454 0.70108 
4	1	0.15156 0.80291 0.38078 0.07077 0.39681 0.80124 
5	1	0.05387 0.68156 0.38175 0.02867 0.28003 0.87657 
6	1	0.19299 0.64764 0.34454 0.07339 0.36654 0.79287 
7	1	0.12557 0.92062 0.16600 0.06708 0.58669 0.76232 
8	1	0.13472 0.74146 0.28698 0.06072 0.34210 0.79493 
9	1	0.14990 0.87208 0.14687 0.10819 0.74348 0.66631 
10	1	0.05924 0.89047 0.17276 0.04256 0.54898 0.80811 
11	1	0.09003 0.76385 0.27902 0.04307 0.39605 0.81919 
12	1	0.16781 0.86087 0.20820 0.07041 0.54361 0.77107 
13	1	0.10581 0.72787 0.33505 0.03776 0.32306 0.85017 
14	1	0.09134 0.80214 0.21243 0.05506 0.48543 0.76792 
15	1	0.14579 0.89348 0.21401 0.05584 0.56034 0.80260 
16	1	0.16526 0.85386 0.12577 0.10622 0.62669 0.66798 
17	1	0.27268 0.82218 0.21144 0.12209 0.56251 0.68914 
18	1	0.24766 0.87376 0.19307 0.12256 0.59309 0.69947 
19	1	0.08460 0.57092 0.39686 0.04299 0.28713 0.83610 
20	1	0.08985 0.85709 0.16346 0.06182 0.58602 0.75243 
21	1	0.10634 0.93950 0.09702 0.06260 0.69953 0.74385 
22	1	0.08302 0.80480 0.25535 0.04242 0.46795 0.82285 
23	1	0.07756 0.82831 0.31933 0.03130 0.40540 0.87941 
24	1	0.21069 0.89810 0.19035 0.08969 0.61733 0.74488 
25	1	0.04894 0.75623 0.32346 0.02587 0.34046 0.88112 
26	1	0.13560 0.83808 0.25782 0.05734 0.51452 0.79868 
27	1	0.10779 0.93579 0.09371 0.07785 0.73718 0.70982 
28	1	0.06894 0.85001 0.26852 0.03763 0.43890 0.84113 
29	1	0.09705 0.85741 0.20695 0.07172 0.59080 0.76210 
30	1	0.10714 0.54195 0.33003 0.05405 0.26022 0.79018 
31	1	0.03893 0.46340 0.72301 0.00384 0.02650 0.98572 
32	1	0.14974 0.83497 0.23263 0.07818 0.55598 0.75959 
33	1	0.23630 0.67199 0.28335 0.09992 0.54777 0.75106 
34	1	0.08479 0.73793 0.30527 0.03865 0.41728 0.82474 
35	1	0.09706 0.84011 0.20120 0.06446 0.58781 0.76302 
36	1	0.21492 0.89729 0.11159 0.11937 0.68764 0.66535 
37	1	0.16570 0.74915 0.26843 0.06617 0.46428 0.78279 
38	1	0.17386 0.86732 0.14612 0.10663 0.65792 0.67937 
39	1	0.20319 0.93905 0.16794 0.10277 0.67301 0.70810 
40	1	0.24594 0.89523 0.18686 0.11108 0.66303 0.69372 
41	1	0.13788 0.90114 0.23599 0.07110 0.59115 0.77989 
42	1	0.19077 0.84587 0.14769 0.10552 0.63677 0.67505 
43	1	0.25098 0.91383 0.21481 0.12814 0.65811 0.69398 
44	1	0.21974 1.00000 0.03977 0.17365 0.88437 0.52944 
45	1	0.20831 0.79849 0.19103 0.14260 0.67367 0.63599 
46	1	0.26529 0.79283 0.19008 0.17913 0.67757 0.59433 
47	1	0.08760 0.73583 0.39832 0.02353 0.28417 0.89426 
48	1	0.20494 0.71724 0.25786 0.08831 0.49901 0.74511 
49	1	0.21838 0.71131 0.41905 0.07538 0.44652 0.82064 
50	1	0.18066 0.82061 0.21641 0.07960 0.56161 0.75393 
51	1	0.13107 0.63761 0.48292 0.03444 0.23570 0.89394 
52	1	0.03447 0.75118 0.34058 0.01883 0.29265 0.88520 
53	1	0.03416 0.79870 0.26784 0.02374 0.38270 0.86701 
54	1	0.14158 0.78419 0.38479 0.04291 0.36259 0.87578 
55	1	0.24269 0.84468 0.23690 0.09719 0.56383 0.74269 
56	1	0.14450 0.68252 0.38839 0.04447 0.28576 0.85885 
57	1	0.19085 0.84193 0.20526 0.11156 0.59280 0.70171 
58	1	0.20951 0.76150 0.24126 0.08123 0.46880 0.76423 
59	1	0.16209 0.75177 0.35587 0.05022 0.38216 0.85048 
60	1	0.15799 0.73317 0.31427 0.06305 0.41066 0.79777 
61	1	0.03953 0.57580 0.45781 0.01774 0.17244 0.91090 
62	1	0.14898 0.89918 0.17333 0.08247 0.59177 0.73054 
63	1	0.09868 0.54511 1.00000 0.01807 0.13453 0.98298 
64	1	0.10128 0.73251 0.43736 0.02322 0.27369 0.91354 
65	1	0.30935 0.93353 0.14108 0.17056 0.75449 0.61211 
66	1	0.15919 0.83939 0.17820 0.09102 0.62452 0.70590 
67	1	0.15733 0.80097 0.18978 0.08437 0.59885 0.72277 
68	1	0.11650 0.83689 0.18881 0.07639 0.62266 0.73472 
69	1	0.30790 0.73034 0.22920 0.17270 0.54152 0.62146 
70	1	0.12078 0.48224 0.39655 0.05670 0.26948 0.82383 
71	1	0.12299 0.83759 0.17334 0.06164 0.57369 0.76485 
72	1	0.10793 0.83769 0.21548 0.04942 0.49944 0.80325 
73	1	0.57512 0.82437 0.21990 0.35713 0.61965 0.53201 
74	1	0.15207 0.94042 0.05313 0.11244 0.79961 0.61862 
75	1	0.10171 0.78236 0.27468 0.04672 0.44987 0.82277 
76	1	0.20807 0.71900 0.36662 0.06922 0.40929 0.81496 
77	1	0.09956 0.77974 0.25758 0.04696 0.47167 0.80825 
78	1	0.26684 0.73956 0.24400 0.11652 0.51511 0.70948 
79	1	0.65469 0.85620 0.09391 0.48867 0.87347 0.32195 
80	1	0.09415 0.72934 0.37190 0.03732 0.35094 0.85551 
81	1	0.20992 0.84120 0.20911 0.09617 0.56142 0.71811 
82	1	0.14889 0.65366 0.36995 0.05750 0.36240 0.81443 
83	1	0.23270 0.85831 0.16460 0.11469 0.63880 0.68888 
84	1	0.13181 0.68976 0.46147 0.03934 0.31281 0.87557 
85	1	0.19976 0.67953 0.31131 0.09528 0.48234 0.73855 
86	1	0.04405 0.75786 0.32385 0.01932 0.31241 0.88979 
87	1	0.11133 0.61372 0.42910 0.04141 0.26038 0.85146 
88	1	0.10420 0.64607 0.29969 0.05652 0.41505 0.79337 
89	1	0.16217 0.36537 0.69776 0.04655 0.12194 0.89012 
90	1	0.06131 0.74593 0.37945 0.02552 0.30358 0.88203 
91	1	0.10304 0.79198 0.28187 0.04654 0.46408 0.82122 
92	1	0.25061 0.88375 0.10036 0.13465 0.75451 0.63520 
93	1	0.12332 0.83870 0.26970 0.04186 0.46065 0.83940 
94	1	0.07195 0.79465 0.25975 0.04850 0.46634 0.80391 
95	1	0.15376 0.96907 0.10278 0.10658 0.74287 0.66407 
96	1	0.11576 0.84779 0.22083 0.05559 0.54039 0.78735 
97	1	0.21614 0.84975 0.11099 0.11450 0.66757 0.66082 
98	1	0.20488 0.74552 0.17272 0.11014 0.59658 0.68394 
99	1	0.15100 0.69819 0.30549 0.06906 0.45044 0.77985 
100	2	0.09269 0.55420 0.50726 0.03485 0.32945 0.88829 
101	2	0.19162 0.68715 0.22728 0.14197 0.63660 0.62464 
102	2	0.31193 0.62157 0.17323 0.17667 0.67356 0.58426 
103	2	0.27922 0.85228 0.11902 0.17550 0.76152 0.56776 
104	2	0.24827 0.54493 0.24575 0.14619 0.56384 0.63346 
105	2	0.28435 0.81419 0.11211 0.15166 0.70154 0.59734 
106	2	0.24547 0.57737 0.31639 0.15241 0.64555 0.65687 
107	2	0.19328 0.39680 0.58081 0.08048 0.30083 0.82691 
108	2	0.23235 0.57213 0.22530 0.14825 0.50263 0.62662 
109	2	0.09051 0.69899 0.46338 0.03288 0.30246 0.88324 
110	2	0.24791 0.39793 0.39818 0.10333 0.39312 0.75427 
111	2	0.18016 0.83820 0.13685 0.10672 0.66563 0.68483 
112	2	0.16555 0.88556 0.09640 0.10296 0.73006 0.66746 
113	2	0.18599 0.57996 0.32554 0.07898 0.35826 0.78366 
114	2	0.09744 0.76829 0.36074 0.04064 0.30662 0.84079 
115	2	0.07522 0.85903 0.21391 0.04711 0.53957 0.79415 
116	2	0.18089 0.52400 0.38509 0.09462 0.43274 0.75286 
117	2	0.13345 0.56175 0.45769 0.08465 0.41633 0.76465 
118	2	0.11108 0.66035 0.32899 0.06596 0.47559 0.78242 
119	2	0.24791 0.79895 0.25483 0.14229 0.62706 0.66911 
120	2	0.24107 0.72064 0.16768 0.14566 0.64536 0.63300 
121	2	0.29574 0.74470 0.26453 0.15846 0.64759 0.64471 
122	2	0.14933 0.62095 0.32846 0.07183 0.48011 0.75938 
123	2	0.37086 0.71164 0.13824 0.21482 0.66567 0.53367 
124	2	0.14412 0.84670 0.21494 0.08330 0.58933 0.72906 
125	2	0.33717 0.86013 0.08774 0.19419 0.74081 0.55553 
126	2	0.31852 0.84915 0.03642 0.23771 0.88134 0.41216 
127	2	0.52280 0.71312 0.10128 0.31886 0.69247 0.47338 
128	2	0.22170 0.76834 0.31288 0.08587 0.51611 0.78070 
129	2	0.21838 0.74985 0.19746 0.13185 0.54910 0.66843 
130	2	0.25092 0.86126 0.12306 0.14483 0.73089 0.62670 
131	2	0.27958 0.93125 0.05245 0.18853 0.81408 0.54130 
132	2	0.13680 0.75692 0.20323 0.08856 0.57070 0.72088 
133	2	0.15747 0.84527 0.14446 0.09320 0.62660 0.69653 
134	2	0.13631 0.61552 0.28119 0.05921 0.35700 0.77824 
135	2	0.19596 0.79142 0.13956 0.13305 0.67364 0.64603 
136	2	0.28625 0.64830 0.22114 0.14665 0.61788 0.64988 
137	2	0.47566 0.65369 0.17048 0.29846 0.72303 0.49023 
138	2	0.41759 0.79339 0.09595 0.27573 0.80453 0.46834 
139	2	0.20669 0.60094 0.28709 0.12722 0.43610 0.68283 
140	2	0.07152 0.57908 0.58035 0.02337 0.29006 0.91702 
141	2	0.19345 0.72226 0.20656 0.12879 0.62770 0.67031 
142	2	0.19685 0.66922 0.21829 0.10676 0.54875 0.69894 
143	2	0.22926 0.89464 0.05302 0.17010 0.84602 0.53386 
144	2	0.18642 0.78943 0.32137 0.06048 0.34880 0.81345 
145	2	0.21247 0.86737 0.13133 0.10418 0.62591 0.67992 
146	2	0.31738 0.66242 0.16429 0.20633 0.63573 0.51710 
147	2	0.17105 0.51118 0.33091 0.07482 0.37828 0.77370 
148	2	0.20993 0.80565 0.16486 0.11007 0.62577 0.65594 
149	2	0.34082 0.53224 0.15618 0.25564 0.70142 0.48727 
150	2	0.31371 0.68945 0.22055 0.15100 0.60891 0.66242 
151	2	0.33326 0.54744 0.18680 0.18631 0.63492 0.58288 
152	2	0.53015 0.84166 0.07442 0.37136 0.81938 0.34170 
153	2	0.03600 0.64670 0.40552 0.01642 0.21497 0.89705 
154	2	0.17680 0.79276 0.19739 0.09455 0.56311 0.71509 
155	2	0.41560 0.73780 0.11488 0.24528 0.71297 0.51924 
156	2	0.58635 0.50042 0.15646 0.39887 0.77880 0.40774 
157	2	0.28320 0.62561 0.15463 0.20728 0.73444 0.53889 
158	2	0.50722 0.58643 0.29129 0.29355 0.59965 0.54793 
159	2	0.34378 0.70264 0.19978 0.19206 0.61712 0.57315 
160	2	0.07556 0.78117 0.33707 0.03112 0.35124 0.86050 
161	2	0.42649 0.60954 0.06686 0.35469 0.82624 0.34332 
162	2	0.19821 0.85045 0.12076 0.12125 0.76201 0.64225 
163	2	0.28155 0.76049 0.11348 0.18028 0.67062 0.55442 
164	2	0.19080 0.59899 0.26938 0.10630 0.47057 0.66362 
165	2	0.23820 0.58969 0.24098 0.15669 0.67341 0.60540 
166	2	0.32209 0.69748 0.23814 0.14225 0.58734 0.69417 
167	2	0.13210 0.77102 0.19532 0.07468 0.49511 0.71435 
168	2	0.21086 0.85236 0.15378 0.10207 0.59766 0.68839 
169	2	0.24587 0.75235 0.23741 0.10526 0.56099 0.73240 
170	2	0.08287 0.68075 0.29115 0.05244 0.44465 0.79182 
171	2	0.09132 0.58024 0.28122 0.06526 0.41339 0.74461 
172	2	0.28440 0.21674 0.33238 0.15375 0.43837 0.64944 
173	2	0.27199 0.75786 0.13960 0.16481 0.70878 0.58503 
174	2	0.19413 0.43727 0.36439 0.10343 0.46406 0.72488 
175	2	0.10504 0.66271 0.34246 0.04509 0.36921 0.82878 
176	2	0.28785 0.61904 0.28084 0.11714 0.46165 0.72292 
177	2	0.49821 0.70032 0.19435 0.28239 0.62709 0.55503 
178	2	0.25994 0.68194 0.30425 0.11685 0.49822 0.72970 
179	2	0.26096 0.76379 0.17949 0.11853 0.54979 0.66834 
180	2	0.40916 0.59264 0.14525 0.27500 0.69854 0.48987 
181	2	0.19414 0.63368 0.28909 0.10885 0.56794 0.71173 
182	2	0.11279 0.71270 0.32312 0.05768 0.39172 0.78439 
183	2	0.37866 0.66157 0.15703 0.23066 0.74074 0.52279 
184	2	0.25106 0.40309 0.33642 0.16072 0.56771 0.65257 
185	2	0.28040 0.66128 0.19871 0.14477 0.60275 0.64037 
186	2	0.38549 0.61781 0.08365 0.31636 0.83145 0.38937 
187	2	0.16253 0.79888 0.19438 0.10019 0.65377 0.66252 
188	2	0.14358 0.82979 0.16504 0.08640 0.64056 0.69768 
189	2	0.24182 0.88328 0.12886 0.11857 0.70862 0.64783 
190	2	0.11485 0.86728 0.15572 0.07558 0.62746 0.72850 
191	2	0.39291 0.30560 0.30528 0.24610 0.59900 0.55443 
192	2	0.56194 0.58944 0.20131 0.35290 0.69036 0.49452 
193	2	0.11809 0.44017 0.62692 0.04236 0.24748 0.87897 
194	2	0.30431 0.67115 0.18227 0.18019 0.75963 0.58328 
195	2	0.39144 0.61022 0.26890 0.20359 0.59552 0.63112 
196	2	0.09839 0.50329 0.71002 0.02246 0.10626 0.93870 
197	2	0.23403 0.75480 0.18284 0.14397 0.66974 0.63504 
198	2	0.28009 0.74349 0.25014 0.17130 0.62227 0.63778 
199	2	0.16111 0.92511 0.07776 0.11704 0.78563 0.60203 
200	3	0.27419 0.60127 0.34052 0.11313 0.48243 0.73068 
201	3	0.16376 0.86043 0.27286 0.09672 0.57001 0.71571 
202	3	0.26055 0.73092 0.30814 0.14430 0.58457 0.69839 
203	3	0.12816 0.64053 0.52740 0.04080 0.30030 0.88500 
204	3	0.14291 0.47436 0.45033 0.06364 0.31418 0.82499 
205	3	0.17477 0.51261 0.44103 0.09841 0.54853 0.75836 
206	3	0.12854 0.77654 0.36541 0.05036 0.42303 0.84117 
207	3	0.12521 0.94291 0.16021 0.08843 0.74527 0.70447 
208	3	0.14481 0.92244 0.13393 0.08668 0.72781 0.69339 
209	3	0.18259 0.79803 0.38532 0.07885 0.41746 0.79775 
210	3	0.10797 0.75197 0.48621 0.04474 0.30471 0.86717 
211	3	0.05520 0.63821 0.72585 0.01584 0.23647 0.95316 
212	3	0.05090 0.60762 0.56869 0.01641 0.20243 0.92028 
213	3	0.32375 0.77058 0.20752 0.19393 0.77020 0.58558 
214	3	0.26683 0.79538 0.18266 0.14706 0.79260 0.63181 
215	3	0.20277 0.80584 0.24484 0.11499 0.69350 0.69063 
216	3	0.06128 0.62214 0.87520 0.02876 0.21416 0.92688 
217	3	0.08089 0.76907 0.46818 0.02751 0.31872 0.89618 
218	3	0.11537 0.53370 0.65263 0.04054 0.28438 0.87373 
219	3	0.14721 0.71045 0.38964 0.07313 0.44663 0.80124 
220	3	0.33864 0.81764 0.12119 0.20381 0.81072 0.54807 
221	3	0.03435 0.47914 0.78272 0.00000 0.00000 1.00000 
222	3	0.13903 0.49353 0.51738 0.04317 0.29460 0.87594 
223	3	0.15970 0.86604 0.31706 0.09210 0.53740 0.72460 
224	3	0.15274 0.83304 0.16539 0.12329 0.77662 0.64662 
225	3	0.16609 0.71246 0.40937 0.05973 0.37946 0.82548 
226	3	0.09028 0.75327 0.40919 0.03181 0.37551 0.88250 
227	3	0.16290 0.73749 0.29321 0.10769 0.57971 0.71973 
228	3	0.22966 0.72785 0.40978 0.10026 0.48559 0.77151 
229	3	0.10361 0.71994 0.38579 0.05037 0.45611 0.83590 
230	3	0.06501 0.67222 0.49215 0.03285 0.36486 0.88732 
231	3	0.12980 0.46300 0.61622 0.03541 0.25004 0.89825 
232	3	0.16317 0.72469 0.28999 0.06733 0.48281 0.78843 
233	3	0.12423 0.82427 0.22162 0.07502 0.58625 0.75696 
234	3	0.33812 0.95217 0.04280 0.24726 0.97667 0.39944 
235	3	0.26092 0.71547 0.29803 0.11390 0.58964 0.73450 
236	3	0.13650 0.75439 0.18182 0.09195 0.58331 0.68929 
237	3	0.05830 0.58855 0.60530 0.01522 0.24036 0.93883 
238	3	0.11949 0.46281 0.59624 0.03156 0.24231 0.91082 
239	3	0.24993 0.60916 0.32185 0.16335 0.62812 0.66810 
240	3	0.09836 0.66107 0.46454 0.02940 0.32421 0.89536 
241	3	0.14014 0.56067 0.45010 0.07504 0.46262 0.79931 
242	3	0.27042 0.54963 0.28458 0.17788 0.66451 0.63209 
243	3	0.20366 0.53054 0.53367 0.06703 0.37990 0.85178 
244	3	0.13402 0.47411 0.56710 0.05809 0.37261 0.84933 
245	3	0.26492 0.44656 0.23103 0.17020 0.34201 0.51858 
246	3	0.05245 0.60228 0.48470 0.02748 0.30770 0.87759 
247	3	0.08735 0.53137 0.57955 0.02015 0.14528 0.92242 
248	3	0.24811 0.65172 0.36094 0.12983 0.58129 0.72875 
249	3	0.13367 0.58439 0.39537 0.04880 0.25696 0.82668 
250	3	0.20962 0.64092 0.42804 0.08467 0.43628 0.78644 
251	3	0.15550 0.55373 0.44841 0.06076 0.40192 0.83254 
252	3	0.31962 0.81537 0.30679 0.13750 0.57832 0.72614 
253	3	0.15126 0.70889 0.48819 0.06115 0.42704 0.83435 
254	3	0.12518 0.80490 0.36481 0.06161 0.41238 0.79028 
255	3	0.05319 0.50815 0.45483 0.02774 0.20308 0.87574 
256	3	0.26468 0.87347 0.24245 0.12719 0.59438 0.68538 
257	3	0.12161 0.75352 0.30794 0.05538 0.42858 0.79308 
258	3	0.35066 0.91140 0.19030 0.16583 0.70053 0.65899 
259	3	0.03640 0.74680 0.34092 0.02004 0.30494 0.89396 
260	3	0.09449 0.65215 0.31769 0.04102 0.26676 0.81504 
261	3	0.07694 0.60531 0.58808 0.03088 0.27075 0.90370 
262	3	0.10536 0.75660 0.49093 0.04912 0.44708 0.85487 
263	3	0.16745 0.72397 0.20450 0.12814 0.70175 0.65499 
264	3	0.23439 0.74637 0.20210 0.14594 0.73141 0.64442 
265	3	0.17065 0.85439 0.35179 0.08548 0.50163 0.75669 
266	3	0.08692 0.71948 0.33220 0.03518 0.40104 0.85228 
267	3	0.08101 0.70879 0.26463 0.04284 0.39629 0.81339 
268	3	0.33263 0.78282 0.18397 0.16264 0.64274 0.63501 
269	3	0.10728 0.68566 0.47679 0.04382 0.31724 0.87406 
270	3	0.15177 0.78862 0.25879 0.09413 0.59463 0.73534 
271	3	0.16889 0.76240 0.26250 0.09202 0.60667 0.73685 
272	3	0.26729 0.72548 0.37072 0.10402 0.52754 0.77043 
273	3	0.43242 0.64194 0.35632 0.22237 0.48272 0.63812 
274	3	0.53673 0.86038 0.19554 0.31912 0.67683 0.54451 
275	3	0.19500 0.46841 0.72235 0.06580 0.32569 0.85365 
276	3	0.41348 0.91671 0.19573 0.21895 0.69248 0.59097 
277	3	0.08805 0.56137 0.41684 0.03788 0.32782 0.85469 
278	3	0.26903 0.75934 0.29253 0.11108 0.58146 0.73712 
279	3	0.15742 0.78290 0.26739 0.08436 0.56015 0.75112 
280	3	0.26221 0.71728 0.30817 0.10400 0.49591 0.75462 
281	3	0.15003 0.77951 0.37374 0.05617 0.37544 0.82163 
282	3	0.07198 0.55515 0.43925 0.02302 0.10799 0.88174 
283	3	0.17073 0.88217 0.26363 0.08539 0.55235 0.74499 
284	3	0.07962 0.73851 0.43864 0.03446 0.34224 0.87801 
285	3	0.23279 0.62375 0.40410 0.08863 0.35264 0.78897 
286	3	0.27266 0.59911 0.42260 0.12768 0.42522 0.73914 
287	3	0.13250 0.70371 0.39870 0.05136 0.34052 0.83641 
288	3	0.17865 0.53351 0.46698 0.07339 0.35561 0.80882 
289	3	0.24875 0.62664 0.32253 0.11186 0.44134 0.73891 
290	3	0.17741 0.84695 0.23083 0.10675 0.52330 0.69755 
291	3	0.08263 0.59907 0.33372 0.04357 0.31483 0.82457 
292	3	0.29020 0.86366 0.27199 0.12003 0.59076 0.72859 
293	3	0.42146 0.56666 0.31150 0.20872 0.54901 0.65716 
294	3	0.36334 0.85465 0.19837 0.17011 0.65238 0.66520 
295	3	0.34083 0.89152 0.10170 0.18324 0.70964 0.57272 
296	3	0.08298 0.84467 0.15388 0.05953 0.54940 0.75358 
297	3	0.30692 0.96545 0.08910 0.14467 0.76787 0.63742 
298	3	0.24269 0.66684 0.33294 0.12360 0.50071 0.72708 
299	3	0.29993 0.82903 0.27943 0.13523 0.62767 0.70306 
300	4	0.20607 0.67266 0.44038 0.09618 0.52712 0.75282 
301	4	0.11996 0.83626 0.28548 0.09006 0.59453 0.71519 
302	4	0.10240 0.64350 0.56068 0.04816 0.40072 0.85433 
303	4	0.18900 0.55839 0.58297 0.08992 0.45424 0.77996 
304	4	0.16134 0.79950 0.28903 0.09805 0.66034 0.71020 
305	4	0.11513 0.64245 0.54361 0.04282 0.39504 0.86423 
306	4	0.20926 0.75024 0.47570 0.07370 0.43523 0.82789 
307	4	0.03569 0.50467 0.70203 0.01002 0.16755 0.95326 
308	4	0.05776 0.69236 0.53921 0.02747 0.40908 0.89993 
309	4	0.04630 0.83741 0.29937 0.05037 0.61159 0.79905 
310	4	0.12068 0.57684 0.74543 0.04550 0.33424 0.89095 
311	4	0.13530 0.72543 0.43587 0.06858 0.56579 0.79119 
312	4	0.04425 0.68207 0.49541 0.02778 0.39963 0.88233 
313	4	0.09657 0.79597 0.40734 0.05050 0.54342 0.82170 
314	4	0.23327 0.76783 0.41832 0.09712 0.54237 0.75695 
315	4	0.10623 0.64201 0.59948 0.04864 0.37809 0.85297 
316	4	0.16962 0.87895 0.30793 0.09619 0.62487 0.73087 
317	4	0.20065 0.40551 0.54891 0.09703 0.39038 0.75910 
318	4	0.16008 0.63085 0.42645 0.06779 0.45295 0.80455 
319	4	0.25808 0.60623 0.46035 0.09923 0.44780 0.78714 
320	4	0.19314 0.73813 0.53745 0.07595 0.46199 0.81983 
321	4	0.06573 0.52204 0.87056 0.02820 0.33971 0.92074 
322	4	0.20204 0.71068 0.54611 0.08175 0.39737 0.79058 
323	4	0.11298 0.71808 0.59755 0.05696 0.40786 0.84211 
324	4	0.13358 0.70671 0.43528 0.06438 0.52723 0.80455 
325	4	0.04334 0.67722 0.63276 0.02869 0.35056 0.90316 
326	4	0.09087 0.68387 0.44282 0.05364 0.46415 0.83000 
327	4	0.21336 0.67243 0.57666 0.08354 0.39738 0.81708 
328	4	0.08127 0.64238 0.44129 0.04072 0.39820 0.84372 
329	4	0.13567 0.60810 0.67087 0.04284 0.29148 0.87699 
330	4	0.13102 0.77923 0.37246 0.06402 0.58326 0.78416 
331	4	0.08102 0.74115 0.35378 0.04603 0.46222 0.82255 
332	4	0.25193 0.77562 0.35945 0.10320 0.61657 0.75175 
333	4	0.10601 0.68375 0.48917 0.04203 0.43366 0.86811 
334	4	0.13039 0.75772 0.48577 0.05797 0.44091 0.83457 
335	4	0.12256 0.76202 0.58747 0.06010 0.51065 0.82229 
336	4	0.06813 0.65987 0.55851 0.02095 0.29778 0.92343 
337	4	0.11414 0.77349 0.41972 0.04702 0.48148 0.83662 
338	4	0.09123 0.66443 0.42920 0.04432 0.45123 0.84532 
339	4	0.16821 0.75331 0.38553 0.08746 0.55049 0.75142 
340	4	0.10656 0.65862 0.58173 0.03983 0.42319 0.87507 
341	4	0.13813 0.76589 0.41420 0.06303 0.55571 0.79755 
342	4	0.12177 0.70972 0.59620 0.06522 0.48695 0.81934 
343	4	0.20507 0.49045 0.61325 0.05961 0.29133 0.88563 
344	4	0.35096 0.70223 0.31589 0.17555 0.57663 0.64526 
345	4	0.18094 0.69548 0.56747 0.07876 0.50599 0.80189 
346	4	0.10134 0.74699 0.38021 0.05866 0.52985 0.79897 
347	4	0.09245 0.64620 0.43860 0.04735 0.46575 0.84121 
348	4	0.05537 0.62141 0.56400 0.02603 0.28789 0.89541 
349	4	0.20667 0.55183 0.47810 0.07051 0.40139 0.83031 
350	4	0.08961 0.61548 0.40378 0.04852 0.43350 0.81635 
351	4	0.20248 0.70829 0.61452 0.06925 0.40894 0.84182 
352	4	0.10930 0.65910 0.55879 0.04468 0.32633 0.86571 
353	4	0.16942 0.66924 0.46169 0.05213 0.34147 0.85732 
354	4	0.14826 0.79426 0.30158 0.08806 0.55541 0.74323 
355	4	0.05183 0.49539 0.62537 0.01642 0.16970 0.91859 
356	4	0.18230 0.80918 0.39667 0.06292 0.45996 0.81608 
357	4	0.23601 0.81062 0.39501 0.09812 0.57943 0.75753 
358	4	0.17766 0.70770 0.41416 0.07253 0.44805 0.78939 
359	4	0.17798 0.66111 0.42801 0.06761 0.45832 0.81416 
360	4	0.05024 0.63412 0.45402 0.03039 0.22488 0.84959 
361	4	0.15313 0.78077 0.38273 0.06139 0.48646 0.81873 
362	4	0.13533 0.74181 0.53664 0.04430 0.43889 0.87287 
363	4	0.17101 0.70223 0.48102 0.06615 0.52449 0.82045 
364	4	0.15201 0.84414 0.34568 0.08368 0.56325 0.77247 
365	4	0.11458 0.28729 0.74867 0.02241 0.07773 0.94902 
366	4	0.15712 0.63123 0.41326 0.08847 0.42990 0.74686 
367	4	0.13750 0.67138 0.63073 0.04572 0.38208 0.88351 
368	4	0.18449 0.71162 0.48225 0.09730 0.55915 0.75141 
369	4	0.11183 0.42180 0.77160 0.03237 0.12432 0.90972 
370	4	0.14234 0.59436 0.44756 0.05638 0.42408 0.82990 
371	4	0.17860 0.67786 0.57336 0.09062 0.57094 0.77006 
372	4	0.15262 0.63919 0.71752 0.06549 0.41870 0.82808 
373	4	0.20383 0.79853 0.30081 0.09972 0.62159 0.73043 
374	4	0.15215 0.77790 0.43638 0.06979 0.46670 0.79969 
375	4	0.09784 0.74692 0.36144 0.06002 0.50418 0.80361 
376	4	0.19742 0.77246 0.33172 0.08799 0.51075 0.73802 
377	4	0.18358 0.62957 0.44433 0.06846 0.45485 0.80824 
378	4	0.12055 0.78726 0.36961 0.06331 0.56307 0.79445 
379	4	0.15490 0.62849 0.48920 0.06425 0.42580 0.84248 
380	4	0.13260 0.75592 0.41501 0.06585 0.53192 0.79285 
381	4	0.11335 0.68659 0.60870 0.03710 0.39317 0.88712 
382	4	0.07639 0.77340 0.41081 0.06167 0.59015 0.79027 
383	4	0.07122 0.68278 0.60321 0.02011 0.26484 0.93153 
384	4	0.17575 0.67164 0.54960 0.06301 0.43375 0.83997 
385	4	0.24215 0.86059 0.24253 0.14154 0.70047 0.64063 
386	4	0.10236 0.75890 0.48130 0.05149 0.53836 0.83143 
387	4	0.08404 0.72374 0.46913 0.04284 0.43543 0.85219 
388	4	0.18145 0.68793 0.41817 0.07319 0.47509 0.80289 
389	4	0.09962 0.80139 0.30627 0.05244 0.54828 0.80134 
390	4	0.09343 0.65812 0.61982 0.04262 0.32892 0.85282 
391	4	0.11098 0.79750 0.36803 0.04056 0.43474 0.84170 
392	4	0.17981 0.75357 0.49936 0.06467 0.49087 0.82265 
393	4	0.07461 0.62575 0.51829 0.03165 0.27893 0.87712 
394	4	0.03615 0.59147 0.52766 0.02470 0.30962 0.89317 
395	4	0.05623 0.48095 0.73339 0.01666 0.17166 0.92979 
396	4	0.12235 0.67502 0.44820 0.04429 0.37021 0.85091 
397	4	0.08586 0.60679 0.52611 0.04253 0.32145 0.85367 
398	4	0.12720 0.61181 0.57913 0.04321 0.37271 0.85409 
399	4	0.07943 0.54142 0.67926 0.02298 0.30788 0.92277 
400	5	0.92465 0.79357 0.16658 0.86153 0.89465 0.12644 
401	5	0.72103 0.81953 0.16950 0.55916 0.85385 0.30921 
402	5	0.48509 0.90729 0.12139 0.29468 0.75726 0.51093 
403	5	0.94275 0.76736 0.13439 0.89398 0.92193 0.09261 
404	5	0.77616 0.84637 0.15105 0.62375 0.84101 0.28923 
405	5	0.85555 0.85684 0.13593 0.74405 0.85006 0.21372 
406	5	0.83132 0.81646 0.17681 0.70491 0.81665 0.24574 
407	5	0.83577 0.76373 0.12799 0.71879 0.89984 0.20073 
408	5	0.45514 0.90016 0.15328 0.27821 0.76344 0.51644 
409	5	0.75745 0.75398 0.30933 0.59755 0.83828 0.31066 
410	5	0.77538 0.86281 0.28069 0.62178 0.84433 0.29374 
411	5	0.54695 0.81569 0.15250 0.40876 0.84112 0.37001 
412	5	0.82110 0.88667 0.10444 0.68953 0.84965 0.24229 
413	5	0.91837 0.64893 0.23929 0.85039 0.88544 0.13415 
414	5	0.82357 0.79849 0.28708 0.69259 0.80450 0.26065 
415	5	0.90333 0.73471 0.24918 0.82441 0.87980 0.14958 
416	5	0.88191 0.63693 0.31823 0.78757 0.84489 0.19361 
417	5	0.81397 0.72315 0.26733 0.67822 0.83030 0.26675 
418	5	0.83778 0.77570 0.24748 0.71556 0.85520 0.23267 
419	5	0.78414 0.76281 0.27829 0.63173 0.79323 0.30894 
420	5	0.94511 0.77609 0.10819 0.89834 0.92107 0.08377 
421	5	0.74086 0.69213 0.25504 0.58151 0.83369 0.29469 
422	5	0.65095 0.82962 0.29027 0.44959 0.73105 0.43209 
423	5	0.96681 0.62305 0.21940 0.93773 0.93790 0.05688 
424	5	0.69692 0.84160 0.16981 0.52013 0.81974 0.34784 
425	5	0.91208 0.70903 0.22329 0.83961 0.89848 0.13312 
426	5	0.73963 0.88931 0.19310 0.56878 0.76198 0.33715 
427	5	0.91324 0.75574 0.18240 0.84151 0.88547 0.14433 
428	5	0.69191 0.84974 0.17840 0.51107 0.81306 0.36031 
429	5	0.90157 0.89611 0.06884 0.82293 0.92014 0.12604 
430	5	0.78149 0.80590 0.14154 0.63548 0.85917 0.26460 
431	5	0.95148 0.72694 0.12515 0.90977 0.92505 0.07865 
432	5	0.74461 0.82606 0.16087 0.58794 0.85839 0.28404 
433	5	0.69729 0.79123 0.17447 0.53023 0.84118 0.32506 
434	5	0.96534 0.74083 0.13382 0.93501 0.92555 0.06022 
435	5	0.85029 0.72693 0.15689 0.73678 0.84942 0.20975 
436	5	0.72337 0.84248 0.16387 0.55022 0.80899 0.33125 
437	5	0.64704 0.83803 0.10393 0.48463 0.87122 0.32191 
438	5	0.80465 0.81608 0.18993 0.66328 0.79929 0.27895 
439	5	0.96054 0.64597 0.14061 0.92607 0.91609 0.07161 
440	5	0.79283 0.85129 0.16956 0.64544 0.78395 0.28613 
441	5	0.77152 0.79204 0.15998 0.61521 0.79226 0.30181 
442	5	0.86929 0.82662 0.16546 0.76659 0.84028 0.19999 
443	5	0.68492 0.87245 0.14902 0.50845 0.83731 0.34288 
444	5	0.64563 0.82711 0.14739 0.48370 0.84964 0.32543 
445	5	0.80657 0.80607 0.22814 0.66649 0.77412 0.27210 
446	5	0.77512 0.83863 0.13297 0.62613 0.85336 0.26877 
447	5	0.83466 0.85167 0.14090 0.71158 0.84097 0.22414 
448	5	0.88118 0.80698 0.15869 0.78644 0.84721 0.18449 
449	5	0.65596 0.88986 0.16023 0.45815 0.76058 0.41243 
450	5	0.90023 0.85502 0.10380 0.81928 0.89665 0.14776 
451	5	0.78456 0.81427 0.15519 0.63880 0.83215 0.26713 
452	5	0.65193 0.84143 0.18891 0.47395 0.80895 0.36569 
453	5	0.93579 0.78101 0.17464 0.88120 0.88400 0.11399 
454	5	0.79901 0.84382 0.14155 0.66141 0.86628 0.24131 
455	5	0.52608 0.91124 0.17730 0.32499 0.73817 0.50382 
456	5	0.91338 0.85720 0.12670 0.84201 0.90969 0.13274 
457	5	0.85014 0.87061 0.11840 0.73607 0.86424 0.20668 
458	5	0.54835 0.73806 0.26822 0.35579 0.71122 0.48611 
459	5	0.58117 0.77576 0.22441 0.42783 0.81766 0.37856 
460	5	0.93113 0.79999 0.14896 0.87306 0.88977 0.11473 
461	5	0.64016 0.87556 0.15083 0.46016 0.81724 0.38082 
462	5	0.55046 0.82633 0.17397 0.39051 0.81579 0.39975 
463	5	0.73018 0.75652 0.12925 0.59099 0.90477 0.24061 
464	5	0.89969 0.84782 0.16328 0.81833 0.90294 0.15264 
465	5	0.81015 0.82806 0.18125 0.67725 0.88808 0.23734 
466	5	0.67585 0.75602 0.16512 0.52543 0.87894 0.29069 
467	5	0.92278 0.83129 0.13820 0.85889 0.92042 0.11766 
468	5	0.76609 0.85409 0.13226 0.60912 0.82905 0.29158 
469	5	1.00000 0.83148 0.07007 1.00000 0.98467 0.00000 
470	5	0.79349 0.86088 0.14712 0.64608 0.80789 0.28763 
471	5	0.79544 0.87146 0.16033 0.65027 0.81001 0.27131 
472	5	0.81642 0.81892 0.14314 0.68821 0.89071 0.21944 
473	5	0.78293 0.86283 0.12119 0.63264 0.85893 0.28393 
474	5	0.85832 0.77576 0.13115 0.75404 0.90022 0.17236 
475	5	0.77952 0.85233 0.29869 0.62634 0.79696 0.29761 
476	5	0.76390 0.78371 0.15520 0.60821 0.85020 0.28377 
477	5	0.91000 0.83104 0.08325 0.83711 0.92477 0.11465 
478	5	0.79493 0.82198 0.13062 0.65644 0.87952 0.24588 
479	5	0.68859 0.82865 0.14705 0.52979 0.87647 0.30249 
480	5	0.90271 0.86453 0.12123 0.82371 0.89009 0.14224 
481	5	0.92989 0.78660 0.13573 0.87081 0.89000 0.11662 
482	5	0.64390 0.88485 0.11287 0.47683 0.87644 0.33431 
483	5	0.88948 0.80004 0.13825 0.80071 0.87274 0.16944 
484	5	0.82878 0.85962 0.12364 0.70258 0.87259 0.22357 
485	5	0.57208 0.84310 0.20898 0.39813 0.77125 0.41739 
486	5	0.68038 0.83577 0.21856 0.49038 0.71613 0.40420 
487	5	0.88254 0.81581 0.16350 0.78886 0.86067 0.18132 
488	5	0.87258 0.85453 0.12133 0.77242 0.86490 0.18634 
489	5	0.91622 0.85441 0.13471 0.84725 0.89128 0.12188 
490	5	0.67861 0.84465 0.10467 0.51038 0.85822 0.32573 
491	5	0.90306 0.87453 0.11538 0.82421 0.88863 0.14218 
492	5	0.63250 0.87252 0.14010 0.46463 0.85473 0.35007 
493	5	0.62412 0.81045 0.09330 0.50555 0.92980 0.24822 
494	5	0.89450 0.80861 0.11661 0.80957 0.88476 0.15657 
495	5	0.72402 0.84970 0.11599 0.55923 0.84726 0.30076 
496	5	0.94074 0.78518 0.13658 0.89029 0.91128 0.09774 
497	5	0.67948 0.86090 0.09495 0.51696 0.87294 0.30983 
498	5	0.92779 0.82516 0.11108 0.86733 0.90512 0.11143 
499	5	0.85914 0.85917 0.14120 0.75016 0.84238 0.20460 
500	6	0.11123 0.83790 0.24735 0.04840 0.47821 0.82353 
501	6	0.03400 0.74518 0.35109 0.01196 0.24534 0.91951 
502	6	0.12982 0.74351 0.38890 0.04251 0.35531 0.86416 
503	6	0.04453 0.80650 0.22985 0.03162 0.38706 0.83544 
504	6	0.21583 0.70584 0.30412 0.07754 0.42276 0.79210 
505	6	0.25733 0.92755 0.13374 0.13722 0.65686 0.61698 
506	6	0.08288 0.80011 0.21968 0.06011 0.49534 0.76070 
507	6	0.22459 0.87500 0.16976 0.10604 0.59535 0.68842 
508	6	0.11088 0.82688 0.25176 0.05353 0.44212 0.80461 
509	6	0.30921 0.76106 0.17050 0.13280 0.51871 0.68157 
510	6	0.18607 0.68340 0.23586 0.08905 0.46671 0.71812 
511	6	0.24263 0.85647 0.18514 0.11076 0.50794 0.67170 
512	6	0.05923 0.56612 0.39574 0.02263 0.16672 0.88172 
513	6	0.12806 0.53116 0.34846 0.06128 0.31139 0.78833 
514	6	0.24460 0.65983 0.14319 0.15122 0.58585 0.60040 
515	6	0.14901 0.69540 0.23893 0.08925 0.39128 0.70556 
516	6	0.13831 0.82785 0.25493 0.05556 0.52322 0.80279 
517	6	0.21701 0.88763 0.21630 0.08493 0.56229 0.75861 
518	6	0.04649 0.73428 0.28697 0.03005 0.33650 0.84837 
519	6	0.12018 0.70767 0.28276 0.04932 0.44298 0.80729 
520	6	0.11278 0.85395 0.16706 0.06469 0.56890 0.75364 
521	6	0.12287 0.78761 0.23172 0.06480 0.47279 0.76100 
522	6	0.14589 0.86311 0.14843 0.08876 0.59103 0.68822 
523	6	0.22427 0.81360 0.18566 0.11915 0.61146 0.68733 
524	6	0.11283 0.86597 0.21246 0.05354 0.50725 0.78397 
525	6	0.12422 0.70521 0.27853 0.04755 0.39865 0.81153 
526	6	0.06587 0.67601 0.42766 0.02219 0.27766 0.88801 
527	6	0.06278 0.79053 0.26480 0.04187 0.47630 0.81361 
528	6	0.08964 0.85558 0.17759 0.05644 0.54444 0.77206 
529	6	0.22730 0.73672 0.19961 0.09886 0.53135 0.70398 
530	6	0.12249 0.90233 0.12973 0.07184 0.62701 0.73500 
531	6	0.14136 0.56845 0.27541 0.06985 0.32164 0.74997 
532	6	0.24793 0.71427 0.18358 0.13648 0.59072 0.62701 
533	6	0.11045 0.67647 0.33263 0.05242 0.33701 0.80764 
534	6	0.09700 0.80069 0.21721 0.04748 0.44150 0.80311 
535	6	0.17103 0.82901 0.17159 0.07118 0.51236 0.75505 
536	6	0.31564 0.66389 0.13052 0.18449 0.66384 0.55432 
537	6	0.11098 0.71652 0.28254 0.04613 0.40243 0.81792 
538	6	0.06146 0.63664 0.40282 0.03625 0.32823 0.85366 
539	6	0.26742 0.76652 0.25558 0.10576 0.47465 0.73996 
540	6	0.31771 0.62094 0.40154 0.13002 0.41389 0.75249 
541	6	0.18988 0.74821 0.14796 0.12250 0.54415 0.64444 
542	6	0.12695 0.74005 0.31451 0.04099 0.35339 0.84921 
543	6	0.05809 0.75641 0.28650 0.03579 0.41871 0.83582 
544	6	0.15121 0.81337 0.17185 0.07504 0.56301 0.73064 
545	6	0.09925 0.46068 0.40310 0.04812 0.30623 0.82413 
546	6	0.05232 0.77319 0.25066 0.03954 0.45143 0.81764 
547	6	0.28000 0.68981 0.19983 0.13696 0.50777 0.63597 
548	6	0.14619 0.92146 0.10361 0.08266 0.70383 0.70161 
549	6	0.12059 0.83282 0.26877 0.04099 0.43034 0.83846 
550	6	0.18468 0.90919 0.13241 0.11580 0.63643 0.64501 
551	6	0.09957 0.79628 0.25695 0.04125 0.43947 0.83229 
552	6	0.24478 0.53916 0.47589 0.08450 0.29785 0.81829 
553	6	0.19415 0.89989 0.13588 0.11142 0.69428 0.67896 
554	6	0.17277 0.87117 0.15547 0.08356 0.56943 0.71672 
555	6	0.08091 0.82127 0.23513 0.03828 0.44569 0.83294 
556	6	0.38808 0.60689 0.40349 0.17843 0.44232 0.70946 
557	6	0.11425 0.72082 0.29684 0.03641 0.34932 0.84756 
558	6	0.08996 0.63273 0.32923 0.04939 0.28549 0.79666 
559	6	0.15792 0.78531 0.23064 0.06544 0.45268 0.78577 
560	6	0.13360 0.69989 0.32066 0.04106 0.35000 0.84464 
561	6	0.20131 0.93084 0.09296 0.10855 0.74235 0.65772 
562	6	0.25731 0.77395 0.15771 0.12003 0.55118 0.67444 
563	6	0.04788 0.26420 0.62776 0.01508 0.03843 0.91568 
564	6	0.15577 0.79459 0.23860 0.06669 0.47023 0.76795 
565	6	0.53115 0.76450 0.13560 0.32947 0.71002 0.47179 
566	6	0.06336 0.88657 0.15280 0.04469 0.57574 0.78952 
567	6	0.05238 0.80828 0.22100 0.03338 0.39887 0.82925 
568	6	0.15230 0.80294 0.14815 0.08425 0.55181 0.70845 
569	6	0.06009 0.76357 0.23526 0.04338 0.45068 0.79690 
570	6	0.30491 0.80211 0.12721 0.17296 0.64659 0.57387 
571	6	0.13053 0.53626 0.42927 0.04461 0.30136 0.85719 
572	6	0.11085 0.71262 0.26855 0.04287 0.34249 0.82354 
573	6	0.28030 0.58463 0.46898 0.10271 0.33567 0.79948 
574	6	0.11294 0.82424 0.20696 0.05066 0.49392 0.78749 
575	6	0.18172 0.70948 0.23785 0.08910 0.38022 0.71376 
576	6	0.16511 0.73942 0.16918 0.09837 0.52519 0.69174 
577	6	0.11002 0.58963 0.35401 0.05069 0.39032 0.80861 
578	6	0.10238 0.81190 0.31131 0.03224 0.36222 0.87279 
579	6	0.26270 0.93717 0.09375 0.15178 0.71968 0.61265 
580	6	0.10182 0.76643 0.26274 0.04253 0.35021 0.83220 
581	6	0.02766 0.72953 0.41356 0.01220 0.19266 0.91740 
582	6	0.29215 0.88677 0.13997 0.13521 0.65925 0.65353 
583	6	0.05012 0.68892 0.35588 0.02372 0.25961 0.87977 
584	6	0.40502 0.88472 0.15335 0.20819 0.68009 0.59697 
585	6	0.36995 0.96481 0.10058 0.17601 0.75249 0.64286 
586	6	0.50685 0.87282 0.17102 0.29005 0.69175 0.55547 
587	6	0.11242 0.72542 0.22271 0.05623 0.41432 0.78231 
588	6	0.11826 0.71464 0.23775 0.06699 0.42673 0.76427 
589	6	0.43509 0.85586 0.21150 0.22836 0.65499 0.61069 
590	6	0.30468 0.89261 0.11518 0.13954 0.70325 0.65499 
591	6	0.18256 0.93165 0.12028 0.09612 0.68888 0.70678 
592	6	0.46369 0.85086 0.19205 0.25811 0.66210 0.57890 
593	6	0.41644 0.87368 0.16156 0.21789 0.67692 0.59644 
594	6	0.18002 0.68404 0.22348 0.07694 0.42643 0.73882 
595	6	0.48951 0.85944 0.19995 0.27779 0.67706 0.56831 
596	6	0.36003 0.95438 0.13192 0.16094 0.67058 0.68493 
597	6	0.15975 0.83630 0.17571 0.07225 0.54732 0.74497 
598	6	0.34420 0.85239 0.16279 0.16202 0.66224 0.65246 
599	6	0.68448 0.93133 0.11152 0.49639 0.83344 0.37562 
600	7	0.21917 0.95840 0.06867 0.15963 0.85902 0.55225 
601	7	0.26398 0.84678 0.06950 0.17556 0.80071 0.53187 
602	7	0.53259 0.78777 0.05899 0.34596 0.86506 0.39288 
603	7	0.32098 0.82273 0.07830 0.22925 0.83980 0.45521 
604	7	0.57675 0.98298 0.06052 0.37634 0.92802 0.40826 
605	7	0.28993 0.88187 0.11775 0.15432 0.76327 0.60785 
606	7	0.21285 0.92888 0.09965 0.15289 0.82828 0.59552 
607	7	0.14107 0.95370 0.06398 0.10147 0.81584 0.64863 
608	7	0.47041 0.82116 0.08216 0.28056 0.81237 0.46516 
609	7	0.35029 0.97093 0.07168 0.20508 0.88486 0.52016 
610	7	0.38323 0.87942 0.06447 0.21507 0.82785 0.50888 
611	7	0.55869 0.97574 0.07284 0.35340 0.89119 0.44959 
612	7	0.34255 0.96775 0.06839 0.19395 0.79665 0.58283 
613	7	0.57930 0.93573 0.10903 0.38027 0.84002 0.42184 
614	7	0.28999 0.92982 0.07913 0.17430 0.80813 0.56702 
615	7	0.49292 0.97453 0.07229 0.28855 0.84301 0.49988 
616	7	0.61381 0.82346 0.00487 0.46725 0.96725 0.22849 
617	7	0.53965 0.96376 0.10270 0.33371 0.85796 0.46972 
618	7	0.19768 0.87946 0.07108 0.14483 0.77727 0.56277 
619	7	0.14602 0.86594 0.10342 0.10133 0.70896 0.64627 
620	7	0.53467 0.83348 0.08212 0.33155 0.79906 0.45844 
621	7	0.29571 0.90025 0.07209 0.19755 0.80556 0.52961 
622	7	0.51054 0.86332 0.14548 0.30556 0.80275 0.49969 
623	7	0.25430 0.93919 0.06872 0.16191 0.87487 0.55270 
624	7	0.22434 0.87673 0.08644 0.14166 0.75599 0.60290 
625	7	0.63054 0.98479 0.07690 0.44261 0.92159 0.35710 
626	7	0.32452 0.77023 0.06414 0.24456 0.82323 0.42557 
627	7	0.48109 0.98884 0.07165 0.29363 0.89783 0.45710 
628	7	0.22142 0.96115 0.06946 0.14716 0.88389 0.56702 
629	7	0.32658 0.87410 0.07329 0.19980 0.81461 0.50320 
630	7	0.22766 0.87592 0.08010 0.16232 0.79583 0.54999 
631	7	0.29072 0.94017 0.09505 0.18121 0.85603 0.57146 
632	7	0.35090 0.93781 0.10289 0.21089 0.78994 0.56724 
633	7	0.34717 0.98309 0.06623 0.18990 0.87351 0.55696 
634	7	0.47016 0.88986 0.04216 0.28935 0.85348 0.44490 
635	7	0.28967 0.86676 0.08631 0.17889 0.79990 0.54857 
636	7	0.22397 0.94922 0.07039 0.12948 0.79140 0.61336 
637	7	0.24712 0.83593 0.09531 0.18056 0.80657 0.52564 
638	7	0.32878 0.96020 0.09790 0.16123 0.77671 0.61640 
639	7	0.26988 0.89342 0.04774 0.18841 0.86594 0.49060 
640	7	0.54543 0.78834 0.07839 0.35654 0.82967 0.42757 
641	7	0.22810 0.95592 0.07517 0.15710 0.86828 0.55711 
642	7	0.32647 0.97317 0.08181 0.19037 0.85622 0.55124 
643	7	0.59536 0.85769 0.01282 0.42164 0.95040 0.29444 
644	7	0.41239 0.95944 0.07228 0.26333 0.87773 0.45413 
645	7	0.38480 0.85821 0.06335 0.25429 0.83594 0.45219 
646	7	0.37935 0.79233 0.11011 0.20766 0.74420 0.56125 
647	7	0.48615 0.98412 0.05614 0.30682 0.90324 0.43350 
648	7	0.50472 0.95466 0.04664 0.30965 0.85802 0.44546 
649	7	0.63874 0.90468 0.10258 0.44592 0.87215 0.37333 
650	7	0.50183 0.90839 0.00907 0.36497 0.96608 0.30712 
651	7	0.28841 0.93721 0.10931 0.17861 0.82186 0.58152 
652	7	0.42410 0.88538 0.06584 0.24969 0.83504 0.49021 
653	7	0.46045 0.92136 0.11171 0.26519 0.83048 0.51469 
654	7	0.13833 0.81984 0.12277 0.11164 0.68019 0.64569 
655	7	0.38771 0.94487 0.05513 0.27629 0.85573 0.45535 
656	7	0.62783 0.99206 0.04308 0.43672 0.92450 0.36515 
657	7	0.66398 0.68069 0.02772 0.49814 0.90064 0.24379 
658	7	0.59833 0.97723 0.07641 0.39858 0.91027 0.40147 
659	7	0.61560 0.91569 0.05615 0.42934 0.87003 0.36968 
660	7	0.71019 0.95960 0.04569 0.53047 0.90018 0.32494 
661	7	0.48851 0.92985 0.13346 0.28520 0.79956 0.51682 
662	7	0.45854 0.80024 0.06499 0.39852 0.87412 0.30015 
663	7	0.31667 0.84003 0.04423 0.28223 0.90631 0.37725 
664	7	0.71918 0.91698 0.11856 0.54182 0.86570 0.33653 
665	7	0.43982 0.94584 0.05438 0.28313 0.83898 0.47245 
666	7	0.26161 0.92983 0.06916 0.16778 0.81109 0.55620 
667	7	0.31236 0.94339 0.04963 0.15954 0.82389 0.56583 
668	7	0.46317 0.79547 0.07664 0.28872 0.81107 0.45301 
669	7	0.39200 0.81572 0.04704 0.26411 0.85140 0.42537 
670	7	0.28131 0.92344 0.14664 0.14602 0.80655 0.61839 
671	7	0.45696 0.91518 0.13345 0.25354 0.76929 0.54581 
672	7	0.17570 0.86712 0.12264 0.09519 0.68531 0.67932 
673	7	0.28355 0.72672 0.08736 0.18840 0.74202 0.49295 
674	7	0.24067 0.90265 0.08265 0.14905 0.81297 0.58444 
675	7	0.31830 0.94354 0.08252 0.20565 0.85478 0.52037 
676	7	0.34434 0.87547 0.06049 0.20977 0.84342 0.51646 
677	7	0.51273 0.91897 0.00000 0.42182 1.00000 0.26075 
678	7	0.50795 0.93423 0.00649 0.41663 0.97441 0.26511 
679	7	0.48068 0.97196 0.03410 0.29444 0.94719 0.44709 
680	7	0.22870 0.89396 0.03913 0.18877 0.87705 0.48970 
681	7	0.51601 0.91087 0.02433 0.36001 0.96358 0.34520 
682	7	0.41392 0.91903 0.01099 0.31226 0.96521 0.35450 
683	7	0.29494 0.78713 0.14148 0.16093 0.76867 0.60027 
684	7	0.56586 0.92554 0.06977 0.37527 0.86463 0.41171 
685	7	0.28499 0.91238 0.13272 0.19249 0.77171 0.55724 
686	7	0.22609 0.84795 0.08799 0.17099 0.76391 0.54677 
687	7	0.43128 0.80475 0.13224 0.24833 0.73798 0.51945 
688	7	0.58238 0.73039 0.08020 0.47921 0.90922 0.23375 
689	7	0.21961 0.89763 0.17452 0.11710 0.66893 0.66082 
690	7	0.19128 0.71706 0.17642 0.11316 0.56238 0.65622 
691	7	0.53429 0.79796 0.05643 0.34445 0.83252 0.40414 
692	7	0.28577 0.96722 0.08120 0.13842 0.79313 0.64383 
693	7	0.27586 0.66493 0.16389 0.17538 0.60104 0.58352 
694	7	0.16607 0.92879 0.05104 0.12245 0.79764 0.59189 
695	7	0.23035 0.86896 0.04565 0.17899 0.81728 0.51026 
696	7	0.50164 0.91868 0.03457 0.32630 0.88438 0.41332 
697	7	0.29623 0.76009 0.08369 0.21560 0.77808 0.47777 
698	7	0.38767 0.89291 0.07059 0.21268 0.79370 0.54077 
699	7	0.35128 0.73348 0.09959 0.19666 0.67062 0.53253 
700	8	0.26184 0.50588 0.43988 0.11703 0.32482 0.70446 
701	8	0.12438 0.62249 0.22713 0.07940 0.38758 0.71463 
702	8	0.10156 0.58206 0.26200 0.05810 0.30326 0.76049 
703	8	0.17725 0.57462 0.26499 0.07343 0.32098 0.74921 
704	8	0.41628 0.64727 0.14891 0.23015 0.60191 0.54542 
705	8	0.07366 0.49584 0.46394 0.02810 0.13443 0.86623 
706	8	0.14763 0.44924 0.25046 0.08867 0.33170 0.68077 
707	8	0.39566 0.54050 0.21055 0.20160 0.51456 0.60642 
708	8	0.08203 0.44635 0.42832 0.03425 0.18072 0.85664 
709	8	0.45723 0.82037 0.17524 0.25783 0.62675 0.53838 
710	8	0.21336 0.81528 0.19018 0.13247 0.63961 0.62872 
711	8	0.20414 0.45834 0.27381 0.11530 0.36155 0.67797 
712	8	0.10408 0.58841 0.32608 0.05833 0.31347 0.78961 
713	8	0.18879 0.69937 0.21274 0.09718 0.38243 0.67998 
714	8	0.30874 0.83700 0.11109 0.18555 0.70383 0.57027 
715	8	0.25307 0.79188 0.12446 0.16794 0.68765 0.57053 
716	8	0.22342 0.72288 0.24768 0.09278 0.45416 0.72754 
717	8	0.23242 0.75857 0.37615 0.11607 0.49863 0.68224 
718	8	0.13169 0.46146 0.27297 0.08274 0.26261 0.68973 
719	8	0.25266 0.66892 0.20635 0.14398 0.48225 0.63242 
720	8	0.15302 0.42276 0.31827 0.07432 0.23755 0.74808 
721	8	0.17864 0.80344 0.18484 0.11995 0.63158 0.64720 
722	8	0.36627 0.59930 0.23713 0.23490 0.60269 0.52795 
723	8	0.31214 0.77415 0.16947 0.19886 0.65608 0.57961 
724	8	0.24396 0.74749 0.20490 0.14548 0.55715 0.64702 
725	8	0.20005 0.63522 0.30203 0.08751 0.42514 0.73831 
726	8	0.17015 0.61458 0.25268 0.09434 0.40784 0.69471 
727	8	0.17124 0.62881 0.16104 0.10629 0.50526 0.62637 
728	8	0.15574 0.60527 0.22870 0.07365 0.34927 0.73451 
729	8	0.13956 0.52282 0.36157 0.07034 0.32799 0.77868 
730	8	0.19922 0.66171 0.25598 0.09204 0.37501 0.70783 
731	8	0.08597 0.64363 0.30151 0.04921 0.30234 0.76512 
732	8	0.17160 0.50845 0.27448 0.08739 0.26808 0.70573 
733	8	0.28873 0.78040 0.13297 0.22514 0.74644 0.51062 
734	8	0.25229 0.56338 0.36752 0.10385 0.33772 0.74762 
735	8	0.16447 0.68368 0.24026 0.08322 0.38552 0.72321 
736	8	0.19104 0.69342 0.24410 0.08418 0.39952 0.71447 
737	8	0.20883 0.60372 0.21309 0.10619 0.41210 0.66687 
738	8	0.26122 0.75245 0.13190 0.15624 0.58261 0.58621 
739	8	0.24754 0.50903 0.34584 0.11021 0.35944 0.71565 
740	8	0.18612 0.78818 0.15964 0.11475 0.53442 0.64924 
741	8	0.23475 0.49993 0.21119 0.12202 0.40389 0.63768 
742	8	0.22130 0.56623 0.19511 0.14360 0.41461 0.60036 
743	8	0.42321 0.48094 0.25144 0.21300 0.46046 0.62136 
744	8	0.17053 0.58689 0.24313 0.09933 0.44018 0.67177 
745	8	0.32455 0.55315 0.27899 0.15197 0.47577 0.67031 
746	8	0.31859 0.68352 0.12233 0.16900 0.60103 0.56049 
747	8	0.14164 0.53412 0.34818 0.07849 0.27872 0.77377 
748	8	0.19855 0.62193 0.15868 0.11150 0.51163 0.61740 
749	8	0.32786 0.49803 0.22864 0.16138 0.44702 0.61197 
750	8	0.31226 0.38672 0.24335 0.16212 0.39443 0.60638 
751	8	0.21635 0.42373 0.29216 0.10258 0.25334 0.69045 
752	8	0.46203 0.53809 0.22949 0.25369 0.52258 0.56826 
753	8	0.29954 0.61060 0.20925 0.14745 0.53010 0.65223 
754	8	0.13098 0.68977 0.25080 0.06354 0.44155 0.76955 
755	8	0.25163 0.43706 0.39323 0.09625 0.23941 0.75482 
756	8	0.21929 0.49350 0.27882 0.11310 0.38872 0.68949 
757	8	0.28814 0.11065 0.24114 0.14713 0.32114 0.57978 
758	8	0.33945 0.62596 0.26693 0.14860 0.46392 0.69832 
759	8	0.22582 0.71333 0.19248 0.11587 0.46525 0.65935 
760	8	0.44529 0.43669 0.25786 0.23225 0.44812 0.60483 
761	8	0.11878 0.36851 0.39662 0.05789 0.21467 0.78379 
762	8	0.29240 0.52860 0.17266 0.15049 0.46914 0.59403 
763	8	0.18807 0.38889 0.31134 0.08426 0.22961 0.69184 
764	8	0.23163 0.65089 0.28986 0.10250 0.37528 0.71856 
765	8	0.32412 0.62138 0.24050 0.15091 0.55433 0.65889 
766	8	0.31454 0.45003 0.23422 0.15966 0.43989 0.60463 
767	8	0.14735 0.65161 0.21218 0.08977 0.38642 0.69013 
768	8	0.36907 0.33540 0.31425 0.17507 0.33652 0.65246 
769	8	0.16821 0.53576 0.22960 0.09482 0.34486 0.66440 
770	8	0.32517 0.36828 0.24162 0.15754 0.33194 0.59845 
771	8	0.21672 0.77302 0.16214 0.14532 0.52819 0.58531 
772	8	0.18476 0.69609 0.16687 0.10884 0.46208 0.63929 
773	8	0.20123 0.57434 0.16112 0.13635 0.49608 0.59517 
774	8	0.25291 0.52890 0.20533 0.12590 0.40198 0.63741 
775	8	0.09986 0.72375 0.30599 0.04446 0.41081 0.81598 
776	8	0.17320 0.42703 0.34799 0.07464 0.25218 0.74924 
777	8	0.28222 0.40509 0.36623 0.11328 0.35682 0.73325 
778	8	0.43018 0.42435 0.29872 0.21712 0.46590 0.63033 
779	8	0.19076 0.66420 0.23713 0.10671 0.44411 0.67311 
780	8	0.37359 0.00000 0.34505 0.18119 0.29244 0.62037 
781	8	0.16924 0.60075 0.21809 0.10641 0.39741 0.64650 
782	8	0.13730 0.61539 0.29479 0.06420 0.40216 0.76763 
783	8	0.18538 0.55486 0.42043 0.07003 0.31255 0.80983 
784	8	0.18152 0.79104 0.15222 0.13190 0.54412 0.60717 
785	8	0.20016 0.57591 0.13776 0.14612 0.54697 0.56322 
786	8	0.17921 0.58169 0.22237 0.10148 0.36764 0.65839 
787	8	0.25697 0.72700 0.19590 0.16324 0.56745 0.62090 
788	8	0.27372 0.51683 0.35552 0.10263 0.32503 0.76892 
789	8	0.29847 0.31561 0.33211 0.13710 0.27485 0.67678 
790	8	0.27783 0.41679 0.37318 0.11077 0.34957 0.74167 
791	8	0.20278 0.37558 0.27108 0.10238 0.26116 0.65517 
792	8	0.10223 0.66461 0.23895 0.07897 0.37300 0.70778 
793	8	0.17324 0.62414 0.25803 0.09506 0.42075 0.72593 
794	8	0.17544 0.71532 0.23513 0.10155 0.53291 0.72093 
795	8	0.15273 0.39940 0.27432 0.09166 0.26115 0.67054 
796	8	0.35340 0.69295 0.12450 0.18771 0.61607 0.55819 
797	8	0.22529 0.63121 0.15420 0.12002 0.52015 0.62485 
798	8	0.13064 0.62036 0.31486 0.06927 0.30951 0.74352 
799	8	0.35523 0.60896 0.22434 0.16692 0.41736 0.63802 
800	9	0.10150 0.66875 0.46011 0.03408 0.35666 0.89100 
801	9	0.05239 0.77387 0.44369 0.03021 0.40478 0.88748 
802	9	0.10836 0.81784 0.27442 0.05081 0.45398 0.80880 
803	9	0.09907 0.83943 0.16635 0.06111 0.49817 0.73229 
804	9	0.33383 0.60429 0.29195 0.17740 0.59579 0.63488 
805	9	0.25284 0.70066 0.22665 0.13594 0.54617 0.68109 
806	9	0.09505 0.87609 0.17063 0.05609 0.55722 0.76932 
807	9	0.23575 0.90968 0.09823 0.12177 0.77235 0.64336 
808	9	0.15298 0.96127 0.08500 0.10460 0.76595 0.64412 
809	9	0.19933 0.57264 0.43213 0.08590 0.42399 0.79313 
810	9	0.52681 0.96592 0.05336 0.35674 0.88045 0.38752 
811	9	0.54144 0.92694 0.09514 0.33437 0.78939 0.48721 
812	9	0.27934 0.79849 0.18099 0.12483 0.57340 0.68003 
813	9	0.22916 0.75191 0.18890 0.15356 0.57928 0.63448 
814	9	0.10204 0.83026 0.24159 0.05938 0.55958 0.78202 
815	9	0.12198 0.73314 0.38488 0.06786 0.51515 0.78895 
816	9	0.30228 0.94907 0.10899 0.21105 0.76618 0.55912 
817	9	0.18592 0.73260 0.30403 0.13095 0.59947 0.68036 
818	9	0.11573 0.88018 0.25601 0.04715 0.48939 0.82318 
819	9	0.46243 0.08517 0.74731 0.24006 0.32834 0.68823 
820	9	0.22538 0.91884 0.07471 0.14542 0.77259 0.60140 
821	9	0.19990 0.86556 0.17511 0.09805 0.63515 0.69658 
822	9	0.15694 0.89377 0.16086 0.10074 0.72727 0.67605 
823	9	0.18279 0.82099 0.17598 0.08874 0.59592 0.72101 
824	9	0.10812 0.87070 0.19876 0.05247 0.60062 0.78075 
825	9	0.19694 0.93369 0.10957 0.09142 0.68020 0.69108 
826	9	0.13241 0.89276 0.18420 0.10099 0.65698 0.67921 
827	9	0.15471 0.89639 0.23315 0.08407 0.62222 0.74756 
828	9	0.27408 0.64778 0.31598 0.13069 0.61172 0.71769 
829	9	0.05911 0.91457 0.14926 0.04730 0.61887 0.77250 
830	9	0.09150 0.71134 0.20884 0.06738 0.46149 0.74191 
831	9	0.13032 0.98654 0.05341 0.10953 0.91360 0.61373 
832	9	0.13937 0.82552 0.33934 0.06057 0.54492 0.78939 
833	9	0.33772 0.88442 0.14105 0.19054 0.77892 0.58871 
834	9	0.16904 0.78118 0.20535 0.12096 0.72496 0.67298 
835	9	0.17276 0.89650 0.14019 0.11768 0.79478 0.63460 
836	9	0.17567 0.94861 0.09856 0.10651 0.71858 0.66655 
837	9	0.13926 0.59290 0.28474 0.07243 0.43067 0.74947 
838	9	0.13931 0.79419 0.30869 0.07463 0.53578 0.78162 
839	9	0.43963 0.80674 0.14579 0.24990 0.70172 0.53607 
840	9	0.04355 0.78282 0.39210 0.02781 0.42582 0.89005 
841	9	0.23584 0.64328 0.74777 0.08252 0.37428 0.85124 
842	9	0.39570 0.92711 0.06889 0.23678 0.80880 0.52113 
843	9	0.25686 0.96101 0.09806 0.19297 0.77779 0.53234 
844	9	0.24399 0.71542 0.29152 0.13973 0.59593 0.68759 
845	9	0.10993 0.78624 0.18746 0.08580 0.49538 0.70010 
846	9	0.43138 0.82688 0.09128 0.28292 0.77705 0.48217 
847	9	0.24889 0.79224 0.26868 0.12302 0.59385 0.68107 
848	9	0.22842 0.79086 0.18216 0.15745 0.64731 0.61816 
849	9	0.12007 0.68947 0.48110 0.05621 0.44621 0.83136 
850	9	0.35064 0.97639 0.03837 0.18504 0.85125 0.55950 
851	9	0.10425 0.84347 0.29121 0.06060 0.43587 0.76625 
852	9	0.13815 0.96686 0.10399 0.11453 0.83220 0.63349 
853	9	0.37992 0.81172 0.16807 0.20676 0.70201 0.57921 
854	9	0.16224 0.67896 0.40081 0.08010 0.39966 0.79364 
855	9	0.08067 0.74677 0.40598 0.03279 0.38404 0.87938 
856	9	0.29411 0.80308 0.18111 0.14215 0.64536 0.65461 
857	9	0.12403 0.91372 0.18732 0.07442 0.57094 0.73443 
858	9	0.13126 0.67159 0.40291 0.05461 0.44486 0.80826 
859	9	0.09038 0.71818 0.41993 0.05036 0.47794 0.82879 
860	9	0.09116 0.80854 0.23428 0.05206 0.52188 0.79774 
861	9	0.19380 0.84786 0.16968 0.09881 0.63446 0.70950 
862	9	0.08473 0.77375 0.24959 0.05294 0.52274 0.78161 
863	9	0.30200 0.82534 0.17345 0.16204 0.67215 0.61810 
864	9	0.09094 0.76817 0.32168 0.03100 0.40729 0.87586 
865	9	0.52269 0.97587 0.04844 0.32045 0.86163 0.44731 
866	9	0.31884 0.89181 0.15331 0.16630 0.62565 0.61329 
867	9	0.39012 0.97546 0.06194 0.29204 0.85628 0.39242 
868	9	0.17312 0.93664 0.12382 0.09731 0.75993 0.68683 
869	9	0.19969 0.84371 0.30035 0.11612 0.54243 0.68711 
870	9	0.20659 0.74273 0.17757 0.12270 0.62743 0.63910 
871	9	0.21862 0.83053 0.12805 0.12581 0.73934 0.64155 
872	9	0.27035 0.68198 0.39505 0.12133 0.46843 0.72582 
873	9	0.05650 0.85779 0.24162 0.03768 0.54436 0.82583 
874	9	0.15947 0.85752 0.17573 0.07672 0.56111 0.72725 
875	9	0.15857 0.54404 0.28785 0.11060 0.53510 0.70015 
876	9	0.21454 0.74694 0.22429 0.13782 0.67278 0.67151 
877	9	0.11778 0.72121 0.39543 0.05266 0.45477 0.83082 
878	9	0.17463 0.71445 0.19747 0.09861 0.55716 0.70717 
879	9	0.15336 0.65882 0.40085 0.07476 0.46916 0.79366 
880	9	0.16550 0.62578 0.46538 0.07455 0.51356 0.79801 
881	9	0.10987 0.78526 0.21004 0.07631 0.63145 0.73880 
882	9	0.18160 0.55554 0.27413 0.09386 0.41786 0.71808 
883	9	0.13077 0.57165 0.32053 0.06417 0.38193 0.78917 
884	9	0.14347 0.99498 0.02401 0.10808 0.90059 0.61410 
885	9	0.10730 0.57592 0.75608 0.02404 0.19305 0.95275 
886	9	0.20192 0.90658 0.14378 0.09853 0.59715 0.68722 
887	9	0.11575 0.81058 0.30173 0.03610 0.34213 0.84712 
888	9	0.23167 0.91176 0.07815 0.11365 0.71531 0.64411 
889	9	0.22728 0.64702 0.31874 0.09859 0.46169 0.75474 
890	9	0.26287 0.88672 0.22281 0.11470 0.60995 0.72478 
891	9	0.08728 0.75741 0.27326 0.04899 0.45821 0.81398 
892	9	0.38803 0.59520 0.21871 0.23141 0.63250 0.51716 
893	9	0.11428 0.79169 0.32628 0.05233 0.49975 0.81977 
894	9	0.12721 0.79025 0.16377 0.08844 0.62737 0.69260 
895	9	0.10870 0.70817 0.25888 0.06005 0.42917 0.78005 
896	9	0.04920 0.77463 0.32940 0.02388 0.35886 0.87667 
897	9	0.23479 0.68727 0.21231 0.15417 0.69055 0.62246 
898	9	0.14092 0.72808 0.25417 0.06122 0.40789 0.75936 
899	9	0.08745 0.85047 0.16943 0.06247 0.53624 0.75444 
900	10	0.02865 0.65866 0.47829 0.00820 0.14371 0.94159 
901	10	0.10554 0.77889 0.30129 0.04678 0.43616 0.82532 
902	10	0.25516 0.89197 0.21054 0.10067 0.57927 0.74494 
903	10	0.14583 0.78935 0.48614 0.05430 0.45910 0.84386 
904	10	0.17039 0.90283 0.22780 0.09168 0.58010 0.72336 
905	10	0.09796 0.76524 0.38082 0.04420 0.43148 0.84607 
906	10	0.08762 0.63885 0.45750 0.02259 0.22916 0.90189 
907	10	0.07844 0.73460 0.31868 0.03191 0.36973 0.83978 
908	10	0.18761 0.66895 0.28949 0.07425 0.43332 0.75327 
909	10	0.21612 0.84697 0.24576 0.09358 0.58523 0.72237 
910	10	0.05385 0.66564 0.50395 0.03405 0.33005 0.87845 
911	10	0.10877 0.77727 0.39322 0.04870 0.39244 0.83439 
912	10	0.16097 0.87085 0.14549 0.08353 0.71167 0.70266 
913	10	0.38920 0.77349 0.38001 0.20481 0.57987 0.65445 
914	10	0.07962 0.57226 0.48923 0.03511 0.33754 0.88289 
915	10	0.04135 0.76202 0.29570 0.03728 0.45451 0.83152 
916	10	0.16193 0.67241 0.36840 0.05805 0.34776 0.82332 
917	10	0.14342 0.57775 0.41907 0.05273 0.38305 0.83516 
918	10	0.29528 0.61508 0.57526 0.11121 0.38364 0.80118 
919	10	0.02944 0.64793 0.48613 0.01334 0.28431 0.92631 
920	10	0.09981 0.77630 0.30084 0.04658 0.49882 0.81485 
921	10	0.30410 0.54353 0.47283 0.12332 0.39584 0.75779 
922	10	0.08234 0.65223 0.46229 0.02263 0.26297 0.90050 
923	10	0.21405 0.80337 0.30209 0.07752 0.47814 0.78345 
924	10	0.12704 0.57412 0.48034 0.05675 0.33832 0.82420 
925	10	0.26442 0.77195 0.29281 0.11297 0.49946 0.72161 
926	10	0.07837 0.70879 0.43539 0.03041 0.34811 0.87719 
927	10	0.09899 0.77797 0.36343 0.03518 0.42777 0.86070 
928	10	0.44892 0.76656 0.24948 0.24222 0.64489 0.59020 
929	10	0.29574 0.83739 0.20563 0.13343 0.64709 0.68997 
930	10	0.17315 0.57120 0.44851 0.05046 0.20474 0.85392 
931	10	0.15031 0.73667 0.42272 0.04306 0.31725 0.86370 
932	10	0.05209 0.67726 0.36530 0.03219 0.38673 0.85697 
933	10	0.08952 0.83747 0.26841 0.04210 0.53785 0.83317 
934	10	0.05890 0.64719 0.49169 0.02539 0.28258 0.90130 
935	10	0.16392 0.37593 0.56622 0.04968 0.16983 0.85421 
936	10	0.07670 0.71292 0.34333 0.03209 0.35136 0.85519 
937	10	0.09307 0.64770 0.51162 0.03487 0.34042 0.88088 
938	10	0.14028 0.79736 0.23375 0.06580 0.56741 0.77221 
939	10	0.02621 0.64791 0.46628 0.01591 0.23803 0.91467 
940	10	0.10113 0.69259 0.42260 0.03821 0.35922 0.85696 
941	10	0.06856 0.79210 0.32984 0.02711 0.33161 0.88234 
942	10	0.02396 0.59109 0.50333 0.00728 0.13836 0.94038 
943	10	0.31991 0.34008 0.50976 0.14341 0.33620 0.69856 
944	10	0.11784 0.67641 0.47128 0.03730 0.33425 0.87820 
945	10	0.00000 0.59259 0.52944 0.00638 0.18484 0.94545 
946	10	0.08400 0.71294 0.50075 0.02235 0.26667 0.92172 
947	10	0.15113 0.83779 0.24717 0.06283 0.59033 0.78642 
948	10	0.27386 0.63795 0.32123 0.13207 0.52413 0.68526 
949	10	0.24115 0.69963 0.38898 0.09748 0.44673 0.76676 
950	10	0.36717 0.78810 0.26243 0.17249 0.57572 0.66848 
951	10	0.39970 0.76532 0.26913 0.21233 0.59814 0.61953 
952	10	0.52908 0.64986 0.21595 0.31889 0.65065 0.49104 
953	10	0.33881 0.53547 0.40303 0.17221 0.47814 0.65713 
954	10	0.30013 0.64966 0.47102 0.11804 0.41450 0.76254 
955	10	0.22636 0.65028 0.57727 0.07757 0.31434 0.83863 
956	10	0.07035 0.70247 0.39211 0.03871 0.37416 0.85183 
957	10	0.05178 0.81079 0.23051 0.03766 0.48174 0.82625 
958	10	0.30098 0.78619 0.32461 0.14636 0.54477 0.69741 
959	10	0.40145 0.85246 0.19343 0.20426 0.63278 0.62334 
960	10	0.03373 0.77188 0.37036 0.02628 0.42737 0.87083 
961	10	0.32653 0.89521 0.20361 0.15931 0.67837 0.66506 
962	10	0.04246 0.79336 0.33998 0.03078 0.46211 0.86499 
963	10	0.33956 0.75965 0.31186 0.15291 0.47414 0.70363 
964	10	0.17925 0.51361 0.39862 0.08834 0.28221 0.74375 
965	10	0.20508 0.63772 0.56939 0.06369 0.34332 0.85933 
966	10	0.18994 0.65790 0.32897 0.06796 0.42086 0.78953 
967	10	0.06446 0.81107 0.24753 0.03903 0.48297 0.83151 
968	10	0.28578 0.61227 0.30126 0.18137 0.61160 0.64759 
969	10	0.32313 0.89399 0.26709 0.15030 0.67223 0.66779 
970	10	0.41334 0.73558 0.29762 0.20461 0.47926 0.64572 
971	10	0.08245 0.42456 0.46871 0.03935 0.23922 0.82961 
972	10	0.35297 0.80057 0.29048 0.16994 0.57855 0.67810 
973	10	0.45632 0.59575 0.52252 0.22970 0.45675 0.69844 
974	10	0.05618 0.61642 0.49643 0.02354 0.29784 0.90133 
975	10	0.15058 0.54671 0.45852 0.04925 0.28858 0.83828 
976	10	0.08134 0.63339 0.48894 0.01975 0.19164 0.91307 
977	10	0.06655 0.72136 0.38085 0.02834 0.36352 0.88634 
978	10	0.25466 0.53535 0.50406 0.08494 0.22158 0.82850 
979	10	0.24339 0.63582 0.39077 0.09208 0.40285 0.75447 
980	10	0.16203 0.75554 0.20760 0.07739 0.56258 0.74310 
981	10	0.10314 0.45487 0.63077 0.03234 0.14641 0.89289 
982	10	0.27519 0.83754 0.21130 0.17607 0.67307 0.63218 
983	10	0.43312 0.50930 0.47608 0.22232 0.44433 0.64555 
984	10	0.14099 0.70510 0.28058 0.06682 0.52865 0.77059 
985	10	0.03884 0.51021 0.55695 0.01323 0.17004 0.93279 
986	10	0.21217 0.82397 0.29171 0.07707 0.49973 0.79061 
987	10	0.20733 0.67923 0.27126 0.08945 0.53229 0.73507 
988	10	0.05844 0.63171 0.46061 0.02414 0.30535 0.88664 
989	10	0.04927 0.54515 0.48144 0.02103 0.23023 0.90226 
990	10	0.05084 0.61109 0.44121 0.03114 0.33917 0.86038 
991	10	0.07233 0.70587 0.41016 0.04834 0.47571 0.82847 
992	10	0.02572 0.73799 0.38843 0.01791 0.32436 0.89703 
993	10	0.20179 0.77350 0.49056 0.05921 0.35129 0.86920 
994	10	0.26921 0.70275 0.40606 0.12804 0.49039 0.73336 
995	10	0.49213 0.88659 0.18968 0.27097 0.66004 0.59544 
996	10	0.11912 0.88486 0.20615 0.05703 0.58927 0.78298 
997	10	0.41036 0.75722 0.34638 0.20360 0.61392 0.66645 
998	10	0.23865 0.64521 0.53722 0.08916 0.32142 0.80441 
999	10	0.17651 0.77043 0.36607 0.05742 0.37105 0.83074 
