1000	10	8
0	1	0.02438 0.18521 0.28262 0.24884 0.15433 0.06989 0.03265 0.00208 
1	1	0.08594 0.19390 0.22397 0.22146 0.15990 0.08182 0.03076 0.00226 
2	1	0.09464 0.24373 0.20268 0.16770 0.11078 0.08392 0.09132 0.00523 
3	1	0.04290 0.14506 0.13512 0.24836 0.19080 0.09684 0.11357 0.02735 
4	1	0.07680 0.32284 0.21286 0.09762 0.05746 0.04561 0.18451 0.00230 
5	1	0.03424 0.17329 0.20900 0.26360 0.14257 0.08134 0.09265 0.00331 
6	1	0.09281 0.35607 0.23491 0.15999 0.07480 0.04356 0.03170 0.00615 
7	1	0.09070 0.25460 0.24918 0.13194 0.08713 0.05250 0.04215 0.09181 
8	1	0.04178 0.25606 0.31844 0.21856 0.06634 0.03170 0.03962 0.02751 
9	1	0.07397 0.22566 0.24266 0.25519 0.08776 0.03559 0.07489 0.00428 
10	1	0.02058 0.12504 0.19829 0.21101 0.16623 0.11446 0.15922 0.00517 
11	1	0.02253 0.14422 0.26945 0.23436 0.13627 0.07886 0.11138 0.00293 
12	1	0.08835 0.28140 0.22678 0.16115 0.09443 0.04910 0.09445 0.00433 
13	1	0.09388 0.28835 0.23460 0.16831 0.09417 0.05893 0.05876 0.00300 
14	1	0.03478 0.11980 0.21953 0.16538 0.24372 0.18520 0.02880 0.00278 
15	1	0.07566 0.27267 0.15056 0.12703 0.11442 0.12776 0.12851 0.00338 
16	1	0.12557 0.28557 0.27389 0.17028 0.08679 0.03842 0.01697 0.00251 
17	1	0.12884 0.37196 0.20504 0.12513 0.06899 0.02664 0.07192 0.00149 
18	1	0.28228 0.23385 0.13200 0.16628 0.07014 0.05200 0.06174 0.00172 
19	1	0.02528 0.16622 0.27460 0.24469 0.17586 0.04540 0.06247 0.00548 
20	1	0.12457 0.20826 0.18596 0.21405 0.13696 0.10097 0.02756 0.00166 
21	1	0.08043 0.19649 0.15782 0.18731 0.15474 0.11166 0.08733 0.02421 
22	1	0.04078 0.19500 0.22251 0.20328 0.14383 0.09898 0.09243 0.00319 
23	1	0.05906 0.20456 0.17219 0.15950 0.12116 0.09729 0.17441 0.01183 
24	1	0.26220 0.19924 0.10604 0.12799 0.12679 0.10122 0.07231 0.00422 
25	1	0.03070 0.16169 0.21672 0.22240 0.15615 0.10691 0.08321 0.02222 
26	1	0.07562 0.21362 0.20192 0.17497 0.11860 0.09044 0.12199 0.00283 
27	1	0.11784 0.15607 0.22046 0.22279 0.15072 0.06247 0.05587 0.01379 
28	1	0.09713 0.14467 0.19870 0.20688 0.10352 0.07316 0.16717 0.00878 
29	1	0.16785 0.22038 0.19823 0.19175 0.07670 0.06476 0.07483 0.00550 
30	1	0.05055 0.27638 0.32208 0.20037 0.09066 0.03499 0.02362 0.00135 
31	1	0.06146 0.21697 0.23062 0.16979 0.12760 0.11319 0.07455 0.00581 
32	1	0.17578 0.27988 0.19663 0.15656 0.07876 0.04551 0.06171 0.00518 
33	1	0.02833 0.09469 0.17973 0.33360 0.20034 0.09739 0.06160 0.00432 
34	1	0.02046 0.08619 0.13367 0.20040 0.23724 0.16669 0.15405 0.00130 
35	1	0.12375 0.24212 0.15790 0.27489 0.10006 0.04306 0.05448 0.00374 
36	1	0.07747 0.27232 0.27851 0.19252 0.08995 0.03278 0.04344 0.01302 
37	1	0.06901 0.27569 0.21403 0.20950 0.12507 0.06492 0.04054 0.00124 
38	1	0.18604 0.26567 0.23287 0.16635 0.06184 0.04237 0.03866 0.00622 
39	1	0.11027 0.22039 0.12302 0.08711 0.11307 0.08052 0.26457 0.00107 
40	1	0.09936 0.33507 0.18939 0.11343 0.06307 0.05594 0.14226 0.00148 
41	1	0.12358 0.25075 0.16584 0.09457 0.07342 0.07685 0.20740 0.00759 
42	1	0.18885 0.28146 0.20278 0.18859 0.07706 0.02666 0.03118 0.00342 
43	1	0.05613 0.24659 0.12696 0.09205 0.08580 0.08715 0.30195 0.00337 
44	1	0.29007 0.21564 0.13607 0.07018 0.01139 0.01809 0.24970 0.00886 
45	1	0.24111 0.32842 0.19692 0.13039 0.04271 0.02532 0.03323 0.00189 
46	1	0.29884 0.33908 0.19493 0.07686 0.02695 0.03503 0.02793 0.00038 
47	1	0.02579 0.19399 0.20156 0.17388 0.14036 0.13857 0.12457 0.00128 
48	1	0.10771 0.33635 0.24996 0.17025 0.07039 0.03698 0.02653 0.00183 
49	1	0.05280 0.32525 0.21129 0.12262 0.13064 0.07622 0.07305 0.00814 
50	1	0.03196 0.21485 0.24596 0.24040 0.10870 0.09114 0.06580 0.00119 
51	1	0.09905 0.29710 0.21428 0.14839 0.09629 0.07587 0.06394 0.00508 
52	1	0.02856 0.14786 0.21000 0.18809 0.14646 0.17017 0.10688 0.00197 
53	1	0.02426 0.13794 0.21227 0.22213 0.20189 0.10475 0.06151 0.03525 
54	1	0.06907 0.23257 0.21705 0.15475 0.10766 0.07478 0.13263 0.01148 
55	1	0.10365 0.33383 0.18685 0.13036 0.08265 0.06026 0.10108 0.00131 
56	1	0.07770 0.29116 0.23864 0.15803 0.09963 0.06637 0.06463 0.00386 
57	1	0.24236 0.26535 0.19840 0.13284 0.06401 0.04628 0.04961 0.00114 
58	1	0.05079 0.29247 0.26819 0.17699 0.12065 0.05990 0.03061 0.00041 
59	1	0.07996 0.30696 0.19225 0.16064 0.09185 0.08321 0.08145 0.00368 
60	1	0.04055 0.28292 0.25165 0.19189 0.09932 0.05604 0.07596 0.00167 
61	1	0.03519 0.18967 0.23191 0.20588 0.17804 0.10776 0.04796 0.00359 
62	1	0.09355 0.26936 0.29676 0.15757 0.05413 0.03254 0.03027 0.06582 
63	1	0.15107 0.15801 0.14020 0.12168 0.09818 0.10606 0.21955 0.00525 
64	1	0.06494 0.26345 0.19084 0.15123 0.10668 0.10366 0.11328 0.00592 
65	1	0.33739 0.26783 0.17121 0.06274 0.02015 0.03029 0.08071 0.02966 
66	1	0.22703 0.18682 0.15587 0.20301 0.15588 0.04305 0.02394 0.00439 
67	1	0.11815 0.25387 0.22455 0.20700 0.11541 0.05548 0.02463 0.00092 
68	1	0.11162 0.23648 0.14215 0.22410 0.18625 0.06848 0.02984 0.00108 
69	1	0.19379 0.40332 0.20318 0.09240 0.04574 0.03249 0.02659 0.00250 
70	1	0.02387 0.11883 0.31503 0.30244 0.13448 0.06143 0.03861 0.00530 
71	1	0.02158 0.12580 0.16290 0.22133 0.26957 0.13796 0.05547 0.00538 
72	1	0.11736 0.20475 0.17832 0.18605 0.15255 0.09892 0.05629 0.00576 
73	1	0.01801 0.05540 0.06257 0.05294 0.06916 0.16906 0.55254 0.02032 
74	1	0.12980 0.16748 0.26888 0.25321 0.13634 0.02826 0.00609 0.00993 
75	1	0.04481 0.21214 0.22070 0.20197 0.15182 0.08037 0.08398 0.00420 
76	1	0.06938 0.33434 0.18801 0.13348 0.11859 0.10286 0.05241 0.00093 
77	1	0.02651 0.20541 0.21494 0.18765 0.17075 0.11969 0.07323 0.00182 
78	1	0.11721 0.35989 0.23518 0.14617 0.08285 0.03530 0.01690 0.00651 
79	1	0.01627 0.02413 0.02362 0.02622 0.04999 0.23234 0.62539 0.00204 
80	1	0.05504 0.22015 0.25639 0.18169 0.10872 0.08031 0.09657 0.00112 
81	1	0.17559 0.30022 0.22150 0.12078 0.06297 0.04451 0.07050 0.00394 
82	1	0.13633 0.31902 0.21873 0.13461 0.10051 0.05626 0.03220 0.00233 
83	1	0.15919 0.31657 0.19680 0.14439 0.09502 0.03973 0.04515 0.00315 
84	1	0.12300 0.29899 0.17621 0.13315 0.11927 0.06815 0.07988 0.00135 
85	1	0.14132 0.32628 0.26420 0.12155 0.06997 0.03860 0.03464 0.00344 
86	1	0.02072 0.10894 0.14299 0.16852 0.25168 0.16747 0.13744 0.00225 
87	1	0.12924 0.29018 0.24832 0.15580 0.08080 0.05035 0.04343 0.00187 
88	1	0.03515 0.16530 0.25975 0.24155 0.23309 0.04149 0.02162 0.00205 
89	1	0.09608 0.36745 0.23589 0.12592 0.07835 0.04811 0.04371 0.00450 
90	1	0.12951 0.23184 0.21392 0.18270 0.08492 0.05633 0.09756 0.00322 
91	1	0.09504 0.22536 0.19799 0.20636 0.12362 0.06187 0.08789 0.00187 
92	1	0.02794 0.13304 0.33044 0.25508 0.12618 0.06893 0.05685 0.00154 
93	1	0.06539 0.25085 0.18194 0.14105 0.12725 0.10800 0.12103 0.00449 
94	1	0.02138 0.18299 0.23409 0.23574 0.14324 0.06849 0.11119 0.00288 
95	1	0.15188 0.27408 0.11343 0.06405 0.07369 0.10750 0.21478 0.00059 
96	1	0.02197 0.15072 0.25426 0.16144 0.12002 0.13269 0.15673 0.00218 
97	1	0.01895 0.15067 0.20349 0.33915 0.19103 0.05561 0.03232 0.00878 
98	1	0.01733 0.07783 0.27340 0.33227 0.17694 0.07671 0.04254 0.00298 
99	1	0.10804 0.25593 0.27563 0.16294 0.09482 0.06124 0.03832 0.00307 
100	2	0.05792 0.14743 0.23387 0.22440 0.20293 0.05933 0.06500 0.00912 
101	2	0.00944 0.02756 0.03457 0.13916 0.21253 0.32385 0.25122 0.00167 
102	2	0.00809 0.02867 0.08044 0.30484 0.33116 0.21649 0.02756 0.00276 
103	2	0.01415 0.20759 0.20967 0.06043 0.36086 0.13226 0.01335 0.00169 
104	2	0.01362 0.02579 0.03645 0.22034 0.36596 0.27610 0.06045 0.00130 
105	2	0.05626 0.28142 0.26508 0.23236 0.12354 0.03242 0.00687 0.00205 
106	2	0.01619 0.05066 0.09115 0.26395 0.18058 0.33819 0.05588 0.00341 
107	2	0.04307 0.08525 0.09392 0.22663 0.31892 0.19551 0.03396 0.00275 
108	2	0.01513 0.06797 0.08115 0.38723 0.38891 0.03328 0.02474 0.00160 
109	2	0.20910 0.21147 0.09662 0.15805 0.14828 0.14760 0.02629 0.00259 
110	2	0.05394 0.25202 0.36008 0.18561 0.09761 0.03256 0.01624 0.00194 
111	2	0.05529 0.14206 0.33586 0.28040 0.13987 0.00856 0.02930 0.00868 
112	2	0.02887 0.08163 0.33702 0.25053 0.17683 0.08236 0.04144 0.00132 
113	2	0.04280 0.08320 0.17908 0.28691 0.31382 0.07072 0.02127 0.00221 
114	2	0.13545 0.27544 0.27377 0.10383 0.04927 0.06636 0.09327 0.00261 
115	2	0.07248 0.19715 0.13327 0.15617 0.19196 0.10041 0.14797 0.00059 
116	2	0.03591 0.20931 0.26287 0.34993 0.06248 0.02790 0.04590 0.00570 
117	2	0.03398 0.04378 0.05803 0.11681 0.30346 0.25575 0.18646 0.00173 
118	2	0.00821 0.07821 0.25581 0.16979 0.18817 0.23817 0.05982 0.00182 
119	2	0.07453 0.17505 0.07498 0.15272 0.17750 0.32801 0.01579 0.00141 
120	2	0.02298 0.06216 0.10414 0.29180 0.32384 0.17654 0.01772 0.00081 
121	2	0.01684 0.38042 0.13344 0.25891 0.10927 0.03739 0.05880 0.00492 
122	2	0.02629 0.12122 0.30924 0.17869 0.24568 0.09195 0.02604 0.00090 
123	2	0.00290 0.02361 0.06779 0.12026 0.27188 0.49342 0.02007 0.00007 
124	2	0.03425 0.09525 0.20279 0.24477 0.17596 0.03523 0.20830 0.00345 
125	2	0.00197 0.06812 0.22059 0.39657 0.08687 0.15031 0.07442 0.00115 
126	2	0.00024 0.00639 0.10337 0.35965 0.44070 0.08896 0.00063 0.00005 
127	2	0.00976 0.03203 0.03941 0.26642 0.54884 0.07464 0.02874 0.00017 
128	2	0.09050 0.09900 0.12503 0.21632 0.11005 0.32241 0.03517 0.00153 
129	2	0.02666 0.09698 0.38965 0.30207 0.07694 0.02695 0.08022 0.00052 
130	2	0.00782 0.05282 0.08871 0.07186 0.33349 0.22659 0.20070 0.01801 
131	2	0.03034 0.04490 0.03434 0.05397 0.24705 0.45502 0.12436 0.01002 
132	2	0.01323 0.08400 0.29425 0.27832 0.18002 0.08074 0.06763 0.00180 
133	2	0.06014 0.14530 0.37526 0.21576 0.06835 0.09301 0.03770 0.00448 
134	2	0.02826 0.07853 0.19381 0.33024 0.21408 0.13617 0.01782 0.00109 
135	2	0.02043 0.26379 0.28729 0.27598 0.08191 0.04354 0.02437 0.00269 
136	2	0.01469 0.03378 0.14167 0.40925 0.20552 0.12900 0.06578 0.00032 
137	2	0.02010 0.08123 0.05529 0.27882 0.51071 0.04047 0.01305 0.00034 
138	2	0.01415 0.01883 0.07074 0.19749 0.29738 0.38313 0.01704 0.00124 
139	2	0.02770 0.05461 0.06170 0.12776 0.36042 0.35847 0.00849 0.00085 
140	2	0.09865 0.12386 0.16769 0.14634 0.21472 0.19742 0.04881 0.00250 
141	2	0.04333 0.28735 0.32968 0.20501 0.05397 0.04763 0.03176 0.00127 
142	2	0.04839 0.21635 0.33132 0.25723 0.08204 0.03619 0.02819 0.00028 
143	2	0.01880 0.19510 0.31200 0.21361 0.21772 0.02341 0.01719 0.00217 
144	2	0.01753 0.10416 0.19944 0.17328 0.11239 0.13188 0.26017 0.00116 
145	2	0.03925 0.10101 0.09406 0.15914 0.25999 0.32144 0.02332 0.00180 
146	2	0.00254 0.06166 0.31828 0.13581 0.34163 0.13443 0.00414 0.00151 
147	2	0.03949 0.16349 0.32203 0.24303 0.15270 0.06723 0.01080 0.00122 
148	2	0.00057 0.04107 0.18217 0.20645 0.17933 0.16978 0.21884 0.00179 
149	2	0.00989 0.04010 0.10919 0.46426 0.34140 0.02567 0.00856 0.00094 
150	2	0.03721 0.07867 0.12652 0.23587 0.42102 0.08133 0.01865 0.00073 
151	2	0.04272 0.12415 0.49158 0.21585 0.10374 0.02110 0.00083 0.00003 
152	2	0.00104 0.05063 0.04824 0.01806 0.29042 0.58068 0.01078 0.00016 
153	2	0.08791 0.19597 0.20633 0.16361 0.19744 0.12072 0.02728 0.00073 
154	2	0.01423 0.07708 0.30518 0.15815 0.20777 0.20047 0.03585 0.00127 
155	2	0.00308 0.04054 0.45281 0.29980 0.12059 0.06204 0.02006 0.00108 
156	2	0.00510 0.07774 0.14423 0.55084 0.18008 0.03190 0.00790 0.00221 
157	2	0.00416 0.04201 0.23189 0.39540 0.23670 0.05892 0.02948 0.00143 
158	2	0.00728 0.17547 0.10134 0.07790 0.59528 0.02982 0.01236 0.00056 
159	2	0.00585 0.02951 0.18762 0.07466 0.33667 0.35292 0.01093 0.00185 
160	2	0.10423 0.24744 0.16623 0.10108 0.15275 0.18572 0.04226 0.00030 
161	2	0.00214 0.01270 0.06004 0.53465 0.36668 0.01738 0.00600 0.00042 
162	2	0.02918 0.10736 0.18173 0.23233 0.29814 0.12996 0.02058 0.00071 
163	2	0.00156 0.01626 0.06826 0.08607 0.43457 0.30059 0.08855 0.00415 
164	2	0.01020 0.36068 0.19306 0.19159 0.21454 0.01823 0.01064 0.00106 
165	2	0.01720 0.13911 0.29374 0.19444 0.32544 0.02083 0.00816 0.00108 
166	2	0.04897 0.11268 0.16017 0.39628 0.12021 0.13849 0.02243 0.00077 
167	2	0.10689 0.30321 0.19923 0.24419 0.11798 0.01771 0.01052 0.00026 
168	2	0.06960 0.16542 0.23810 0.29263 0.04829 0.16920 0.01660 0.00016 
169	2	0.05497 0.11020 0.25934 0.30452 0.09822 0.12313 0.04843 0.00119 
170	2	0.04194 0.19639 0.25139 0.20328 0.19211 0.08803 0.02664 0.00021 
171	2	0.06094 0.25781 0.26977 0.26812 0.12157 0.01192 0.00735 0.00251 
172	2	0.01912 0.09619 0.37821 0.35170 0.09643 0.05517 0.00279 0.00039 
173	2	0.00613 0.01372 0.25638 0.33158 0.24057 0.07574 0.07480 0.00107 
174	2	0.02420 0.10492 0.34569 0.31091 0.14697 0.03071 0.03432 0.00227 
175	2	0.02559 0.21813 0.22209 0.26105 0.12328 0.09577 0.05353 0.00056 
176	2	0.00930 0.09742 0.12418 0.27847 0.35799 0.09350 0.03876 0.00039 
177	2	0.03770 0.09557 0.12196 0.14225 0.53963 0.05117 0.01098 0.00074 
178	2	0.01177 0.27887 0.33230 0.12191 0.11219 0.09225 0.05011 0.00060 
179	2	0.06643 0.09260 0.23538 0.16908 0.36335 0.06895 0.00381 0.00040 
180	2	0.01038 0.04126 0.07503 0.46245 0.36090 0.03768 0.01176 0.00054 
181	2	0.11103 0.15401 0.42265 0.15841 0.09241 0.03487 0.02598 0.00064 
182	2	0.26427 0.26978 0.11730 0.15375 0.13356 0.04438 0.01675 0.00021 
183	2	0.00734 0.09271 0.47603 0.18641 0.18873 0.03617 0.01237 0.00022 
184	2	0.01487 0.05145 0.12240 0.32415 0.38258 0.08456 0.01850 0.00149 
185	2	0.01584 0.03297 0.12512 0.36965 0.20644 0.21887 0.03086 0.00024 
186	2	0.01508 0.09869 0.43955 0.39619 0.04639 0.00312 0.00087 0.00010 
187	2	0.00779 0.28287 0.22975 0.13279 0.17090 0.17057 0.00511 0.00022 
188	2	0.04073 0.21298 0.27747 0.16204 0.14104 0.14927 0.01644 0.00003 
189	2	0.17395 0.36258 0.17352 0.13030 0.04957 0.08394 0.02606 0.00007 
190	2	0.04086 0.22038 0.21824 0.15102 0.17507 0.16823 0.02492 0.00127 
191	2	0.01347 0.04968 0.07426 0.46980 0.33539 0.04373 0.01322 0.00045 
192	2	0.02290 0.03979 0.05429 0.15429 0.60874 0.09251 0.02680 0.00067 
193	2	0.03380 0.15063 0.13626 0.24803 0.13890 0.23874 0.05295 0.00069 
194	2	0.00468 0.02716 0.13224 0.42663 0.19354 0.16573 0.04838 0.00164 
195	2	0.03565 0.03167 0.05223 0.17776 0.49267 0.17890 0.02929 0.00183 
196	2	0.07768 0.22083 0.27531 0.11986 0.07134 0.14882 0.08534 0.00082 
197	2	0.08888 0.05997 0.17636 0.28555 0.31443 0.07081 0.00394 0.00006 
198	2	0.06571 0.06226 0.04204 0.15447 0.37034 0.26216 0.04274 0.00027 
199	2	0.00154 0.07103 0.16721 0.17925 0.23743 0.10241 0.23847 0.00267 
200	3	0.15824 0.12605 0.21578 0.34180 0.10188 0.05160 0.00456 0.00010 
201	3	0.26340 0.18532 0.12332 0.05972 0.15090 0.20555 0.01176 0.00003 
202	3	0.05556 0.09949 0.10177 0.08559 0.32758 0.29887 0.02905 0.00210 
203	3	0.18347 0.12219 0.13360 0.14626 0.28385 0.09268 0.03661 0.00133 
204	3	0.06737 0.07837 0.12476 0.30356 0.29797 0.09913 0.02740 0.00143 
205	3	0.06473 0.06467 0.21885 0.28807 0.21793 0.10411 0.04017 0.00149 
206	3	0.21688 0.08425 0.22071 0.15274 0.13223 0.12614 0.06666 0.00039 
207	3	0.18991 0.13792 0.11258 0.08846 0.06748 0.19250 0.20844 0.00271 
208	3	0.24006 0.22046 0.11143 0.10517 0.16096 0.12670 0.03355 0.00167 
209	3	0.03216 0.31804 0.17449 0.10257 0.07249 0.09440 0.20256 0.00330 
210	3	0.09917 0.27311 0.13534 0.12719 0.11095 0.06642 0.18523 0.00259 
211	3	0.16916 0.19258 0.12369 0.10920 0.09398 0.15803 0.14819 0.00517 
212	3	0.16963 0.18429 0.17683 0.19732 0.13512 0.05466 0.08008 0.00209 
213	3	0.03653 0.28354 0.39368 0.12382 0.03589 0.06168 0.06416 0.00071 
214	3	0.08871 0.10570 0.24517 0.37298 0.09404 0.04665 0.04402 0.00273 
215	3	0.16169 0.10035 0.11505 0.27271 0.22819 0.09578 0.02445 0.00177 
216	3	0.17901 0.21476 0.11980 0.05748 0.07113 0.12506 0.22768 0.00508 
217	3	0.19811 0.13102 0.11052 0.13370 0.17449 0.12049 0.12984 0.00182 
218	3	0.14070 0.13837 0.08695 0.16063 0.28432 0.17440 0.01426 0.00037 
219	3	0.09587 0.11963 0.08659 0.12190 0.28499 0.26213 0.02727 0.00163 
220	3	0.01481 0.04025 0.40324 0.20363 0.19491 0.09748 0.04404 0.00164 
221	3	0.10140 0.09390 0.11731 0.13927 0.20209 0.24552 0.09860 0.00190 
222	3	0.06622 0.13319 0.18857 0.21652 0.28124 0.07624 0.03572 0.00230 
223	3	0.29890 0.22401 0.13180 0.09394 0.03297 0.02231 0.19309 0.00298 
224	3	0.10515 0.07234 0.26948 0.21764 0.22085 0.08720 0.02628 0.00107 
225	3	0.09058 0.22292 0.32599 0.09534 0.05413 0.13841 0.07075 0.00189 
226	3	0.06535 0.15456 0.14190 0.18638 0.12409 0.15481 0.16819 0.00472 
227	3	0.24459 0.08481 0.24121 0.25035 0.10506 0.04456 0.02832 0.00111 
228	3	0.30907 0.12365 0.08348 0.24123 0.13535 0.07015 0.03468 0.00240 
229	3	0.15354 0.12701 0.07982 0.27260 0.22752 0.09057 0.04709 0.00184 
230	3	0.14819 0.16698 0.09420 0.20363 0.20157 0.12229 0.06101 0.00212 
231	3	0.07109 0.28689 0.19481 0.15960 0.15476 0.09390 0.03614 0.00281 
232	3	0.10727 0.13162 0.18004 0.23833 0.25011 0.05528 0.03503 0.00231 
233	3	0.17451 0.23911 0.20803 0.14334 0.11501 0.08293 0.03576 0.00132 
234	3	0.38484 0.02352 0.08812 0.21148 0.19773 0.09164 0.00264 0.00002 
235	3	0.08154 0.14695 0.15440 0.31196 0.16705 0.07708 0.06005 0.00097 
236	3	0.09503 0.22344 0.28909 0.26486 0.08607 0.01750 0.02306 0.00095 
237	3	0.07002 0.16928 0.12932 0.13898 0.16999 0.23082 0.08881 0.00278 
238	3	0.11315 0.12974 0.16738 0.30706 0.16479 0.07176 0.04278 0.00335 
239	3	0.05743 0.09201 0.07469 0.34501 0.33359 0.06118 0.03510 0.00100 
240	3	0.12132 0.24170 0.17968 0.16253 0.12720 0.10045 0.06380 0.00333 
241	3	0.07710 0.10236 0.10234 0.31384 0.25355 0.13009 0.01953 0.00120 
242	3	0.03378 0.05661 0.16909 0.38835 0.26565 0.05790 0.02813 0.00050 
243	3	0.11337 0.10533 0.22059 0.29105 0.12662 0.08171 0.05889 0.00245 
244	3	0.11089 0.12337 0.34315 0.17655 0.11254 0.09352 0.03895 0.00103 
245	3	0.45039 0.39572 0.11836 0.01371 0.00503 0.00316 0.01088 0.00275 
246	3	0.02333 0.13066 0.15491 0.24562 0.20114 0.11619 0.12578 0.00238 
247	3	0.14880 0.29205 0.19670 0.12917 0.11480 0.06749 0.04845 0.00253 
248	3	0.06536 0.08870 0.08441 0.38233 0.20862 0.08323 0.08409 0.00326 
249	3	0.09102 0.34497 0.24005 0.16097 0.09437 0.04881 0.01868 0.00113 
250	3	0.30881 0.23356 0.17139 0.13067 0.09023 0.04222 0.02192 0.00121 
251	3	0.11650 0.12849 0.30591 0.20906 0.12156 0.08314 0.03465 0.00070 
252	3	0.08459 0.14394 0.05890 0.06890 0.18805 0.35035 0.10251 0.00276 
253	3	0.14435 0.16002 0.08169 0.11565 0.23260 0.22617 0.03666 0.00286 
254	3	0.08327 0.24041 0.23766 0.15695 0.04575 0.03149 0.20212 0.00235 
255	3	0.06706 0.14574 0.18318 0.25916 0.24646 0.07179 0.02543 0.00119 
256	3	0.02809 0.14768 0.24705 0.15814 0.06799 0.03571 0.31260 0.00274 
257	3	0.10851 0.26907 0.26213 0.15549 0.10051 0.03099 0.07068 0.00262 
258	3	0.06705 0.10865 0.08034 0.13995 0.07344 0.09483 0.43266 0.00308 
259	3	0.12119 0.13844 0.18750 0.22673 0.16257 0.11397 0.04709 0.00252 
260	3	0.13413 0.29261 0.25528 0.18506 0.07637 0.02610 0.02702 0.00343 
261	3	0.19458 0.18205 0.13706 0.12274 0.23241 0.08975 0.03931 0.00210 
262	3	0.18084 0.23488 0.16668 0.08582 0.08287 0.11107 0.13393 0.00392 
263	3	0.04783 0.25345 0.29211 0.23403 0.11318 0.03787 0.02009 0.00143 
264	3	0.04932 0.09680 0.32014 0.20886 0.23961 0.05286 0.03112 0.00129 
265	3	0.15406 0.26831 0.15690 0.10660 0.04006 0.03535 0.23493 0.00378 
266	3	0.07681 0.13255 0.16105 0.18217 0.23371 0.16773 0.04406 0.00191 
267	3	0.03276 0.13988 0.19024 0.24513 0.23711 0.11448 0.03933 0.00108 
268	3	0.12981 0.46007 0.16375 0.10932 0.09266 0.02639 0.01702 0.00098 
269	3	0.21751 0.25925 0.16247 0.11249 0.10760 0.07960 0.05688 0.00420 
270	3	0.08472 0.05793 0.06730 0.23821 0.20877 0.28863 0.05408 0.00037 
271	3	0.02002 0.09121 0.07817 0.15327 0.26332 0.31766 0.07434 0.00202 
272	3	0.11446 0.10835 0.07417 0.25540 0.25730 0.11668 0.07331 0.00033 
273	3	0.49447 0.20236 0.12423 0.08083 0.05323 0.02754 0.01668 0.00066 
274	3	0.55841 0.12233 0.07213 0.08818 0.08875 0.04136 0.02636 0.00248 
275	3	0.10618 0.16767 0.28022 0.07682 0.12155 0.21008 0.03695 0.00052 
276	3	0.46770 0.15320 0.09611 0.08004 0.04322 0.01763 0.13769 0.00441 
277	3	0.06691 0.14505 0.17582 0.27021 0.24085 0.07411 0.02533 0.00171 
278	3	0.10961 0.12755 0.10908 0.17880 0.36336 0.08819 0.02165 0.00176 
279	3	0.07549 0.24587 0.12635 0.12608 0.27428 0.13147 0.01958 0.00087 
280	3	0.08040 0.13164 0.08484 0.23029 0.35356 0.10181 0.01700 0.00047 
281	3	0.15775 0.15540 0.06947 0.11323 0.25181 0.22563 0.02598 0.00074 
282	3	0.02301 0.18271 0.29441 0.20152 0.11895 0.13083 0.04758 0.00100 
283	3	0.06862 0.27983 0.15189 0.06191 0.09686 0.11237 0.22828 0.00024 
284	3	0.05072 0.22727 0.13019 0.09536 0.14573 0.26309 0.08592 0.00172 
285	3	0.03924 0.10935 0.09499 0.12931 0.25728 0.34437 0.02501 0.00044 
286	3	0.04027 0.10221 0.07675 0.07656 0.34197 0.32581 0.03564 0.00078 
287	3	0.04442 0.22035 0.18038 0.10556 0.17444 0.23457 0.03969 0.00059 
288	3	0.03073 0.11562 0.10196 0.15386 0.32099 0.25173 0.02433 0.00077 
289	3	0.05683 0.10559 0.06112 0.29812 0.36907 0.08399 0.02426 0.00102 
290	3	0.04783 0.32574 0.17857 0.04808 0.10365 0.26466 0.02940 0.00208 
291	3	0.03078 0.13064 0.17058 0.25882 0.27704 0.10061 0.02980 0.00174 
292	3	0.05354 0.15036 0.10126 0.11437 0.12852 0.12439 0.32649 0.00108 
293	3	0.02807 0.08609 0.10693 0.16149 0.51429 0.06978 0.02961 0.00373 
294	3	0.05847 0.12969 0.09571 0.10292 0.17495 0.40238 0.03459 0.00129 
295	3	0.38933 0.10895 0.23738 0.19270 0.04121 0.01574 0.01139 0.00331 
296	3	0.02091 0.17230 0.20796 0.21794 0.19536 0.14211 0.04130 0.00212 
297	3	0.34579 0.08183 0.06619 0.15039 0.13973 0.14634 0.06897 0.00075 
298	3	0.04235 0.09731 0.08224 0.08347 0.48405 0.17322 0.03592 0.00144 
299	3	0.05651 0.15018 0.08007 0.05783 0.17797 0.35272 0.12386 0.00086 
300	4	0.22995 0.27748 0.21774 0.12284 0.06014 0.03452 0.05210 0.00523 
301	4	0.24253 0.16869 0.10619 0.07889 0.28435 0.11090 0.00708 0.00136 
302	4	0.19616 0.23167 0.19944 0.11241 0.13480 0.06197 0.05884 0.00472 
303	4	0.26783 0.17926 0.29202 0.09615 0.04965 0.06588 0.04841 0.00079 
304	4	0.22526 0.15364 0.11243 0.29007 0.12249 0.03840 0.05603 0.00169 
305	4	0.17698 0.16037 0.15092 0.22043 0.13679 0.05899 0.09224 0.00328 
306	4	0.08211 0.16050 0.30596 0.09560 0.09645 0.11841 0.13828 0.00270 
307	4	0.16943 0.21004 0.19477 0.15533 0.13734 0.06071 0.06742 0.00494 
308	4	0.14933 0.17622 0.11737 0.17795 0.15770 0.10391 0.11007 0.00745 
309	4	0.13720 0.16128 0.17863 0.17098 0.08252 0.14789 0.11986 0.00165 
310	4	0.19381 0.15229 0.14413 0.09738 0.26039 0.06417 0.08034 0.00749 
311	4	0.11897 0.15766 0.16066 0.19437 0.17768 0.12047 0.06726 0.00292 
312	4	0.15072 0.16314 0.14600 0.24829 0.12593 0.10205 0.06185 0.00203 
313	4	0.13559 0.11872 0.21987 0.17321 0.08674 0.17290 0.08887 0.00410 
314	4	0.11532 0.38628 0.14203 0.05723 0.05140 0.15625 0.08662 0.00487 
315	4	0.17090 0.26791 0.18800 0.16656 0.04758 0.04024 0.10901 0.00980 
316	4	0.14748 0.15009 0.23551 0.05995 0.10990 0.10738 0.18779 0.00189 
317	4	0.24064 0.19507 0.31876 0.14928 0.04557 0.02560 0.02150 0.00357 
318	4	0.13793 0.18055 0.18629 0.30204 0.09497 0.07803 0.01807 0.00212 
319	4	0.10500 0.12232 0.38409 0.17054 0.08655 0.03218 0.09589 0.00343 
320	4	0.14262 0.11909 0.31049 0.09682 0.09608 0.06924 0.16083 0.00483 
321	4	0.17715 0.19923 0.12456 0.21562 0.08155 0.08164 0.11242 0.00782 
322	4	0.30177 0.28577 0.12091 0.08024 0.06144 0.03554 0.11162 0.00271 
323	4	0.13314 0.21444 0.25380 0.07041 0.04224 0.09075 0.18944 0.00578 
324	4	0.23201 0.13500 0.20279 0.16580 0.11076 0.11567 0.03678 0.00118 
325	4	0.16194 0.19169 0.16755 0.11950 0.08906 0.11712 0.14835 0.00480 
326	4	0.20713 0.14490 0.20367 0.12184 0.23422 0.05060 0.03407 0.00357 
327	4	0.29955 0.18382 0.18328 0.10012 0.07554 0.10232 0.05327 0.00211 
328	4	0.16723 0.13148 0.16908 0.19398 0.24571 0.08042 0.01070 0.00140 
329	4	0.26527 0.23812 0.16942 0.10303 0.04697 0.12173 0.05375 0.00171 
330	4	0.17004 0.12006 0.28837 0.15449 0.11759 0.03434 0.11214 0.00296 
331	4	0.09011 0.16732 0.21931 0.17248 0.16812 0.15075 0.02831 0.00361 
332	4	0.06461 0.07987 0.37123 0.17812 0.10523 0.08618 0.11143 0.00333 
333	4	0.15563 0.09993 0.15870 0.22862 0.16683 0.10841 0.07451 0.00736 
334	4	0.08643 0.13436 0.20542 0.15454 0.14352 0.05984 0.21430 0.00158 
335	4	0.19248 0.15345 0.11174 0.09353 0.12909 0.08889 0.22454 0.00629 
336	4	0.11476 0.20086 0.18385 0.14005 0.09701 0.20561 0.05475 0.00313 
337	4	0.13360 0.12622 0.15931 0.16573 0.08777 0.18678 0.13838 0.00222 
338	4	0.07268 0.10832 0.15015 0.14695 0.32771 0.13841 0.05211 0.00367 
339	4	0.26698 0.23421 0.21714 0.09342 0.03073 0.08555 0.06760 0.00436 
340	4	0.22667 0.12308 0.17190 0.15610 0.16230 0.08561 0.07212 0.00222 
341	4	0.24079 0.16533 0.20623 0.11977 0.07763 0.09599 0.09012 0.00414 
342	4	0.17398 0.16555 0.21774 0.12094 0.07912 0.04287 0.19207 0.00773 
343	4	0.07276 0.10361 0.11990 0.20391 0.30141 0.14047 0.05420 0.00373 
344	4	0.16772 0.24353 0.29931 0.17163 0.07509 0.02581 0.01650 0.00041 
345	4	0.26736 0.15324 0.07396 0.15968 0.14336 0.15674 0.04239 0.00327 
346	4	0.11836 0.13079 0.28906 0.21726 0.08660 0.04596 0.10960 0.00237 
347	4	0.06605 0.08242 0.27371 0.18740 0.26728 0.03913 0.08055 0.00346 
348	4	0.19981 0.19420 0.18969 0.17301 0.11107 0.04966 0.08127 0.00128 
349	4	0.12383 0.13888 0.15783 0.34712 0.12435 0.07196 0.03455 0.00150 
350	4	0.17268 0.19349 0.22727 0.20318 0.12137 0.06097 0.01910 0.00193 
351	4	0.32180 0.15556 0.10705 0.08949 0.14886 0.05681 0.11268 0.00775 
352	4	0.14563 0.17252 0.24738 0.10987 0.06454 0.21772 0.04106 0.00128 
353	4	0.09345 0.17259 0.29207 0.17650 0.07687 0.11118 0.07455 0.00278 
354	4	0.12015 0.12778 0.17621 0.25738 0.06663 0.21390 0.03566 0.00230 
355	4	0.16357 0.17376 0.19966 0.17737 0.18902 0.08792 0.00833 0.00038 
356	4	0.29600 0.18471 0.12010 0.10841 0.09925 0.08678 0.10386 0.00089 
357	4	0.06058 0.09061 0.25519 0.13780 0.05883 0.13269 0.26302 0.00129 
358	4	0.30588 0.19945 0.11137 0.14764 0.16951 0.03668 0.02546 0.00400 
359	4	0.06171 0.21500 0.10387 0.16012 0.30586 0.11963 0.03277 0.00106 
360	4	0.23251 0.25400 0.22784 0.08898 0.10363 0.04408 0.04837 0.00059 
361	4	0.06690 0.07563 0.14575 0.19576 0.16954 0.11073 0.23154 0.00415 
362	4	0.24751 0.16686 0.09943 0.13736 0.13435 0.09264 0.11511 0.00674 
363	4	0.10932 0.13778 0.19565 0.15152 0.07403 0.25133 0.07169 0.00869 
364	4	0.09652 0.12580 0.24958 0.13260 0.09198 0.16866 0.13228 0.00257 
365	4	0.07030 0.08477 0.18090 0.32006 0.19844 0.07472 0.06672 0.00410 
366	4	0.28890 0.19563 0.12991 0.27588 0.04964 0.02576 0.03271 0.00157 
367	4	0.17681 0.14061 0.11298 0.12594 0.19961 0.10769 0.13040 0.00597 
368	4	0.07474 0.19388 0.24495 0.14102 0.10703 0.17210 0.06477 0.00152 
369	4	0.13644 0.29553 0.26067 0.11196 0.05773 0.05389 0.07847 0.00530 
370	4	0.11926 0.15072 0.14981 0.32033 0.15979 0.04228 0.05412 0.00369 
371	4	0.25605 0.15000 0.11620 0.18788 0.13080 0.10791 0.04715 0.00401 
372	4	0.20237 0.15665 0.24651 0.07303 0.13121 0.04174 0.14542 0.00308 
373	4	0.10721 0.14776 0.26523 0.11280 0.05709 0.26572 0.04013 0.00407 
374	4	0.07433 0.19675 0.26677 0.14348 0.08964 0.03703 0.18612 0.00588 
375	4	0.19918 0.11470 0.19424 0.15624 0.22656 0.06323 0.04454 0.00131 
376	4	0.13372 0.17048 0.33762 0.14027 0.04247 0.14054 0.03386 0.00104 
377	4	0.09416 0.13584 0.30057 0.19170 0.15985 0.08651 0.02979 0.00159 
378	4	0.11142 0.12382 0.18245 0.28854 0.06906 0.03252 0.18576 0.00642 
379	4	0.10849 0.08450 0.26218 0.26743 0.07537 0.10061 0.09442 0.00701 
380	4	0.09943 0.14963 0.12404 0.15470 0.25181 0.04939 0.17010 0.00090 
381	4	0.08475 0.18577 0.22179 0.09468 0.14737 0.13169 0.13069 0.00327 
382	4	0.12364 0.16865 0.16309 0.18421 0.17931 0.09516 0.08222 0.00371 
383	4	0.14187 0.13785 0.17720 0.12445 0.15024 0.09422 0.17292 0.00126 
384	4	0.07779 0.23727 0.14146 0.06247 0.11542 0.28199 0.08015 0.00345 
385	4	0.15643 0.14940 0.30965 0.09524 0.09528 0.18604 0.00777 0.00019 
386	4	0.18275 0.12989 0.09916 0.11430 0.21841 0.10336 0.14777 0.00435 
387	4	0.20129 0.30796 0.16494 0.09498 0.06684 0.07185 0.08701 0.00513 
388	4	0.14835 0.12987 0.15458 0.23403 0.24456 0.02845 0.05388 0.00628 
389	4	0.09963 0.16256 0.24114 0.17743 0.12444 0.06372 0.13020 0.00089 
390	4	0.14260 0.33068 0.08629 0.10499 0.18133 0.02393 0.12523 0.00495 
391	4	0.09662 0.28218 0.14556 0.11389 0.11318 0.14847 0.09724 0.00287 
392	4	0.15277 0.30576 0.08893 0.12691 0.16211 0.08217 0.07539 0.00596 
393	4	0.21693 0.18991 0.10652 0.14835 0.22163 0.09311 0.02181 0.00175 
394	4	0.16007 0.14635 0.18468 0.20089 0.18005 0.06944 0.05760 0.00092 
395	4	0.14002 0.17529 0.23168 0.14910 0.09304 0.17017 0.03962 0.00108 
396	4	0.18929 0.21230 0.20980 0.14355 0.13316 0.06171 0.04676 0.00343 
397	4	0.22580 0.20896 0.21141 0.13284 0.12779 0.02437 0.06466 0.00417 
398	4	0.25823 0.16879 0.15892 0.07218 0.19264 0.12899 0.01795 0.00230 
399	4	0.11529 0.17681 0.19770 0.17340 0.16129 0.09429 0.07768 0.00355 
400	5	0.01102 0.03244 0.03483 0.03355 0.02055 0.01056 0.85011 0.00695 
401	5	0.01191 0.04082 0.03953 0.03333 0.02547 0.13201 0.71069 0.00624 
402	5	0.00208 0.02543 0.04595 0.04146 0.03843 0.24532 0.56737 0.03396 
403	5	0.00478 0.02744 0.03192 0.03112 0.01648 0.01717 0.86186 0.00924 
404	5	0.01403 0.03940 0.05064 0.05275 0.02220 0.06868 0.74836 0.00394 
405	5	0.00866 0.03853 0.04586 0.04692 0.04124 0.01764 0.79555 0.00561 
406	5	0.00957 0.04095 0.04714 0.04589 0.02264 0.02076 0.80777 0.00527 
407	5	0.00318 0.01678 0.02204 0.02717 0.02611 0.09004 0.80534 0.00933 
408	5	0.01469 0.07950 0.12059 0.06944 0.03052 0.20201 0.47780 0.00546 
409	5	0.02019 0.05242 0.04569 0.03264 0.01819 0.05927 0.76302 0.00858 
410	5	0.03220 0.08370 0.03677 0.04355 0.02918 0.01057 0.74999 0.01404 
411	5	0.00843 0.03496 0.05083 0.04364 0.02589 0.27334 0.55829 0.00462 
412	5	0.00834 0.03762 0.06888 0.04649 0.03097 0.04825 0.75664 0.00282 
413	5	0.00418 0.01157 0.02137 0.02777 0.02321 0.02677 0.86165 0.02347 
414	5	0.01850 0.06614 0.05127 0.02726 0.02167 0.01946 0.78755 0.00815 
415	5	0.00940 0.02684 0.04214 0.03614 0.02070 0.01269 0.85012 0.00197 
416	5	0.01842 0.02477 0.02217 0.02062 0.02241 0.04208 0.84088 0.00865 
417	5	0.00779 0.02956 0.04587 0.03937 0.02460 0.05206 0.78667 0.01408 
418	5	0.00708 0.02674 0.05607 0.05578 0.02741 0.01656 0.79848 0.01187 
419	5	0.01346 0.04866 0.04983 0.03548 0.02169 0.06832 0.75149 0.01109 
420	5	0.00112 0.02258 0.03859 0.02730 0.02146 0.01289 0.87038 0.00567 
421	5	0.00725 0.01894 0.03225 0.03475 0.02495 0.09580 0.78008 0.00597 
422	5	0.00898 0.06897 0.11537 0.07521 0.03189 0.07346 0.61907 0.00706 
423	5	0.00645 0.01375 0.02174 0.02096 0.01726 0.01102 0.89643 0.01239 
424	5	0.00876 0.04095 0.06031 0.06391 0.03171 0.11135 0.68014 0.00287 
425	5	0.00447 0.01930 0.03682 0.03003 0.02577 0.02781 0.85472 0.00109 
426	5	0.01269 0.08273 0.09278 0.07047 0.03442 0.01133 0.69022 0.00536 
427	5	0.00427 0.04005 0.02653 0.02498 0.02528 0.02647 0.84377 0.00865 
428	5	0.00806 0.05488 0.07061 0.05126 0.02818 0.09188 0.68987 0.00527 
429	5	0.00146 0.02198 0.06806 0.04188 0.02025 0.01439 0.82795 0.00401 
430	5	0.00233 0.02728 0.04189 0.03807 0.03845 0.09472 0.75549 0.00177 
431	5	0.00310 0.01876 0.03061 0.02361 0.01579 0.02435 0.87851 0.00527 
432	5	0.00274 0.04479 0.04908 0.03238 0.02069 0.11226 0.73072 0.00733 
433	5	0.01202 0.03570 0.03521 0.03013 0.02789 0.17477 0.68284 0.00143 
434	5	0.00384 0.02077 0.03135 0.02601 0.01723 0.01242 0.88594 0.00244 
435	5	0.00134 0.02035 0.03700 0.03773 0.03094 0.04918 0.81826 0.00520 
436	5	0.00490 0.05658 0.06723 0.03566 0.02089 0.08384 0.72534 0.00554 
437	5	0.00248 0.02645 0.04546 0.03910 0.03295 0.19430 0.65404 0.00522 
438	5	0.00808 0.04642 0.04561 0.03689 0.02626 0.09162 0.73631 0.00882 
439	5	0.00204 0.01567 0.02351 0.02341 0.02417 0.01863 0.88513 0.00745 
440	5	0.00740 0.04202 0.07899 0.07480 0.04027 0.01531 0.73642 0.00479 
441	5	0.00525 0.02918 0.05280 0.04477 0.02768 0.09036 0.74291 0.00705 
442	5	0.00587 0.04230 0.05048 0.04092 0.02666 0.01151 0.81496 0.00730 
443	5	0.01152 0.05708 0.05934 0.03610 0.02054 0.14337 0.66842 0.00364 
444	5	0.00575 0.03864 0.04361 0.02918 0.01729 0.22856 0.63343 0.00354 
445	5	0.00513 0.04481 0.08143 0.06699 0.03525 0.01161 0.74916 0.00564 
446	5	0.00406 0.03757 0.04473 0.03369 0.02321 0.08567 0.76814 0.00293 
447	5	0.00364 0.02675 0.07391 0.06871 0.03541 0.01074 0.77306 0.00777 
448	5	0.00411 0.03483 0.04964 0.04068 0.03170 0.02024 0.81322 0.00557 
449	5	0.00934 0.07236 0.10388 0.05636 0.02276 0.07391 0.65626 0.00514 
450	5	0.00592 0.02750 0.04278 0.03703 0.02014 0.02568 0.83737 0.00359 
451	5	0.01269 0.03913 0.03244 0.02387 0.02131 0.09358 0.77310 0.00388 
452	5	0.02182 0.05543 0.04826 0.03505 0.01382 0.15738 0.66179 0.00644 
453	5	0.01543 0.03659 0.02658 0.02123 0.01771 0.01170 0.86264 0.00812 
454	5	0.02085 0.04529 0.02819 0.01552 0.01601 0.07924 0.79070 0.00419 
455	5	0.03417 0.11407 0.07406 0.03969 0.03152 0.14736 0.55509 0.00403 
456	5	0.01756 0.03733 0.02934 0.02277 0.01509 0.03099 0.84268 0.00425 
457	5	0.00445 0.02911 0.06370 0.06334 0.03473 0.01063 0.78710 0.00694 
458	5	0.00948 0.03800 0.05554 0.04894 0.04791 0.22915 0.56085 0.01012 
459	5	0.02055 0.04265 0.03442 0.03228 0.02377 0.24315 0.59687 0.00630 
460	5	0.00509 0.02975 0.03815 0.03055 0.02279 0.01181 0.85506 0.00681 
461	5	0.02458 0.05377 0.04116 0.03349 0.03059 0.17793 0.63590 0.00258 
462	5	0.02386 0.04322 0.02908 0.02615 0.02173 0.29159 0.56125 0.00311 
463	5	0.01119 0.01884 0.01820 0.02352 0.01869 0.18103 0.72124 0.00729 
464	5	0.01819 0.04642 0.02933 0.02022 0.02604 0.02537 0.82831 0.00612 
465	5	0.02377 0.03937 0.03228 0.03194 0.01827 0.08063 0.77024 0.00350 
466	5	0.00992 0.02716 0.03255 0.03598 0.02477 0.19805 0.66909 0.00248 
467	5	0.01228 0.03122 0.04854 0.02244 0.01650 0.01094 0.85282 0.00526 
468	5	0.00806 0.03891 0.04955 0.05436 0.01615 0.04145 0.78464 0.00688 
469	5	0.00767 0.01977 0.02033 0.01706 0.01495 0.00777 0.90980 0.00264 
470	5	0.00839 0.03597 0.06504 0.06883 0.03706 0.02719 0.75326 0.00426 
471	5	0.01408 0.06098 0.04803 0.02965 0.01491 0.05143 0.77417 0.00673 
472	5	0.00771 0.03657 0.03970 0.03060 0.01317 0.08973 0.77615 0.00636 
473	5	0.01234 0.03548 0.04440 0.04043 0.03824 0.07032 0.75417 0.00462 
474	5	0.00221 0.02568 0.02755 0.02294 0.01903 0.08794 0.81041 0.00424 
475	5	0.02675 0.09654 0.05887 0.03149 0.02239 0.01162 0.74091 0.01143 
476	5	0.00716 0.02089 0.04353 0.04910 0.02429 0.11326 0.73536 0.00640 
477	5	0.00025 0.00488 0.04770 0.05120 0.03009 0.02405 0.83800 0.00382 
478	5	0.00769 0.02698 0.03677 0.04159 0.02392 0.09637 0.76448 0.00221 
479	5	0.00549 0.03861 0.04202 0.03387 0.02307 0.16084 0.69039 0.00570 
480	5	0.00892 0.03439 0.04970 0.04484 0.01881 0.00701 0.83100 0.00532 
481	5	0.00638 0.02448 0.03400 0.03466 0.02752 0.01010 0.85447 0.00840 
482	5	0.00863 0.04359 0.06155 0.03951 0.02372 0.18384 0.63558 0.00358 
483	5	0.00469 0.02372 0.03806 0.04958 0.03639 0.01878 0.81948 0.00931 
484	5	0.00629 0.03029 0.05822 0.06247 0.01334 0.02456 0.79973 0.00511 
485	5	0.01609 0.06809 0.06123 0.03936 0.01822 0.21270 0.57969 0.00462 
486	5	0.02419 0.05891 0.05874 0.05146 0.02467 0.08318 0.69243 0.00642 
487	5	0.01334 0.03435 0.04444 0.04698 0.03216 0.00997 0.81208 0.00668 
488	5	0.00787 0.03842 0.04980 0.05120 0.03295 0.00872 0.80386 0.00717 
489	5	0.01005 0.03750 0.05186 0.03823 0.00949 0.00444 0.84316 0.00528 
490	5	0.00858 0.02518 0.03542 0.05298 0.04202 0.15897 0.67251 0.00435 
491	5	0.00760 0.03560 0.04429 0.04652 0.02101 0.00738 0.83550 0.00211 
492	5	0.01926 0.05197 0.04527 0.03805 0.02007 0.18166 0.64111 0.00261 
493	5	0.00503 0.01800 0.02269 0.02878 0.01970 0.26822 0.63580 0.00178 
494	5	0.00535 0.02358 0.03003 0.03207 0.02273 0.01769 0.86426 0.00429 
495	5	0.00950 0.02809 0.04130 0.05449 0.01751 0.11750 0.72684 0.00477 
496	5	0.00819 0.02389 0.03277 0.03421 0.01711 0.00724 0.87083 0.00577 
497	5	0.00496 0.02454 0.04305 0.04187 0.02615 0.18348 0.67237 0.00357 
498	5	0.00388 0.02361 0.04078 0.03712 0.02738 0.00869 0.85090 0.00764 
499	5	0.00850 0.04170 0.06286 0.04937 0.03059 0.00869 0.79485 0.00345 
500	6	0.05188 0.09466 0.09903 0.12609 0.23024 0.16761 0.22896 0.00153 
501	6	0.05037 0.08813 0.11337 0.17227 0.21960 0.20555 0.10224 0.04845 
502	6	0.05674 0.13165 0.14211 0.13146 0.26039 0.15970 0.11739 0.00056 
503	6	0.02610 0.17607 0.17065 0.19535 0.15536 0.18962 0.07940 0.00745 
504	6	0.03496 0.04707 0.10687 0.35745 0.15458 0.15351 0.14340 0.00215 
505	6	0.02902 0.14085 0.26819 0.21276 0.03408 0.00276 0.30515 0.00720 
506	6	0.02885 0.03533 0.11501 0.22689 0.16207 0.25915 0.17214 0.00057 
507	6	0.04489 0.05614 0.12085 0.24890 0.19098 0.06877 0.26919 0.00028 
508	6	0.04183 0.04478 0.09950 0.25174 0.21519 0.08849 0.22688 0.03160 
509	6	0.06566 0.10654 0.19134 0.44059 0.11864 0.05370 0.02291 0.00062 
510	6	0.01459 0.05505 0.12338 0.18261 0.21850 0.36287 0.04121 0.00179 
511	6	0.03227 0.24596 0.44583 0.13693 0.01714 0.00563 0.07161 0.04463 
512	6	0.03634 0.14501 0.26984 0.25041 0.16537 0.09494 0.03313 0.00496 
513	6	0.02069 0.04734 0.13539 0.19842 0.31109 0.25553 0.03076 0.00078 
514	6	0.01447 0.04429 0.14468 0.35435 0.32240 0.10899 0.01010 0.00072 
515	6	0.01590 0.06870 0.27658 0.35966 0.15644 0.03355 0.08631 0.00286 
516	6	0.05771 0.16452 0.26727 0.12460 0.11644 0.17635 0.09241 0.00069 
517	6	0.04787 0.14616 0.10876 0.09913 0.10887 0.16960 0.31809 0.00152 
518	6	0.03624 0.08765 0.12648 0.21466 0.23210 0.21544 0.08662 0.00081 
519	6	0.04304 0.16447 0.17079 0.27999 0.18232 0.11965 0.03893 0.00081 
520	6	0.06324 0.22535 0.15710 0.14990 0.21978 0.13068 0.05323 0.00071 
521	6	0.01849 0.04918 0.09469 0.16802 0.15170 0.26732 0.24980 0.00079 
522	6	0.02286 0.09135 0.16274 0.29278 0.22250 0.03595 0.08818 0.08365 
523	6	0.01703 0.04899 0.03275 0.05506 0.20126 0.29934 0.34504 0.00053 
524	6	0.08490 0.09354 0.11402 0.19465 0.22372 0.09264 0.19524 0.00128 
525	6	0.05129 0.11457 0.15201 0.29400 0.21109 0.14657 0.02931 0.00117 
526	6	0.04018 0.10235 0.14755 0.17298 0.20973 0.20560 0.12134 0.00027 
527	6	0.03212 0.10148 0.11736 0.21105 0.20323 0.20201 0.13141 0.00134 
528	6	0.03698 0.21848 0.22837 0.12692 0.16147 0.13367 0.09210 0.00201 
529	6	0.01271 0.02222 0.09804 0.17065 0.19335 0.39717 0.10482 0.00105 
530	6	0.02883 0.07330 0.06845 0.09700 0.23483 0.24618 0.24765 0.00376 
531	6	0.01748 0.02263 0.06524 0.17293 0.32419 0.30792 0.08717 0.00244 
532	6	0.01655 0.02933 0.11407 0.22375 0.24686 0.36821 0.00115 0.00007 
533	6	0.00858 0.04374 0.09617 0.23119 0.27359 0.13984 0.20611 0.00078 
534	6	0.05050 0.11276 0.10629 0.22006 0.22606 0.19734 0.08404 0.00295 
535	6	0.02385 0.10181 0.21792 0.34141 0.15849 0.06225 0.05235 0.04193 
536	6	0.00784 0.02990 0.07187 0.29786 0.41118 0.17391 0.00722 0.00021 
537	6	0.05414 0.12285 0.13168 0.26757 0.23048 0.16124 0.02863 0.00341 
538	6	0.01896 0.05525 0.11496 0.18041 0.17502 0.24365 0.21056 0.00119 
539	6	0.02616 0.05302 0.12759 0.13312 0.11018 0.46299 0.08641 0.00053 
540	6	0.04110 0.05940 0.12796 0.17849 0.15373 0.40750 0.02891 0.00292 
541	6	0.02477 0.11423 0.13378 0.40302 0.27627 0.04023 0.00665 0.00106 
542	6	0.04661 0.08446 0.11164 0.28394 0.19101 0.12572 0.15149 0.00513 
543	6	0.04337 0.10646 0.11840 0.20010 0.21938 0.21589 0.09486 0.00155 
544	6	0.01311 0.05626 0.12813 0.19419 0.16811 0.31268 0.12661 0.00090 
545	6	0.04106 0.12745 0.24176 0.29662 0.19323 0.08331 0.01460 0.00197 
546	6	0.03767 0.13249 0.13751 0.19048 0.19349 0.21327 0.09407 0.00103 
547	6	0.01266 0.04328 0.10983 0.23130 0.24816 0.35267 0.00202 0.00006 
548	6	0.02206 0.06876 0.05634 0.10335 0.26899 0.21739 0.25499 0.00812 
549	6	0.04100 0.09988 0.10996 0.14734 0.15418 0.21153 0.23151 0.00460 
550	6	0.03595 0.13722 0.21011 0.30779 0.06867 0.01830 0.22063 0.00132 
551	6	0.06463 0.23961 0.20868 0.17689 0.18639 0.06956 0.04585 0.00839 
552	6	0.03811 0.06116 0.12906 0.20351 0.17194 0.35625 0.03509 0.00489 
553	6	0.03010 0.01750 0.05104 0.08275 0.09654 0.26889 0.36839 0.08480 
554	6	0.01755 0.11353 0.25693 0.33296 0.12585 0.01990 0.09563 0.03766 
555	6	0.06320 0.15241 0.10410 0.23343 0.23224 0.11827 0.09204 0.00431 
556	6	0.03864 0.04758 0.12205 0.15410 0.13712 0.46703 0.02942 0.00407 
557	6	0.04303 0.09365 0.14596 0.27394 0.18826 0.15743 0.09675 0.00099 
558	6	0.02020 0.02361 0.05746 0.13438 0.20430 0.29200 0.26524 0.00280 
559	6	0.03997 0.08669 0.15379 0.16367 0.25982 0.26025 0.03540 0.00042 
560	6	0.05347 0.07980 0.12037 0.30722 0.20531 0.14491 0.08838 0.00054 
561	6	0.03514 0.04792 0.05348 0.16776 0.23213 0.15822 0.26944 0.03592 
562	6	0.03975 0.10527 0.16924 0.36611 0.24553 0.04615 0.01434 0.01360 
563	6	0.04154 0.09510 0.22186 0.29079 0.19443 0.13282 0.02205 0.00139 
564	6	0.01594 0.06331 0.09969 0.15847 0.14405 0.24303 0.27455 0.00096 
565	6	0.01315 0.02499 0.08764 0.07379 0.21745 0.57219 0.01071 0.00007 
566	6	0.03218 0.14677 0.16579 0.20225 0.15303 0.17055 0.09861 0.03082 
567	6	0.03484 0.17803 0.16581 0.19855 0.16322 0.18400 0.07266 0.00289 
568	6	0.01990 0.06193 0.11765 0.26575 0.34100 0.14949 0.03650 0.00779 
569	6	0.05915 0.17833 0.16591 0.19270 0.20932 0.16871 0.02526 0.00061 
570	6	0.00473 0.08073 0.08858 0.12423 0.28306 0.41831 0.00032 0.00004 
571	6	0.03652 0.09916 0.25596 0.23517 0.20751 0.11193 0.04881 0.00494 
572	6	0.02803 0.07679 0.13084 0.24131 0.20539 0.22107 0.09292 0.00365 
573	6	0.04547 0.06840 0.13746 0.18487 0.14576 0.37961 0.03398 0.00446 
574	6	0.05447 0.13525 0.11113 0.14904 0.23131 0.24491 0.07267 0.00120 
575	6	0.01583 0.08890 0.30239 0.35261 0.12032 0.03404 0.08117 0.00475 
576	6	0.03804 0.09769 0.17762 0.29869 0.29314 0.07624 0.01846 0.00012 
577	6	0.02940 0.11581 0.18530 0.29170 0.19405 0.16288 0.01855 0.00230 
578	6	0.06850 0.06528 0.09889 0.11229 0.15582 0.25691 0.24071 0.00160 
579	6	0.06809 0.04704 0.07401 0.36123 0.17088 0.04815 0.22661 0.00400 
580	6	0.05202 0.11252 0.10869 0.25479 0.28788 0.09149 0.08317 0.00943 
581	6	0.04517 0.13277 0.19085 0.14580 0.11019 0.19588 0.17726 0.00209 
582	6	0.01106 0.04562 0.15910 0.13318 0.19033 0.17392 0.28604 0.00075 
583	6	0.06137 0.10676 0.12362 0.19125 0.25361 0.20400 0.05462 0.00477 
584	6	0.01245 0.04213 0.13278 0.14110 0.07697 0.16963 0.42381 0.00113 
585	6	0.11303 0.07332 0.05438 0.10263 0.07689 0.14037 0.42801 0.01136 
586	6	0.01356 0.04976 0.10550 0.10670 0.07675 0.11344 0.52915 0.00513 
587	6	0.02126 0.08647 0.19521 0.25228 0.27998 0.10581 0.05537 0.00362 
588	6	0.01260 0.03506 0.11701 0.28151 0.28472 0.12368 0.14120 0.00420 
589	6	0.01919 0.05267 0.09841 0.16932 0.07215 0.16538 0.41721 0.00567 
590	6	0.03018 0.08206 0.12585 0.12869 0.17539 0.37852 0.07563 0.00366 
591	6	0.06944 0.09096 0.08787 0.13722 0.11430 0.27413 0.21861 0.00748 
592	6	0.01280 0.02671 0.09331 0.18334 0.10966 0.06048 0.48221 0.03149 
593	6	0.01328 0.03693 0.11593 0.13700 0.06537 0.21815 0.40832 0.00504 
594	6	0.01866 0.02456 0.07948 0.21111 0.37218 0.18632 0.10601 0.00169 
595	6	0.01726 0.04649 0.09362 0.17186 0.07863 0.14551 0.44236 0.00426 
596	6	0.09115 0.11474 0.06211 0.05627 0.08214 0.12401 0.43816 0.03141 
597	6	0.02314 0.07966 0.15159 0.20065 0.28493 0.10390 0.15426 0.00186 
598	6	0.02316 0.06512 0.17335 0.09413 0.31137 0.23184 0.09871 0.00231 
599	6	0.01746 0.09134 0.05129 0.08794 0.05127 0.05646 0.63999 0.00425 
600	7	0.27829 0.28836 0.03636 0.04397 0.16221 0.18344 0.00733 0.00004 
601	7	0.03123 0.25415 0.42731 0.22530 0.04513 0.01586 0.00085 0.00017 
602	7	0.09224 0.22993 0.45903 0.18074 0.02501 0.01134 0.00156 0.00015 
603	7	0.36635 0.12719 0.21362 0.18000 0.09820 0.01405 0.00057 0.00002 
604	7	0.56166 0.06905 0.01780 0.05751 0.09029 0.13493 0.06849 0.00027 
605	7	0.07539 0.34366 0.24061 0.07195 0.07888 0.16011 0.02935 0.00006 
606	7	0.28908 0.28048 0.16571 0.04439 0.05990 0.10016 0.05974 0.00054 
607	7	0.18459 0.21406 0.16543 0.13305 0.15189 0.08141 0.05854 0.01104 
608	7	0.05570 0.13330 0.26672 0.40559 0.12397 0.01308 0.00146 0.00016 
609	7	0.36642 0.03381 0.03924 0.13141 0.20605 0.20058 0.02236 0.00012 
610	7	0.04233 0.39701 0.33524 0.14327 0.06355 0.01670 0.00174 0.00016 
611	7	0.55274 0.06327 0.04141 0.05874 0.08945 0.12894 0.06393 0.00152 
612	7	0.39344 0.17169 0.07714 0.08102 0.10739 0.08934 0.07452 0.00545 
613	7	0.54852 0.01643 0.04529 0.08496 0.16182 0.13471 0.00816 0.00010 
614	7	0.25288 0.30521 0.06502 0.06867 0.12032 0.16306 0.02478 0.00006 
615	7	0.48788 0.05586 0.02709 0.06093 0.13611 0.17021 0.06185 0.00007 
616	7	0.17002 0.46571 0.35074 0.01093 0.00202 0.00035 0.00017 0.00006 
617	7	0.52751 0.03979 0.04879 0.06336 0.11294 0.14517 0.06202 0.00042 
618	7	0.26874 0.26401 0.12021 0.13598 0.15414 0.05330 0.00337 0.00025 
619	7	0.13253 0.24703 0.18625 0.10202 0.19743 0.12450 0.01003 0.00021 
620	7	0.06697 0.27966 0.46003 0.12519 0.04354 0.01774 0.00644 0.00043 
621	7	0.37229 0.22322 0.15314 0.09504 0.08186 0.06147 0.01286 0.00012 
622	7	0.45115 0.16976 0.12204 0.08932 0.09235 0.05820 0.01688 0.00031 
623	7	0.18973 0.32150 0.20128 0.03832 0.11024 0.12204 0.01663 0.00025 
624	7	0.10497 0.18386 0.23839 0.26190 0.17141 0.03433 0.00493 0.00020 
625	7	0.59688 0.01632 0.01552 0.03589 0.06072 0.13848 0.13458 0.00161 
626	7	0.28495 0.19498 0.23873 0.18004 0.09114 0.00982 0.00026 0.00008 
627	7	0.49693 0.08126 0.01347 0.03071 0.06237 0.15830 0.15534 0.00162 
628	7	0.26686 0.21875 0.05200 0.09227 0.18554 0.16472 0.01964 0.00021 
629	7	0.36603 0.13486 0.16739 0.21903 0.08986 0.02018 0.00256 0.00008 
630	7	0.28101 0.12993 0.14520 0.23287 0.15171 0.05392 0.00528 0.00007 
631	7	0.23699 0.32727 0.05757 0.06494 0.09501 0.13528 0.07868 0.00425 
632	7	0.24301 0.33315 0.13271 0.04850 0.08168 0.09037 0.06926 0.00131 
633	7	0.37148 0.07714 0.02133 0.06506 0.17634 0.22381 0.06473 0.00011 
634	7	0.07808 0.19565 0.33422 0.28912 0.07977 0.02150 0.00142 0.00022 
635	7	0.23011 0.32189 0.06201 0.13743 0.17459 0.05689 0.01584 0.00123 
636	7	0.27665 0.20444 0.11486 0.08395 0.12342 0.17292 0.02355 0.00020 
637	7	0.31210 0.19232 0.18807 0.23222 0.05249 0.01767 0.00471 0.00042 
638	7	0.36803 0.15834 0.05166 0.06101 0.11725 0.15907 0.08328 0.00136 
639	7	0.20948 0.18860 0.28981 0.21224 0.07704 0.01909 0.00366 0.00008 
640	7	0.01480 0.41989 0.32405 0.07982 0.09594 0.04718 0.01802 0.00031 
641	7	0.28474 0.21529 0.05549 0.06593 0.22791 0.14462 0.00592 0.00010 
642	7	0.37335 0.20263 0.03890 0.04944 0.08401 0.17910 0.07236 0.00021 
643	7	0.11414 0.27727 0.49479 0.10647 0.00656 0.00044 0.00027 0.00006 
644	7	0.44734 0.14241 0.02502 0.04574 0.25242 0.08547 0.00159 0.00002 
645	7	0.42255 0.23289 0.18119 0.05903 0.06350 0.03704 0.00373 0.00007 
646	7	0.05580 0.17682 0.37696 0.23501 0.05769 0.07121 0.02594 0.00058 
647	7	0.48537 0.07642 0.01395 0.04590 0.15401 0.21160 0.01249 0.00026 
648	7	0.48813 0.03873 0.04338 0.12880 0.21710 0.07804 0.00535 0.00047 
649	7	0.60781 0.09184 0.02533 0.05668 0.12182 0.09292 0.00345 0.00016 
650	7	0.24701 0.34711 0.35501 0.01901 0.00967 0.01507 0.00706 0.00006 
651	7	0.35335 0.28295 0.08291 0.06187 0.05791 0.07218 0.07877 0.01006 
652	7	0.20329 0.44994 0.07643 0.09159 0.11444 0.04969 0.01454 0.00008 
653	7	0.47262 0.14447 0.06258 0.08227 0.13721 0.08748 0.01313 0.00024 
654	7	0.06607 0.24531 0.28832 0.21219 0.11413 0.04819 0.02504 0.00075 
655	7	0.40949 0.31688 0.10744 0.02701 0.04203 0.06688 0.02956 0.00069 
656	7	0.61429 0.11423 0.01135 0.02711 0.04005 0.08066 0.10854 0.00377 
657	7	0.15403 0.44189 0.37699 0.02425 0.00142 0.00076 0.00057 0.00007 
658	7	0.58353 0.06734 0.01986 0.04115 0.07659 0.12494 0.08581 0.00079 
659	7	0.58902 0.12370 0.10261 0.07388 0.06620 0.03783 0.00615 0.00060 
660	7	0.64054 0.05531 0.05877 0.07979 0.07712 0.07070 0.01775 0.00002 
661	7	0.51959 0.15434 0.05044 0.03467 0.07928 0.08922 0.07150 0.00096 
662	7	0.47174 0.34861 0.11050 0.02014 0.02238 0.01748 0.00874 0.00041 
663	7	0.40826 0.20922 0.16027 0.15271 0.05274 0.01407 0.00267 0.00006 
664	7	0.67356 0.03950 0.03518 0.06085 0.08964 0.08743 0.01379 0.00004 
665	7	0.48999 0.19153 0.06343 0.07064 0.07451 0.07674 0.03180 0.00136 
666	7	0.27908 0.26704 0.11549 0.06901 0.12894 0.13642 0.00394 0.00008 
667	7	0.10524 0.24708 0.35237 0.14379 0.14405 0.00688 0.00048 0.00011 
668	7	0.07161 0.15842 0.40789 0.24958 0.08208 0.02064 0.00939 0.00039 
669	7	0.07480 0.37556 0.37082 0.12837 0.04076 0.00589 0.00320 0.00060 
670	7	0.34096 0.15451 0.05253 0.08042 0.20217 0.14013 0.02918 0.00009 
671	7	0.48929 0.14111 0.04254 0.05345 0.11650 0.12409 0.03257 0.00045 
672	7	0.15512 0.17169 0.22006 0.23559 0.15950 0.04860 0.00920 0.00024 
673	7	0.20924 0.24148 0.23823 0.17096 0.12866 0.01100 0.00040 0.00004 
674	7	0.20296 0.23050 0.25149 0.12983 0.09133 0.05207 0.04115 0.00067 
675	7	0.38085 0.26314 0.04294 0.04883 0.14489 0.11495 0.00438 0.00002 
676	7	0.02457 0.21980 0.47122 0.15870 0.08101 0.03564 0.00850 0.00055 
677	7	0.04279 0.30430 0.46067 0.16417 0.01332 0.00964 0.00410 0.00101 
678	7	0.43417 0.38334 0.13535 0.01389 0.01860 0.01075 0.00356 0.00035 
679	7	0.14783 0.50812 0.08821 0.03775 0.07217 0.12679 0.01899 0.00014 
680	7	0.02544 0.24714 0.42557 0.23895 0.05323 0.00814 0.00141 0.00011 
681	7	0.23857 0.61096 0.05111 0.02337 0.03304 0.03705 0.00517 0.00074 
682	7	0.20181 0.50573 0.20284 0.02845 0.03405 0.02367 0.00331 0.00014 
683	7	0.02918 0.22910 0.31867 0.17409 0.15988 0.06465 0.02320 0.00122 
684	7	0.58320 0.19862 0.07259 0.03858 0.03876 0.03195 0.03552 0.00077 
685	7	0.36061 0.31440 0.05128 0.05831 0.06222 0.13984 0.01310 0.00024 
686	7	0.24270 0.38820 0.18930 0.12259 0.03897 0.01455 0.00360 0.00009 
687	7	0.20351 0.44483 0.04154 0.07962 0.15145 0.07486 0.00415 0.00003 
688	7	0.53981 0.10984 0.30110 0.01837 0.00803 0.01037 0.01096 0.00154 
689	7	0.26344 0.05353 0.09464 0.14977 0.26159 0.17483 0.00218 0.00004 
690	7	0.21562 0.25305 0.21296 0.16376 0.09991 0.04217 0.01172 0.00081 
691	7	0.01020 0.08383 0.57124 0.27948 0.03278 0.01607 0.00589 0.00051 
692	7	0.23290 0.31852 0.07811 0.05398 0.08553 0.12913 0.09150 0.01033 
693	7	0.04517 0.33256 0.27468 0.19358 0.11076 0.03381 0.00867 0.00077 
694	7	0.02616 0.09791 0.20882 0.25234 0.27702 0.12614 0.01157 0.00004 
695	7	0.01721 0.14450 0.23573 0.34371 0.19512 0.06003 0.00272 0.00099 
696	7	0.00747 0.05677 0.30623 0.45215 0.13957 0.03242 0.00475 0.00064 
697	7	0.00795 0.44700 0.31929 0.09385 0.08138 0.04677 0.00372 0.00003 
698	7	0.12537 0.41266 0.13996 0.11948 0.13025 0.06007 0.01186 0.00036 
699	7	0.20671 0.42440 0.13925 0.10272 0.08878 0.03416 0.00367 0.00032 
700	8	0.02949 0.12302 0.51897 0.15867 0.04514 0.02586 0.09608 0.00278 
701	8	0.07187 0.31282 0.31133 0.21307 0.05341 0.02200 0.01425 0.00125 
702	8	0.03579 0.15728 0.26947 0.36648 0.14214 0.01776 0.00879 0.00230 
703	8	0.01617 0.07063 0.13755 0.29282 0.35182 0.11623 0.01434 0.00044 
704	8	0.03318 0.09582 0.29254 0.49097 0.05085 0.01127 0.02300 0.00237 
705	8	0.07268 0.19517 0.30446 0.24312 0.08676 0.04432 0.05270 0.00077 
706	8	0.06814 0.27197 0.35962 0.25043 0.03437 0.00516 0.00812 0.00220 
707	8	0.02452 0.10244 0.30865 0.44375 0.07446 0.02563 0.01533 0.00522 
708	8	0.05004 0.15299 0.26993 0.29909 0.15642 0.05281 0.01731 0.00140 
709	8	0.09980 0.55384 0.19597 0.02875 0.02072 0.03168 0.06478 0.00446 
710	8	0.02059 0.14984 0.49839 0.17037 0.02756 0.01346 0.11335 0.00644 
711	8	0.01706 0.04054 0.11213 0.47778 0.26570 0.06290 0.01677 0.00712 
712	8	0.04828 0.22869 0.31874 0.24321 0.08146 0.03070 0.04470 0.00422 
713	8	0.17180 0.43084 0.26943 0.04443 0.02536 0.02817 0.02791 0.00205 
714	8	0.04853 0.37934 0.24437 0.23508 0.04017 0.02784 0.01967 0.00498 
715	8	0.32238 0.32723 0.24033 0.04499 0.03557 0.01781 0.00965 0.00203 
716	8	0.06346 0.07058 0.07811 0.32148 0.34561 0.11283 0.00684 0.00109 
717	8	0.04220 0.20835 0.41387 0.08821 0.01983 0.02282 0.20208 0.00266 
718	8	0.12493 0.35110 0.38549 0.10086 0.01293 0.00842 0.01524 0.00103 
719	8	0.03018 0.02744 0.04449 0.16833 0.50692 0.21155 0.00975 0.00134 
720	8	0.01591 0.05225 0.12534 0.39911 0.31321 0.08485 0.00910 0.00023 
721	8	0.10844 0.28546 0.34291 0.17119 0.02055 0.01897 0.03336 0.01912 
722	8	0.04810 0.45013 0.38981 0.03670 0.01667 0.01962 0.03442 0.00454 
723	8	0.06774 0.44257 0.30888 0.06201 0.03786 0.04115 0.03669 0.00310 
724	8	0.05066 0.31009 0.42977 0.08701 0.02870 0.03954 0.05210 0.00214 
725	8	0.08406 0.23361 0.39275 0.14087 0.06750 0.04186 0.03797 0.00137 
726	8	0.00756 0.12450 0.08927 0.43703 0.26069 0.07669 0.00334 0.00092 
727	8	0.00276 0.14779 0.28592 0.38200 0.16608 0.01269 0.00210 0.00068 
728	8	0.01967 0.07526 0.23129 0.39019 0.20466 0.06911 0.00946 0.00036 
729	8	0.05899 0.25788 0.37067 0.17077 0.07387 0.03855 0.02170 0.00757 
730	8	0.15623 0.40042 0.27770 0.08626 0.02343 0.01841 0.03514 0.00241 
731	8	0.00010 0.20572 0.14396 0.21235 0.31085 0.11442 0.01249 0.00010 
732	8	0.03905 0.23565 0.46081 0.18353 0.02640 0.02554 0.02611 0.00291 
733	8	0.17012 0.42451 0.31237 0.02926 0.01783 0.01666 0.02299 0.00627 
734	8	0.05323 0.17227 0.48318 0.15443 0.04024 0.02846 0.05516 0.01302 
735	8	0.16478 0.33119 0.32862 0.09384 0.02389 0.02266 0.02972 0.00529 
736	8	0.13985 0.36580 0.28448 0.12303 0.03032 0.01449 0.04006 0.00196 
737	8	0.05329 0.37984 0.32495 0.18455 0.02712 0.01580 0.01161 0.00284 
738	8	0.00416 0.05416 0.07714 0.25818 0.48095 0.12397 0.00127 0.00017 
739	8	0.03934 0.17226 0.50248 0.16039 0.03904 0.02713 0.05609 0.00327 
740	8	0.25267 0.33212 0.27939 0.05452 0.02572 0.02088 0.02870 0.00600 
741	8	0.00319 0.04560 0.11424 0.42173 0.36975 0.04406 0.00133 0.00009 
742	8	0.07354 0.42910 0.38554 0.06240 0.01759 0.01282 0.01789 0.00113 
743	8	0.02475 0.08765 0.20713 0.52766 0.09121 0.03057 0.02485 0.00618 
744	8	0.00331 0.03752 0.08291 0.19903 0.47874 0.19039 0.00783 0.00028 
745	8	0.04015 0.15756 0.33793 0.35509 0.04988 0.02440 0.02495 0.01003 
746	8	0.00295 0.04896 0.12524 0.42164 0.37880 0.02151 0.00072 0.00016 
747	8	0.02757 0.11792 0.44714 0.20854 0.08105 0.05320 0.05503 0.00954 
748	8	0.00177 0.13641 0.26913 0.40139 0.17754 0.01141 0.00120 0.00114 
749	8	0.03599 0.26523 0.50403 0.13921 0.02114 0.00879 0.02371 0.00190 
750	8	0.02632 0.09081 0.52411 0.26892 0.05666 0.01929 0.01283 0.00107 
751	8	0.03126 0.20177 0.49489 0.19009 0.03065 0.02410 0.02524 0.00199 
752	8	0.04002 0.31438 0.48016 0.07498 0.03389 0.02763 0.02711 0.00182 
753	8	0.02726 0.06672 0.12373 0.52757 0.19850 0.04782 0.00702 0.00138 
754	8	0.02990 0.17270 0.25174 0.28709 0.16943 0.07530 0.01189 0.00195 
755	8	0.02658 0.05578 0.09084 0.21212 0.44733 0.14538 0.02102 0.00097 
756	8	0.02569 0.06571 0.13338 0.46545 0.25664 0.04426 0.00708 0.00178 
757	8	0.00188 0.04402 0.26135 0.52970 0.15118 0.01124 0.00045 0.00017 
758	8	0.05792 0.14240 0.28297 0.36883 0.07059 0.03693 0.03478 0.00559 
759	8	0.19293 0.40959 0.25357 0.06618 0.02903 0.01946 0.02668 0.00255 
760	8	0.02204 0.07620 0.28068 0.48373 0.07760 0.02850 0.02694 0.00430 
761	8	0.02162 0.07460 0.20748 0.45170 0.18649 0.05259 0.00438 0.00114 
762	8	0.05113 0.14363 0.39522 0.35771 0.04508 0.00576 0.00130 0.00017 
763	8	0.14650 0.33029 0.39479 0.09694 0.00930 0.00458 0.01624 0.00136 
764	8	0.02852 0.07209 0.09327 0.25469 0.39354 0.15035 0.00674 0.00078 
765	8	0.09666 0.12566 0.36077 0.32741 0.06875 0.01384 0.00457 0.00234 
766	8	0.05027 0.34537 0.45669 0.09965 0.01710 0.01048 0.01902 0.00142 
767	8	0.04576 0.26938 0.36436 0.23297 0.03388 0.01909 0.03031 0.00424 
768	8	0.02757 0.08884 0.33140 0.42509 0.07624 0.02452 0.01979 0.00656 
769	8	0.15052 0.40539 0.30849 0.09192 0.01812 0.00910 0.01458 0.00188 
770	8	0.08565 0.27393 0.50814 0.10604 0.00602 0.00549 0.01385 0.00087 
771	8	0.39873 0.40516 0.11332 0.01710 0.01675 0.02056 0.02395 0.00443 
772	8	0.05005 0.30812 0.38635 0.17918 0.02158 0.02233 0.02733 0.00507 
773	8	0.04332 0.22432 0.45504 0.22365 0.03165 0.01292 0.00807 0.00103 
774	8	0.02487 0.06489 0.23134 0.51610 0.15335 0.00859 0.00067 0.00018 
775	8	0.08738 0.18076 0.15280 0.20572 0.27991 0.08340 0.00936 0.00067 
776	8	0.02419 0.07194 0.18762 0.43951 0.22692 0.04601 0.00353 0.00027 
777	8	0.04930 0.12499 0.29506 0.38607 0.10235 0.03451 0.00725 0.00048 
778	8	0.05524 0.09731 0.28796 0.44630 0.07394 0.02468 0.01401 0.00056 
779	8	0.21204 0.37272 0.28872 0.05439 0.02004 0.02534 0.02342 0.00334 
780	8	0.01451 0.08235 0.39376 0.41812 0.07418 0.01545 0.00136 0.00027 
781	8	0.22362 0.38495 0.30531 0.04505 0.01359 0.00775 0.01751 0.00222 
782	8	0.04893 0.19982 0.19131 0.37200 0.13285 0.04732 0.00603 0.00173 
783	8	0.05684 0.18735 0.30847 0.27056 0.07442 0.03884 0.04921 0.01430 
784	8	0.34414 0.31114 0.25489 0.02920 0.01103 0.01987 0.02811 0.00164 
785	8	0.05245 0.26387 0.45101 0.21035 0.02069 0.00126 0.00027 0.00010 
786	8	0.16296 0.39821 0.32100 0.07345 0.01462 0.00958 0.01737 0.00280 
787	8	0.07660 0.35474 0.39755 0.06776 0.02883 0.03092 0.04300 0.00060 
788	8	0.03259 0.09468 0.19452 0.44411 0.12907 0.04927 0.03913 0.01663 
789	8	0.03345 0.10382 0.42837 0.32886 0.06276 0.02131 0.01812 0.00332 
790	8	0.05197 0.12282 0.28440 0.39667 0.10390 0.03281 0.00597 0.00145 
791	8	0.08433 0.23721 0.49842 0.14754 0.01139 0.00525 0.01485 0.00100 
792	8	0.27814 0.31329 0.27265 0.07112 0.02020 0.02437 0.01932 0.00091 
793	8	0.03177 0.05644 0.10817 0.44052 0.24644 0.07994 0.02387 0.01285 
794	8	0.06172 0.16186 0.40023 0.22264 0.06238 0.02962 0.06068 0.00089 
795	8	0.07489 0.34542 0.40376 0.13527 0.01627 0.00744 0.01583 0.00113 
796	8	0.03117 0.07110 0.28491 0.51112 0.09793 0.00333 0.00024 0.00020 
797	8	0.01558 0.11456 0.33666 0.37234 0.14352 0.01455 0.00145 0.00132 
798	8	0.23357 0.35204 0.25126 0.08620 0.02335 0.01598 0.03432 0.00328 
799	8	0.07726 0.27459 0.47832 0.08950 0.02549 0.02697 0.02341 0.00447 
800	9	0.04713 0.16568 0.20941 0.19972 0.12801 0.14435 0.10070 0.00500 
801	9	0.15651 0.19181 0.11610 0.13295 0.17038 0.09123 0.13343 0.00758 
802	9	0.13183 0.04741 0.20792 0.27197 0.13715 0.09382 0.08928 0.02062 
803	9	0.08252 0.20265 0.30864 0.22742 0.09333 0.01280 0.07088 0.00176 
804	9	0.00875 0.24756 0.40787 0.19925 0.04781 0.04089 0.04379 0.00408 
805	9	0.01184 0.08301 0.42710 0.29186 0.07705 0.03973 0.06301 0.00640 
806	9	0.03475 0.10217 0.22377 0.15684 0.15708 0.19524 0.12701 0.00313 
807	9	0.07782 0.18481 0.20614 0.25830 0.12027 0.11446 0.03348 0.00472 
808	9	0.23701 0.27209 0.10773 0.02646 0.24366 0.05035 0.06058 0.00212 
809	9	0.03214 0.18269 0.44141 0.10589 0.08253 0.07912 0.07178 0.00446 
810	9	0.52746 0.06995 0.06422 0.22082 0.08923 0.02739 0.00072 0.00021 
811	9	0.11741 0.05605 0.03725 0.06488 0.55542 0.08373 0.08156 0.00369 
812	9	0.08730 0.08003 0.22172 0.25122 0.30147 0.03438 0.02116 0.00272 
813	9	0.01322 0.11056 0.39043 0.29608 0.07634 0.02577 0.08346 0.00414 
814	9	0.02435 0.13169 0.18647 0.25686 0.07897 0.15102 0.16214 0.00849 
815	9	0.05462 0.27029 0.25718 0.06849 0.14222 0.11321 0.08994 0.00405 
816	9	0.05472 0.37098 0.06625 0.05351 0.05616 0.32839 0.06733 0.00266 
817	9	0.25119 0.35562 0.18856 0.07829 0.03746 0.03586 0.04998 0.00305 
818	9	0.12656 0.13730 0.09892 0.11915 0.15545 0.22388 0.13641 0.00234 
819	9	0.02840 0.17921 0.56360 0.07042 0.05489 0.04913 0.04492 0.00942 
820	9	0.08261 0.19398 0.09213 0.25710 0.29529 0.05700 0.02024 0.00165 
821	9	0.03489 0.21716 0.30549 0.17452 0.08329 0.04101 0.14199 0.00165 
822	9	0.00729 0.08238 0.23148 0.20649 0.07088 0.18052 0.21819 0.00277 
823	9	0.02547 0.05655 0.14491 0.22741 0.29380 0.21529 0.03501 0.00156 
824	9	0.11948 0.16828 0.15470 0.21641 0.12488 0.12816 0.08655 0.00154 
825	9	0.16944 0.33468 0.18008 0.10310 0.06301 0.06731 0.08057 0.00181 
826	9	0.02752 0.24081 0.27712 0.15331 0.03227 0.07629 0.19035 0.00233 
827	9	0.08114 0.18751 0.15167 0.05983 0.05884 0.23776 0.21385 0.00940 
828	9	0.04074 0.06625 0.23240 0.34655 0.14077 0.10003 0.07031 0.00295 
829	9	0.16802 0.14868 0.14336 0.21015 0.13136 0.13099 0.06618 0.00125 
830	9	0.05312 0.15018 0.27193 0.24532 0.19721 0.06927 0.01068 0.00228 
831	9	0.14382 0.17687 0.07457 0.08830 0.09677 0.20457 0.20815 0.00695 
832	9	0.25109 0.17358 0.11963 0.11668 0.17858 0.08587 0.07191 0.00267 
833	9	0.12396 0.08515 0.03682 0.31938 0.32194 0.06011 0.04899 0.00364 
834	9	0.06993 0.07230 0.30674 0.19406 0.21620 0.10029 0.03683 0.00365 
835	9	0.01086 0.06437 0.21233 0.25854 0.14153 0.08143 0.22875 0.00218 
836	9	0.07116 0.32776 0.19070 0.08281 0.07179 0.08188 0.17184 0.00205 
837	9	0.00575 0.01814 0.07051 0.17862 0.32529 0.25029 0.14913 0.00228 
838	9	0.02101 0.11659 0.17628 0.20320 0.08209 0.16096 0.23562 0.00426 
839	9	0.00617 0.03792 0.07589 0.04143 0.09097 0.54900 0.19799 0.00062 
840	9	0.11603 0.09915 0.12921 0.15376 0.19121 0.19025 0.11420 0.00620 
841	9	0.07511 0.11177 0.15967 0.14009 0.06100 0.08618 0.34541 0.02077 
842	9	0.02933 0.48058 0.10685 0.10060 0.23809 0.02323 0.01816 0.00316 
843	9	0.02279 0.34388 0.12158 0.01471 0.01934 0.33147 0.14253 0.00370 
844	9	0.01928 0.40917 0.28250 0.10773 0.06896 0.04013 0.06785 0.00438 
845	9	0.08999 0.29463 0.27869 0.11351 0.17912 0.01731 0.02471 0.00205 
846	9	0.03218 0.08592 0.06329 0.40587 0.38278 0.01822 0.01108 0.00066 
847	9	0.00650 0.08723 0.12536 0.19256 0.05962 0.19510 0.33008 0.00356 
848	9	0.04634 0.34039 0.34833 0.15516 0.02648 0.02172 0.05727 0.00431 
849	9	0.02183 0.12383 0.14761 0.09084 0.14684 0.24825 0.21547 0.00532 
850	9	0.02563 0.13604 0.42200 0.05821 0.08073 0.12320 0.14146 0.01274 
851	9	0.11152 0.25012 0.24226 0.14745 0.03674 0.04244 0.16730 0.00217 
852	9	0.14038 0.19194 0.06688 0.05407 0.10859 0.22784 0.20864 0.00166 
853	9	0.02269 0.44786 0.13623 0.16899 0.16610 0.02580 0.03106 0.00128 
854	9	0.00733 0.30789 0.25757 0.09009 0.11102 0.14629 0.07718 0.00262 
855	9	0.09539 0.11029 0.13365 0.23653 0.16579 0.08457 0.16871 0.00507 
856	9	0.03011 0.41262 0.16593 0.19262 0.13755 0.04426 0.01556 0.00134 
857	9	0.18483 0.20652 0.04673 0.04034 0.22641 0.19809 0.09408 0.00299 
858	9	0.00246 0.12127 0.22201 0.13172 0.15313 0.24745 0.12103 0.00094 
859	9	0.01115 0.19633 0.16418 0.14009 0.13426 0.22584 0.12136 0.00680 
860	9	0.06835 0.18113 0.14573 0.17772 0.22177 0.16331 0.04106 0.00093 
861	9	0.08508 0.18783 0.10192 0.34385 0.16420 0.06147 0.05306 0.00258 
862	9	0.02831 0.13973 0.25585 0.19172 0.18094 0.12998 0.07185 0.00162 
863	9	0.01875 0.39932 0.13723 0.17380 0.19704 0.04225 0.03030 0.00131 
864	9	0.06897 0.15025 0.15082 0.15622 0.23437 0.13911 0.08221 0.01805 
865	9	0.00048 0.04727 0.58435 0.07409 0.03621 0.05259 0.10263 0.10238 
866	9	0.00674 0.08164 0.11132 0.27154 0.13624 0.02252 0.36323 0.00676 
867	9	0.00014 0.10842 0.35267 0.08997 0.00652 0.02900 0.41300 0.00027 
868	9	0.09289 0.26216 0.05620 0.19446 0.16269 0.08544 0.13659 0.00958 
869	9	0.01496 0.31030 0.23521 0.09269 0.08265 0.03086 0.23176 0.00156 
870	9	0.00248 0.30718 0.24720 0.22302 0.15830 0.04466 0.01451 0.00264 
871	9	0.01894 0.11501 0.20807 0.25522 0.26893 0.09319 0.03928 0.00136 
872	9	0.00723 0.04603 0.45225 0.15427 0.05857 0.08606 0.18551 0.01008 
873	9	0.10963 0.13538 0.13044 0.15750 0.19515 0.15276 0.11832 0.00082 
874	9	0.01814 0.16574 0.09729 0.34309 0.12865 0.09848 0.14835 0.00026 
875	9	0.01603 0.06138 0.27861 0.30260 0.26732 0.04272 0.02751 0.00382 
876	9	0.07001 0.12281 0.12699 0.36624 0.23745 0.03683 0.03728 0.00238 
877	9	0.02575 0.15562 0.16121 0.10826 0.22230 0.18024 0.13919 0.00744 
878	9	0.00435 0.03673 0.14695 0.25750 0.27644 0.16443 0.10870 0.00489 
879	9	0.01277 0.05776 0.15590 0.18469 0.22520 0.09538 0.25943 0.00887 
880	9	0.05526 0.20865 0.15837 0.16487 0.27271 0.07260 0.06449 0.00306 
881	9	0.01775 0.13352 0.23444 0.23696 0.16387 0.13065 0.08061 0.00221 
882	9	0.00223 0.08711 0.20515 0.30636 0.30495 0.04439 0.04785 0.00196 
883	9	0.05511 0.16132 0.29576 0.29535 0.12518 0.04282 0.02372 0.00074 
884	9	0.05461 0.19609 0.16656 0.17274 0.12776 0.07320 0.20416 0.00488 
885	9	0.06365 0.12049 0.17471 0.13533 0.10121 0.14162 0.25642 0.00657 
886	9	0.01538 0.06978 0.19168 0.18563 0.09857 0.29356 0.13716 0.00824 
887	9	0.08533 0.26896 0.15364 0.18439 0.11624 0.07572 0.11332 0.00240 
888	9	0.00243 0.02812 0.12340 0.18583 0.29837 0.22542 0.07644 0.05999 
889	9	0.05488 0.05840 0.26670 0.19263 0.32492 0.04979 0.04981 0.00286 
890	9	0.06544 0.34999 0.13282 0.10375 0.10508 0.06530 0.17483 0.00280 
891	9	0.06069 0.22903 0.16605 0.23687 0.16040 0.11133 0.03242 0.00321 
892	9	0.07842 0.32832 0.49514 0.05496 0.00545 0.00459 0.03089 0.00223 
893	9	0.21459 0.20795 0.14781 0.21140 0.10099 0.06223 0.04785 0.00719 
894	9	0.04327 0.23187 0.26267 0.22450 0.13991 0.09313 0.00451 0.00013 
895	9	0.00792 0.17666 0.14043 0.26168 0.25440 0.10708 0.05145 0.00038 
896	9	0.11177 0.23544 0.14158 0.16317 0.17212 0.12338 0.05021 0.00233 
897	9	0.01492 0.02756 0.03551 0.31834 0.30162 0.21945 0.08176 0.00084 
898	9	0.03456 0.23708 0.34588 0.20289 0.08252 0.03063 0.06552 0.00093 
899	9	0.01623 0.06656 0.15037 0.23133 0.15799 0.23232 0.14405 0.00115 
900	10	0.05418 0.19327 0.19926 0.17845 0.12753 0.14744 0.09736 0.00251 
901	10	0.15866 0.08288 0.13600 0.21349 0.23028 0.13986 0.03722 0.00162 
902	10	0.28399 0.16401 0.14182 0.12153 0.11716 0.10706 0.06285 0.00160 
903	10	0.24978 0.10119 0.08018 0.13328 0.14979 0.11556 0.16722 0.00301 
904	10	0.17008 0.29339 0.14075 0.10742 0.03971 0.04011 0.20576 0.00278 
905	10	0.09573 0.27426 0.14867 0.13013 0.18002 0.08917 0.07951 0.00250 
906	10	0.07234 0.25069 0.20014 0.19973 0.14229 0.08475 0.04690 0.00316 
907	10	0.09489 0.17700 0.19011 0.16001 0.23148 0.07566 0.06965 0.00119 
908	10	0.05544 0.33081 0.18087 0.20382 0.18665 0.02641 0.01514 0.00087 
909	10	0.00629 0.28311 0.11419 0.13241 0.17780 0.12213 0.16370 0.00039 
910	10	0.03489 0.23638 0.21892 0.13443 0.13084 0.08633 0.15421 0.00400 
911	10	0.03108 0.24710 0.24923 0.08301 0.07422 0.11483 0.19972 0.00082 
912	10	0.05654 0.09546 0.17238 0.20868 0.25508 0.13502 0.07515 0.00169 
913	10	0.03204 0.09421 0.06944 0.05464 0.06607 0.21935 0.46127 0.00298 
914	10	0.03866 0.19449 0.17473 0.22426 0.19317 0.11663 0.05497 0.00309 
915	10	0.01907 0.13996 0.18396 0.17827 0.20140 0.19075 0.08577 0.00081 
916	10	0.08024 0.20583 0.33686 0.12757 0.09925 0.08452 0.06455 0.00116 
917	10	0.02935 0.16049 0.29465 0.22447 0.13445 0.12494 0.03120 0.00046 
918	10	0.35758 0.15455 0.14895 0.12806 0.10531 0.06843 0.03485 0.00227 
919	10	0.06609 0.14887 0.14886 0.19543 0.20142 0.14458 0.09414 0.00060 
920	10	0.02770 0.19213 0.18073 0.19622 0.17240 0.12142 0.10565 0.00375 
921	10	0.12951 0.29282 0.27210 0.12234 0.09533 0.05484 0.03218 0.00089 
922	10	0.09811 0.26183 0.15659 0.15849 0.17467 0.10313 0.04572 0.00146 
923	10	0.12460 0.30646 0.22867 0.10157 0.08737 0.07452 0.07621 0.00059 
924	10	0.22557 0.28332 0.18784 0.13013 0.09733 0.04927 0.02449 0.00208 
925	10	0.31363 0.21491 0.19700 0.09214 0.07340 0.08119 0.02555 0.00217 
926	10	0.02434 0.15779 0.17018 0.18216 0.15402 0.13585 0.17454 0.00112 
927	10	0.05428 0.12454 0.14179 0.15953 0.15078 0.15471 0.21267 0.00170 
928	10	0.48368 0.13333 0.11501 0.12975 0.08499 0.04191 0.00845 0.00287 
929	10	0.09364 0.44709 0.13124 0.11147 0.08271 0.08577 0.04718 0.00090 
930	10	0.03664 0.32510 0.21199 0.16703 0.12756 0.08668 0.04441 0.00058 
931	10	0.21632 0.18295 0.17686 0.15216 0.12417 0.07556 0.07115 0.00083 
932	10	0.01082 0.10536 0.14545 0.23173 0.21410 0.19030 0.10167 0.00057 
933	10	0.04527 0.23172 0.15139 0.15318 0.18365 0.12402 0.10063 0.01014 
934	10	0.12278 0.18300 0.18402 0.19806 0.16654 0.07839 0.06299 0.00421 
935	10	0.12348 0.32427 0.20957 0.16619 0.11246 0.04573 0.01766 0.00064 
936	10	0.06079 0.19710 0.19452 0.20567 0.15113 0.11340 0.07450 0.00288 
937	10	0.11255 0.23606 0.17455 0.17849 0.14101 0.09916 0.05687 0.00130 
938	10	0.02634 0.09087 0.19049 0.19796 0.27327 0.08891 0.13138 0.00078 
939	10	0.11017 0.22129 0.16189 0.21390 0.14367 0.09814 0.05028 0.00066 
940	10	0.16103 0.22818 0.17292 0.16195 0.14042 0.07902 0.05626 0.00021 
941	10	0.01728 0.11988 0.17411 0.19646 0.20312 0.10306 0.17290 0.01317 
942	10	0.03739 0.17640 0.19741 0.20878 0.19337 0.13752 0.04844 0.00068 
943	10	0.27754 0.32720 0.15500 0.14459 0.06921 0.02045 0.00547 0.00054 
944	10	0.04892 0.22572 0.18024 0.12351 0.14336 0.18925 0.08718 0.00182 
945	10	0.06421 0.16239 0.18879 0.18785 0.17938 0.15454 0.06212 0.00071 
946	10	0.17405 0.17553 0.15558 0.12896 0.13824 0.13672 0.08599 0.00493 
947	10	0.01459 0.12040 0.12780 0.16249 0.16323 0.25496 0.15548 0.00106 
948	10	0.13129 0.39437 0.22949 0.10787 0.05621 0.06274 0.01738 0.00064 
949	10	0.31853 0.21538 0.15839 0.11933 0.10221 0.04814 0.03667 0.00134 
950	10	0.35982 0.13805 0.15411 0.14390 0.13231 0.05024 0.02027 0.00128 
951	10	0.40648 0.17835 0.17274 0.09434 0.06881 0.04612 0.03241 0.00074 
952	10	0.50920 0.14731 0.15569 0.11941 0.06026 0.00702 0.00105 0.00007 
953	10	0.37626 0.26312 0.16676 0.08608 0.05575 0.03992 0.01107 0.00105 
954	10	0.33595 0.21102 0.11771 0.12050 0.11809 0.07018 0.02572 0.00083 
955	10	0.29949 0.13010 0.15175 0.11193 0.14334 0.12767 0.03427 0.00145 
956	10	0.19847 0.22664 0.12472 0.18103 0.16310 0.06284 0.04167 0.00155 
957	10	0.02108 0.10951 0.16647 0.20639 0.20726 0.17916 0.10693 0.00320 
958	10	0.31076 0.25568 0.13844 0.07839 0.08069 0.09445 0.03961 0.00198 
959	10	0.41627 0.18149 0.09259 0.10315 0.11689 0.07033 0.01896 0.00032 
960	10	0.13368 0.16536 0.17475 0.17976 0.13665 0.11517 0.09360 0.00103 
961	10	0.07887 0.05226 0.09509 0.06542 0.11911 0.18791 0.39968 0.00167 
962	10	0.09118 0.14985 0.16565 0.22054 0.12289 0.11654 0.13016 0.00319 
963	10	0.38070 0.18790 0.17010 0.11121 0.06057 0.04551 0.04211 0.00190 
964	10	0.23197 0.36685 0.19473 0.10496 0.05994 0.03412 0.00729 0.00013 
965	10	0.28369 0.18117 0.13916 0.13320 0.12862 0.09321 0.03700 0.00395 
966	10	0.11192 0.31149 0.18618 0.15529 0.13843 0.08156 0.01465 0.00048 
967	10	0.09539 0.10189 0.16477 0.20805 0.22479 0.13918 0.05464 0.01129 
968	10	0.04221 0.10845 0.44316 0.18889 0.06060 0.07816 0.07608 0.00246 
969	10	0.42762 0.13486 0.05879 0.05682 0.08198 0.11466 0.12313 0.00214 
970	10	0.44775 0.22117 0.12265 0.08380 0.05697 0.04003 0.02737 0.00025 
971	10	0.12223 0.26505 0.24888 0.21700 0.10238 0.03231 0.01187 0.00028 
972	10	0.00258 0.07144 0.08263 0.11383 0.12382 0.21418 0.39135 0.00016 
973	10	0.04777 0.10372 0.50640 0.09862 0.09152 0.07804 0.07134 0.00258 
974	10	0.04377 0.16909 0.21587 0.19946 0.15312 0.11013 0.10564 0.00292 
975	10	0.07431 0.31397 0.16622 0.14597 0.21178 0.07720 0.01008 0.00047 
976	10	0.10328 0.25159 0.21291 0.16519 0.12039 0.09191 0.05194 0.00279 
977	10	0.03912 0.16786 0.16538 0.17963 0.23150 0.13256 0.07758 0.00638 
978	10	0.07881 0.35718 0.20025 0.15063 0.10613 0.06256 0.04350 0.00095 
979	10	0.30510 0.18453 0.15786 0.15819 0.13706 0.05387 0.00329 0.00009 
980	10	0.05873 0.15612 0.22798 0.27848 0.19525 0.06313 0.01950 0.00081 
981	10	0.24380 0.23265 0.17522 0.14507 0.11946 0.05653 0.02617 0.00110 
982	10	0.28224 0.33576 0.12335 0.07621 0.07816 0.06636 0.03758 0.00035 
983	10	0.47226 0.17467 0.14866 0.10109 0.05461 0.02684 0.02114 0.00073 
984	10	0.04989 0.10970 0.13747 0.26146 0.26694 0.14781 0.02655 0.00018 
985	10	0.02760 0.13411 0.13808 0.21510 0.22237 0.19500 0.06667 0.00107 
986	10	0.02761 0.07691 0.13631 0.14188 0.14336 0.17061 0.30011 0.00320 
987	10	0.02885 0.12323 0.15348 0.21107 0.33794 0.13345 0.01179 0.00018 
988	10	0.08386 0.20307 0.20524 0.15543 0.17092 0.14468 0.03641 0.00039 
989	10	0.04499 0.17963 0.21457 0.20280 0.19551 0.12733 0.03430 0.00087 
990	10	0.13406 0.19504 0.20797 0.22064 0.14246 0.07541 0.02253 0.00189 
991	10	0.04741 0.15085 0.09455 0.12212 0.22288 0.21480 0.14483 0.00255 
992	10	0.05491 0.12202 0.16317 0.16874 0.16901 0.18389 0.13770 0.00057 
993	10	0.10708 0.13128 0.10741 0.11383 0.12847 0.11794 0.29154 0.00245 
994	10	0.11275 0.34555 0.24390 0.09336 0.08766 0.07490 0.03989 0.00199 
995	10	0.02309 0.08135 0.08817 0.08504 0.09790 0.11373 0.50784 0.00288 
996	10	0.03048 0.16295 0.15536 0.11609 0.23249 0.17426 0.12726 0.00111 
997	10	0.02253 0.04410 0.07194 0.13149 0.13469 0.12619 0.46395 0.00511 
998	10	0.29185 0.28259 0.11571 0.10221 0.08632 0.05724 0.06380 0.00026 
999	10	0.01788 0.23222 0.16438 0.11305 0.18954 0.14517 0.13736 0.00040 
