[0.2064704, -0.051029045, 0.22896312, -0.015496787, -0.18600681, -0.0040103686, 0.014629468, -0.034202944, -0.0070454162, 0.016540537;
  0.55789876, 0.37104359, 0.07582432, -0.21384966, -0.030383389, -0.024164161, -0.37877154, 0.049761217, 0.14672574, 0.095196173;
  -0.13485675, 0.30362567, -0.17390653, -0.28765213, -0.12208434, 0.032208908, 0.11601978, -0.044898953, -0.20378773, -0.18702991;
  -0.40111783, 0.12308533, -0.27512315, -0.33515954, -0.12195574, 0.016100323, 0.16614777, -0.038985897, -0.001877903, 0.02209758;
  -0.27064869, -0.17859176, 0.15132175, -0.1531131, 0.03968069, 0.17803283, -0.019598713, -0.094059065, 0.023977499, -0.03303368;
  -0.011938059, -0.029999085, 0.27951437, -0.096925527, -0.10528232, -0.049931142, 0.027448105, 0.17781056, -0.052668251, 2.7605636e-05;
  0.4848938, 0.15101884, -0.063168362, -0.24374896, -0.052182045, 0.0059114485, -0.12124608, -0.0045901746, 0.069017433, 0.045826711;
  -0.43221119, -0.17892908, 0.14451471, -0.10567988, 0.0093392031, 0.22730558, -0.030144701, -0.14159444, 0.043094143, -0.041773953;
  0.38228354, -0.057947643, 0.19133966, -0.13249201, 0.014582613, 0.10898877, -0.0020319568, -0.092769556, -0.0019043225, -0.014855554;
  0.33961257, 0.1934682, 0.064671665, -0.28987938, -0.020450007, -0.0093638217, 0.16383819, -0.027168153, 0.030258162, 0.077369787;
  0.1489979, -0.031129537, 0.24612448, -0.16423869, 0.030944305, 0.075253651, -0.0075822431, -0.070928, -0.023140652, 0.0044918237;
  0.30567968, 0.74788004, -0.10751021, 0.083094947, 0.021424323, -0.1253332, -0.88877457, 0.096126117, 0.29860395, 0.21606341;
  -0.053428426, -0.068301402, 0.22021829, -0.099316195, -0.080699407, -0.14306752, 0.016437246, 0.15645006, -0.086768575, -0.00013453251;
  0.35985515, 0.44476214, -0.0057893954, -0.18165991, -0.050517891, -0.03841801, -0.53689462, 0.074381992, 0.19533336, 0.11143778;
  -0.60440964, -0.12965831, 0.16284482, -0.10376482, 0.1351465, 0.18024531, -0.02995472, 0.015745267, -0.034008294, -0.0092841731;
  0.29106495, -0.044516273, 0.23675232, -0.11820317, -0.10559835, -0.066471085, 0.030536244, 0.087502502, -0.015372352, -0.053913374;
  -0.54469633, -0.16216086, 0.16359288, -0.12770668, 0.090784967, 0.17508318, -0.033148989, -0.028139507, -0.023153387, -0.006338283;
  -0.45709857, -0.11962654, 0.2109468, -0.086901575, 0.0066014845, 0.18695208, -0.032953292, -0.14316911, 0.023331366, -0.029461887;
  0.29133871, 0.024601663, 0.31570849, -0.11346325, -0.058334474, 0.063586593, 0.0072885891, -0.046016257, -0.012073227, -0.013038169;
  0.47494122, 0.10430874, -0.051269155, -0.2385677, -0.017543253, -0.032960165, 0.11379972, -0.042369708, 0.029293204, 0.0891767;
  -0.069946982, 0.0047833608, 0.31778601, 0.028241737, -0.22540021, 0.0032445623, -0.00061824889, -0.078870259, -0.026943736, 0.071158595;
  0.037325986, -0.099561892, 0.22961421, -0.17692691, 0.0077598924, 0.062692896, -0.0027590727, -0.033777814, -0.038740225, 0.023136217;
  0.1140507, 0.53376377, -0.040004347, -0.23097996, -0.11321686, 0.015039718, -0.33336827, 0.039735183, -0.076776505, -0.11681727;
  -0.008653014, 0.069758981, 0.3144598, 0.079222105, -0.20078363, -0.080551058, 0.01762359, 0.094344653, -0.084221922, 0.12664314;
  -0.065024287, 0.67263699, -0.10465046, -0.15422741, -0.11048372, -0.0019080023, -0.3736715, 0.033458106, -0.12040181, -0.14242138;
  -0.31678849, -0.17413527, 0.15523061, -0.15578613, 0.0086400537, -0.029718541, -0.0067913188, 0.069079697, -0.052632671, 0.035594895;
  -0.41361326, -0.19085254, 0.14526261, -0.16546538, 0.018383151, -0.035925239, -0.0091399066, 0.061767526, -0.050978705, 0.03407827;
  -0.18534794, -0.068320826, 0.22725664, -0.062718958, -0.099586904, -0.082045965, 0.027678402, 0.25643367, -0.040647775, -0.079216637;
  -0.29303372, 0.27678606, -0.13230719, -0.32514986, -0.075910278, -0.07318408, 0.025028629, -0.024865208, 0.024234571, 0.024048898;
  -0.11670721, -0.16105741, 0.14893816, -0.19801968, 0.045885246, 0.012662556, 0.0037707577, 0.076954722, -0.014798774, -0.045487862;
  0.57864755, 0.13575959, 0.32423958, -0.02387872, -0.13068251, -0.13062827, 0.057671081, 0.24154702, -0.046022289, -0.087650836;
  -0.23621242, -0.23136947, 0.10309859, -0.1714005, -0.046565738, -0.10688598, 0.0048406655, 0.087935589, -0.039841197, -0.0093792034;
  0.547683, 0.21956943, 0.028778737, -0.24102797, -0.0353329, 0.021643059, 0.083439156, -0.027816268, -0.024878979, 0.016509743;
  0.036731519, 0.15008497, -0.13925323, -0.33064389, -0.083665296, -0.025496908, -0.0099896286, -0.03113788, -0.0097087696, -0.018628525;
  -0.189153, -0.20279005, 0.10581895, -0.16549045, 0.002814244, 0.045993425, -0.01350545, -0.031630412, -0.0027815299, -0.031465232;
  0.16054349, -0.082080975, 0.17557055, -0.1531958, 0.049589597, -0.0025483314, -0.0040418673, 0.056118209, -0.069324851, 0.023080161;
  0.20167491, 0.17276666, 0.043206271, -0.30525455, -0.010253752, -0.040116999, 0.20535998, -0.030899473, 0.11784725, 0.21827921;
  1.0700444, 0.093614124, 0.17101181, 0.060452305, -0.011455182, 0.09144368, 0.020508585, -0.084654264, -0.011698243, 0.021616831;
  0.32157901, -0.092145883, 0.16992241, -0.084650718, -0.067483231, 0.030857254, 0.0069738389, -0.030937906, -0.017607693, 0.024402296;
  -0.11398763, -0.049314052, 0.29818538, -0.13095285, -0.10682331, 0.024962075, 0.015126896, 0.029879283, -0.00038367292, -0.049043044;
  0.35778338, -0.049026735, 0.21060073, -0.13114578, 0.019850677, 0.098071426, -0.0074325795, -0.12125705, -0.0041419733, -0.0025493342;
  -0.17327176, 0.027166916, 0.33321124, 0.0725969, -0.25885656, -0.074210927, 0.029492686, 0.12103745, -0.051994979, 0.071768843;
  -0.010230358, 0.56799406, -0.012384797, -0.23156586, -0.073262751, -0.055723775, -0.42846602, 0.04344137, 0.02185077, -0.039951593;
  -0.091905154, 0.443793, -0.14255624, -0.2165367, -0.094721586, -0.0070560742, -0.056682706, -0.022206558, -0.059827406, -0.0682313;
  -0.40151143, -0.19066463, 0.16821174, -0.16813774, -0.05800667, -0.040130176, 0.00052125187, 0.076623492, -0.040230647, -0.024477631;
  0.34319025, -0.0065524969, 0.26474833, -0.1319381, 0.004850145, 0.1037433, 0.0014965852, -0.072735474, -0.011189439, -0.0024812468;
  0.31287119, -0.047478829, 0.21091272, -0.15822861, 0.084970392, 0.10805442, 0.0037927977, 0.010350753, -0.0094450805, -0.020702548;
  0.045331936, 0.2076228, -0.071061224, -0.30338514, -0.067803338, 0.01013804, 0.20627005, -0.039529499, -0.0042841067, 0.064187787;
  1.3879682, 0.20796758, 0.13272071, -0.018837143, 0.078585625, 0.027212191, 0.049299382, -0.042085983, -0.0062731118, 0.053831205;
  0.21265882, -0.052866083, 0.23067704, -0.071010284, -0.10518555, 0.072670594, 0.0014357798, -0.098635897, 0.0063649607, 0.0031030367;
  -0.12421514, -0.046228282, 0.26947334, -0.1012136, -0.07797531, -0.026527496, 0.0064024725, 0.081658885, -0.045079656, -0.00050623901;
  0.36286178, -0.076725088, 0.18446581, -0.11575308, -0.024082724, 0.085706361, -0.00053552818, -0.10726577, 0.0027273025, -0.0026028405;
  0.44700155, -0.064063363, 0.17165785, -0.048681337, -0.072234154, 0.091769174, -2.6348023e-05, -0.1409694, 0.013802895, -0.00084856176;
  0.20721051, 0.3254773, -0.030881763, -0.29652706, -0.099080265, 0.056010712, 0.12774071, -0.036901526, -0.14757328, -0.11147436;
  -0.39450726, -0.14500405, 0.19643056, 0.066357978, -0.2902216, 0.029334435, 0.0022266686, -0.076287411, 0.024227899, -0.005676717;
  0.086376093, 0.56773877, -0.058033373, -0.18799348, -0.086780094, -0.026951548, -0.53985548, 0.067409374, 0.13920112, 0.064238675;
  -0.00029761568, 0.20150882, -0.060341515, -0.33116663, -0.065534748, -0.052549716, 0.052530501, -0.016357943, 0.019129403, 0.03249611;
  -0.090048775, -0.1750769, 0.13529757, -0.1915915, 0.043304563, 0.046559554, -0.0086911302, -8.0895341e-05, -0.025381723, -0.0020836752;
  0.3082602, -0.045095105, 0.2075423, -0.1192518, 0.050890055, 0.05172867, -0.013644848, -0.060590394, -0.052304126, 0.02925935;
  -0.18680234, 0.64478022, -0.13737842, -0.17209607, -0.10640805, -0.030841503, -0.40036693, 0.032142412, -0.055264402, -0.10109328;
  -0.014105927, 0.35728571, -0.15640162, -0.23391534, -0.10715912, 0.0081505952, -0.027617518, -0.020335231, -0.072183654, -0.090187773;
  0.029747929, 0.29116777, -0.047246993, -0.30339673, -0.077066369, -0.022068549, 0.087023027, -0.019413589, 0.017391399, 0.048248306;
  -0.12294284, -0.056413367, 0.2770631, -0.12788089, -0.047098622, 0.010437504, -0.0051181316, 0.010192092, -0.070919298, 0.067386858;
  0.23139918, -0.026661962, 0.25310799, -0.14369676, 0.00083776464, 0.1136483, 0.0012643969, -0.060825188, -0.0014350694, -0.021599703;
  0.099171869, -0.011485437, 0.26637492, -0.068614818, -0.14040947, 0.0042218673, 0.019092115, 0.06187281, -0.0079345843, -0.063380569;
  0.29282984, 0.23043098, -0.084572852, -0.26301864, -0.079716593, 0.0072862301, -0.14899142, 0.0023398609, 0.05253147, 0.019490888;
  0.80058241, 0.21942995, 0.038198389, -0.18005292, -0.017098432, 0.020315077, -0.11286066, -0.0075718816, 0.035747848, 0.022339603;
  0.11505046, -0.01938352, 0.26084289, -0.18872334, 0.14151175, 0.18368173, -0.0047772806, 0.0013414979, -0.012230618, -0.023956804;
  0.34561232, 0.22298916, -0.022712309, -0.27634826, -0.056818951, 0.010600864, 0.097814195, -0.043754108, -0.12481383, -0.090732709;
  0.38041699, -0.039960288, 0.23464541, -0.077754073, -0.095802978, -0.0029967811, 0.016950114, -0.02622981, -0.030689392, 0.041464895;
  1.3566266, 0.18444866, 0.093836263, -0.015148687, 0.069569789, 0.028982107, 0.047565691, -0.045203224, -0.033997212, 0.013543379;
  1.2393515, 0.16615953, 0.10615456, -0.063634381, 0.066507272, 0.011831601, 0.07253848, -0.043467585, -0.010486502, 0.040133763;
  0.55146217, -0.073416606, 0.13361582, -0.012647375, -0.11831959, -0.014883234, 0.025559235, 0.013715753, -0.016580869, 0.021148905;
  -0.31785351, 0.22896016, -0.12344933, -0.33519989, -0.071805865, -0.062634885, 0.119899, -0.03596399, -0.0049657985, 0.0093030278;
  0.18973039, 0.90041441, -0.10266886, 0.15315948, 0.068488672, -0.18370762, -0.97433758, 0.091145955, 0.33461124, 0.27478454;
  -0.19187948, -0.14272173, 0.17567259, 0.013980344, -0.27270943, -0.056935839, 0.028264303, 0.098450378, -0.0066133365, -0.0034161038;
  -0.18234797, -0.12848295, 0.21702558, -0.15540695, -0.016615016, 0.092965007, -0.016119165, -0.11007131, 0.016288115, -0.026837997;
  0.32244733, -0.052880369, 0.21428581, -0.097964242, -0.042317729, 0.011966578, 0.013133353, 0.0023360515, -0.030877367, 0.023065707;
  -0.28165761, -0.21050268, 0.1082902, -0.17170608, -0.035496764, -0.12966858, 0.0037993249, 0.098141842, -0.051921908, -0.0021444364;
  -0.11732021, -0.15218492, 0.18449134, -0.088750347, -0.24094936, -0.15882558, 0.041048918, 0.13857625, -0.010966108, -0.036147133;
  -0.41296235, -0.19647174, 0.13203834, -0.095397145, -0.032739487, 0.19869635, -0.027109211, -0.14218934, 0.041579958, -0.047839601;
  0.1982059, -0.079903536, 0.19644396, -0.13742071, -0.011074229, 0.039807335, 0.0034746949, -0.028834151, -0.010909622, 0.0030539406;
  0.079494528, -0.10859855, 0.20997858, -0.1244974, -0.059440982, 0.045998532, -0.0062111975, -0.11550619, -0.0044368659, 0.020145793;
  -0.2492635, -0.12303676, 0.24496646, -0.15697791, -0.037061241, 0.091401652, -0.016004616, -0.10092864, -0.0021411057, -0.011391892;
  0.30257383, -0.037323751, 0.2332001, -0.030982418, -0.17676027, -0.058217999, 0.026505075, 0.02902139, -0.027806558, 0.029112911;
  0.2623136, -0.032684639, 0.22842702, -0.18443435, 0.066053353, 0.0071679903, 0.00059940707, 0.052212417, -0.10559937, 0.053985611;
  -0.24085572, 0.25046772, -0.12099078, -0.37787598, -0.11368736, -0.017943067, -0.032018468, -0.010905142, 0.01641136, -0.018013647;
  -0.24535666, 0.026616657, 0.28709641, -0.1639877, 0.035401661, -0.13347575, 0.0092079593, 0.10374478, -0.10176753, 0.0050054733;
  0.31583804, -0.065311216, 0.18036152, -0.1048287, 0.0089579681, 0.025332721, -0.013914752, -0.15368542, 0.0026626082, 0.0010459879;
  -0.043462209, 0.15040991, 0.45984772, 0.054680634, -0.26183832, -0.10151292, 0.020371947, 0.048474971, -0.055372424, 0.064636059;
  0.20005673, -0.15501812, 0.11825319, -0.092488743, -0.12044807, -0.0079432121, 0.01426904, 0.012413632, 0.002222578, -0.026907258;
  -0.41864109, 0.085902713, 0.37297755, 0.20560037, -0.16444029, 0.10913678, -0.037638504, -0.23264088, 0.019720912, 0.049915541;
  0.093834817, 0.17155489, -0.081330262, -0.32622978, -0.078319013, -0.010423539, 0.0250264, -0.014940548, 0.061674301, 0.077230535;
  -0.050968848, -0.093534417, 0.22802104, -0.069429211, -0.1857619, -0.031928826, 0.022273524, 0.070208877, -0.027014708, 0.00016827339;
  0.20882449, -0.12030508, 0.15913957, -0.11021537, -0.041368634, 0.070015594, -0.00086573971, -0.072512694, -0.0031121436, 0.0099821845;
  -0.3441115, -0.063239746, 0.27723363, -0.10392349, -0.05442559, 0.14707342, -0.02846895, -0.15373926, -0.0051564411, -0.00022487437;
  0.054267202, -0.19411309, 0.11889882, -0.18676518, 0.0043766452, 0.0059733582, -0.0050202538, -0.055201586, -0.0086534992, -0.0075048949;
  -0.12697618, -0.23315887, 0.099651597, -0.12960702, -0.054525133, 0.019223785, -0.0089863939, -0.05303219, -0.0026114502, 0.014421625;
  -0.069279827, -0.087591536, 0.21015085, -0.13708657, -0.082077347, -0.12782107, 0.020887205, 0.11229782, -0.04184543, -0.010318163;
  0.9967218, 0.074006364, 0.19482248, -0.018637788, 0.074247487, 0.10581502, 0.012390249, -0.062089123, -0.0086145122, 0.00053804932;
  0.18585961, -0.19763525, 0.07942111, -0.18054326, 0.0040946524, -0.070374817, 0.0025602174, -0.025208218, -0.0047808238, -0.017432878;
  0.59425306, 0.17682745, -0.01929513, -0.21735288, -0.041159894, 0.048414335, 0.061756738, -0.034420565, -0.039436832, -0.020650201;
  -0.62457991, -0.18196121, 0.093005247, 0.036620516, 0.034595992, 0.19724278, -0.029409932, -0.0099010328, 0.010788718, -0.0021680808;
  0.85044724, -0.13665637, -0.084521569, 0.095658496, -0.040940799, 0.11114313, 0.012284362, -0.074622482, 0.026391249, -0.008304812;
  0.51844531, -0.22921823, -0.042797197, -0.050285496, 0.039753702, 0.055276964, -0.0084611904, -0.074867621, 0.022810206, -0.010128852;
  1.0149051, -0.021642648, -0.061763607, 0.036571935, 0.083880559, 0.064468287, 0.050870504, 0.02654756, 0.086737685, -0.047057133;
  0.74243337, -0.21114488, -0.094755508, 0.0012204013, 0.061375253, 0.035144638, -0.0076577463, -0.06357234, 0.014103822, -0.001409639;
  -0.55562574, -0.067969419, 0.11257064, 0.16962124, 0.037201744, 0.23088236, -0.069739506, -0.27080405, 0.031287849, -0.0040484103;
  -0.21389328, 0.010644549, 0.02140511, -0.1477107, 0.020367952, 0.0257464, 0.050628088, -0.0070325341, 0.075407982, -0.027501063;
  -0.59694177, 0.22604407, -0.41813409, -0.22431353, -0.14265503, 0.016154934, -0.0040591876, -0.02562381, -0.02603461, -0.048398424;
  -0.61434788, -0.025127202, -0.015165295, -0.20782407, 0.13175355, 0.014004804, 0.12743965, 0.15656669, 0.32232267, -0.19571953;
  -0.40732911, 0.28682783, -0.41215506, -0.16817352, -0.15722747, 0.039567117, -0.21170785, 0.012357801, 0.037784066, -0.026250882;
  0.65228951, -0.35201558, -0.28537598, 0.066735648, 0.023104325, 0.023007752, -0.014799085, -0.027575092, 0.033241734, -0.010538893;
  -0.59745634, -0.053477563, 0.11681482, -0.020822318, 0.2605131, 0.11415831, -0.040564358, 0.06476932, -0.10465638, 0.039255537;
  -0.61241651, -0.16346775, -0.13274817, 0.023604974, 0.31002092, -0.072759025, -0.03935945, 0.060944021, -0.17010468, 0.083288409;
  -0.33902183, -0.061870251, 0.1432358, 0.2598232, -0.2964021, -0.047988907, 0.016183378, 0.091904059, 0.0406247, -0.10927071;
  -0.46425477, 0.078683421, 0.25940418, 0.11726953, 0.060584869, -0.23865838, -0.032584965, -0.33473763, 0.039370496, -0.057085473;
  -0.56272608, -0.18542202, -0.050342273, -0.11963306, 0.2029245, -0.11964069, -0.012237892, -0.0084149567, -0.03995179, -0.0037072306;
  -0.31040677, -0.24387395, 0.069908805, -0.064243823, -0.086804263, -0.071484067, -0.02572749, -0.014294558, -0.0278746, 0.015247433;
  -0.464486, -0.28689665, 0.012018534, 0.0088934358, -0.12666148, -0.0062811868, -0.035753254, -0.061876506, -0.00062412303, 0.0039368798;
  -0.066775329, 0.2763522, -0.16903602, -0.29144549, -0.13422354, 0.080604695, 0.10357625, -0.035209779, -0.15956779, -0.14531301;
  -0.47799715, -0.32118741, -0.013101723, -0.037107203, -0.091366887, -0.05216616, -0.034504551, -0.0097912913, -0.026343746, 0.016935294;
  -0.16111065, 0.3064191, 0.06313093, 0.073209979, 0.087760195, -0.022410693, 0.067515582, 0.047499958, 0.07760042, -0.010460332;
  -0.67995036, -0.36942986, -0.086076669, 0.022844356, -0.032671817, 0.18613555, -0.03651987, -0.11477935, 0.070055611, -0.043034405;
  -0.38040587, -0.070307218, -0.13278532, 0.17202525, 0.30775106, -0.62074661, 3.1670108e-05, -0.37542203, 0.10199524, -0.17851962;
  0.40525198, -0.16147299, 0.070207156, -0.182147, 0.1099509, 0.0025571573, -0.00096075766, -0.0070142243, -0.039974786, 0.012964943;
  0.72392154, -0.10618371, 0.066707455, -0.077620625, 0.062020309, 0.052595194, 0.0059314901, -0.042633787, -0.0040186411, 0.0023074467;
  -0.61638957, -0.26764664, 0.088732518, -0.039492596, -0.14092787, -0.0051819752, -0.008165055, -0.016824024, -0.00077286467, 0.025096146;
  -0.13021651, -0.39851934, -0.16181348, 0.059163745, -0.079834916, -0.098905191, -0.080640636, -0.30942753, 0.084030621, -0.015695795;
  -0.62885237, -0.37514383, -0.27927828, 0.15596291, 0.073204532, 0.078654639, -0.058962248, 0.0016722789, -0.0067411042, 0.013046111;
  -0.038585495, -0.18173921, 0.12745796, -0.050700456, -0.10306795, 0.077289402, -0.006780379, -0.098050557, 0.035221327, -0.032298643;
  0.38465106, -0.044003844, 0.038948774, -0.076827846, 0.039576162, 0.07284978, 0.025829196, -0.033012901, 0.062157098, -0.028230652;
  -0.033996299, 0.11456666, 0.17979909, 0.42540553, -0.27780706, -0.24398836, 0.059899762, 0.39798999, 0.00203072, -0.16627565;
  -0.25930366, 0.73942655, -0.23316282, 0.023000365, -0.11237115, 0.1215646, 0.27046382, -0.05383943, -0.3376396, -0.16848651;
  -0.50102615, -0.18440153, 0.07426431, 0.12420722, -0.12490399, 0.12554808, -0.035748549, -0.15893196, 0.040613201, 0.018011887;
  -0.33895877, 0.48435354, -0.49424094, 0.062680885, -0.13487233, 0.059335664, 0.069753513, -0.051364098, -0.29128262, -0.26100796;
  -0.024695219, -0.081385136, 0.16055161, 0.1055436, -0.18895094, 0.081703722, -0.02677989, -0.19109689, 0.035077769, 0.00058969157;
  -0.39023387, -0.17778388, -0.45622143, 0.53044432, 0.30896643, 0.22246614, -0.072200634, 0.16428347, -0.14160737, 0.10099918;
  0.44404364, -0.12669693, 0.097608253, -0.092402317, 0.05704708, 0.14330652, -0.0010775211, -0.069716178, 0.028246308, -0.028785978;
  -0.5529964, -0.20534162, -0.28303623, 0.076148294, 0.21707006, -0.25932223, -0.020727176, -0.016637191, -0.011647714, -0.023450337;
  0.050029665, 0.14372768, 0.1784782, -0.20544881, 0.09871649, 0.075236157, 0.12443631, 0.15515102, 0.25009662, -0.17053922;
  0.090281844, -0.35476074, -0.11771368, -0.18061773, 0.15714361, -0.032293987, -0.024243683, 0.027545558, -0.010540799, -0.0042391354;
  0.23077238, 0.17167293, 0.31919762, -0.058775496, -0.016731812, 0.087051779, 0.011626313, -0.15474328, 0.054323338, -0.0094019547;
  -0.30331457, 0.046811678, 0.33434567, -0.13681503, 0.098669186, 0.10891278, -0.0087604942, 0.12553111, -0.080675773, 0.035892557;
  -0.64851344, -0.20257452, -0.022916928, -0.064447999, 0.20944826, -0.009661898, -0.037007008, 0.056836121, -0.10610067, 0.044202045;
  -0.52124059, -0.41725752, -0.094491787, -0.20675787, 0.052243643, -0.086463556, -0.025447145, -0.037813861, 0.0071916012, -0.01755642;
  -0.63794833, -0.32486427, -0.053157322, -0.0411372, 0.03144896, -0.041447099, -0.042855762, 0.043912914, -0.074022494, 0.057767347;
  -0.52305955, -0.34487647, 0.012493936, -0.21279615, 0.0081802886, -0.05387383, -0.016923167, -0.042630471, 0.0062714731, -0.025168104;
  0.46507224, -0.13389312, 0.090020217, -0.090714559, -0.01568839, 0.0026136597, 0.011975369, 0.014090696, -0.0058428966, -0.025669537;
  -0.31945074, 0.11082143, 0.2391701, 0.45424584, -0.17966759, -0.130896, -0.011785818, 0.062577315, -0.11712828, 0.23449601;
  0.51400173, -0.262458, -0.075369567, -0.085230835, 0.052829478, -0.0036181665, -0.0075549553, -0.043031648, 0.0082033165, -0.0011323518;
  -0.1361735, -0.1667618, 0.18491212, -0.17595346, -0.040180374, 0.059513256, 0.0080717206, 0.014451082, 0.02341591, -0.065074906;
  -0.69040179, -0.23779468, 0.077804044, 0.058649708, -0.048571937, 0.19709231, -0.039378449, -0.18423143, 0.049871095, -0.02021583;
  -0.70644063, -0.27648735, 0.051811479, 0.02075954, -0.062302355, 0.14280298, -0.029226515, -0.096928477, 0.042308878, -0.035759848;
  -0.68693262, -0.47755906, -0.19463906, -0.031163029, -0.0035598543, -0.14635099, -0.034865849, 0.023185724, -0.007124084, 0.036993857;
  -0.22332707, -0.20709974, -0.03428321, 0.20567051, -0.21696709, -0.37444618, 0.024247285, 0.30657512, -0.0088569112, -0.10243759;
  -0.58745521, -0.34222376, -0.20484456, -0.039941043, 0.17264792, -0.1210895, -0.054998778, 0.055899709, -0.083885066, 0.040390052;
  -0.51389331, -0.36546943, -0.1201004, 0.12316606, -0.18066132, -0.21248582, -0.0070548626, 0.10798436, -0.027673842, 0.079090834;
  0.53558284, -0.0093738083, 0.13602661, -0.057324767, 0.18754953, 0.098154046, -0.00075538963, 0.11684486, -0.063858666, 0.034815576;
  0.025723955, -0.30832821, -0.095913403, 0.05265855, -0.18588053, -0.079911917, 0.012107343, 0.068117343, 0.0071807005, 0.013557999;
  -0.19639231, 0.36638856, 0.07513956, 0.21301253, 0.25281528, 0.074509896, 0.12484879, 0.19962645, 0.30228257, -0.17452316;
  -0.57171464, -0.25419104, 0.0555324, 0.0079330234, -0.13206346, 0.10999719, -0.020527864, -0.055424184, 0.046271715, -0.05847941;
  -0.64344203, -0.40765992, -0.14593661, 0.096671842, -0.18800139, -0.11840127, -0.0045763599, 0.10905454, 0.031062569, -0.044610664;
  -0.39507142, 0.11842872, 0.14669055, 0.17671372, 0.3991884, 0.13257103, -0.066055462, 0.13978541, -0.2826024, 0.19012393;
  0.049016796, 0.58939147, 0.097761184, 0.42905575, 0.31546593, -0.00086204364, 0.13483021, 0.20032936, 0.32931414, -0.16917223;
  -0.36083046, -0.074696846, 0.1902312, 0.091124795, -0.06641271, -0.052983593, -0.015269945, 0.053168152, -0.062948726, 0.11509228;
  0.52436703, -0.0050875884, 0.22083502, -0.05383791, -0.10080891, 0.023741947, 0.022065543, -0.0073115062, -0.00093983964, -0.026155358;
  0.14537568, -0.18187623, 0.099366546, -0.15636143, -0.064374655, -0.13727278, 0.018466199, 0.069377027, -0.011343324, -0.029590214;
  0.43155691, -0.17274529, 0.052423827, -0.080100752, -0.058825172, -0.054725472, 0.014696149, -0.014566006, 0.017554572, -0.032271441;
  0.00049956451, -0.26110578, 0.043429263, -0.16133778, -0.0038322578, 0.071941197, 0.0010181003, -0.0094408747, 0.026961805, -0.037324872;
  0.26835382, -0.43327123, -0.26213622, -0.0023173818, -0.046294462, 0.010250621, -0.013353696, -0.036510333, 0.044788193, -0.021506581;
  -0.4243497, -0.20186733, 0.11773839, -0.17599399, 0.12084097, 0.1517044, -0.031463552, -0.064342014, -0.0049487129, -0.017319364;
  -0.58768892, -0.18890275, 0.074247055, 0.20741287, -0.16483735, 0.04148268, -0.035856575, -0.13642845, 0.034128994, 0.0050929328;
  -0.25746906, -0.050579943, -0.20604156, 0.17299801, 0.25542673, -0.44031096, -0.0092511894, -0.062535994, 0.012493199, -0.034994468;
  -0.59966516, -0.078130156, 0.27954084, 0.00022554294, -0.17880313, -0.091399379, 0.007715845, 0.076188587, -0.036344416, 0.012312084;
  0.52813053, -0.12576941, 0.091271088, -0.12045139, 0.04621847, 0.020289069, 0.0022785342, -0.047231108, -0.0032762245, -0.012916889;
  -0.40173379, -0.44808257, -0.12148232, -0.16581717, -0.036787108, -0.18308289, -0.010993931, 0.054301675, 0.0064622541, -0.034644764;
  -0.37690502, -0.42536744, -0.063497551, -0.14548762, -0.11393812, -0.11786612, -0.0070570703, 0.044657439, 0.024321144, -0.049435038;
  -0.2222586, 0.36178198, -0.064096667, -0.14514922, 0.0091620674, -0.091820873, 0.21189308, -0.022976782, 0.090490319, 0.1741012;
  0.514548, -0.049804058, 0.20105352, -0.12718837, 0.013131745, 0.063841172, 0.014485479, -0.042170361, -0.0026501035, -0.0080908239;
  -0.57167351, -0.54028141, -0.21609552, -0.1185163, -0.00068047538, -0.042440549, -0.039613795, -0.046832915, 0.03461903, -0.033584971;
  -0.56129783, 0.30461022, -0.3069922, -0.24189827, -0.11399908, 0.0074036554, 0.13769078, -0.045095511, -0.014510714, 0.025287356;
  -0.5027169, 0.24935253, -0.39280006, -0.20666751, -0.15961596, 0.072155856, 0.11407459, -0.033072595, -0.077041797, -0.053323492;
  -0.45372215, 0.28587264, -0.26424775, -0.26800075, -0.10081631, -0.050588269, -0.11633889, 0.00092054339, 0.11123528, 0.098956898;
  -0.40011474, 0.11295801, 0.0081935162, 0.097298242, 0.38747585, -0.50282836, 0.029913524, -0.29109398, 0.05494649, -0.1823716;
  0.32955739, -0.34766227, -0.13739452, -0.11210798, 0.041033324, -0.055902664, -0.023224372, -0.054465156, 0.020196499, -0.0060802852;
  -0.14358969, 0.63404918, -0.32640588, 0.10768469, -0.028678687, -0.053702366, 0.01284324, -0.059182018, -0.107777, -0.048718117;
  0.68340319, -0.25925326, -0.21489395, 0.14658463, -0.056957919, 0.10483236, -0.0072209504, -0.10465065, 0.046501122, -0.011134013;
  -0.58958954, -0.16193059, -0.026091401, -0.037853811, 0.16696227, -0.41347009, 0.010584443, -0.19123314, 0.071611941, -0.15008333;
  0.02285653, -0.33375615, -0.079660021, -0.2063181, 0.1001316, -0.15684795, -0.014350928, 0.044723272, -0.050964326, 0.018916218;
  -0.16027483, -0.15361857, 0.13202322, -0.1546956, 0.0092971539, -0.061180905, -0.01407876, 0.0073689632, -0.019255728, -0.03237275;
  0.4592962, 0.14757153, -0.020324206, -0.24687254, -0.026228284, 0.0076101026, 0.14551669, -0.038334426, 0.042834431, 0.11058916;
  -0.39750281, -0.072386235, 0.27903813, -0.21023262, 0.083383173, 0.11872513, -0.0017675617, 0.042006623, -0.009627887, -0.036718413;
  -0.48607671, -0.14005333, 0.23859273, -0.16807655, -0.0017075151, 0.10576115, -0.011070731, -0.017528657, -0.006541342, -0.015638886;
  0.36085713, -0.31017771, -0.087283738, -0.098315626, 0.027597779, -0.019915514, -0.014469685, -0.076676041, 0.02109829, -0.0045824703;
  0.59363294, 0.21452385, -0.05067578, -0.18938069, -0.058300037, 0.065552369, 0.05601117, -0.033894677, -0.092119835, -0.073481202;
  -0.65413892, -0.22205018, -0.074664101, -0.057829749, 0.19496566, -0.33643937, -0.004241162, -0.20926039, 0.046164427, -0.093736388;
  0.13870984, 0.12900825, -0.040777586, -0.34848741, -0.052300848, -0.031388234, 0.027056264, -0.020191025, 0.09468668, 0.10253348;
  0.33580914, -0.23092701, 0.01300378, -0.096778736, -0.048330132, -0.018423293, 0.0093089426, -0.013444927, 0.011554756, -0.023732787;
  -0.20914505, 0.47824934, -0.43798363, 0.076192401, -0.044594057, -0.086228497, -0.56304991, 0.047701862, 0.26044837, 0.22871259;
  -0.042262841, 0.51715618, -0.35429499, 0.28701982, 0.081687696, -0.1025195, 0.3725585, -0.072045751, 0.22642301, 0.62320107;
  -0.11393379, 0.34646299, 0.047928151, 0.35577032, 0.47623384, -0.65592057, 0.043548673, -0.43840852, 0.10524324, -0.25656107;
  -0.4509691, -0.053496726, 0.13336647, -0.13418381, 0.25662461, -0.015345592, -0.030852595, 0.074183196, -0.14703831, 0.066541381;
  0.4685832, -0.088892743, 0.065001138, 0.0026392373, -0.11996931, -0.15271303, 0.033679791, 0.17992261, -0.01079931, -0.075713709;
  -0.043177485, 0.48362631, 0.16869116, 0.41073716, 0.45825705, -0.71375507, 0.052283492, -0.4429082, 0.090755053, -0.24776748;
  -0.023392605, 0.41034591, 0.029225592, 0.48267585, 0.53725338, -0.70864218, 0.039670069, -0.47644252, 0.10049044, -0.26810268;
  -0.15908603, 0.25829005, 0.10218617, 0.0046138419, 0.15506876, 0.058883067, 0.13352598, 0.18391138, 0.29781955, -0.18360034;
  -0.4448922, -0.16994868, -0.016701357, 0.2997227, -0.22801755, -0.23123564, 0.0046307235, 0.21681437, -0.003175956, -0.081296377;
  -0.38803411, 0.45845908, -0.31018874, -0.12550986, -0.098918773, -0.039793234, -0.054163978, -0.021832548, -0.038662113, -0.016302088;
  -0.53279966, 0.15697688, -0.22646682, -0.27944762, -0.061082873, -0.089479625, 0.1128035, -0.030132238, 0.010069563, 0.0032591478;
  0.95350087, 0.056427166, 0.079260193, 0.13682459, -0.11707321, 0.051183112, 0.051338296, 0.078320198, 0.0030942883, -0.047132745;
  -0.17584287, -0.046262711, -0.075894207, 0.093032524, 0.14231405, -0.40482709, 0.00040682661, -0.061572045, 0.044432286, -0.059770487;
  -0.30856776, 0.42284459, -0.18916893, -0.27783072, -0.1533846, 0.056279283, -0.025020063, -0.01484248, -0.14508943, -0.15753877;
  -0.39868408, 0.4609848, -0.013512575, -0.18949614, -0.014117725, -0.062747724, 0.17198142, -0.0088543249, 0.11378792, 0.21065448;
  0.11920052, -0.072594605, 0.046528153, 0.2133643, -0.28002945, -0.28099957, 0.044835035, 0.34062144, -0.0097820275, -0.12166007;
  -0.3917017, 0.066438459, 0.25883925, 0.3897199, -0.36895704, -0.12831897, 0.026588185, 0.13660975, -0.053706158, 0.096544534;
  -0.42725059, -0.1083541, 0.1932597, -0.10555442, -0.04288853, 0.11148058, -0.0075652269, 0.0029880176, 0.0057599503, -0.040767509;
  1.0741266, 0.17637469, -0.0018393141, -0.044828326, 0.005986183, 0.069924958, 0.0072387285, -0.027564775, -0.017204059, -0.00169961;
  -0.1910402, -0.14328881, -0.57054955, -0.1696336, -0.15531525, 0.032452479, -0.053144801, -0.0077758655, 0.072063699, -0.021941716;
  -0.56826657, -0.058580205, 0.046940926, -0.097377196, 0.23264188, -0.22191785, -0.018170441, 0.04108239, -0.15094924, 0.072944492;
  -0.47653353, 0.016334908, 0.26598379, 0.19024345, -0.052438948, 0.086651534, -0.060798064, -0.24517983, -0.0055075269, 0.034434471;
  -0.55484027, -0.68594033, -0.44646999, -0.032127686, -0.035065334, -0.11042858, -0.053281493, -0.048036799, 0.064399742, -0.018432062;
  -0.45114154, 0.17329489, 0.14149547, -0.061374068, 0.28230432, -0.28693849, 0.030253114, -0.071978912, -0.036235854, -0.067210034;
  -0.21576469, 0.033040512, 0.084184229, -0.2302181, 0.10767321, 0.014067445, 0.10580724, 0.14245307, 0.24997759, -0.16028537;
  -0.24078576, 0.57627827, -0.43734172, 0.12694687, -0.099647224, 0.047846928, -0.021566804, -0.038588982, -0.13907911, -0.12428027;
  0.74882251, 0.1159227, 0.32106203, -0.030238839, -0.15246908, -0.052394021, 0.047338746, 0.083473951, -0.039393943, 0.014685946;
  -0.26768878, 0.1381399, 0.081734814, -0.0030696243, 0.28729558, -0.24423416, 0.012103396, 0.018654281, -0.089025103, 0.024144705;
  0.26433736, -0.15028541, 0.060466133, -0.10153926, -0.026766242, -0.16739462, 0.0072672372, 0.076505341, -0.037974644, -0.012090275;
  -0.59201825, 0.12124629, -0.24387778, -0.27033412, -0.061489899, -0.05455533, 0.23664345, -0.031600911, 0.13473311, 0.19477713;
  -0.4196403, 0.14073463, 0.33803481, 0.18727715, -0.016536236, 0.2399331, -0.047820061, -0.19345553, 0.036242496, -0.00029377826;
  -0.43983653, -0.040467236, 0.17329308, 0.26537919, -0.2698153, -0.28958118, 0.027498618, 0.28352624, -0.060105618, -0.0011268925;
  -0.61519015, 0.10422072, -0.21496163, -0.27963695, -0.048711438, -0.044406205, 0.20337401, -0.02795836, 0.15200707, 0.16865383;
  0.13526078, 0.10823695, 0.12246599, 0.45561352, -0.35804749, -0.20799559, 0.065400615, 0.37562296, -0.0017978506, -0.15175918;
  -0.43282834, -0.38232899, -0.11834019, 0.11781661, -0.28294012, -0.058541007, 0.0026276428, 0.04466616, 0.031132223, -0.015645409;
  -0.053885728, 0.2311749, 0.085839845, 0.0078638243, 0.14727287, 0.045122892, 0.11975095, 0.15800703, 0.26222277, -0.1577992;
  -0.2801021, 0.1045768, 0.094400853, 0.66442192, -0.18583968, 0.26641449, -0.078999057, -0.48879632, 0.076643012, 0.050014701;
  -0.021896861, 0.46434477, 0.19368602, 0.44376993, 0.089989141, 0.042144597, 0.00010851133, -0.18298821, 0.070294984, 0.032618254;
  -0.46075943, 0.049252756, 0.12927142, -0.057335161, 0.24640627, -0.16905773, -0.019550651, 0.030690121, -0.12400562, 0.043735996;
  -0.51508546, -0.1574032, 0.13517849, -0.21469143, 0.10479679, -0.15980557, 0.0039293296, -0.024171023, -0.018612353, -0.054414243;
  -0.48271805, -0.013262448, 0.24096119, 0.20663424, -0.25505006, 0.0597625, -0.018500926, -0.12529863, 0.0094562508, 0.02710888;
  -0.48602882, 0.16750579, 0.1554966, -0.16927359, 0.16127656, 0.086916625, 0.12707485, 0.20473185, 0.29914147, -0.20038013;
  -0.13304275, 0.32800153, -0.031092919, -0.25604138, -0.024608597, -0.048247814, 0.26880082, -0.023453925, 0.18086156, 0.35797644;
  -0.45409346, -0.018076088, 0.29688501, -0.01624818, -0.072584018, 0.20189269, -0.025760233, -0.14700224, 0.039906532, -0.035412241;
  -0.27698958, 0.20611618, 0.1652654, 0.024566421, 0.23052831, -0.5197897, 0.045777064, -0.15509796, 0.039117828, -0.17575403;
  -0.16556573, 0.36829066, 0.089703411, 0.13968801, 0.20687589, -0.06090945, 0.099382892, 0.11434844, 0.21729115, -0.099414855;
  -0.33162233, 0.5399338, -0.0036996824, -0.22217578, -0.046502616, -0.037416827, 0.27553311, -0.025475325, 0.05873106, 0.26287484;
  -0.27879736, 0.36626187, -0.21634762, -0.25246552, -0.14227864, 0.0056109661, -0.16129908, 0.019457726, -0.0089758337, -0.044054948;
  -0.66753453, -0.34157571, -0.099434443, -0.18124674, 0.11154163, -0.1746826, -0.017517064, -0.032423209, 0.014854184, -0.036868162;
  -0.55925661, -0.022414753, 0.27717665, -0.0094223972, 0.0094524603, 0.10636184, -0.044413675, -0.19021487, 0.01398948, -0.00590098;
  -0.36743629, 0.45954612, -0.18164541, -0.068500057, -0.029460495, -0.040409565, 0.29481944, -0.032782782, 0.14355648, 0.3697485;
  -0.58275324, -0.067477942, 0.2239265, 0.08970131, -0.078763731, 0.10003044, -0.027177906, -0.043032087, -0.024016138, 0.052791718;
  -0.48167279, 0.01598959, -0.026411967, 0.015961085, 0.28859645, -0.13604483, -0.0011361695, 0.041331206, -0.11355197, 0.041807756;
  -0.23043877, 0.35094664, 0.51057202, 0.48048428, -0.38199174, -0.23601528, 0.014793614, 0.13053504, -0.094585717, 0.11231326;
  -0.16863544, 0.20794506, -0.28667992, -0.22915789, -0.15828222, 0.082691833, -0.24773292, 0.035231177, 0.088589303, -0.029554086;
  -0.24809471, 0.63482732, -0.36035079, 0.091947272, -0.12513286, 0.12749776, 0.19364387, -0.047440317, -0.32371461, -0.21215817;
  -0.39622828, 0.061186515, -0.077505209, 0.27588198, 0.34157875, 0.24401496, 0.001960305, 0.1653228, 0.059312765, -0.059989762;
  -0.48350844, 0.2634275, -0.43309739, -0.11525048, -0.13814881, 0.032691661, 0.081537217, -0.024626954, -0.078725778, -0.06131395;
  -0.31579173, 0.14094891, 0.087280788, 0.1417385, 0.26629212, -0.6130321, 0.040590476, -0.27706867, 0.07784126, -0.20417599;
  0.090075865, 0.43125144, 0.28303641, 0.97136021, -0.34643355, -0.29343954, 0.027691104, 0.25959897, -0.1737944, 0.31737593;
  -0.50522649, 0.084445611, 0.15007609, 0.0049208063, 0.36514762, 0.068933032, -0.045384467, 0.14031878, -0.25352907, 0.13916464;
  -0.61409318, -0.52727211, -0.39078435, 0.35823375, -0.30454013, -0.19237609, -0.026385259, 0.0838935, 0.044338055, -0.022312192;
  0.37614337, 1.1345888, -0.62405413, 0.85657126, -0.023665564, 0.21774065, 0.044733237, -0.10092176, -0.74874419, -0.5774197;
  0.56822646, 0.40713936, -0.030293426, -0.11856001, -0.07852117, 0.054305259, -0.39606878, 0.059923984, 0.09695939, 0.032514375;
  -0.27981445, 0.083373941, 0.18212134, 0.51592147, -0.16848508, 0.16229987, -0.078978099, -0.44088235, 0.046835389, 0.075017102;
  -0.39736503, -0.080378227, 0.075602412, -0.017522514, 0.15678439, -0.059665591, -0.036270704, 0.18358679, -0.15518209, 0.061497983;
  -0.28887606, 0.39982259, -0.31909984, -0.14861389, -0.15759154, 0.099139005, 0.07654947, -0.037670858, -0.24056828, -0.23183069;
  -0.023418883, 0.0015376649, 0.18132831, -0.2146626, 0.080781497, -0.15989283, 0.025425704, 0.008482133, -0.02586945, -0.02855104;
  0.42314312, 0.14697829, 0.060410775, -0.034705121, 0.049255326, 0.10769086, 0.1031393, 0.10952319, 0.17616957, -0.11567204;
  0.020798119, 0.49209389, -0.13507509, 0.577959, 0.15137312, 0.062375233, 0.06914109, 0.05435089, 0.082966223, 0.015969103;
  0.051381394, -0.032602947, 0.1925595, -0.069276042, 0.092994742, 0.20105943, -0.0043859342, 0.022536239, 0.044369258, -0.05670812;
  0.23348911, 0.28882614, -0.0049069566, -0.20601387, -0.04496894, 0.016683694, 0.16917568, -0.012891729, 0.0015966978, 0.055110916;
  0.36708865, 0.27264467, 0.38136074, 0.0084870178, 0.27924854, 0.28396285, 0.0020389259, 0.14554678, 0.0044224239, -0.052269217;
  0.25366271, 0.27201751, 0.33501366, 0.0060586659, 0.30587879, 0.053685341, -0.026676154, 0.20379141, -0.2845594, 0.18444192;
  1.4173311, 0.1294475, 0.10985443, 0.074737623, 0.12460729, 0.022116745, 0.015938206, -0.035794802, -0.03539307, 0.023290303;
  0.29491696, 0.49857348, -0.11552156, 0.64240664, 0.18308719, 0.088426165, 0.082587428, 0.030678354, 0.1057839, 0.024641404;
  -0.56735504, -0.1298967, 0.07595598, 0.073699236, 0.095649011, 0.20183721, -0.05435764, -0.143125, -0.0020457213, -0.0024886183;
  -0.3423233, 0.083787702, 0.2459438, 0.40833867, -0.36754817, -0.24712087, 0.040438417, 0.2982291, -0.043986414, -0.027786568;
  -0.33462289, 0.11277241, 0.091520876, 0.30804783, 0.25553831, 0.31925109, -0.034448665, 0.10405695, 0.029195005, -0.039300658;
  -0.0038068381, -0.017260669, 0.16468543, 0.184734, -0.35255274, -0.066853777, 0.0493325, 0.16605274, 0.022341272, -0.098803878;
  -0.62147439, -0.26245105, -0.22774723, 0.44198233, -0.11850556, 0.49658245, -0.041965991, -0.29237646, 0.12218942, -0.061102804;
  -0.39542389, -0.042614605, 0.0064392136, 0.17639564, 0.22304802, 0.099134259, -0.054813832, 0.081544794, -0.11052657, 0.066288143;
  -0.096725479, 0.16537051, 0.10599671, -0.12399109, 0.086147234, 0.075249955, 0.12889796, 0.17220344, 0.27183136, -0.17999117;
  -0.10754724, 0.35247397, 0.12596986, 0.11926638, 0.084322505, 0.045148283, 0.069255725, 0.010598151, 0.085289814, -0.012278544;
  -0.29298595, 0.08094503, -0.42628515, 0.19594577, 0.094338045, -0.17806515, 0.04915544, -0.034439832, 0.09623947, 0.043365765;
  -0.1527344, 0.33120289, -0.033910654, 0.32523754, 0.26117846, 0.12190831, 0.12289102, 0.23919775, 0.33987617, -0.20159777;
  -0.55024338, -0.10832709, 0.10862704, 0.3206436, -0.29455283, 0.023195716, -0.019747194, -0.08933375, 0.026079377, 0.0061587356;
  -0.34942389, 0.33872253, 0.23629631, -0.0530461, 0.21017709, 0.105557, 0.13981372, 0.25475273, 0.33502102, -0.22912723;
  0.17507276, 0.086340949, 0.31682184, 0.11501307, -0.29170498, -0.10341399, 0.035511926, 0.13730386, -0.055870824, 0.057814825;
  -0.43876404, 0.47111318, -0.10186587, -0.26094335, -0.093340583, -0.0062337909, 0.22370985, -0.028034415, -0.017282398, 0.086528346;
  -0.30345002, 0.54312265, -0.41277602, 0.027791027, -0.13350244, 0.041267172, -0.43816257, 0.042828646, 0.044668272, -0.034751575;
  -0.21506277, 0.68133718, -0.26270992, -0.028464545, -0.1323269, 0.06597127, 0.0081532365, -0.032420568, -0.32661515, -0.2711592;
  -0.38898647, 0.52753878, -0.33593285, -0.019665265, -0.15472062, 0.15634887, 0.2255581, -0.032263469, -0.23147534, -0.15637757;
  -0.18537858, 0.16649705, 0.31756127, 0.40387693, -0.3541061, -0.25999275, 0.026214376, 0.22533701, -0.04962698, -0.02863802;
  -0.45922539, -0.16341545, 0.0081263902, 0.17332856, -0.045534667, 0.074017622, -0.059578177, -0.21634895, 0.031788487, -0.0082723359;
  0.16342755, 0.59282076, -0.094040938, 0.72221297, 0.2437932, 0.030638732, 0.078750774, 0.018167378, 0.10656539, 0.040517494;
  -0.27846697, 0.088122807, 0.21592849, 0.40742549, -0.3877154, -0.23445718, 0.038744006, 0.3022882, -0.062510036, 0.025378453;
  -0.11111199, -0.10849001, 0.069470987, 0.12229875, -0.20772089, -0.31959456, 0.031969294, 0.30035028, -0.019457551, -0.10010701;
  -0.074438766, 0.6900273, -0.10180078, -0.10221968, -0.10994596, 0.07080026, 0.11997724, -0.033889588, -0.34081966, -0.23901507;
  -0.15714481, 0.6296913, 0.017436605, -0.16733381, -0.054442402, 0.0031102221, 0.30866283, -0.029645631, -0.050173175, 0.17180958;
  -0.21207988, 0.5821619, -0.20284165, 0.067925513, -0.0082212985, -0.019820549, 0.35187116, -0.044840522, 0.10276391, 0.41109443;
  -0.38459975, 0.20973092, 0.077867232, 0.19118695, 0.33711419, 0.32684878, 0.086469837, 0.27353439, 0.26555476, -0.19413865;
  -0.58130634, -0.39678997, -0.26482525, 0.3926557, -0.31554559, -0.13446625, -0.0043317485, 0.056971334, 0.014640364, 0.080715559;
  -0.26841578, 0.083118729, -0.072135024, 0.72841036, -0.11017241, 0.44607419, -0.074379109, -0.43759, 0.081542902, 0.0051207109;
  -0.63366622, -0.24157852, -0.18531892, 0.19505376, 0.20091735, 0.31968772, -0.035499115, 0.10233869, 0.0013458092, -0.022263007;
  -0.12498328, -0.058083888, 0.22812946, -0.18633132, 0.069745816, 0.0042525078, -0.001967405, 0.053162199, -0.046816733, -0.015962832;
  -0.46018881, 0.3630712, -0.18048635, -0.25674266, -0.097586811, 0.00060295791, 0.23402219, -0.037215181, -0.00085395266, 0.13316438;
  -0.30665806, -0.51860446, -0.26794118, -0.050610285, -0.016923206, -0.017720871, -0.034288421, 0.019252544, 0.033222243, -0.015928479;
  -0.43940023, 0.26363325, 0.22199324, -0.11632305, 0.17992187, -0.20006809, 0.062597901, -0.12063207, 0.066749312, -0.093387023;
  -0.5948993, -0.10473222, 0.076080538, 0.054624856, 0.13709123, 0.19315533, -0.05593586, -0.026951995, -0.089321837, 0.055484213;
  -0.86431092, -0.82028693, -0.66707122, 0.11218718, 0.022052281, 0.047573697, -0.062321328, 0.0037646622, 0.056234889, -0.018910319;
  -0.65031457, -0.439055, -0.28773561, 0.03251759, 0.1500852, -0.0080015035, -0.05811939, 0.073628224, -0.071723506, 0.04987336;
  -0.59527135, -0.14202647, 0.19572766, -0.028055565, -0.065313831, 0.13578419, -0.019625977, -0.065551564, 0.0074341851, 0.0045172661;
  -0.58804554, -0.54479551, -0.29171917, 0.075405888, -0.21794303, -0.036484729, 3.0366323e-06, 0.069924094, 0.068156898, -0.073174879;
  -0.49728575, -0.087011307, 0.023118036, 0.14630103, 0.22805901, 0.24452786, -0.024510989, 0.11924566, 0.027845426, -0.054459617;
  -0.48827434, 0.16878855, 0.050618112, -0.065240957, 0.13265216, 0.042865694, 0.11140556, 0.1454891, 0.24559642, -0.14316121;
  -0.52226919, 0.15275912, -0.19961496, -0.17513591, -0.01326806, -0.040501807, 0.19031259, -0.015021296, 0.19979128, 0.20878699;
  -0.61555755, -0.097985461, 0.18197596, -0.065218776, 0.051880136, -0.057830658, -0.033413272, -0.03241954, -0.094534338, 0.073122539;
  -0.4856458, -0.05466317, 0.26239514, 0.026439745, -0.11217511, 0.030994752, -0.0057510566, -0.0041149729, -0.049165487, 0.089952148;
  -0.56625915, -0.054180488, -0.13945958, 0.0075974455, 0.17326702, 0.1969074, 0.11821008, 0.22455297, 0.33985728, -0.21982753;
  0.7773025, 0.0057486594, 0.18628117, -0.12661339, 0.11510976, 0.04377941, 0.013218281, -0.016024109, -0.047385551, 0.01857765;
  -0.46762377, -0.11323334, 0.174179, -0.057998136, 0.072758757, 0.2399129, -0.032802157, -0.11945774, 0.018945774, -0.037120994;
  -0.52981049, -0.049435906, 0.15541337, 0.30518979, -0.25886557, 0.15469311, -0.025808491, -0.19562829, 0.020948194, 0.072590321;
  0.59875298, -0.11444697, 0.061804183, -0.035088569, -0.039585136, 0.067971691, 0.013261102, -0.052821476, 0.011584697, -0.013381261;
  0.3318226, -0.23580991, -0.0045432174, -0.10717361, 0.0063605434, 0.038755704, -0.003614929, -0.052129362, 0.0072947973, -0.0097643035;
  -0.46458915, 0.047253128, 0.022662636, -0.10410544, 0.1669531, 0.1297504, 0.12150209, 0.21734698, 0.32116395, -0.2132833;
  -0.46217534, 0.36204323, -0.34252948, -0.056530107, -0.098359004, 0.074373938, 0.28712612, -0.036494076, 0.059108775, 0.1949461;
  -0.61764938, -0.11181441, 0.22092471, 0.021197489, -0.071810797, 0.096802413, -0.027135236, -0.10852662, 0.023277277, -0.038095534;
  -0.41347259, 0.12089793, 0.4002257, 0.20787795, -0.18001795, -0.097573817, -0.011162686, -0.041853782, -0.089285016, 0.16949485;
  0.39165422, -0.15438215, 0.019735547, 0.049463224, -0.11470844, 0.10048401, 0.010973081, -0.089557827, 0.033746157, -0.013238845;
  0.058374505, 0.32657239, -0.27031198, -0.1101618, -0.13292043, 0.077385075, -0.4293355, 0.061621781, 0.14151327, 0.032135956;
  -0.51870281, 0.075660452, 0.1034251, 0.033722091, 0.020165581, 0.078741126, 0.015387537, -0.12283736, 0.11006492, -0.030082034;
  -0.42492515, 0.085259527, 0.062072963, 0.16064529, 0.21877685, 0.1998107, 0.002865874, 0.052721232, 0.11073123, -0.064424217;
  -0.36976156, -0.20338169, -0.056629702, 0.33780822, -0.20732734, -0.094382286, -0.017453969, 0.033917759, -0.044786703, 0.15713969;
  -0.45444342, 0.047410723, 0.06264618, 0.086196609, 0.40005335, 0.030400345, -0.0551189, 0.17726685, -0.28620735, 0.17312884;
  -0.42010698, 0.37115914, -0.3518723, -0.051029526, -0.122295, 0.11217885, 0.25049284, -0.033190064, -0.058676336, 0.018859847;
  -0.45875865, 0.52332777, 0.0039245435, -0.27761513, 0.0016603702, -0.19409625, -0.038845725, -0.092856355, 0.067134693, 0.010357597;
  -0.24495037, 0.36965165, 0.012698486, 0.23849843, 0.21718752, 0.10447104, 0.1609823, 0.25923908, 0.40771583, -0.24783382;
  -0.54123008, 0.23092693, -0.25909519, -0.19844532, -0.05901638, -0.015170951, 0.27905715, -0.041275609, 0.15622817, 0.27087599;
  -0.66540295, -0.28575528, -0.086285837, -0.1219138, 0.16714582, -0.046221588, -0.030680981, 0.020195821, -0.01799152, -0.016528051;
  -0.38993475, 0.15091996, 0.41960645, 0.21959296, -0.17629427, -0.12628654, -0.0083379736, -0.030075261, -0.096564658, 0.17856713;
  -0.615794, -0.24025778, -0.094342828, -0.03180363, 0.15252537, -0.16423315, -0.028097169, 0.041309346, -0.057452891, 0.020291718;
  -0.51372117, 0.021393036, -0.17620715, 0.071364485, 0.14732951, 0.15111792, 0.15450789, 0.22384766, 0.40608355, -0.24511521;
  -0.51390481, 0.0078567564, 0.15863965, 0.027276484, 0.18276508, 0.22101209, -0.054150835, -0.041197758, -0.063623346, 0.01969976;
  -0.46798891, -0.19537024, -0.0038855935, -0.030330943, 0.1433575, 0.12598155, -0.045499202, 0.037558399, -0.057681497, 0.025303572;
  -0.43638104, 0.15593997, -0.036957294, 0.059059139, 0.17853634, 0.12622014, 0.15494944, 0.23719102, 0.39584613, -0.24499279;
  -0.41218671, 0.33613953, -0.34632701, 0.036942907, -0.044162754, 0.0066823824, 0.35233784, -0.029380348, 0.20849137, 0.42115372;
  -0.081919007, 0.593826, -0.36146274, 0.37245372, 0.057387114, -0.010238323, 0.47165117, -0.063605957, 0.25547945, 0.6907236;
  -0.32311046, -0.1403373, 0.032538522, 0.00023040222, 0.15312001, 0.22063857, -0.046199873, 0.027963419, 0.018517634, -0.036716912;
  -0.75041908, -0.37628075, -0.13815986, 0.13620856, -0.0794136, 0.23399413, -0.032328919, -0.1153113, 0.068512335, -0.030730629;
  -0.68021423, -0.29152617, -0.089564718, 0.044635832, 0.10022163, 0.20924127, -0.037451219, 0.038613591, -0.015635084, 0.0060578086;
  -0.63496196, -0.17111142, 0.007687198, 0.059433322, 0.15601498, 0.25716585, -0.034988858, 0.066131771, -0.025878396, 0.0028686475;
  -0.70133376, -0.3462382, -0.01581951, -0.04942324, -0.021928765, 0.035440121, -0.041090861, -0.1997802, 0.064323269, -0.042836729;
  -0.58043635, -0.24408787, -0.23243357, 0.10343053, 0.26646295, -0.020078922, -0.054246645, 0.048397537, -0.1254307, 0.073494755;
  0.12248132, -0.49606675, -0.29233122, -0.074381195, 0.060200371, -0.087404139, -0.035923406, -0.015194592, 0.012180396, 0.0025318146;
  -0.076289155, 0.4078258, 0.18764247, 0.34144524, 0.6218704, -0.12388931, -0.068754114, 0.19519131, -0.45829874, 0.29251069;
  -0.51526392, 0.061771676, 0.19169031, -0.058549702, 0.24938753, -0.010190592, -0.012324831, 0.0090330588, -0.064535722, 0.01024526;
  -0.48218736, 0.041862559, -0.021241413, 0.097217709, 0.13136306, 0.10027162, 0.018388947, -0.0028042693, 0.094695419, -0.039005142;
  -0.52052492, -0.064120837, 0.076598771, 0.33975419, -0.073938608, 0.37092799, -0.060425904, -0.32231313, 0.090313032, -0.028666224;
  -0.58214056, -0.2804431, 0.06592574, -0.023150934, -0.17982154, 0.058008324, -0.0084646204, -0.045131598, 0.035101756, -0.037003316;
  -0.51987755, 0.070475683, 0.37741345, 0.075901404, -0.13633561, 0.06467741, 0.00399565, 0.081253707, -0.0098836198, -0.0080707865;
  -0.28397518, 0.70360112, -0.35955587, 0.069588862, -0.15284045, 0.17088714, 0.14086331, -0.051870305, -0.39860582, -0.33497709;
  -0.51026762, 0.003482182, -0.033187687, 0.22556299, 0.094196014, 0.22234622, -0.0043353899, -0.049462996, 0.11725377, -0.051662389;
  -0.43743607, 0.42972991, -0.29512048, -0.085532881, -0.11267059, 0.086754717, 0.25205818, -0.036033243, -0.043715108, 0.064431667;
  -0.47787544, -0.0071023209, -0.061455298, 0.25113142, 0.33168218, 0.30495936, -0.04249841, 0.20513229, -0.10819644, 0.042314839;
  -0.55260825, -0.35865423, -0.34734631, 0.50207627, -0.45013097, -0.025071459, 0.04491286, 0.20649365, 0.050225858, -0.031704616;
  -0.59377027, -0.062125944, 0.108036, -0.068892591, 0.1762986, 0.047824364, -0.035528429, -0.060886867, -0.042438645, -0.0020278967;
  -0.35936126, -0.098049439, 0.0070829303, 0.24028416, -0.061759606, 0.24814402, -0.038241539, -0.17959076, 0.073014237, -0.045340579;
  -0.77763814, -0.39572841, -0.13506939, -0.14586176, 0.11240017, -0.13007745, -0.027043691, -0.06224541, -0.011799829, -0.002975387;
  -0.2757498, 0.47556874, -0.33658129, -0.023460798, -0.13332927, 0.10098352, 0.19158876, -0.037846029, -0.24002209, -0.16221379;
  -0.44597125, 0.52250755, -0.24091193, -0.1438262, -0.13095854, 0.088595875, 0.23373127, -0.042276423, -0.16648549, -0.049032763;
  -0.6016801, -0.53868079, -0.31026229, -0.014960702, 0.069418825, 0.067557238, -0.058411662, -0.019441992, 0.02044538, -0.0062813358;
  -0.39670327, 0.34883511, -0.091052279, -0.30934244, -0.062217727, -0.068599194, 0.05423845, -0.011355264, 0.12518078, 0.18040884;
  -0.61773068, -0.62861598, -0.42008501, 0.14074682, -0.20947942, -0.18679526, -0.016295649, 0.088718548, 0.074097753, -0.093802534;
  -0.39535898, 0.075276643, 0.056708809, 0.082345903, 0.32931072, -0.079139784, -0.039196428, 0.091592245, -0.17297953, 0.090246014;
  -0.7711044, -0.66201246, -0.59959424, 0.28985301, -0.097306103, 0.2135319, -0.046422105, -0.052268535, 0.10709669, -0.063404411;
  -0.45988953, 0.072584152, 0.32089683, 0.18769449, -0.053126704, 0.053716924, -0.048730809, -0.12974536, -0.066563942, 0.078353465;
  -0.2125109, 0.57028526, -0.18110466, 0.10749613, 0.0089795273, -0.012545018, 0.42918852, -0.036030941, 0.1947266, 0.52821702;
  -0.79755884, -0.59241492, -0.30795392, -0.15618776, 0.10898012, -0.073528714, -0.040349644, 0.0069228499, -0.0068448223, 0.004291351;
  -0.29078674, 0.12005358, -0.24622077, 0.53211349, 0.49488994, 0.18811162, -0.048639785, 0.29804429, -0.325564, 0.21677391;
  -0.50144637, 0.03246573, 0.14014539, 0.049705703, 0.3317121, 0.2823438, -0.035515148, 0.18241449, -0.11031925, 0.032528173;
  -0.34589118, -0.0063241422, -0.29622385, 0.54494071, 0.47442889, 0.27046856, -0.066081412, 0.28407425, -0.28500557, 0.19992846;
  -0.66253901, -0.26213941, 0.076241158, -0.21359177, 0.091429867, -0.0049580908, -0.020095613, 0.018341426, -0.04964117, 0.010737188;
  -0.65729725, -0.11504217, 0.17113984, 0.048625607, -0.044007216, 0.16300756, -0.025786266, -0.055322926, -0.023419829, 0.050405357;
  -0.59458512, -0.36422202, -0.27457312, 0.17558233, 0.056967966, 0.085155703, -0.076063007, -0.1740914, 0.027708219, 0.0045771049;
  -0.50343794, -0.055395573, -0.083905362, 0.28231674, 0.27676225, 0.36245677, -0.031817853, 0.13616087, -0.010258451, -0.019010553;
  -0.55660135, -0.30206466, 0.028992211, -0.095912039, -0.076000787, 0.0011951185, -0.0034093184, 0.10038918, -0.02669193, 0.014185056;
  -0.42698774, 0.41581038, -0.24116738, -0.14653403, -0.090846002, 0.048632503, 0.30376658, -0.051193442, -0.015186279, 0.12075523;
  -0.47938645, -0.2619727, 0.018609863, -0.11722303, 0.13032293, 0.12551822, -0.027074262, 0.082184158, -0.023752647, -0.0088460073;
  -0.67242777, -0.23163299, 0.0042575006, 0.05914019, 0.060941882, 0.18369293, -0.028632777, 0.030014709, -0.0082182027, 0.011999761;
  -0.36588049, 0.51477361, -0.22856367, -0.18263607, -0.1263219, 0.045433514, 0.14818415, -0.048772991, -0.17659968, -0.11055639;
  -0.57785821, 0.014545312, 0.29862526, 0.028704375, 0.021231921, 0.12060957, -0.045885995, -0.13420071, -0.039889529, 0.043176927;
  -0.57849675, -0.093229502, 0.20707867, -0.0086499853, -0.026452146, 0.10768339, -0.03091331, -0.094810098, -0.019195335, 0.027557058;
  -0.37633136, 0.3922134, -0.33730015, 0.052130062, -0.039317131, 0.016827747, 0.35483152, -0.041984342, 0.18567671, 0.43752477;
  -0.63536584, -0.10086431, 0.079738066, -0.098377697, 0.28781003, 0.040042456, -0.03503802, 0.091110237, -0.16483469, 0.075881243;
  -0.48662403, 0.18399297, 0.062256347, 0.043523908, 0.22698095, 0.20381118, 0.12332842, 0.24768777, 0.32127437, -0.21634498;
  -0.72327715, -0.2670722, -0.068341963, 0.025568569, 0.15541047, 0.25975445, -0.033903491, 0.026901977, -0.020924138, -0.004920661;
  -0.38194135, 0.10945655, 0.32521892, 0.34412378, -0.31923038, -0.12701543, 0.02255219, 0.10630952, -0.069523253, 0.13129997;
  -0.5797928, 0.028358234, 0.31751302, 0.01966814, 0.0060626641, 0.16257235, -0.03830969, -0.22874105, 0.037501082, -0.027182441;
  -0.83185261, -0.55069572, -0.29846737, 0.024203071, 0.019335415, 0.097181015, -0.047411777, -0.090734698, 0.062319964, -0.036244594;
  -0.6059137, -0.1805388, 0.015830679, -0.094690017, 0.11833448, -0.15632431, -0.014213567, 0.03804763, -0.042358235, 0.00027562451;
  1.0272841, -0.1426622, -0.10303681, 0.062082563, 0.031316511, -0.0127827, 0.0092331525, -0.027702639, 0.0024222201, 0.0054934486;
  1.0270592, -0.14438957, -0.11068451, 0.074078515, 0.037463535, 0.0096378624, 0.0071487175, -0.027139014, 0.0022321397, 0.0065008523;
  0.93369991, -0.14832783, -0.082350701, 0.046936266, 0.021144707, 0.016071238, 0.0078745615, -0.035409253, 0.0066116429, -0.002241452;
  0.93972647, -0.13516477, -0.068802364, 0.048127841, 0.02464138, 0.023965865, 0.0085869879, -0.039927844, 0.0049931528, 0.0011600929;
  1.0196186, -0.11942525, -0.069606543, 0.050542906, 0.045748405, 0.018390208, 0.010222949, -0.024464162, -0.00092137326, 0.0043226299;
  1.0343878, -0.08827918, -0.021985378, 0.029216515, 0.038403753, 0.0076884483, 0.014446287, -0.034639064, -0.0039923703, 0.0061719092;
  0.95322043, -0.14823025, -0.10301977, 0.079983592, -0.0097509408, -0.015452373, 0.015065259, -0.0045445212, 0.0028188061, 0.0026000221;
  0.93803, -0.10020027, -0.021080099, 0.03163898, 0.015645824, 0.034293778, 0.01632333, -0.02188562, 0.0021062188, -0.0030999286;
  0.95077157, -0.14498997, -0.088730775, 0.054062407, 0.034374706, 0.026646674, 0.0056966254, -0.035723113, 0.0033760325, 0.0013894492;
  0.95580465, -0.17285722, -0.10585575, 0.024700582, 0.063713335, -0.018337986, -0.0006979442, -0.045524675, -0.0026359262, 0.011086995;
  1.0406737, -0.12170956, -0.083722338, 0.065887474, 0.042083528, 0.026779696, 0.0091353422, -0.033431418, -0.0026620494, 0.0097287763;
  1.0013225, -0.10435491, -0.03770826, 0.0251339, 0.049817156, 0.023699472, 0.01030383, -0.036175076, -0.0022835615, 0.0037789708;
  0.96326327, -0.17880881, -0.122375, 0.043668687, 0.04012996, -0.02807175, 0.0048811198, -0.026031977, 0.003864899, 0.0017545799;
  1.018548, -0.14588004, -0.091760844, 0.028533613, 0.076821856, -0.013512921, 0.00060635165, -0.039569058, -0.010997828, 0.016720701;
  1.0322571, -0.22215873, -0.22358458, 0.12016623, 0.016627217, -0.047629524, 0.0021565128, -0.022538321, 0.012408819, 0.0055127107;
  1.0001885, -0.13601552, -0.089789309, 0.061788835, 0.015332611, -0.0077204909, 0.014005612, -0.016917026, 0.003510664, 0.00030420074;
  1.0183383, -0.11991947, -0.070209898, 0.051937491, 0.027617743, 0.0012617897, 0.01310646, -0.022308433, -0.00072084536, 0.0029736564;
  1.0288929, -0.13770281, -0.10304803, 0.072906531, 0.027535131, -0.0098775486, 0.0099587142, -0.023329029, -0.00064692181, 0.0093507674;
  0.94120997, -0.15486051, -0.078227706, 0.019311056, 0.040978715, -0.033524245, 0.007318161, -0.023740178, -0.002376836, 0.0064035645;
  0.95539212, -0.13649218, -0.058756165, 0.019389475, 0.030523153, -0.020643264, 0.011351309, -0.028299449, -0.0013308608, 0.0059201489;
  1.038096, -0.10751499, -0.054339636, 0.0417943, 0.058297623, 0.0090587772, 0.0058690803, -0.039240271, -0.012717152, 0.016908342;
  1.0553881, -0.12989511, -0.10082576, 0.074172154, 0.030426161, 0.0015252358, 0.010903388, -0.031685993, 0.0021327382, 0.0053802165;
  1.0009218, -0.10401781, -0.041975003, 0.046465699, 0.011603664, -0.017186828, 0.01643453, -0.016365396, -0.0029467046, 0.0036782958;
  1.0400895, -0.12797697, -0.092068106, 0.067200653, 0.024669215, -0.0061133881, 0.012911539, -0.01664518, 0.00051467458, 0.0015703903;
  0.88173366, -0.20680557, -0.14089502, 0.042771846, 0.037167512, 0.0090964064, 0.00078050129, -0.035460681, 0.0077792411, 0.0037446909;
  -0.54630762, -0.26560327, -0.097306207, 0.38967863, -0.25258943, -0.011972133, -0.048495844, -0.17987683, 0.040451959, 0.04647423;
  0.48520958, -0.089546748, 0.053831391, 0.030933252, -0.13163446, -0.10435507, 0.040072344, 0.20678066, -0.011941156, -0.077189855;
  1.0936869, -0.10126717, -0.070124246, 0.055630561, 0.067561015, 0.020062407, 0.0091286385, -0.015352036, -0.010819647, 0.010272289;
  0.80813825, -0.23173986, -0.13304421, -0.012392088, 0.077457123, -0.031995043, -0.0061371229, -0.022016266, 0.0028891219, 0.0056615472;
  -0.22565399, -0.29167587, -0.01772175, 0.05232574, -0.1982917, -0.064136282, -0.019190941, -0.079097681, 0.047148477, -0.03714323;
  0.78566295, -0.22058858, -0.11898539, -0.010881738, 0.066675626, -0.023101073, -0.0048566437, -0.016600067, -0.0039159441, 0.0083769979;
  0.84616977, -0.25533581, -0.17762798, 0.015303708, 0.062625222, -0.035096362, -0.0067647258, -0.028993497, 0.0078648627, 0.0056678331;
  -0.2889033, -0.32271805, -0.016314682, -0.084837131, -0.083483174, -0.036764853, -0.020100227, -0.020739108, 0.022848854, -0.044552933;
  0.83405399, -0.22507049, -0.14427455, 0.011361402, 0.077070691, -0.013117869, -0.0067344164, -0.010096433, -0.0064393329, 0.011652778;
  -0.51568234, -0.35963258, -0.063995399, -0.053234585, -0.019007877, 0.055202547, -0.033841245, -0.015639506, 0.00037936389, 0.017396869;
  0.91634202, -0.22633445, -0.18957426, 0.076736182, 0.032276873, -0.0035939694, 0.00034912102, -0.017090965, 0.0047711055, 0.0062686228;
  0.88789171, -0.28154051, -0.25061193, 0.087347969, 0.02643415, -0.038948409, -0.0063310815, -0.025034735, 0.013184517, 0.0057559628;
  1.0196579, -0.18576531, -0.18253422, 0.11582439, 0.017844934, 0.014666847, 0.0066899769, -0.022027247, 0.011371326, -0.00080403098;
  1.1686164, -0.052605081, -0.052647371, 0.099731252, 0.04039615, 0.062345441, 0.018804032, -0.014385066, -0.0061116456, 0.0054640332;
  1.0870433, -0.13918653, -0.12739837, 0.087133378, 0.047462881, 0.017899442, 0.0074460721, -0.025088683, -0.0016693725, 0.0094659859;
  1.0705056, -0.069778301, -0.032359313, 0.059247196, 0.042028069, 0.049210276, 0.01695561, -0.011307445, -0.0085246032, 0.007127543;
  1.040477, -0.12145387, -0.084720775, 0.052551392, 0.052630004, 0.0070584947, 0.010019484, -0.0045081526, -0.0085461931, 0.0073732142;
  1.0886272, -0.10242567, -0.069176979, 0.048059788, 0.070647411, 0.0015626719, 0.0069921138, -0.021260109, -0.019286141, 0.019664548;
  1.0594265, -0.11572665, -0.076763816, 0.058862325, 0.04799404, 0.01098308, 0.0093007199, -0.031117408, -0.00089946622, 0.0040711095;
  1.0666658, -0.081631869, -0.036246721, 0.055207785, 0.041447118, 0.034638319, 0.013229889, -0.030876845, -0.0079733776, 0.0087265596;
  1.1537806, 0.031256888, 0.087008208, 0.042780448, 0.034106523, 0.047840167, 0.026066452, -0.0051726559, -0.016678927, -0.0023315363;
  0.92896289, -0.16686368, -0.091452025, 0.019278137, 0.05895891, -0.019204082, 0.00063434488, -0.034148984, -0.0089870933, 0.015484216;
  0.94199866, -0.18575554, -0.13606596, 0.054660786, 0.048456445, 0.0088715823, 0.00057098427, -0.027613973, -0.00083834562, 0.0081742276;
  0.84577847, -0.26300025, -0.19156171, 0.025860205, 0.060142267, -0.057279199, -0.0091276113, -0.03292156, 0.0042979592, 0.0087941755;
  -0.5463475, -0.50642639, -0.23771136, -0.12274491, 0.012448581, -0.25221539, -0.040921167, 0.011342157, -0.028253835, 0.036975347;
  0.905999, -0.1628678, -0.093919381, 0.031559926, 0.056554161, 0.014514228, 0.0027694791, -0.016215522, -0.0071450775, 0.0093929134;
  -0.50408673, -0.33303434, -0.059017155, -0.1389662, 0.075391151, -0.08861798, -0.041607093, -0.013193762, -0.063690409, 0.039056979;
  0.957196, -0.16223861, -0.1166312, 0.058386452, 0.0458267, 0.022076134, 0.0046286266, -0.016850866, -0.0047258176, 0.0096172057;
  -0.45532063, -0.33324429, -0.044920303, -0.17468251, 0.13296768, 0.024726925, -0.037040208, -0.0088757453, -0.025439143, -0.0022780183;
  1.16518, -0.072950222, -0.076908343, 0.10157999, 0.048295137, 0.049902465, 0.013274135, -0.028200565, -0.0071485229, 0.010988396;
  -0.38713345, -0.19949384, -0.055220656, -0.051318116, 0.31084105, 0.036887996, -0.055068444, 0.15612769, -0.20031025, 0.12516637;
  0.83875179, -0.11123977, -0.038078513, 0.053517491, -0.036129184, 0.0089349682, 0.02412365, 0.043632708, 0.0018435848, -0.023597673;
  -0.50011468, -0.29709774, -0.15633693, -0.033052705, 0.29152814, 0.034650575, -0.058620065, 0.1388021, -0.1769007, 0.11257828;
  1.069996, -0.087468937, -0.07130529, 0.088876605, 0.018004708, 0.04427227, 0.018655818, -0.0050562434, -0.0026067218, -0.00038725114;
  1.1347009, -0.041401807, -0.030678986, 0.087046564, 0.037803795, 0.068089552, 0.020924017, -0.006477253, -0.003937582, -0.0009204871;
  -0.51656973, -0.24042027, -0.13783757, -0.021300724, 0.32117468, 0.01142895, -0.057312008, 0.15560842, -0.19836809, 0.12053922;
  0.99741811, -0.031521514, 0.010065199, 0.081716463, -0.025137968, 0.059460595, 0.03212012, 0.036521688, 0.0013020112, -0.020752253;
  0.97036105, -0.062935002, -0.019422309, 0.079359092, -0.023003653, 0.038291931, 0.02763281, 0.03549245, -0.00015906426, -0.019930186;
  1.0539966, -0.089077227, -0.069093227, 0.089500681, 0.0060774144, 0.030035092, 0.020065157, 0.0017965279, 0.00018091408, -0.0057811989;
  -0.42025819, -0.2012586, -0.13752909, -0.014245845, 0.32239673, -0.10283466, -0.053917892, 0.1184064, -0.17708664, 0.10584212;
  1.119158, -0.039174017, -0.02021439, 0.083113723, 0.028263403, 0.062157229, 0.022560975, -0.0014230242, -0.0046723704, -0.001333151;
  -0.51289111, -0.2175211, -0.14542721, 0.01396118, 0.3299861, 0.0061396556, -0.061425731, 0.16691117, -0.22578043, 0.14239193;
  0.87740922, -0.1483359, -0.063745357, 0.016376045, 0.046400759, 0.036047954, 0.0048272703, -0.023410551, -0.00046883937, 0.00079126522;
  1.1309943, -0.022820408, 0.031551238, 0.032035273, 0.073664844, 0.04107454, 0.013147486, -0.0331477, -0.014568889, 0.010092357;
  0.25369564, -0.31734896, -0.099872135, -0.14285462, 0.1053567, -0.035381045, -0.01666509, -0.0098206131, 0.016634047, -0.014388989;
  -0.31335056, -0.29510102, -0.037048478, -0.1766891, 0.080075368, -0.12535277, -0.021309495, 0.050313044, -0.058166802, 0.022659887;
  -0.053540878, -0.20690911, -0.0078943847, -0.17850955, 0.20384349, -0.072088949, -0.034716956, 0.074149296, -0.12599801, 0.069482885;
  0.080677517, -0.060311396, 0.18066293, -0.03320704, 0.036464687, 0.094721079, -0.0032122782, 0.041483607, 0.021394037, -0.024702575;
  0.119641, -0.044652183, 0.18898752, -0.038079157, 0.056730594, 0.10485201, -0.0026575618, 0.04637384, 0.019927723, -0.024902476;
  0.82822311, -0.10454323, 0.007826359, -0.0037425149, -0.02144709, -0.04984019, 0.021768505, 0.052706931, -0.014074152, -0.020516945;
  -0.71184081, -0.31409898, -0.074017674, 0.022904743, 0.057710327, 0.16451612, -0.051687445, -0.12257691, 0.015999071, -0.010155719;
  -0.38902906, -0.21824752, 0.10460876, -0.11635008, -0.060777694, -0.045241322, 0.0022169978, 0.12284649, -0.016085383, -0.053422201;
  -0.51839083, -0.19743767, 0.088951647, 0.14743781, -0.2606684, -0.049531762, -0.00028432033, 0.0342017, 0.0040294188, 0.011207861;
  0.054123413, -0.23501989, 0.048028469, -0.084358469, -0.071451224, -0.04151544, -0.0027743941, -0.021233566, 0.01124365, -0.017733587;
  0.079191275, -0.23653618, 0.040319603, -0.07669466, -0.088411748, 0.0521526, -0.00032237545, -0.059307333, 0.02871312, -0.014695083;
  -0.33409032, -0.33282331, -0.029591404, -0.14787897, 0.054695338, 0.0096247494, -0.038164504, -0.047052268, -0.019747324, 0.0082635656;
  0.016554013, 0.057593018, -0.24820954, -0.27726001, -0.084893174, -0.011677186, 0.063029349, -0.040047027, -0.00038876967, -0.0041213213;
  0.050758563, -0.083151549, 0.070014872, -0.076381877, 0.20827797, 0.06626004, -0.038766012, 0.094163097, -0.114732, 0.060544409;
  0.13865043, -0.25630403, -0.099003874, -0.12441304, 0.19389509, -0.1487757, -0.039632119, 0.040191475, -0.11119399, 0.072413594;
  0.22479151, -0.042358588, 0.016849924, -0.10868791, 0.084728286, -0.053112149, 0.014177042, -0.021772588, 0.03458472, -0.0087804226;
  0.13475151, -0.098037526, 0.082904868, -0.10815869, 0.19741064, 0.026349926, -0.033762641, 0.076239631, -0.14967662, 0.089681737;
  0.032350972, -0.20945643, -0.047597602, -0.14407204, 0.21330751, -0.12268041, -0.03845825, 0.045495648, -0.11850062, 0.069005892;
  0.18795031, -0.17586958, 0.056854315, 0.019617133, -0.1180783, -0.034384143, -0.0074287946, -0.063855581, 0.018361099, -0.016122267;
  0.03857626, -0.19948216, -0.065481931, -0.14257574, 0.21847799, -0.16277543, -0.030693123, 0.032246519, -0.070263833, 0.028814727;
  0.17423609, 0.17105742, -0.06845209, -0.1959625, 0.0072521651, -0.094210908, 0.18273002, -0.018277267, 0.12484151, 0.1967777;
  0.093384646, -0.15465644, -0.0032107618, -0.080659635, 0.21487652, -0.042835619, -0.046783324, 0.084382087, -0.18856491, 0.12762697;
  0.10953321, -0.13913332, 0.0141975, -0.095226571, 0.23036516, -0.023206985, -0.045230173, 0.098522216, -0.18645124, 0.12200075;
  0.18922977, -0.17249689, -0.011406363, -0.08824382, 0.17751917, -0.042270925, -0.038560729, 0.072359167, -0.15650986, 0.1031804;
  0.12076726, -0.16736417, -0.058664918, -0.038522914, 0.27236286, -0.041882861, -0.05432063, 0.13196376, -0.20506364, 0.142085;
  0.10843236, -0.060284857, -0.24375227, -0.21791758, -0.013412815, -0.13228098, 0.083938278, -0.024629433, 0.091586739, 0.091753699;
  0.26232666, -0.11855859, 0.036333606, -0.12425585, 0.20007339, -0.077147923, -0.030283308, 0.052047879, -0.13792424, 0.084153093;
  -0.32165295, -0.24461015, 0.095658951, -0.11831492, -0.13767006, -0.062097967, 0.013782572, 0.065285362, 0.0086596226, -0.031089595;
  -0.47117209, -0.22169694, 0.081959188, 0.074768014, -0.24827684, -0.088935688, 0.012975068, 0.10602782, 0.016688002, -0.057547558;
  -0.02858541, 0.32377306, -0.08842355, -0.29912412, -0.097249761, -0.0072882287, -0.1793859, 0.020126635, 0.087556928, 0.061274227;
  0.97336602, -0.26738068, -0.23559506, 0.048810191, 0.08001408, -0.091374844, -0.012781159, -0.043224782, 0.0067509101, 0.013564895;
  1.0409018, 0.15558042, 0.10157279, 0.0028387196, 0.056242902, 0.058481116, 0.049657881, -0.0056141005, 0.011281052, -0.00022757413;
  -0.20061529, -0.035287403, 0.30301565, -0.045327172, -0.17232621, 0.0016295499, 0.0094573079, 0.045211583, -0.0047860914, -0.058905885;
  -0.4243533, 0.35403997, -0.1669296, -0.36054626, -0.13027437, -0.0046855481, -0.08237341, -0.0040974841, 0.036732625, 0.025502367;
  -0.279248, 0.32455924, 0.27533114, 0.011056792, 0.25962108, -0.42308843, 0.044332813, -0.18560007, 0.014474903, -0.12408069;
  0.71632522, 0.14157525, -0.038481113, -0.16419679, -0.032539692, 0.052074067, -0.0076556299, -0.021060415, 0.0080056125, 0.00064841326;
  0.68687844, -0.047470775, 0.076494806, 0.056448303, -0.11442605, 0.060147781, 0.033785854, 0.0058392165, 0.015736727, -0.029195052;
  -0.061332561, 0.477896, 0.22253877, 0.26840931, 0.49359271, -0.6251682, 0.045252487, -0.33798274, 0.0041931509, -0.18601517;
  0.62908024, 0.023552684, 0.21744531, -0.15888639, 0.12767164, 0.035018388, 0.018689873, -0.020111833, -0.010248392, -0.025230892;
  0.50148433, 0.027661871, 0.24546137, -0.12864074, 0.093485348, 0.14239839, 0.010083796, -0.0048855352, 0.00011799944, -0.024998087;
  0.24118999, 0.53512567, 0.032530967, -0.252038, -0.1058716, 0.025125874, -0.39856878, 0.05836755, 0.043584131, -0.012482668;
  -0.2910063, -0.090975486, 0.24731426, -0.033794105, -0.2009667, 0.032582689, 0.012900552, 0.031489708, 0.0077258637, -0.016642038;
  0.55914408, -0.13052863, -0.016487258, 0.072023556, -0.13608202, 0.063893385, 0.030695684, 0.011613398, 0.026551057, -0.034275837;
  0.74136704, -0.057959203, 0.11327307, -0.081937417, 0.001228765, -0.067904979, 0.021870513, -0.0091648027, -0.011473459, -0.011328751;
  -0.43618324, 0.13144843, 0.29317689, 0.074718028, 0.15341321, 0.16081865, -0.031459652, 0.010201624, -0.038689859, -0.0072561544;
  0.52907252, -0.12181558, 0.039185263, 0.0089677693, -0.10496461, 0.036255702, 0.022025572, 0.0097915214, 0.018560303, -0.033553459;
  -0.45920131, -0.26449728, -0.0052039009, -0.19551744, 0.026141465, -0.16055667, -0.014120799, -0.0053975885, -0.028074779, 0.021048723;
  -0.10523364, 0.57620412, -0.30146915, 0.038378611, -0.022517413, -0.1157866, -0.64949805, 0.057022739, 0.25181258, 0.19974855;
  -0.023927554, 0.015692985, 0.30528709, 0.057302486, -0.25381523, 0.00022093777, 0.010911306, -0.050411846, -0.003904047, 0.024574533;
  0.55968815, -0.23267099, -0.086459972, -0.049296346, -0.023681028, -0.14001821, 0.008742162, 0.018256132, 0.014091045, -0.016584288;
  -0.50017685, -0.0048478185, 0.27612749, 0.22662781, -0.30703196, -0.080884039, 0.0069409101, 0.011291429, 0.0060372716, -0.031305868;
  0.58510363, -0.095010325, 0.095646583, -0.062464233, 0.021728687, 0.043571532, -0.0038843353, -0.072584487, -0.004824291, -0.0013313383;
  -0.34587392, 0.52660865, -0.22777309, -0.16214497, -0.11915456, 0.021768389, 0.11365729, -0.04381796, -0.17776529, -0.10407154;
  -0.38627601, 0.069815204, 0.23042162, 0.23521611, 0.087846525, 0.080176726, -0.079426296, -0.27808213, -0.032529514, 0.07086511;
  -0.31973812, -0.035854042, 0.048241887, 0.40538421, 0.025407868, -0.02181375, -0.098476298, -0.37712288, 0.015010522, 0.078180417;
  -0.53213382, -0.26171204, 0.054379024, -0.045478277, -0.084995151, 0.0030655242, -0.022688122, 0.01893886, -0.0050518592, -0.023736967;
  0.1059298, -0.18010055, 0.099500738, -0.090206839, -0.082531609, -0.066703416, -0.00059335306, -0.023427509, 0.0011761395, -0.020845253;
  -0.17375927, 0.049513824, -0.13631089, 0.44913033, 0.29927996, 0.023192672, -0.082184248, 0.10301334, -0.17472816, 0.13577573;
  0.90207189, -0.094317757, 0.0087937778, -0.023604445, 0.044894941, 0.014756782, 0.012327931, -0.02938058, -0.0050045662, 0.00090795575;
  -0.1558703, 0.73484093, -0.24039575, 0.0047725602, -0.089806937, -0.0040715574, -0.55910313, 0.052788127, 0.03882318, -0.01121001;
  0.16189356, 0.30162576, -0.077962607, -0.27261665, -0.10353788, 0.04004978, 0.040651005, -0.015800789, -0.073337309, -0.022885848;
  0.42869073, -0.020207876, 0.20969929, -0.078826211, -0.096775204, 0.066012353, 0.019726355, -0.012503382, 0.011168798, -0.029476328;
  -0.25805905, 0.25571367, 0.48164392, 0.29845166, -0.22332649, 0.11742773, -0.045532361, -0.32384261, 0.021304093, 0.032415785;
  -0.508075, -0.23223963, 0.041130621, 0.078336589, -0.1207566, 0.057006028, -0.046844296, -0.18683977, 0.02601435, 0.0093152225;
  -0.10228043, -0.29836693, -0.036361836, -0.039592516, -0.10868352, -0.12519865, -0.013641251, 0.049920578, -0.011029974, -0.0039478927;
  -0.54233503, -0.057664331, 0.19003604, 0.044097967, -0.0064474153, 0.036317006, -0.036567271, -0.13032892, -0.0083540482, 0.030040646;
  -0.1456369, 0.39471444, 0.003513278, 0.27371639, 0.22551283, 0.05348165, 0.16381279, 0.22576095, 0.40313643, -0.22947033;
  -0.43174553, 0.184866, -0.25194487, -0.33776307, -0.12812471, 0.0045033945, 0.060091365, -0.024810206, 0.026178449, 0.0073215561;
  -0.17164131, 0.65508616, -0.38431624, 0.10928351, -0.10517658, 0.083664991, -0.010051953, -0.053583484, -0.36450875, -0.30941921;
  0.32860166, 0.46123245, -0.085326754, -0.12651645, -0.10896078, 0.077107444, -0.49041465, 0.078629717, 0.12186639, 0.025859714;
  1.2788233, 0.17883165, 0.0052477382, 0.030850995, 0.030294074, 0.082350679, 0.010225526, -0.031152658, -0.022004629, 0.0037730073;
  -0.10082731, 0.74403596, -0.1414295, -0.044444524, -0.039934438, -0.082025014, -0.62927908, 0.056893971, 0.1616396, 0.12482665;
  0.40708756, -0.20205986, -0.016168216, -0.046330098, -0.073530219, -0.14770603, 0.012912479, 0.04191776, 0.00018421399, -0.0095430966;
  0.29642293, -0.24970391, -0.052984368, -0.034612022, -0.093323901, -0.15748349, 0.0068853353, 0.018416045, 0.017188327, -0.019940373;
  0.61148977, -0.17690533, -0.16424423, 0.22306442, -0.17584698, 0.01329693, 0.030226426, 0.10044721, 0.0093412725, -0.020980626;
  0.4700264, -0.25283432, -0.19593672, 0.18668157, -0.16457498, 0.01087987, 0.012474744, 0.031104712, 0.025277575, -0.014046686;
  0.36171171, -0.37522146, -0.3457624, 0.1694638, -0.14240178, -0.037142064, 0.0052947435, 0.047543004, 0.057467982, -0.044915702;
  0.2037864, -0.38862774, -0.20723338, -0.030603047, -0.059283532, -0.25812006, -0.013718058, 0.039829675, 0.0084853759, -0.00015825796;
  0.40177852, -0.36772549, -0.22707166, -0.025289632, -0.025205845, -0.17764455, -0.012504839, -0.020545185, 0.037407935, -0.021026678;
  0.72270745, -0.33223152, -0.42438138, 0.31265223, -0.13801077, 0.032321773, 0.013467502, 0.076510362, 0.03406734, -0.030166961;
  0.81021136, -0.18994643, -0.20391034, 0.16764566, -0.067594238, 0.072718211, 0.017482124, -0.0032568348, 0.031380318, -0.023521265;
  0.38140169, -0.27304122, -0.24322726, 0.20372887, -0.18659545, 0.028919881, 0.021747356, 0.05581085, 0.043875642, -0.040000483;
  0.20396596, -0.26792684, -0.11964265, 0.10516285, -0.18839151, -0.074790321, 0.016315971, 0.097043321, 0.010022071, -0.013349435;
  0.63795179, -0.20572586, -0.25217581, 0.23435952, -0.1686372, 0.10008494, 0.038763229, 0.074912496, 0.047646943, -0.05568162;
  0.30654484, -0.32874084, -0.14480174, -0.050733887, -0.037141819, -0.21548674, -0.008301639, 0.0041991789, 0.0080981981, 0.0053550801;
  0.36462152, -0.51012129, -0.44942775, 0.10942123, -0.050100423, -0.019726807, -0.024961811, -0.026827322, 0.062732995, -0.023847234;
  0.59063208, -0.24541107, -0.19364353, 0.15159178, -0.11258764, 0.00061705697, 0.0066951765, 0.012973965, 0.028014058, -0.024027387;
  0.59582615, -0.46054456, -0.51053107, 0.24165273, -0.1002007, -0.028375307, -0.0099027567, 0.017944479, 0.059693675, -0.023673737;
  0.23318169, -0.40609488, -0.3514809, 0.21263166, -0.19310784, -0.032580443, -0.0015366063, 0.029761616, 0.04854349, -0.020869721;
  0.68663317, -0.29207346, -0.36224362, 0.28161275, -0.14250953, 0.046933927, 0.013156163, 0.033246443, 0.043775816, -0.024187125;
  0.81205797, -0.16821419, -0.15819126, 0.15900373, -0.086965628, 0.017456751, 0.018233219, 0.023214042, 0.0083843367, 0.0096870689;
  0.50816125, 0.22172838, -0.0078759724, -0.23901586, -0.055144001, 0.043046318, 0.010983243, -0.021788368, -0.021540785, -0.011229514;
  -0.371445, 0.48232237, -0.18505268, -0.23253269, -0.086884439, -0.058916148, -0.18701521, -0.00040874389, 0.07075002, 0.064964026;
  -0.25461984, 0.57238686, -0.18451598, -0.092507377, -0.028924357, -0.081045099, 0.041190192, -0.05266875, -0.034424849, 0.03656327;
  -0.38468075, 0.037334677, 0.30675742, 0.21998693, -0.26382652, -0.077805258, -0.0128162, -0.045080908, -0.0052994583, -0.016007692;
  -0.39992207, 0.45047101, -0.33159927, -0.14109428, -0.13425604, 0.023224328, -0.017805312, -0.029124523, -0.15091059, -0.12680881;
  1.1419396, 0.084720097, 0.18595909, -0.06259194, 0.11763841, 0.022599902, 0.019973917, -0.032268066, -0.045645073, 0.020366287;
  1.3061727, 0.10888956, 0.13964914, 0.058189824, 0.066878602, 0.045507669, 0.026310161, -0.0019116272, -0.03592106, 0.011471347;
  -0.39886153, 0.058600858, 0.30627394, 0.043558251, 0.0032800541, -0.04350055, -0.025734557, 0.065153912, -0.16107309, 0.091537207;
  -0.086503245, 0.5059455, 0.24364667, 0.090487838, 0.20451666, -0.020063203, 0.13690424, 0.17898488, 0.28053838, -0.16302629;
  -0.64346123, -0.12967193, 0.12936883, -0.059833597, 0.19510499, 0.17385226, -0.025938774, 0.096603081, -0.061083488, 0.00083485176;
  -0.46430817, -0.00077445601, 0.22243455, -0.022921715, 0.12869149, 0.0089343078, -0.033573173, 0.015276288, -0.082231663, 0.052059148;
  1.4571325, 0.18768243, 0.13057581, 0.081639469, 0.091828361, 0.06993828, 0.036810897, -0.037984982, -0.019226242, 0.017008102;
  0.19722885, 0.04313286, 0.31177241, -0.073705509, -0.15007386, -0.064307258, 0.032924954, 0.12821338, -0.025202191, -0.074040838;
  -0.41777542, 0.49214873, -0.22839165, -0.20839871, -0.12884782, 0.044408623, 0.13202795, -0.04774395, -0.19377553, -0.1341628;
  1.0789138, -0.049478449, -0.12204178, 0.23184717, -0.064738497, 0.12336512, 0.032528061, 0.0046384213, 0.0119593, -0.010336275;
  -0.36966202, 0.21247488, -0.18992381, -0.38908643, -0.13482699, 0.005284342, 0.01118532, -0.020162327, -0.032931086, -0.059460405;
  0.50917876, 0.0027206247, 0.22613454, -0.059368722, -0.065794483, 0.0054408838, 0.021531375, 0.014570493, -0.03195357, 0.010791617;
  -0.40623334, -0.037956908, 0.15993538, 0.22455487, -0.23403065, -0.066993371, 0.017288473, 0.17394227, -0.0014691059, -0.051979303;
  -0.50471741, -0.25497222, 0.081852809, -0.10213897, -0.10678638, -0.088183992, 0.0019934173, 0.084773153, 0.0040875287, -0.057280213;
  0.80401826, -0.11278985, 0.00077881961, -0.036487181, 0.047305908, -0.043391723, 0.0088346777, 0.013984734, -0.031338289, 0.0175652;
  0.4818694, 0.067680828, -0.20965683, -0.12551118, -0.063494325, 0.032498047, -0.065190688, -0.0036509056, 0.06274204, 0.029681768;
  -0.39693132, -0.064738341, 0.27435988, -0.092607237, -0.055845905, 0.11565582, -0.034019437, -0.15040922, -0.019922499, 0.013727615;
  -0.35305014, 0.15825403, 0.16242886, 0.04652762, 0.29314253, -0.48691875, 0.035565432, -0.26247504, 0.044264659, -0.16988328;
  -0.2514053, 0.18378176, -0.2317951, -0.3236185, -0.1453726, 0.035285596, 0.022620013, -0.0082571749, 0.013604581, -0.00066849298;
  -0.25638077, 0.78373998, -0.10831884, -0.13239937, -0.10021989, -0.034661818, -0.37231845, 0.031421635, -0.084731355, -0.088531367;
  -0.32596388, 0.33980075, 0.20635772, 0.074956536, 0.28645137, 0.2052806, 0.11731575, 0.2750726, 0.30614462, -0.21747227;
  -0.065647505, 0.0040771523, 0.30693653, -0.0056561292, -0.16635716, 0.044626098, 0.013188076, 0.03887352, 0.028616013, -0.085647829;
  -0.30572727, 0.54037678, -0.17204665, -0.14749674, -0.068113923, -0.043871399, 0.10142955, -0.051383339, -0.14003356, -0.071871981;
  -0.55122423, -0.055759974, 0.2221389, 0.093843907, -0.10004375, 0.070475318, -0.027033057, -0.066716954, -0.040635701, 0.077913769;
  -0.30969432, 0.27203962, 0.46835533, 0.2973294, 0.004169296, 0.10918946, -0.080862522, -0.36284873, -0.044784687, 0.10626861;
  -0.03479448, -0.38840738, -0.15788373, -0.024890929, -0.067629717, -0.16608351, -0.019337036, 0.052760161, -0.0098816613, 0.018629031;
  0.37485749, 0.31874469, -0.079035059, -0.18947271, -0.083171517, 0.042988434, -0.26481307, 0.028045649, 0.06863232, 0.027852669;
  0.50851053, 0.040363614, 0.19674082, -0.16902304, 0.1776267, -0.018908177, 0.0047768718, 0.032840803, -0.070084818, 0.015633227;
  -0.42742953, -0.034493484, 0.23700476, 0.02467428, -0.1204224, 0.06741865, -0.0047210907, -0.038468, 0.021251546, -0.051009148;
  0.24673463, -0.10771273, 0.10925127, -0.014202033, -0.17727982, -0.2021237, 0.038341787, 0.19862661, -0.0043217936, -0.098687224;
  0.80183291, 0.065558754, 0.19379668, -0.063535616, 0.049764674, 0.014077947, 0.018539401, 0.050533146, -0.056937482, 0.020366166;
  0.85540533, 0.0064551304, 0.11222574, 0.04133451, -0.055391517, 0.003907837, 0.036228783, 0.084702417, -0.010948556, -0.029949138;
  1.0248712, 0.044544268, 0.13761833, 0.031286675, -0.0026852218, 0.054934531, 0.026281103, -0.014503603, -0.0082947528, -0.012321888;
  1.0579983, 0.14668943, -0.076356076, 0.0029249773, -0.0049340799, 0.078255758, -0.036158845, -0.01757979, -0.00035338532, 0.002794554;
  -0.30225608, 0.13390185, 0.28415355, 0.47385269, -0.35596758, -0.23106754, 0.020768609, 0.15169454, -0.079623558, 0.13743468]