[0.022598166, -0.28621957, 0.12419176, 0.21908319, -0.1087719, 0.15199338, -0.060547017, 0.069086246, -0.027415948, -0.027272858;
  -0.43366849, -0.098098814, 0.34822828, 0.29414374, -0.033402946, 0.25931272, -0.027794043, -0.027082324, -0.029003527, -0.0028067066;
  0.16935095, -0.22476958, 0.087428294, 0.17230602, 0.025690626, -0.16863988, -0.083456613, 0.038629811, -0.13331832, -0.032699578;
  0.45182586, -0.34814626, -0.089081027, 0.11436164, -0.03809857, -0.16803867, -0.11061918, 0.042627212, -0.0030748621, -0.074505128;
  0.21802661, -0.2528972, 0.020162031, 0.079771176, -0.020276168, -0.17078874, 0.17791502, 0.013504971, -0.068864197, -0.10585467;
  -0.052426919, -0.12452817, 0.17605397, 0.21843258, 0.12154559, -0.055821903, -0.08821851, -0.17041171, 0.014799428, 0.13830112;
  -0.30323535, -0.24548963, 0.016725479, 0.1485841, 0.027371509, -0.00073083147, 0.030598635, -0.065817744, -0.079882354, 0.040465616;
  0.41021124, -0.29364696, -0.16767922, 0.081724383, 0.14278235, -0.14463961, -0.17025383, -0.088790655, 0.18071797, 0.010872031;
  -0.3138496, -0.25160497, 0.04965857, 0.1992313, 0.073627867, -0.079929568, -0.10908137, -0.032053489, 0.019874955, -0.0051169046;
  -0.36478195, 0.027186887, 0.061436247, 0.28375944, 0.1570248, -0.13582253, -0.071165264, -0.046137959, 0.0041697705, 0.069625124;
  -0.17564665, -0.10719405, 0.093041457, 0.20653935, 0.16640785, -0.16319667, -0.088374317, -0.083059005, 0.060315695, -0.17596343;
  0.011931018, 0.015874445, 0.55290353, 0.21262614, -0.20598289, 0.58927095, -0.1809987, 0.12823683, 0.035224363, 0.076390199;
  0.015274096, -0.0060405377, 0.10828648, 0.32283589, -0.0038557129, 0.26060459, 0.068142906, 0.021791255, 0.010569112, -0.011288488;
  -0.18033545, -0.088746645, 0.42313126, 0.27716887, -0.151664, 0.41039687, 0.016854759, -0.070741579, 0.050677855, -0.017133743;
  0.59062248, -0.095343046, -0.048517741, 0.10903697, 0.14263391, -0.12032958, -0.18042527, -0.11472508, 0.10258175, 0.0097874701;
  -0.084101893, -0.11733471, 0.24728677, 0.31144881, -0.07252042, 0.36731675, -0.01183604, -0.022826284, 0.064397782, -0.11076595;
  0.51314956, -0.18425125, -0.092544064, 0.097564124, 0.20862578, -0.081996329, -0.13484274, -0.12650053, 0.032086261, -0.14199708;
  0.48531622, -0.24711709, -0.034130178, 0.1039713, 0.075045913, -0.18588646, -0.13415076, -0.065882675, 0.085455664, -0.19132097;
  0.025734043, -0.19748542, 0.21885692, 0.27815872, 0.088420406, 0.08121644, -0.028246984, -0.042865977, 0.010024909, -0.05341189;
  -0.51120949, -0.12005699, -0.03054483, 0.13305999, 0.076272875, -0.10491067, -0.018730497, -0.013620041, 0.0040380955, 0.05960241;
  0.11291164, -0.2706129, 0.11516397, 0.14306231, -0.018513959, -0.19048381, 0.093432508, -0.051417045, -0.063569345, -0.053825092;
  0.014921872, -0.26407835, 0.093578264, 0.2324104, 0.054519925, -0.096451238, 0.028057631, 0.048342019, -0.15326922, -0.0033317253;
  0.0133176, -0.15835649, 0.41015112, 0.21041213, -0.099323109, -0.034213223, 0.11114886, 0.085725367, -0.076271646, -0.034700923;
  0.11853757, -0.22493824, 0.19444576, 0.089878269, -0.084669165, -0.14823009, 0.21818545, -0.11346634, -0.095786661, 0.069235183;
  0.21020728, -0.095426559, 0.51192975, 0.14807592, -0.13260169, -0.10177616, 0.037790939, 0.31931517, -0.11914086, -0.024962429;
  0.28981268, -0.064879313, -0.095799968, 0.19917169, 0.10724842, -0.036241934, 0.14415035, -0.143544, -0.0078886235, -0.045950245;
  0.40169081, -0.014545412, -0.12089141, 0.1930014, 0.12120906, 0.0060039205, 0.17929678, -0.11795478, -0.003993656, -0.044838659;
  0.26793984, -0.23525521, 0.1212559, 0.20171723, 0.024367016, 0.22147411, -0.062409785, -0.14254054, 0.029351089, -0.13420947;
  0.28187644, -0.047107041, 0.24242571, -0.0084525943, 0.016356971, -0.09071786, 0.38845667, -0.29395741, 0.023276938, 0.011095423;
  0.11256166, -0.038202349, 0.007310342, 0.35003689, 0.10111434, 0.034832761, -0.046312869, -0.034338061, -0.041105412, 0.082904316;
  -0.43063149, -0.017544014, 0.44764569, 0.32302308, -0.021764785, 0.49389252, -0.089611232, -0.00074146286, 0.094122432, -0.12094495;
  0.15299325, -0.095379308, -0.093653128, 0.28998002, 0.022763219, 0.084603481, 0.076007545, -0.036266688, 0.013727485, -0.010871326;
  -0.49536249, -0.18189044, 0.18711285, 0.146585, 0.025300225, -0.12161736, -0.044968925, 0.10343, -0.049013544, -0.0073295976;
  -0.048379656, -0.23314494, 0.013297324, 0.17749567, -0.013492696, -0.11884968, 0.0051343464, 0.017303569, 0.012195849, -0.007863909;
  0.15472078, -0.16689368, -0.16722319, 0.20059088, -0.038404122, -0.10909422, -0.071870066, -0.010569929, 0.010703048, 0.02638117;
  -0.13734852, -0.16879447, 0.054951809, 0.21402629, 0.14992623, -0.0080452394, 0.028654896, -0.039130393, 0.042139333, 0.078466676;
  -0.23364419, 0.059309103, 0.051901363, 0.28136775, 0.23188148, -0.13234331, -0.074527852, -0.089216612, 0.092115849, 0.012453602;
  -1.1140336, -0.053895116, 0.143087, -0.029537048, 0.13597588, -0.096209288, -0.053055856, -0.070480339, -0.006968474, -0.066772312;
  -0.23065597, -0.21547662, -0.038932469, 0.17783448, 0.031723052, -0.065282889, 0.012089775, 0.054284494, -0.099229388, 0.053760357;
  0.22277038, -0.21733813, 0.123795, 0.28102422, 0.015090235, 0.10742239, -0.0087753637, 0.034558494, 0.022247309, -0.10147133;
  -0.42667833, -0.1453931, 0.028640436, 0.1754666, 0.1211321, -0.14408949, -0.0047136196, 0.02486057, -0.033113401, -0.043421064;
  0.22210853, -0.26840556, 0.13017115, 0.2260367, -0.025033992, 0.079055198, -0.018535824, 0.12998733, -0.14316413, 0.13515703;
  0.16319977, 0.02334971, 0.52130306, 0.29868734, -0.17027223, 0.084965765, 0.20942925, 0.0063921167, -0.042551301, -0.066139407;
  0.17835857, -0.13908681, 0.26572633, 0.034808204, -0.043323796, -0.1326348, 0.079709351, -0.00079942972, -0.16500576, 0.08495567;
  0.41016394, -0.1510323, -0.057092804, 0.2117008, 0.047553789, -0.049130239, -0.0075107482, -0.05780717, -0.077140696, 0.16704495;
  -0.3391324, -0.166657, 0.092371769, 0.19936374, 0.17098655, -0.15844861, -0.066872418, -0.13372719, 0.0079845404, -0.097895041;
  -0.39324021, -0.081068888, -0.0021248455, 0.20455594, 0.2279999, -0.063738361, 0.019047188, -0.0059470907, 0.038682416, 0.04373413;
  -0.025070664, -0.27685055, 0.030000431, 0.11039921, 0.048912141, -0.16690241, -0.031766158, 0.0857241, -0.065080039, 0.058930758;
  -1.4531437, 0.073398136, 0.26611307, -0.028376386, 0.14605187, -0.097467497, -0.052668836, -0.048535075, -0.052035812, 0.044395883;
  -0.23807691, -0.26586196, 0.048917685, 0.083496638, -0.041781358, -0.16146804, 0.024007836, 0.051139459, -0.038178042, -0.059653942;
  0.11105137, -0.1685866, 0.1781622, 0.21248363, 0.093910702, -0.096491553, -0.04022415, -0.15467827, 0.13054046, -0.009699001;
  -0.36690935, -0.22395656, 0.0038842757, 0.15008876, 0.040814154, -0.14498679, -0.017664077, 0.022881413, -0.040858019, -0.036964312;
  -0.50521696, -0.19983323, 0.11079541, 0.050165351, -0.025323279, -0.18985584, 0.075729668, 0.0739825, -0.074926458, -0.05723267;
  -0.23030272, -0.21124117, 0.204423, 0.20706618, 0.073586896, -0.19760017, -0.080489717, 0.12095697, -0.10963537, 0.087640241;
  0.3708154, -0.314926, 0.073803999, -0.035232063, -0.23779432, -0.2077727, 0.18229614, 0.18108343, -0.10511182, -0.063016072;
  0.20441866, -0.079496592, 0.54356885, 0.11430874, -0.25057647, 0.50139099, 0.016918173, -0.14564392, 0.10320546, -0.053450756;
  0.041706964, -0.12455226, -0.090641998, 0.17437945, 0.19773282, 0.053101029, 0.063932337, 0.011784302, 9.5329873e-05, -0.02544681;
  0.045198236, -0.18782812, -0.050777003, 0.19978887, 0.12108424, -0.11267845, -0.07205867, -0.10938559, 0.1043012, -0.057227466;
  -0.38851172, -0.1354025, 0.080682933, 0.1551711, 0.063869357, -0.12256342, 0.0083398595, -0.00046797105, -0.096348085, 0.003506501;
  0.14209495, 0.074100375, 0.5991829, -0.091525629, -0.22678982, -0.29770863, 0.037536379, 0.59416413, -0.17301671, -0.062531166;
  0.1301752, -0.22268054, 0.20507288, 0.11845838, -0.04647601, -0.13835807, 0.096188642, -0.054580066, -0.11825716, 0.0079431105;
  -0.050777674, -0.14212464, 0.33658198, 0.13041218, 0.041646652, -0.20373613, 0.13120168, -0.29022801, 0.13311325, 0.15141903;
  0.11041803, -0.23090594, 0.013813002, 0.148709, 0.17632002, -0.044907726, 0.031498488, -0.18932286, -0.15728916, -0.092815861;
  -0.13031091, -0.25602773, 0.048687954, 0.20829435, 0.076361895, -0.055428408, -0.075112693, -0.01683981, 0.0015164092, 0.013955676;
  -0.00084790902, -0.21254899, 0.1927392, 0.25412565, 0.0021662281, 0.081602976, -0.06327752, -0.15389621, 0.13709852, 0.048597202;
  -0.066867046, -0.25769064, 0.068724193, 0.234633, -0.040780067, 0.17219472, -0.026737828, -0.0032191866, -0.047261797, 0.0050061084;
  -0.39534998, -0.14695479, 0.24023148, 0.24311651, -0.037158646, 0.24279937, -0.046199441, -0.030682903, -0.02092639, -0.023466457;
  -0.16069797, -0.11319763, 0.094124869, 0.23235421, 0.27198577, -0.12945169, -0.053038396, -0.014864423, 0.083795473, 0.050464682;
  -0.34462309, -0.107793, 0.15288363, 0.21578178, 0.074376777, -0.20611535, 0.019873232, 0.099241264, -0.042874191, -0.06787055;
  -0.42238525, -0.12505452, 0.075714633, 0.19249083, 0.011856663, -0.084445991, 0.0047982396, 0.072991475, -0.086183555, 0.015020669;
  -1.4240285, 0.097245537, 0.23732378, -0.022289753, 0.1260054, -0.12120046, -0.03195551, -0.020744162, -0.024804343, 0.0013015232;
  -0.70900857, -0.014530678, 0.15751672, 0.22105357, 0.043697324, 0.070959792, -0.04531797, -0.052391529, -0.032936908, 0.012632133;
  -0.28880134, -0.23115097, 0.0032507635, 0.093495615, -0.0439661, -0.0054566371, 0.051102255, 0.0070390757, -0.099981286, 0.020274632;
  0.34253541, -0.094460718, 0.049369425, 0.2209157, -0.027065104, -0.17593434, 0.01704056, 0.1132109, -0.089482695, 0.18387216;
  0.046654932, 0.29422331, 0.5338915, -0.13204329, -0.054448217, 0.18641064, -0.070597321, -0.24699539, -0.085186198, 0.22701624;
  0.17303593, -0.34147507, -0.058756631, 0.20585053, -0.14234024, 0.21179655, -0.01960595, 0.023999533, 0.011018368, -0.020526445;
  0.1730869, -0.13832116, -0.070216767, 0.23855226, 0.11296023, -0.11717895, 0.0029508653, -0.017653245, 0.040703852, -0.091180578;
  -0.37660876, -0.13203728, 0.023216287, 0.16303933, 0.052586954, -0.083967894, 0.071616083, 0.060900006, -0.074511729, 0.0044682496;
  0.1811448, 0.11216377, -0.22620735, 0.30027917, -0.101358, 0.071656235, 0.030196322, 0.011291535, -0.064468011, -0.011749256;
  0.11091392, -0.17826441, -0.089998662, 0.25680506, -0.14935599, 0.1468534, 0.068921573, -0.027121278, -0.04564584, -0.025283063;
  0.34434596, -0.30973101, -0.12307747, 0.12670244, 0.089164495, -0.18591581, -0.19915241, -0.059156191, 0.16429183, 0.034557007;
  -0.12353788, -0.13991705, 0.049971711, 0.21780583, 0.13179828, -0.1207113, -0.058943789, -0.13749167, 0.031477563, 0.036030583;
  -0.12327611, -0.15141025, 0.036605868, 0.15355965, -0.029380035, -0.17400515, 0.1197589, 0.082874075, -0.068165518, -0.072921351;
  0.35960481, -0.23553954, 0.035875145, 0.21804714, 0.068810143, -0.10132699, 0.083046876, 0.067951977, 0.0065969327, -0.081252895;
  -0.19514313, -0.20345055, 0.13756031, 0.20984755, -0.10020836, 0.18391925, -0.0070220246, 0.024307426, -0.04734065, 0.025876213;
  -0.24158274, -0.037552856, 0.033612698, 0.28026322, 0.13344365, -0.095240302, 0.028353771, -0.068638705, -0.056623355, 0.093764566;
  0.35782763, -0.24972026, 0.10727558, 0.15657528, -0.078478985, -0.10222919, 0.12211491, -0.014202326, -0.093673646, -0.012035394;
  0.23911649, 0.4599981, 0.088500865, 0.36667204, -0.044730559, 0.078841127, 0.066718034, -0.06595923, -0.05727258, 0.019676875;
  -0.36121455, -0.040834576, 0.034745913, 0.17090128, 0.095645539, -0.13497682, -0.0023492936, -0.008111733, -0.014937663, -0.13027503;
  0.098517805, -0.098366961, 0.4152275, 0.23827162, 0.017427048, -0.086716227, 0.15986913, -0.14454922, -0.032562893, -0.11885864;
  -0.093673237, -0.23906407, -0.046658147, 0.11917599, -0.019255484, -0.050147116, -0.0058360794, 0.0085088694, -0.11998096, 0.10177297;
  0.48628417, -0.17152248, 0.28921571, 0.036838248, -0.0025473086, -0.27058965, 0.0079615293, 0.31877798, -0.0070063681, -0.066455156;
  -0.014092438, -0.29955441, 0.044257537, 0.18052559, 0.0047797291, -0.023310956, 0.022580808, 0.025354868, -0.024720881, -0.079926006;
  0.13623331, -0.28923479, 0.16591242, 0.17075764, -0.13357164, -0.011543053, 0.10900972, 0.055481847, -0.067723401, -0.025779426;
  -0.18665762, -0.24680687, 0.009032472, 0.14186092, -0.022042166, -0.11818275, 0.070424452, 0.13757215, -0.095850572, -0.02352825;
  0.2605176, -0.11217815, 0.14683832, 0.21593253, 0.053416483, -0.19067799, -0.078007653, 0.15768661, -0.089640886, 0.11153482;
  -0.16238654, -0.11849441, -0.11406047, 0.25555348, 0.0095534557, -0.060370512, -0.021276167, 0.0067500328, -0.075229786, 0.081501789;
  0.067914486, -0.24064215, -0.19266611, 0.20269808, 0.0059360708, -0.063998058, 0.0064933877, 0.035856508, -0.060006063, 0.066421717;
  0.098991178, 0.0507062, -0.040900912, 0.33582488, -0.034006588, 0.038018089, 0.043130923, 0.043473054, -0.078149684, -0.0017160807;
  -1.0697647, -0.04224921, 0.16020826, 0.039661456, 0.17028262, -0.121618, -0.068849593, -0.06103259, 0.04749592, 0.0076494804;
  -0.26301515, 0.024132326, -0.090435542, 0.257835, 0.020558184, -0.057452794, 0.042204682, -0.078804001, 0.004193224, -0.0027074693;
  0.15239574, -0.23827374, 0.28238526, 0.18388629, -0.15202916, 0.40866947, -0.10862517, -0.10073813, 0.14670971, -0.14139394;
  0.59380281, -0.24116775, -0.12955891, -0.066712387, 0.32758567, 0.0094780298, 0.027802395, 0.030807808, 0.045812696, -0.1088512;
  -0.8670423, -0.22186778, -0.17771274, -0.16093293, -0.05108336, -0.014170784, -0.045145992, -0.034796245, -0.044539757, 0.00014473518;
  -0.62929988, -0.22302571, -0.19615132, -0.0065009156, 0.069194816, -0.044358842, 0.026030811, -0.044576727, -0.019951724, -0.05513731;
  -1.0659202, -0.12808591, -0.064920165, -0.14139235, 0.031420521, -0.06507358, -0.047145486, -0.011046626, 0.0099877901, 0.010838741;
  -0.84983742, -0.16138801, -0.15562457, -0.058212407, 0.051323831, -0.050749164, 0.0084768236, -0.028002018, -0.011220749, -0.026560683;
  0.41941655, 0.12396231, 0.14762791, -0.17270073, 0.10292278, -0.23499832, -0.47181508, -0.23914544, 0.32069919, -0.22825664;
  0.4229193, -0.41206962, -0.20084459, 0.072618641, 0.032582387, -0.013314732, -0.030132571, -0.20585577, -0.26789421, -0.010712584;
  0.70429784, -0.38739529, -0.12005747, 0.022002637, -0.098593257, -0.097806618, -0.06547951, 0.076569222, -0.033418983, 0.072248355;
  0.60825086, -0.32027346, 0.079070866, -0.10184525, -0.19287808, -0.14516614, 0.04257784, 0.012768348, -0.094636455, 0.15897021;
  0.45832402, -0.31227461, 0.059684679, -0.32307959, -0.33349481, -0.13652034, 0.25661391, -0.16301538, 0.071430646, 0.021644335;
  -0.72613144, -0.25532904, -0.39977127, -0.21971303, -0.12488378, 0.0087337885, -0.0068138619, 0.051953003, 0.040413257, 0.098779373;
  0.44272387, 0.52519315, -0.10441263, -0.036584232, 0.21214414, 0.015537378, 0.0078283744, 0.024842901, 0.11533912, -0.01954763;
  0.14678538, 1.2225676, -0.13722503, -0.021495238, -0.1868258, -0.034032717, -0.085604288, -0.018654063, -0.015211234, 0.063648202;
  0.5136717, -0.37337002, 0.05401589, -0.055040915, -0.26000965, 0.048166014, 0.068452574, -0.068969339, 0.097730167, -0.014492952;
  0.44563356, 0.39354688, 0.088632546, 0.13625546, 0.010098335, -0.092744909, -0.032783426, -0.11417454, -0.018396048, -0.16947754;
  0.23383605, 0.90437835, -0.18021779, 0.17104919, -0.14273676, -0.047752641, -0.039893702, -0.040206794, -0.070648737, 0.061703201;
  0.23454776, -0.12583214, -0.05376539, 0.23978654, -0.044252828, -0.090904623, 0.064571388, 0.15761937, -0.089412369, 0.0027095317;
  0.4508279, -0.24281718, -0.15230027, 0.18438669, -0.10162581, -0.023775881, -0.027584217, 0.14131933, -0.031044474, 0.077172384;
  0.11302774, -0.37713042, -0.059436187, 0.072579294, 0.035179321, -0.18713377, -0.078539781, -0.08384379, 0.02937706, -0.18064366;
  0.42565671, -0.17432418, -0.22060648, 0.20748544, -0.11961792, -0.024180252, 0.012394142, 0.13757484, -0.059843682, 0.080083862;
  0.34093761, -0.1521761, 0.52549356, -0.10306373, -0.24469575, -0.25333482, 0.1380346, 0.29363376, -0.11026192, -0.065311618;
  0.69292712, -0.32869136, -0.44542229, -0.14401582, -0.039519686, -0.091810286, -0.096355721, -0.026598444, 0.19563802, -0.0094139446;
  0.15838772, 1.1840699, -0.18259411, 0.0057879058, -0.22603452, -0.039387036, -0.063773759, -0.05788976, -0.037138555, -0.026867708;
  -0.49782729, -0.069294654, -0.086662635, 0.19877695, 0.10831905, -0.067378961, 0.0031570299, -0.033401176, -0.025136692, 0.04720711;
  -0.39070958, -0.21282014, 0.053806704, 0.18726549, 0.10592497, 0.16491465, 0.019772749, -0.018306023, -0.013415094, -0.08915735;
  0.72225416, -0.26808456, -0.25676215, 0.0015389809, -0.028943514, -0.033947572, 0.13903953, -0.11564122, -0.073823832, -0.10169887;
  0.088869989, -0.27669075, -0.42131969, -0.068028904, -0.16877612, -0.1104192, -0.10107017, 0.040362276, 0.076050051, -0.05044857;
  0.5694387, -0.0042827455, -0.39410949, -0.28533283, 0.22562198, 0.1974076, 0.16299503, 0.052511875, -0.067003123, -0.052943416;
  0.039430775, -0.35387063, -0.098883621, 0.090619892, 0.0051785843, -0.063576847, 0.012904873, -0.08117757, 0.028301483, -0.13959639;
  0.040776733, -0.15069783, 0.37655243, 0.042143397, -0.31240043, 0.62178338, -0.19680639, 0.068166308, 0.11439054, -0.0799492;
  0.072735272, 0.010047525, 0.4849413, -0.03428261, -0.34699747, 0.85616171, -0.1714769, 0.021904195, 0.25267166, -0.13485852;
  0.46899328, -0.1044453, 0.28429815, -0.043902639, 0.18807179, -0.229109, -0.32385871, 0.013946901, 0.18157856, 0.066240311;
  0.65280914, -0.32793993, -0.045419883, -0.093632989, -0.090179935, -0.10368675, 0.015751207, 0.11655964, -0.023040922, -0.12961878;
  0.32911825, -0.031916361, 0.13596733, -0.14161725, 0.010309416, 0.012876466, -0.14664844, -0.033098578, -0.10997394, 0.23162371;
  0.095739625, -0.29617786, 0.082664892, 0.10029103, 0.0081451843, -0.095110938, -0.090544045, -0.094590195, 0.093410097, -0.16965081;
  0.25718302, 0.20672934, -0.13747336, -0.76526469, -0.1087621, 0.1500759, -0.20236397, 0.078367844, -0.02351171, 0.32993433;
  -0.52296239, -0.23641585, -0.093308277, 0.043580286, 0.13835514, -0.098245487, -0.065431327, -0.079679564, 0.073597752, -0.073522724;
  0.1046952, 1.3113328, -0.32811248, -0.32523206, -0.35735235, 0.0021318567, -0.12946966, 0.0053251996, 0.050919924, -0.0026687328;
  0.34379697, -0.24125104, 0.36894852, 0.17443784, -0.11077199, 0.21525161, -0.033536173, -0.15076149, 0.15125528, -0.092017278;
  -0.23456088, -0.053902134, -0.3081162, 0.1040208, 0.18413384, 0.031990793, 0.15312074, 0.046107437, 0.03066282, -0.031757168;
  0.39324892, -0.13709109, 0.34503672, 4.344674e-05, 0.059923571, -0.14785857, -0.049374443, -0.29640856, -0.003709632, -0.014271459;
  0.28756785, -0.10620726, 0.26477644, 0.23383893, 0.10575211, -0.046481188, 0.063283287, -0.072161041, -0.15079604, 0.11526825;
  0.37797943, 0.72983474, -0.21236941, -0.0045464556, -0.019543426, 0.034391735, -0.011297917, -0.030211782, -0.065182559, -0.025294621;
  0.45047411, 0.084704272, -0.34473073, 0.18957196, -0.010281307, -0.010107454, 0.086841419, -0.044640213, 0.014708035, -0.080288246;
  0.56416923, 0.20539466, -0.24773811, -0.003464316, 0.018997047, -0.0049744281, 0.093813643, -0.079202399, 0.051555391, -0.069772154;
  0.4923017, -0.0050107678, -0.26424286, 0.20817162, 5.9386402e-05, 0.0019213627, 0.097594246, -0.022092935, 0.0081437528, -0.082566015;
  -0.45619652, -0.15542194, -0.080214754, 0.14456522, 0.031868204, 0.04797658, 0.017943496, 0.0093973335, 0.011467022, -0.032073703;
  0.46852005, -0.044874247, 0.32339597, -0.21521799, -0.1965898, -0.2400388, 0.38881248, -0.14937066, 0.047454134, -0.058686208;
  -0.62284565, -0.20216332, -0.20672615, 0.031590551, 0.074702978, -0.025125997, 0.043826804, -0.029400596, -0.037711032, -0.034717243;
  0.11857632, -0.29241127, -0.062734969, 0.23268525, 0.038865782, 0.0068514585, -0.034793049, -0.047161411, -0.0062141977, -0.12783918;
  0.75983983, -0.34912673, -0.24552161, -0.081911899, 0.053821635, -0.062237021, -0.0071185338, -0.14529602, -0.024709096, -0.11520936;
  0.74298126, -0.35547298, -0.24585097, -0.03901659, 0.065027207, 0.0065983962, 0.012587215, -0.14704266, -0.012134503, -0.14217556;
  0.5971967, 0.010854731, -0.36010963, -0.024869412, -0.10907566, -0.064933419, 0.17769413, 0.0023229341, 0.0034877798, -0.080070853;
  0.29687211, -0.12185495, -0.014031972, 0.16549137, -0.21189934, 0.38527304, 0.036963802, -0.027734939, 0.059736006, -0.070167094;
  0.44489029, 0.46369019, -0.37305722, 0.050839018, 0.027471522, 0.060083691, 0.097655647, 0.072628148, 0.057333495, 0.037474744;
  0.60690165, -0.24590328, -0.37249008, -0.11556491, -0.16979769, 0.024006153, 0.17755182, -0.16928954, -0.071412958, 0.074082561;
  -0.56327862, -0.18772805, 0.18475929, 0.081029601, 0.082789004, -0.16736074, -0.1266405, -0.03687913, 0.033031605, -0.18967609;
  -0.056360397, -0.36273694, -0.18336457, -0.089006573, -0.16536477, 0.0092167296, 0.20278463, -0.12975422, -0.036942348, -0.024588639;
  0.47396919, -0.127253, 0.33292943, -0.033732198, 0.049002629, -0.26401487, -0.1374715, 0.27358899, -0.026266905, 0.099728979;
  0.57899135, -0.39731118, -0.27281156, 0.055388901, -0.099254884, -0.033372786, -0.04156756, -0.065162666, 0.062771857, 0.079262704;
  0.64629298, -0.33338684, -0.26868188, -0.084102772, -0.29935798, 0.13440661, 0.1711352, -0.076191217, 0.12954615, -0.032823771;
  0.38603318, 0.76927173, -0.11024167, 0.067940988, 0.050527707, -0.047849312, -0.028853483, -0.03332359, 0.038371172, -0.031677697;
  0.192783, 0.31014851, 0.40867725, -0.37891188, 0.83108747, 0.1724803, 0.2172748, 0.28720364, 0.38635632, 0.10301296;
  0.37095353, -0.048402563, 0.094460249, -0.021182248, 0.030337192, -0.072864473, 0.35052249, -0.26600343, 0.090144657, -0.018030429;
  -0.48870999, -0.20902476, 0.093062229, 0.17552827, 0.050084539, 0.020800781, -0.011883016, -0.048784044, -0.033754122, -0.031365853;
  0.20683464, -0.0036456615, 0.16429774, 0.30770931, -0.16442508, 0.41679984, -0.049359441, 0.029947, 0.044396367, -0.08187107;
  -0.45526776, -0.18704863, -0.08014252, 0.11638152, -0.020404883, 0.038441896, 0.038264021, -0.06221696, -0.031632781, -0.060423199;
  0.41670549, -0.17051002, 0.04969646, 0.062095281, -0.16897649, 0.51259381, -0.068537541, 0.00019133418, 0.25568157, -0.11329116;
  -0.3619884, -0.38847843, -0.52609998, -0.12924582, -0.11694095, 0.023892302, 0.049086884, 0.00041762335, 0.007154448, -0.011827483;
  0.35042205, -0.10618636, -0.10828327, 0.21848109, 0.23067117, -0.10016109, -0.075901583, -0.10074373, 0.04879069, -0.068504348;
  0.68922734, -0.29964978, -0.14793117, -0.11210294, -0.081983112, -0.11562295, 0.091507785, 0.049033232, -0.021344276, -0.11710535;
  -0.05936021, 1.4316337, -0.19997418, -0.069888614, -0.32265323, -0.0026519499, -0.051922012, -0.0059501803, 0.039060645, -0.0079256166;
  0.6616233, -0.080401979, -0.064818904, 0.16507, -0.07572557, -0.068786711, 0.14889704, -0.033649053, -0.037773248, 0.015057967;
  -0.61873943, -0.050358873, -0.023018815, 0.16655032, 0.095481768, -0.075055346, -0.024509735, -0.075612776, -0.023165306, -0.060062539;
  0.33779785, -0.13004076, -0.31395775, 0.19091024, 0.036174987, -0.014868036, 0.081232913, -0.091050088, -0.12432069, 0.01702057;
  0.35753682, -0.3776204, -0.2962828, 0.17890666, -0.056948416, 0.13921207, 0.079530545, 0.032241382, -0.030375658, -0.0083511341;
  0.20205073, 0.94366509, -0.042005897, 0.24514817, -0.11494985, -0.10557374, -0.042001005, -0.01799375, -0.0046553938, -0.025779692;
  -0.59266055, -0.1699011, 0.013920401, 0.12258808, 0.15422352, -0.069241412, 0.043753903, -0.062692627, -0.017871663, -0.065947413;
  0.5266214, -0.26607263, -0.41221508, 0.14254524, -0.00021417261, 0.044592455, 0.059651799, -0.015534175, -0.0071245115, -0.098503053;
  0.60194349, -0.067503653, 0.098494381, -0.054526206, 0.21788494, -0.19022118, -0.037379317, 0.1497484, 0.14947203, -0.1368494;
  0.65793908, -0.39627004, -0.24459812, -0.068179078, 0.072040439, -0.042091247, -0.017963974, -0.05085367, 0.019587137, -0.023533108;
  0.55450606, -0.25587454, 0.048000485, 0.19119091, -0.098397829, 0.17498881, -0.12001116, 0.094483741, 0.066812344, 0.14869832;
  0.055750996, 1.4458445, 0.035001174, 0.092420876, -0.090337731, -0.050505519, -0.058847718, -0.038176626, -0.029477021, -0.026284624;
  -0.46519604, -0.14816943, -0.19851513, 0.13606432, 0.077055238, -0.040666241, 0.057877082, -0.04451111, -0.11038732, -0.054446921;
  0.4129228, -0.14378975, 0.33638415, 0.15817493, -0.15066226, 0.32276157, -0.15379807, 0.18360855, -0.023772474, 0.16113473;
  -0.47406632, -0.33170012, -0.30146897, -0.1367321, -0.14149739, 0.051773708, -0.056661371, 0.017147422, 0.034042574, 0.0059344927;
  0.30808675, 0.79621851, -0.26795295, 0.086836815, -0.23032467, -0.025965756, 0.025215931, -0.042763006, -0.026488358, 0.0025849857;
  -0.17362911, 0.20789412, -0.1484174, 0.29930961, 0.051713344, -0.021403328, 0.11634205, -0.046168208, -0.045554243, -0.04833556;
  0.10490655, 0.14386432, -0.066734269, 0.32574207, 0.059424277, -0.048975471, 0.0248044, 0.053300649, -0.020785199, 0.033820052;
  -0.46905115, -0.2390672, -0.0503917, 0.084318399, 0.16783279, -0.068872847, -0.029001851, -0.071590267, -0.0059779021, -0.021759937;
  0.39280179, -0.078998834, -0.026488161, 0.25911021, 0.29672575, 0.0011230666, 0.043653775, -0.016412945, -0.0057870117, -0.04274334;
  0.48128578, -0.15789974, -0.094884284, 0.23993118, 0.16093415, -0.056647979, 0.014949945, -0.090853684, -0.02477549, -0.090816356;
  -0.46963575, -0.22403282, -0.20028225, 0.096185438, 0.063312016, -0.044330906, 0.027838489, -0.044920895, -0.080257766, -0.028421227;
  -0.59532183, -0.22454272, 0.067863673, 0.049400393, 0.034912691, -0.10220297, 0.005497267, -0.10234011, -0.016061986, -0.017989984;
  0.35879666, 0.82278997, -0.22759131, 0.12598372, -0.16619603, -0.057267338, -0.025221597, -0.0036787766, -0.009382504, -0.010442399;
  -0.099758737, -0.2721231, 0.02983507, 0.25042525, 0.093094364, 0.074900903, -0.072988391, -0.037870083, -0.057727173, 0.0080624456;
  0.19276667, -0.27530244, -0.096250169, 0.19708891, -0.20937854, 0.27508578, 0.025959814, -0.041216228, 0.052103244, -0.074153535;
  0.25722104, -0.16660351, 0.10825244, -0.091561437, -0.31805274, 0.71537828, -0.14260541, -0.0020162642, 0.11613607, -0.1988906;
  0.4242948, 0.097211681, -0.14821556, -0.30021864, 0.46016306, 0.21304782, 0.22936065, 0.23841859, 0.22316007, 0.17042989;
  -0.13407116, 1.6910598, 0.06461174, -0.064728573, -0.24026012, -0.072781548, -0.13833213, -0.039517194, 0.035193365, -0.015644455;
  0.2516703, 0.65996838, -0.080094814, 0.27799633, -0.041520804, -0.073701158, -0.031684324, -0.043818332, -0.084875859, 0.13157095;
  -0.33382067, -0.08676371, 0.16891326, 0.24117357, -0.12894601, 0.43742716, -0.0653276, 0.02933868, 0.07599438, -0.073485292;
  -0.12747234, 1.6834874, 0.11520641, 0.056196481, -0.20737572, -0.064583458, -0.10446949, -0.041743062, -0.0099877939, 0.0096413;
  -0.082015119, 1.6369839, 0.0097627053, -0.12353953, -0.26270485, -0.058148529, -0.14757381, -0.028941307, 0.021817464, -0.0013184664;
  0.40414071, -0.15704964, 0.50582778, -0.085665919, -0.24933337, -0.041013278, 0.34853813, -0.15753938, 0.0025133875, -0.030998079;
  0.52201807, -0.17918357, 0.011093372, 0.060197532, -0.28583747, 0.25423828, 0.05378665, 0.024950301, -0.0090467436, 0.12964983;
  0.4605858, -0.14993441, 0.16825671, 0.10360387, 0.022421084, 0.14274666, -0.056403235, 0.17158985, -0.05637785, 0.23741898;
  0.46418002, 0.37811095, -0.19216982, 0.14786324, -0.06310118, -0.086156227, -0.094444476, -0.058619402, 0.020285312, 0.0062883697;
  -0.93427408, -0.13374816, 0.10435914, -0.16210495, -0.068852194, 0.067971297, -0.10343909, 0.0029475489, -0.031914398, 0.023170728;
  0.087161243, 0.88268358, -0.25287867, 0.14174092, -0.23988789, -0.0076499954, 0.019219486, 0.0089038163, -0.00409661, -0.013371304;
  0.4409124, -0.31705877, 0.18733077, 0.039310202, -0.14648442, -0.22753452, 0.0043528043, 0.20221433, -0.079099528, -0.015342775;
  0.45138258, 0.50900245, 0.0087393411, 0.21427965, 0.14020292, -0.041173354, 0.012441944, 0.026596412, 0.041209668, 0.12742376;
  0.060097128, -0.16273068, 0.13370384, 0.16448431, -0.22644711, 0.36463138, -0.02377544, 0.11754014, 0.0048384205, 0.015136215;
  0.41776407, -0.15374686, 0.41813767, -0.24186584, -0.29830274, -0.15193512, 0.44751495, -0.22196959, -0.030684296, 0.026082078;
  0.36130622, -0.19866392, -0.0063303313, 0.18860307, 0.023177642, -0.045250397, -0.14202757, -0.0031371743, -0.015600636, 0.37975651;
  -1.1020883, -0.089118801, 0.11233837, -0.089265965, 0.043882582, -0.070051335, -0.055069733, -0.020458145, -0.060227353, 0.042892713;
  0.11114679, -0.48142219, -0.45056719, -0.20890057, -0.270257, 0.099314801, -0.12728173, 0.096408427, -0.097540744, 0.18162586;
  0.063781135, 1.3337816, -0.1113114, -0.037031677, -0.23958537, -0.044007998, -0.064746544, -0.059799921, -0.009632796, -0.047628637;
  0.5905121, -0.084849849, 0.099824667, 0.0048267683, -0.03970379, -0.25037864, 0.073911071, 0.17653887, -3.3805194e-05, -0.054100741;
  0.52786797, -0.30077505, -0.71962506, -0.086866692, -0.13792077, 0.098337315, 0.088621028, -0.0099945869, 0.027263535, -0.088266075;
  -0.19506107, 1.7963964, 0.13803203, -0.013593001, -0.22301136, -0.071669683, -0.13562432, -0.048032396, 0.019630404, -0.0023500831;
  0.27771872, -0.29342139, 0.10949168, 0.22497399, 0.01763369, -0.065044992, -0.12953503, -0.033863135, 0.0044331015, 0.14667618;
  0.40705365, -0.11378723, 0.42142409, -0.52654535, -0.39376724, -0.35448173, 0.19421984, 0.20194012, -0.014528502, -0.036207311;
  -0.51396483, -0.1808487, 0.27790877, 0.14420754, 0.026262822, -0.054661334, 0.16005106, -0.20322537, -0.064918943, 0.016962595;
  -0.19748069, 1.6547468, 0.070395216, 0.059502993, -0.21198396, -0.063396677, -0.082754828, -0.047418699, 0.0093947202, -0.019882264;
  -0.29992884, 0.12382426, -0.055053279, 0.24979199, -0.075446643, 0.057974208, 0.047899064, -0.0016774941, -0.02833, -0.023247955;
  0.50316215, -0.026817208, 0.024918396, 0.11670092, 0.01552335, -0.12419329, -0.17774953, 0.018042857, -0.021938866, 0.38882804;
  0.48269486, -0.12768461, 0.23860966, -0.043755248, 0.28327179, -0.13641024, -0.21806945, -0.083498225, 0.057898361, -0.19560651;
  0.42628857, 0.029707665, 0.31621274, -0.15490854, -0.24644686, -0.1551643, 0.48455068, -0.18000069, 0.024785032, 0.038995661;
  0.48185045, 0.3468335, -0.11837308, 0.2141829, -0.044346191, -0.06183812, -0.090067387, -0.01741517, -0.096414089, 0.30056781;
  0.14387079, -0.19972901, 0.27809441, -0.014524475, -0.33926111, 0.55266708, -0.075555779, 0.092229016, 0.088169247, -0.019355252;
  0.4536846, -0.4168005, -0.36208305, -0.019133426, -0.25409567, 0.1017411, -0.072457694, 0.13491435, -0.079842962, 0.15136704;
  0.172949, -0.14111023, 0.43165001, 0.075336911, -0.29811594, 0.5438959, -0.058429785, -0.055040222, 0.17249928, -0.0073061408;
  0.50719595, -0.21924762, 0.10798581, -0.47580782, -0.2455641, -0.35313633, -0.26373926, 0.23955761, 0.15317433, -0.23580335;
  0.16724302, -0.081773072, 0.61721677, 0.13756603, -0.24240814, 0.5123179, -0.074877292, 0.051385224, 0.03463598, 0.074187107;
  0.17026363, 1.1140585, -0.13262089, 0.041249048, -0.14212875, -0.037084017, -0.021479582, 0.00027817991, 0.030699331, -0.019106716;
  0.31783828, 0.49723393, -0.12762441, 0.1951025, 0.060743283, 0.0015278169, 0.11806135, 0.0059307287, 0.065090798, -0.056945007;
  0.58413655, -0.26933238, 0.14321776, -0.086647451, -0.14087602, -0.22929898, 0.0041411207, -0.1109984, 0.10626017, 0.039749242;
  0.51651967, -0.1307352, 0.14868169, 0.090644434, 0.38073006, -0.074360982, 0.058640648, 0.11866669, 0.12197655, 0.13577387;
  -0.10822638, 0.23558661, 0.22847563, -0.30300692, 0.79550862, 0.25565591, 0.35335702, 0.29466093, 0.28640714, 0.093520463;
  0.45953143, -0.28915557, 0.11154245, 0.062590405, -0.025874065, -0.14341286, -0.16244413, 0.095901571, -0.08503902, 0.18434416;
  -0.074660264, 1.3961653, 0.022354156, 0.14561351, -0.21335551, -0.0022204269, -0.056997981, -0.017100794, -0.002263312, -0.010471608;
  0.14363851, 0.35990259, 0.2828573, -0.46504793, 0.81156915, 0.31174397, 0.38003877, 0.29772148, 0.37365827, 0.060832504;
  0.45506626, 0.11803654, 0.21014485, 0.19454426, 0.33996567, -0.079603538, -0.073189221, 0.018491289, 0.1614898, 0.20944479;
  0.48118189, -0.27378726, 0.25216353, 0.097869389, -0.1725926, 0.015969628, -0.042534202, 0.071912564, 0.051755812, 0.061046895;
  0.38360974, 0.59559363, -0.31400159, 0.065293632, -0.097428545, -0.013151622, 0.030989371, -0.011623807, 0.044447381, -0.040442698;
  0.43880472, 0.038725216, 0.12658484, 0.20664494, 0.0082721449, -0.051317923, -0.09427245, 0.052369606, -0.19041562, 0.24850932;
  0.32538947, 0.13057248, 0.27013537, -0.057212595, -0.019857526, -0.10103789, -0.1631438, 0.074378051, -0.047328167, 0.48974121;
  0.6480509, -0.30179036, -0.038048327, 0.042344011, -0.047566287, -0.14385338, -0.028069785, -0.015595277, -0.13564005, 0.06232363;
  -0.019988544, 1.499445, 0.0057547637, -0.0093015106, -0.22028054, -0.065569349, -0.13049589, -0.040368684, -0.0010837647, 0.047824163;
  0.1932178, 0.15745948, 0.79063612, -0.25273201, -0.18869998, -0.26385361, 0.46250278, -0.42705807, 0.11085681, -0.051815156;
  0.33514994, -0.40746024, -0.010679598, 0.0011432162, -0.29203621, 0.18062334, -0.082420737, 0.19689621, -0.060792752, 0.029547704;
  0.51691824, -0.20835991, 0.13430163, -0.16060235, -0.032625698, -0.26674542, -0.34322244, 0.047991157, 0.12056142, -0.10453325;
  0.48583442, -0.1267474, 0.085901134, -0.14626664, 0.22444595, -0.13404401, -0.34713727, -0.085835069, 0.35569692, 0.35490397;
  0.52630401, -0.26976806, 0.076440297, -0.086530052, -0.17795821, -0.16270813, -0.088011645, 0.28206214, -0.065011494, 0.21789294;
  0.033435524, 1.2576162, -0.00044106541, 0.16980959, -0.20958269, 0.011345223, -0.058969084, -0.0069111972, -0.0081100482, 0.0032098512;
  -0.043040428, 0.2924552, 0.85124141, -0.69973874, -0.42706794, -0.076920174, 0.73741221, -0.63366115, 0.1892077, 0.20483257;
  0.21925521, 1.0868138, -0.048744787, 0.029768253, -0.031756017, -0.056226328, -0.091454551, -0.026314635, 0.0606451, 0.046976339;
  0.64415735, -0.41186172, -0.46680054, -0.49290952, -0.55895185, 0.04197308, 0.26089126, -0.057530414, 0.085321538, 0.065909229;
  -0.15265453, 0.38180107, 0.9692623, -0.97758168, -0.50989246, -0.56722629, -0.076835953, 0.99121082, -0.09982501, -0.25787055;
  -0.43791348, -0.18454327, 0.36474115, 0.1330729, -0.087976955, 0.16280726, 0.048377465, -0.031690817, -0.021887746, -0.012982339;
  0.41909653, -0.1244515, 0.10138229, -0.20541187, 0.065219335, -0.24788085, -0.48885024, -0.21198803, 0.33081925, -0.13558602;
  0.36378556, 0.47622457, -0.19679083, 0.2371677, -0.0023138181, 0.090972774, 0.069497719, 0.062090944, 0.0051909527, 0.070051812;
  0.49046403, -0.34638241, 0.043784056, -0.15438755, -0.2118367, -0.25359091, -0.0019386827, 0.21890453, -0.084238298, 0.010979257;
  -0.17534013, 0.68044025, -0.040220477, 0.31602782, -0.039525826, -0.090197504, 0.027389385, -0.037831321, -0.054762855, -0.044813335;
  0.31352124, -0.053660445, 0.42397073, -0.46882007, -0.30838662, 0.014598186, 0.31523409, -0.45641676, -0.014179875, 0.16597027;
  -0.071196333, 0.29395536, 0.89269578, -0.86615062, -0.50069141, -0.1195223, 0.69543719, -0.62032825, 0.15354152, 0.21800309;
  -0.045696247, -0.10934231, 0.0035742852, -0.0049066958, 0.51784229, 0.15018842, 0.21636529, 0.097882047, 0.0069258064, -0.044184603;
  -0.12428176, -0.10489286, 0.039550569, -0.00048964407, 0.52166432, 0.12060134, 0.20993273, 0.11262722, 0.11733814, -0.0076729604;
  -0.29323244, -0.123325, 0.47453013, 0.16058856, 0.11178849, -0.31483254, -0.10111707, 0.14016382, -0.041347131, -0.14042984;
  -0.15114865, -0.15293208, 0.40768915, 0.19341785, 0.19217019, -0.26036623, -0.22622894, -0.15485361, 0.19774218, -0.088853978;
  -1.4308716, 0.033311065, 0.27536103, -0.11647286, 0.087666996, -0.1011634, -0.065238126, -0.013492872, -0.037165936, -0.00595186;
  0.043754153, -0.09863767, 0.506751, -0.098357446, -0.4100903, 0.68662733, -0.060802881, -0.078547016, 0.1606077, -0.03973851;
  0.61887598, -0.059511229, -0.15443017, 0.022327825, 0.077708974, -0.15351951, -0.25398833, -0.10574326, 0.2094958, 0.034948669;
  0.45006669, -0.13000032, 0.3567386, -0.26482505, -0.30623674, -0.21955265, 0.34583354, 0.12676252, -0.035657112, 0.00086944026;
  0.31220526, 0.1773465, 0.14160675, -0.45018479, 0.67137563, 0.23092222, 0.13900806, 0.15687731, 0.1604664, -0.020976992;
  0.17872132, -0.32842442, 0.17620359, 0.082849681, -0.24144912, 0.14588958, -0.03565846, 0.23607779, -0.058927316, -0.053072046;
  0.53726834, -0.2307651, -0.10801278, -0.60906017, -0.067625925, -0.23409568, -0.61379796, -0.22667368, 0.43706757, -0.20012319;
  0.55002314, 0.25612491, -0.29661578, -0.012786298, 0.19772077, 0.066191085, 0.13418038, 0.10931379, 0.11809929, 0.029021608;
  0.27727741, -0.35159048, 0.18735528, 0.16193072, -0.14461748, 0.086199105, 0.047195058, -0.014812191, -0.10402051, 0.030835629;
  0.24131545, -0.12904502, 0.57566166, -0.16129972, -0.31355411, -0.037735909, 0.37071607, -0.16944952, 0.034279212, 0.024405438;
  0.078300215, 1.3167571, -0.22600494, -0.14883554, -0.32944152, -0.040668409, -0.11797328, 0.013326125, 0.034290668, 0.025467018;
  0.3193599, -0.095273554, 0.21048717, -0.11383685, 0.14102741, -0.18387376, -0.42864355, -0.1582958, 0.35026419, 0.25286967;
  0.61405444, -0.3021417, 0.063272633, -0.11101624, -0.26949427, -0.1562923, 0.10699866, 0.13776098, -0.013811703, -0.03361151;
  0.46598628, -0.16821437, 0.40558466, 0.20671615, 0.10489286, -0.17986123, -0.29141095, 0.0056782006, 0.15041603, 0.22810026;
  0.15478452, -0.20140935, 0.41674125, 0.14300689, -0.13205937, 0.13267428, 0.1933344, -0.12990595, -0.024621954, -0.052857228;
  0.50316906, -0.13449553, 0.22639021, 0.09808439, 0.27862, -0.079892226, 0.0035352584, 0.18947873, 4.8815669e-05, 0.24794511;
  0.44736353, -0.19278036, 0.29159775, -0.21088725, -0.31747839, -0.10873286, -0.020619677, 0.40657008, -0.12985766, 0.080688782;
  0.32998118, -0.094606623, 0.48109204, -0.12900835, -0.12286858, -0.3865093, -0.032325551, 0.39742017, -0.061096486, -0.23837267;
  0.31792134, -0.026208082, 0.22284093, -0.16266108, 0.014377178, 0.0092932675, -0.20751427, -0.037703101, -0.16066878, 0.32302722;
  0.37216428, -0.11260083, 0.41908848, 0.079810053, -0.2542274, 0.059977099, 0.16936915, 0.086550929, -0.01024872, -0.031967789;
  0.53185147, -0.11178344, -0.10844981, -0.0114981, -0.040423859, -0.14887191, -0.2702744, -0.083619833, 0.22392341, 0.11618633;
  0.17186902, -0.016532803, 0.56393731, -0.09690778, -0.38692397, 0.73318976, -0.30306086, 0.18890795, 0.086160325, 0.058078445;
  0.41111261, -0.1316753, 0.1800787, -0.081868261, 0.0062606251, -0.02058794, 0.0068552815, -0.27867922, -0.1525272, 0.080931902;
  0.21681994, 0.023519861, 0.16650654, 0.24131364, -0.21356593, 0.52473873, -0.062389039, 0.10735208, 0.072397321, -0.014466904;
  0.24612238, -0.1580538, 0.51885706, 0.05118018, -0.011462383, -0.35615358, -0.03578138, 0.090918705, 0.054035354, -0.10311128;
  0.19793165, -0.028919449, 0.44322133, 0.079696529, 0.29884019, -0.22552687, -0.37389022, -0.14614584, 0.3585259, 0.16531441;
  0.37982458, 0.00018723489, 0.22406857, -0.19252647, 0.39999029, -0.026469095, -0.16031641, -0.0050105252, 0.41451415, 0.2625632;
  0.39598921, 0.021344291, 0.35969684, -0.064064555, 0.33069277, 0.10229362, -0.14980455, -0.14320678, -0.46853334, 0.10374574;
  0.68839562, -0.38024825, -0.53654009, -0.33392134, -0.24474469, 0.090820901, -0.020287735, -0.11179352, -0.15360151, 0.11066228;
  0.53788024, -0.20950791, -0.096202709, -0.54632133, 0.0007304317, -0.11965957, -0.53622931, -0.24489106, 0.18898453, -0.16811439;
  0.52789456, 0.17728198, -0.14745528, -0.34985989, 0.44026694, 0.22405024, 0.091090225, 0.083563834, -0.089192688, -0.056135822;
  0.14599667, 0.16700676, -0.13479215, 0.34853745, 0.067897826, 0.0016785108, 0.049549337, -0.0039464198, -0.028153602, 0.024499772;
  0.51256824, 0.094799921, -0.097720191, -0.024645355, 0.39452335, 0.10635411, 0.094992213, 0.023054739, -0.072200134, -0.02106284;
  0.2843537, -0.32163259, -0.46798056, -0.012985929, 0.16254906, 0.138963, 0.19144954, 0.061602391, -0.023587957, -0.030715371;
  0.26931274, -0.0058989213, 0.45140633, 0.056837007, 0.0026792388, 0.013200938, -0.11362244, 0.071716517, -0.14777938, 0.29702377;
  0.50472796, 0.32673267, -0.082421005, -0.098910712, 0.27696121, 0.12499723, 0.047517754, 0.0010694744, -0.17973091, -0.11901337;
  0.79066688, -0.25701621, -0.92597032, -0.52840525, -0.076733463, 0.17934613, 0.058478132, 0.063201673, -0.017626755, -0.017352341;
  0.48265457, 0.44034877, -0.43429139, -0.029234126, -0.0084979972, 0.069010116, 0.067906596, 0.017048445, -0.067896321, -0.019291006;
  0.66127348, -0.26030686, -0.13201153, 0.00414545, 0.18935865, -0.052121777, -0.0053681228, -0.079603501, 0.11975949, -0.11593453;
  0.6523155, -0.49641442, -0.65061826, -0.20099397, -0.40565771, 0.22039659, 0.10413391, 0.10200264, 0.12349121, -0.042007092;
  0.48387787, 0.068050459, 0.00052589789, -0.21644934, 0.47049356, 0.23700598, 0.072108716, 0.064180821, -0.17956237, -0.037583619;
  0.39130995, 0.65517342, -0.0048529156, -0.033091061, 0.3169392, 0.089515798, 0.094473094, 0.044567186, -0.0031314921, -0.049172945;
  0.33660799, 0.46810091, 0.035950035, -0.29240972, 0.62827855, 0.24345163, 0.24540685, 0.20411205, 0.12320623, 0.035116769;
  0.4575021, 0.3934226, -0.092281342, 0.072589599, 0.071140684, 0.021718448, -0.0024143704, -0.057959229, -0.1667542, 0.012007647;
  0.63526064, -0.22051132, -0.13481966, 0.056882687, 0.18603928, 0.025650939, 0.0060610739, -0.19247326, -0.26289165, -0.10563547;
  0.59816349, -0.25520226, -0.2007771, -0.25241804, 0.19452955, -0.072528742, -0.19752333, -0.028617697, 0.36427146, 0.063353054;
  -0.88201332, 0.090331763, 0.082758024, 0.15016505, 0.19445783, -0.084039196, 0.033167306, -0.022188293, -0.0095122419, -0.017306978;
  0.36209744, -0.081950702, 0.1353239, 0.096168116, 0.21256875, -0.19661985, -0.34448519, -0.20285514, 0.38371578, 0.11772574;
  0.60401285, -0.29581165, -0.18160591, -0.22673468, -0.0026820069, 0.043094903, -0.15686788, -0.14663482, -0.28893206, 0.028963095;
  -0.67633092, -0.23183146, -0.072970115, -0.020677764, -0.011482291, -0.074953116, -0.077019051, 0.024885571, -0.027373021, 0.09948051;
  -0.43722695, -0.28242961, -0.15591079, 0.053286716, -0.0075470498, -0.075124599, -0.06650646, 0.012283772, -0.027222443, 0.15714642;
  0.31786883, -0.11290053, 0.097085312, -0.11686646, 0.14232685, 0.078563102, -0.14483342, -0.18158865, -0.46535116, 0.060555376;
  0.41044697, -0.057890039, 0.17781612, -0.34943405, 0.22661231, 0.15702978, -0.23190252, -0.18566646, -0.55674338, -0.073317848;
  0.69412875, -0.20454912, -0.13251969, 0.080543786, -0.037412584, -0.091726393, 0.13363206, 0.031184778, 0.047724292, -0.0673353;
  0.59241337, -0.15975478, 0.045148287, 0.010076619, 0.063595079, -0.081170835, -0.022697022, -0.1693643, -0.060564861, -0.018091381;
  -0.46039352, -0.30243161, -0.1897272, -0.09814211, -0.064447492, -0.094371758, -0.029007237, -0.011639765, 0.029416054, -0.063282922;
  0.018069947, -0.24843656, -0.032807749, -0.035452139, -0.0074116793, -0.060077716, -0.062242284, -0.040733017, -0.094605513, 0.015280277;
  0.64890426, -0.29275221, 0.026545353, -0.13608576, 0.10524198, -0.12238517, -0.061552308, -0.21024705, 0.048646893, -0.23317316;
  0.47065005, -0.16868044, 0.10930353, -0.074087724, 0.070352942, 0.15547822, -0.12630528, -0.18145859, -0.36251283, -0.088795297;
  0.60649264, -0.25381643, -0.33788174, -0.13066147, -0.092471108, -0.15688547, -0.12296475, 0.032798391, 0.1338162, -0.01572109;
  0.089773737, 1.3114606, -0.15702002, -0.18248533, -0.20030685, -0.011425387, -0.10079236, -0.0038870054, 0.040629644, 4.4383167e-05;
  0.61376673, -0.3013643, -0.10187032, -0.11318035, 0.10032914, -0.10411169, -0.29914549, -0.14324664, 0.10814258, 0.15062162;
  0.42468527, 0.40917379, 0.29900604, 0.21948083, 0.015360009, -0.26050565, -0.021401895, 0.033251554, 0.022875549, 0.018611521;
  0.4118655, -0.078019701, 0.11797766, -0.21785642, 0.11116011, 0.065324247, -0.18320902, -0.14026341, -0.36007825, 0.13080229;
  0.41546315, 0.18331616, 0.013300968, -0.38507977, 0.65016931, 0.229991, 0.19615099, 0.16257392, 0.13585608, -0.010276353;
  0.37864551, 0.66763878, -0.23480727, -0.0519494, 0.10629363, 0.091803722, 0.097015783, 0.06124422, -0.0021050666, -0.037189785;
  0.56089407, -0.099795856, 0.073529616, 0.028881025, 0.073804714, -0.077107906, -0.029706456, -0.1677646, -0.075577952, -0.017013192;
  0.48635966, 0.56189269, -0.25353476, 0.077499881, 0.023829078, 0.040016364, 0.058320265, -0.050315358, -0.036331341, -0.097870983;
  0.73412305, -0.44594517, -0.1572966, -0.18010227, -0.18120416, -0.17105682, -0.073112898, -0.10481002, 0.085469186, -0.050298348;
  0.43936986, 0.22546475, 0.032987434, -0.14173737, 0.38730419, 0.17706707, -0.010615667, -0.050413206, -0.32839775, -0.093281098;
  0.3855125, 0.23189658, -0.198337, -0.077322796, 0.40554303, 0.16591905, 0.23149191, 0.13037421, 0.060333889, -0.040705808;
  0.67431903, -0.3728551, 0.042531304, -0.055665314, -0.081634045, -0.19656776, -0.051028244, -0.097420327, 0.086678542, -0.037739914;
  0.37625518, 0.18811914, 0.10427866, -0.55791557, 0.70753014, 0.31073967, 0.15465826, 0.18185508, -0.0080272928, -0.012343379;
  -0.060214601, 0.41187179, 0.49340668, -0.90539014, 0.40475613, 0.3316808, -0.33488661, -0.19658902, -0.66153687, -0.28394175;
  0.23497218, -0.012923142, 0.037200704, -0.084660269, 0.43909347, 0.18601951, 0.080742158, 0.018558821, -0.25354046, 0.0064898357;
  0.79633296, -0.41388035, -0.41138425, -0.14534059, -0.017400106, -0.100271, -0.11262278, -0.012235072, 0.12041224, 0.091270663;
  0.55583686, 0.012842325, -0.24363863, -0.30146691, 0.36062029, 0.20271157, 0.13075833, 0.10682338, -0.049998824, 0.050619122;
  0.48004046, 0.18998469, -0.088392027, -0.308469, 0.44239438, 0.20768565, 0.12721068, 0.12336075, -0.027031895, 0.059496239;
  0.72001445, -0.28805208, -0.50065982, -0.22994354, -0.062031489, -0.027220143, -0.11270941, -0.090648539, 0.02757548, -0.20790553;
  0.25717527, 1.0113404, -0.28884074, -0.29422548, -0.11194191, 0.060332712, -0.044499647, 0.056141749, 0.039689772, 0.008390788;
  -0.25139189, -0.26578811, -0.43241715, -0.027628206, -0.13981828, 0.014196053, -0.0038617365, 0.045545951, -0.0572902, 0.15767039;
  -0.097180776, 1.6509396, 0.068339057, -0.071396761, -0.15673234, -0.031493086, -0.10148821, -0.029055167, 0.023874821, -0.026151979;
  0.35075644, 0.79032415, -0.034794848, 0.065047808, 0.067420408, -0.06172666, -0.089869976, -0.092972435, 0.026941959, -0.11557144;
  0.56168365, -0.20655049, -0.005070766, -0.24699223, 0.1864803, 0.079775557, -0.18595509, -0.24856791, -0.43056697, -0.19952641;
  0.64854974, -0.2956779, -0.20440961, -0.32496536, 0.049953271, -0.14263, -0.22988021, 0.031095065, 0.24172316, -0.11801765;
  0.71451598, -0.38717625, -0.29882675, -0.12164711, -0.023145, -0.053471543, -0.0012707954, -0.15291943, -0.017293304, -0.10419194;
  0.54800332, -0.15824775, 0.079516001, -0.075645193, 0.34378552, 0.048990812, 0.020859065, -0.028673273, -0.024221186, -0.01828154;
  0.084520809, 0.21307628, 0.35828781, -0.87993056, -0.078417219, -0.0078377174, -0.52115649, -0.23601218, -0.1058167, -0.087892227;
  0.40237281, -0.046425223, 0.24278447, -0.36060938, 0.098024897, 0.089494996, -0.28209919, -0.12935156, -0.41416121, 0.15800589;
  0.68660849, -0.2980786, -0.23020066, -0.32828277, 0.17160779, 0.073877327, -0.17996298, -0.14004141, -0.2327092, -0.08207722;
  0.24013494, 1.0256116, -0.070299193, -0.2583625, 0.10349149, 0.092740394, -0.010942759, 0.071078032, 0.019132808, 0.022967797;
  0.68583632, -0.49118361, -0.44818613, -0.58343881, -0.59825897, 0.11313345, 0.1725103, -0.07519789, 0.046786059, 0.0053349948;
  0.38290089, 0.59328508, -0.012912693, 0.14281116, 0.04176455, -0.093103379, -0.11365601, -8.558944e-05, 0.071653165, 0.15156969;
  0.39329106, -0.256859, -0.036764797, -0.17927375, -0.053183068, -0.18563065, -0.37581545, -0.077858008, 0.33320591, 0.10379982;
  0.40941301, 0.69953334, -0.25081557, 0.086915806, -0.10968625, -0.047908783, -0.0038982385, -0.047700517, -0.0042155101, -0.075957246;
  0.28123611, -0.082905553, 0.15790217, -0.31241626, 0.070085198, -0.21747857, -0.46612296, -0.24149141, 0.43358546, -0.24011602;
  0.52836716, -0.16744401, 0.1726087, -0.13751215, 0.17820179, -0.22985284, -0.28060588, -0.026270801, 0.28785032, -0.17273468;
  0.56866407, -0.14940968, -0.62698579, -0.10470229, 0.094274893, 0.091856383, 0.14336617, 0.060847498, 0.055014808, -0.078832805;
  0.34629762, 0.16779727, -0.074971281, 0.32006207, 0.11960393, 0.065333344, 0.040651996, -0.014016932, -0.076629713, -0.0013089766;
  0.70789325, -0.41007057, -0.73817331, -0.11661176, -0.43576312, 0.169485, -0.026100073, 0.16932335, 0.011477616, 0.15844853;
  0.15608089, 1.1458842, -0.038619742, -0.069068819, -0.038836967, 0.036595039, -0.047116444, -0.027305815, -0.076117508, -0.06050279;
  0.72282022, -0.44656795, -0.70043385, -0.3902359, -0.20272934, 0.15325156, -0.093860447, -0.027734581, -0.27417028, 0.11707161;
  0.49792102, 0.069966346, 0.20444098, 0.00099633273, -0.092736892, -0.25831541, 0.093084306, 0.27064294, 0.0030779431, -0.13070597;
  0.33613008, 0.098645888, 0.27512622, -0.18678053, 0.53666264, 0.08546859, -0.017500576, 0.1347453, 0.23034582, 0.45495248;
  0.58917868, 0.21771552, -0.47807014, 0.031845108, 0.016985025, 0.03375122, 0.094935946, -0.010314994, -0.012662601, -0.060566507;
  -0.025820842, 0.38007984, 0.62660098, -0.64726573, 0.42632562, 0.2723535, -0.3458865, -0.24651919, -0.74266779, -0.22568603;
  0.34962037, 0.51445341, 0.069694176, -0.19829315, 0.59112287, 0.20852678, 0.18971415, 0.15008545, 0.058601804, -0.022215728;
  0.092264444, 0.2184213, 0.51462942, -0.38157791, 0.1186763, 0.077768855, -0.31824541, -0.16255794, -0.43014362, 0.27793598;
  0.50671625, 0.32915202, -0.40046945, 0.072318465, -0.016377207, -0.014153468, 0.057315681, -0.015320465, 0.015609975, -0.025085293;
  0.65016866, -0.1028094, -0.12874368, -0.13496411, 0.15873446, 0.039911743, -0.10708947, -0.15014529, -0.24710436, -0.095730729;
  0.61534131, 0.025734071, -0.52401006, -0.5971365, 0.054484155, 0.21392053, -0.086167574, 0.0031478414, -0.22370896, -0.091484495;
  0.3872726, 0.30238408, 0.06643302, -0.54961228, 0.66508269, 0.28987831, 0.14872444, 0.18356241, 0.045429308, 0.01039442;
  0.63513333, -0.23590083, -0.2570191, -0.1161386, 0.15850931, 0.095244989, 0.11523839, -0.10084556, -0.14290068, 0.027305126;
  0.49884391, -0.081038319, 0.15708396, -0.15701339, 0.45739251, 0.16637319, -0.04014013, -0.1444452, -0.43244255, -0.13041209;
  0.38770226, -0.052713726, -0.19861042, -0.047329813, 0.417779, 0.15496707, 0.2296086, 0.090445511, 0.012606955, -0.038810093;
  0.67873776, 0.048673481, -0.35142705, -0.079361774, 0.13699603, 0.054147117, 0.041495465, -0.047298603, -0.083884045, -0.06844759;
  0.52359486, -0.23247895, 0.12854858, -0.10927483, 0.0026772018, -0.21521902, -0.1922143, -0.048664492, 0.0506211, -0.12220553;
  0.55313671, 0.04252664, 0.054806191, -0.056451298, 0.36889637, 0.11392552, 0.039783329, -0.030063329, -0.19836333, -0.020945096;
  0.62900227, -0.12271265, -0.10438838, 0.072521225, 0.12121118, -0.013372655, -0.0080603939, -0.16467573, -0.15797023, -0.042151455;
  0.38539955, 0.13250607, 0.17731306, -0.54555172, 0.59687579, 0.30284485, -0.0049480773, 0.05018124, -0.26753446, -0.059545718;
  0.3428807, 0.81912977, -0.12929344, -0.08414714, 0.13792761, 0.065187111, 0.044802003, 0.037906162, 0.011830102, -0.029639879;
  0.63185918, -0.20621425, -0.010738346, -0.21941572, 0.3276996, 0.021979205, -0.17029074, -0.15961835, -0.073682763, -0.18561208;
  0.6948489, -0.057079013, -0.36265817, -0.28680715, 0.22832139, 0.064410888, -0.010637081, 0.02007479, 0.085984945, -0.045775611;
  0.46005839, -0.16226377, 0.35399032, -0.2144682, -0.21977255, -0.15238699, 0.37237501, -0.4454844, 0.028684927, 0.11657571;
  0.41381556, 0.04394687, 0.2287917, -0.12886292, 0.14794418, 0.055962365, -0.19638585, -0.15741801, -0.42512602, 0.13335454;
  0.78514218, -0.21197414, -0.50791895, -0.10845974, -0.057432435, -0.049429171, -0.079441227, -0.01054859, 0.021371273, 0.043622542;
  0.30833501, 0.74968082, -0.21630256, 0.19362789, -0.1324943, 0.030268896, 0.0039770445, 0.020440307, -0.047273636, 0.076837234;
  -1.1276054, -0.028475974, -0.069611646, -0.11781775, 0.0064780726, -0.038477641, 0.0056920284, -0.0066477545, 0.0087547302, 0.0017497864;
  -1.1297538, -0.025507342, -0.096362568, -0.12130466, -0.011452612, -0.047397219, -0.005499545, -0.00094081264, 0.011549926, 0.015391726;
  -1.0266763, -0.089169905, -0.10708432, -0.11140558, -0.016722884, -0.043123532, -0.021050073, 0.00072810071, -0.0063474975, 0.050738726;
  -1.0325065, -0.080341987, -0.097458966, -0.10590012, 0.01047401, -0.043812428, -0.014704952, -0.0082445778, 0.02653623, -0.010520313;
  -1.1221741, -0.038602356, -0.066580631, -0.10964565, 0.035736617, -0.040223777, 0.0047117216, -0.0010443229, 0.02403873, 0.0013505502;
  -1.1294867, -0.029377099, -0.024903413, -0.086795337, 0.03577717, -0.059291519, -0.00035568298, -0.006265563, 0.006914441, -0.0071313889;
  -1.0467136, -0.067772999, -0.089318261, -0.1569141, -0.04889353, -0.036230378, 0.020963512, -0.014503192, 0.01029219, 0.0037034149;
  -1.0234294, -0.08674629, -0.08671803, -0.10840604, 0.0058556828, -0.042651925, 0.0003982528, -0.0057130051, 0.019477881, 0.005313131;
  -1.0506469, -0.087874591, -0.10334028, -0.11986046, -0.0089949081, -0.046791125, -0.017560376, 0.00048743008, -8.827445e-05, 0.046872944;
  -1.0701548, -0.0097850328, -0.11557207, -0.080523849, 0.012935746, -0.052580815, 0.0030971502, -0.0032557577, 0.021005815, 0.00087899715;
  -1.1338243, -0.044554587, -0.10635599, -0.14993228, 0.0023519509, -0.043743584, -0.0016487618, 0.0096236598, 0.020808518, 0.0047195614;
  -1.1045035, -0.042193316, -0.070507132, -0.10283916, 0.038257834, -0.047624927, -0.0092880353, -0.0042332914, 0.03430726, 0.0041716159;
  -1.0753881, -0.031633008, -0.095369637, -0.091399856, 0.0053690891, -0.035303704, 0.012885652, 0.00099461235, 0.01403086, -0.0010851996;
  -1.1253921, 0.014232684, -0.097528957, -0.091785178, 0.031698946, -0.045537498, 0.011081914, 0.0083419597, 0.024944143, 0.00078430941;
  -1.1266973, -0.036774442, -0.14657634, -0.20538074, -0.072828643, -0.023116207, -0.00067955826, 0.0097153373, 0.015656542, 0.01157243;
  -1.0940845, -0.052322298, -0.089023493, -0.13413636, -0.026538061, -0.032506999, -0.0069785989, 0.0018130295, 0.0045193047, 0.010573923;
  -1.1084925, -0.046845589, -0.10164884, -0.14348999, -0.024722859, -0.037305363, -0.0044479514, 0.00055985997, 0.005492161, 0.017502625;
  -1.1257107, -0.03130199, -0.087173186, -0.14149438, -0.013133407, -0.039003175, 0.0041372948, 0.001838614, 0.010998495, 0.0023467294;
  -1.0503494, -0.020548807, -0.053882349, -0.047643319, 0.014263407, -0.055016559, 0.022214327, -0.015421188, -0.006703828, 0.011369717;
  -1.0594393, -0.032119561, -0.087023973, -0.084792756, -0.0037016512, -0.042772062, 0.0043552285, 0.0030037151, 0.0046950309, -0.00040243531;
  -1.1349339, -0.0012712922, -0.069163069, -0.095339261, 0.012361047, -0.060953528, -0.0042712172, 0.0065851687, 0.0057032993, 0.00079628895;
  -1.1517459, -0.034787357, -0.079321407, -0.14945698, -0.012971489, -0.042415287, -0.0096184574, -0.0059375768, 0.013648807, 0.0037906745;
  -1.0975499, -0.035321087, -0.055467349, -0.11061114, -0.012397309, -0.039514445, -0.0036669434, -0.0017561516, -0.0012589403, 0.0068387846;
  -1.1295955, -0.039583314, -0.07664331, -0.13163663, -0.017200459, -0.030226169, -0.010993284, -0.0030654785, 0.0026845334, 0.016377794;
  -0.98743141, -0.090029739, -0.16931137, -0.10681537, 0.0051594935, -0.030363725, 0.024471313, 0.0097001484, 0.024353856, -0.0032061734;
  0.61917675, -0.23377404, -0.14448461, -0.09539637, -0.2658551, -0.12783282, -0.019340876, 0.35300925, -0.097664148, 0.069951877;
  -0.29373586, -0.12203619, 0.17646332, 0.15514697, -0.15189417, 0.55910951, -0.051117461, 0.054785594, 0.13408689, -0.098768137;
  -1.1651065, -0.0277991, -0.063590564, -0.10502591, 0.055493217, -0.017654231, 0.016126422, 0.0053873113, 0.0081664221, 0.0033201526;
  -0.90920097, -0.032062817, -0.19412427, -0.046547383, 0.032655753, -0.0085163489, 0.061947387, 0.022461271, 0.017474659, -0.0019352685;
  0.064365119, -0.28200677, -0.16481434, 0.031034354, -0.19825847, -0.06141147, 0.054895774, 0.19916759, -0.073704749, -0.020502754;
  -0.88878703, -0.039771363, -0.21256576, -0.046439905, 0.0045406036, -0.014523486, 0.0522114, 0.024031397, 0.024993027, 0.0057122582;
  -0.9572221, -0.037378542, -0.23153375, -0.085417852, -0.024473511, -0.018685728, 0.039052125, 0.019806363, 0.027045619, 0.0038979487;
  0.14753699, -0.25216329, -0.25020593, 0.1713542, -0.095565721, -0.0057613095, 0.021332286, 0.042346254, -0.019436052, 0.0050743353;
  -0.9424094, -0.042431243, -0.23100451, -0.086196005, 0.0097459881, -0.0049655866, 0.060605504, 0.035559457, 0.036686551, 0.011181199;
  0.47370231, -0.2310966, -0.37332582, 0.10840333, -0.0042387261, -0.034989901, -0.025939638, 0.04652961, 0.0032193693, 0.21313784;
  -1.0086827, -0.090162568, -0.21017361, -0.15640399, -0.042216297, -0.010349735, 0.019333689, 0.02035022, 0.032188583, 0.0085125258;
  -0.99143231, -0.083344691, -0.22941262, -0.15367721, -0.056283161, -0.012064614, 0.016595285, 0.020516139, 0.024936426, 0.0082912818;
  -1.0255095, -0.094630904, -0.19879478, -0.18938908, -0.083434299, 0.0050382973, -0.020546669, 0.030230274, 0.014571935, 0.029080186;
  -1.1907153, -0.063632004, -0.045212291, -0.14891578, 0.031811997, -0.011291953, -0.0096895574, 0.0039529367, 0.008652118, 0.0090751043;
  -1.1626002, -0.048789993, -0.1004739, -0.14011726, 0.016219849, -0.022028448, 0.0029534183, -0.00098068302, -0.0019947775, 0.0029449293;
  -1.0789447, -0.092577755, -0.057468574, -0.10487964, 0.052458592, 0.0030152847, 0.015069838, 0.0014521575, 0.0047497619, -0.0019614536;
  -0.63371146, -0.15332428, -0.037841387, 0.05375525, -0.061102383, 0.23044465, -0.0022560488, 0.020270508, 0.041668113, -0.043108691;
  -1.1729351, 0.011031833, -0.058813334, -0.087230228, 0.029209225, -0.040773768, 0.0067025041, -0.0053196442, 0.0018064451, 0.0017649306;
  -1.1451644, -0.042770814, -0.054151673, -0.09684132, 0.025751512, -0.049478315, -0.015773986, -0.013646523, -0.0094889933, 0.018703453;
  -1.1516796, -0.036553774, -0.036161523, -0.10490967, 0.034370411, -0.05276503, -0.0097541641, -0.0058899648, 0.014594706, 0.002294664;
  -1.2178637, -0.027107304, 0.099606439, -0.05753997, 0.079136901, -0.05758642, -0.032729354, -0.011458115, -0.024989935, 0.047678862;
  -1.0338864, -0.019739365, -0.091334075, -0.052675493, 0.035745006, -0.04668925, 0.021167144, 0.00050582807, 0.01164335, -0.011358485;
  -1.0404218, -0.061882351, -0.18195349, -0.1356678, -0.012349073, -0.023763651, 0.017752105, 0.016513698, 0.03080482, 0.012852061;
  -0.96674639, -0.022859145, -0.19118142, -0.076706111, -0.015157677, -0.028163973, 0.032482278, 0.020712258, 0.022813423, 5.6591889e-05;
  0.29271537, 0.35501972, -0.42577809, 0.18961506, -0.22878264, 0.090128988, 0.040436294, 0.059787553, -0.011384765, 0.055355914;
  -0.9996956, -0.065660253, -0.1412465, -0.094464704, 0.02956189, -0.022012448, 0.031047793, 0.023317169, 0.030518616, 0.0036795265;
  0.33934927, 0.34701148, -0.34900764, 0.2395847, -0.10386053, -0.021770651, 0.033461869, 0.014823643, -0.063844405, 0.073225155;
  -1.0495263, -0.073918641, -0.15035866, -0.14037591, 0.014253875, -0.017977376, 0.023714498, 0.016442508, 0.039350051, 0.0082129575;
  0.35088158, 0.12840928, -0.29266462, 0.2039026, 0.13805528, -0.01541892, 0.042329103, -0.00045599925, 0.053881105, 0.027186023;
  -1.2069566, -0.046039477, -0.061759163, -0.15517735, 0.020983305, -0.030362897, -0.014060559, 0.0018152929, 0.0072456328, 0.0080893291;
  0.24340318, 0.54015923, -0.20415571, 0.095032975, 0.22452986, 0.066110954, 0.15767024, 0.059646379, 0.021680124, -0.040946685;
  -0.43544212, -0.20734398, 0.022170024, 0.071881391, -0.13203497, 0.35853234, -0.046295118, 0.033284899, 0.072704881, -0.06581986;
  0.34716883, 0.46045229, -0.27282724, 0.00082491309, 0.23864976, 0.10265649, 0.16874418, 0.079903901, 0.031412292, -0.040337406;
  -0.89394462, -0.13400553, -0.052080944, -0.071367092, -0.047420427, 0.11048121, -0.025015663, 0.011845157, 0.023966804, -0.016462557;
  -0.99460399, -0.11880503, -0.039545573, -0.09384685, 0.012947354, 0.077612355, -0.0078488979, 0.018517816, 0.022693133, -0.0033263552;
  0.27034485, 0.7165029, -0.18879829, 0.0075601586, 0.19170864, 0.078579299, 0.1367339, 0.075056843, 0.050680961, -0.025929444;
  -0.70709705, -0.18512268, 0.03272346, -0.0097806873, -0.054408412, 0.24122305, -0.036236968, 0.018074777, 0.050433092, -0.041141056;
  -0.7055366, -0.18116672, 0.01669191, -0.0019061218, -0.059605923, 0.23742507, -0.035991721, 0.019163486, 0.047457621, -0.044140346;
  -0.75526303, -0.15045877, -0.0040830118, -0.0089368168, -0.078822918, 0.20250462, -0.041901913, 0.015519923, 0.035721488, -0.034967273;
  0.14312756, 0.96892703, -0.21765728, 0.051246259, -0.020643804, 0.013095225, 0.059925508, 0.023060624, 0.036365446, -0.028027119;
  -1.1076568, -0.087933913, -0.030644655, -0.12507091, 0.037601817, 0.019492479, 0.0038932557, 0.00067537854, 0.0045964601, 0.0021086286;
  0.23470671, 0.86084062, -0.17759505, -0.02102031, 0.13093105, 0.071928807, 0.11792174, 0.077211246, 0.067579351, -0.013250688;
  -0.95355028, -0.097725868, -0.14341554, -0.069027491, 0.054447237, -0.0095480606, 0.032131936, 0.012200835, 0.018956957, 0.0037154625;
  -1.1429745, 0.018287925, 0.013470533, -0.012718675, 0.05610662, -0.060159832, -0.010055861, -0.015414101, -0.0087165972, 0.013854451;
  -0.35350078, -0.081667081, -0.24385913, 0.12402835, 0.064236686, -0.024113746, 0.024274414, -0.055100344, -0.067391701, -0.096067801;
  0.31465986, 0.23071314, -0.43153951, 0.20297602, -0.11037841, 0.044555113, 0.092737094, 0.005396028, 0.0029222094, -0.046584185;
  -0.076197676, 0.47013924, -0.28263435, 0.25411549, -0.011581856, -0.038505636, 0.086706132, 0.0037877169, -0.026679099, -0.0031155208;
  -0.10045482, -0.094664678, -0.0055872542, 0.042722914, 0.29383245, -0.013147948, 0.20330916, 0.10166745, 0.06119236, -0.025094107;
  -0.13947497, -0.071958795, 0.035941795, 0.039421257, 0.32346356, -0.0078870738, 0.21174718, 0.10154684, 0.077966727, -0.025419544;
  -0.69048512, -0.08630015, 0.024178328, 0.083845861, -0.067440242, 0.20837685, -0.025983201, 0.0076708631, 0.045355268, -0.053706054;
  0.67619389, -0.10351419, -0.26445413, -0.03783134, -0.012793123, -0.1415962, -0.17613374, 0.00023274144, 0.14693861, 0.1097937;
  0.46431535, -0.1432897, -0.22094429, 0.24691442, 0.010011253, 0.13319504, 0.026870111, 0.065943226, 0.012452552, 0.12690088;
  0.51298755, -0.29060018, -0.10087108, 0.17361957, -0.15223116, 0.21032631, -0.094624236, 0.075840607, 0.052025117, 0.00070356403;
  -0.098625429, -0.22992273, -0.17979492, 0.14433143, 0.0087185279, -0.050274476, 0.023401508, 0.05252381, -0.027345035, 0.0030329758;
  -0.13665427, -0.33361843, -0.28478843, 0.054969802, 0.010023431, -0.02190786, -0.0093254745, -0.023882724, 0.028324882, -0.0026887073;
  0.27513871, -0.011778791, -0.28331658, 0.20167485, 0.079130083, -0.014254222, 0.011732993, -0.04260261, 0.067805365, -0.043498397;
  -0.033096254, -0.24050702, -0.19353127, 0.10473423, -0.037733052, -0.082919374, -0.0067054871, 0.075275183, -0.045836948, 0.099022701;
  -0.10017922, 0.045485407, -0.1021021, -0.10251632, 0.5634129, 0.16954783, 0.3073186, 0.20575134, 0.18641326, 0.018964037;
  -0.27410796, 0.42844099, -0.27478907, 0.20084658, -0.037236907, -0.044358656, 0.094300434, 0.003058766, -0.0058636363, -0.036914889;
  -0.21956901, -0.22943485, -0.013357286, 0.022339905, 0.16730945, -0.10374905, -0.016857982, -0.017440874, 0.1488457, -0.027610626;
  -0.18038829, 0.15418133, -0.21721438, 0.17706174, 0.10677183, -0.022467345, 0.072948866, 0.03480579, 0.019455323, 0.05461615;
  -0.15030329, 0.50271767, -0.27888477, 0.25718102, -0.04930193, -0.055227514, 0.061564952, -0.0042727715, -0.035890531, -0.0012740701;
  -0.21258821, -0.17563495, 0.033685848, 0.062698759, -0.10024043, -0.055221908, 0.11642323, 0.09615989, -0.021352105, -0.078803994;
  -0.14722805, 0.53708619, -0.2475982, 0.27695316, -0.049628396, -0.059220877, 0.046636768, -0.015629603, -0.050044101, 0.017329212;
  -0.11948846, 0.26104501, -0.19482271, 0.17811732, 0.2043981, 0.014948006, 0.13962431, 0.059892911, 0.035002612, 0.036481757;
  -0.14137973, 0.34385666, -0.34981477, 0.21155673, -0.065668635, -0.039044585, 0.070405066, 0.008389283, -0.017343337, -0.00060558418;
  -0.1789383, 0.39826751, -0.29800135, 0.20138295, -0.002713809, -0.036892101, 0.088132232, 0.011765709, 0.013669714, -0.035303134;
  -0.2443912, 0.24727544, -0.30748951, 0.2046257, -0.055578504, -0.032199495, 0.054895241, 0.014446648, -0.025460908, 0.022222681;
  -0.1729549, 0.43142751, -0.36470956, 0.18122816, -0.051818106, -0.026419474, 0.091865405, 0.017447338, 0.015445841, -0.034453023;
  -0.13412729, 0.22328912, -0.40361327, 0.16992418, -0.08379215, -0.016253985, 0.073426813, 0.029128242, -0.012607232, 0.027287461;
  -0.36742154, 0.45397452, -0.17260188, 0.24631472, 0.0046254331, -0.066311233, 0.058892336, -0.012092576, -0.022939233, -0.045154959;
  0.4579125, -0.22027144, -0.13429886, 0.12541158, 0.029255003, -0.066096343, 0.080174699, -0.22574478, 0.038746908, 0.018254494;
  0.47320491, -0.2605693, -0.063213199, -0.035418786, -0.18501991, -0.03508104, 0.20077646, -0.20164119, 0.12584181, 0.015833337;
  0.045926601, -0.21513756, 0.13182086, 0.20887761, 0.0014675613, 0.02990249, -0.10766175, 0.087590136, -0.12184566, 0.24082148;
  -1.0904397, 0.030901227, -0.19851711, -0.11147734, -0.037096638, -0.028562499, 0.016672889, 0.012706701, 0.010177996, 0.012174672;
  -0.98816097, -0.0941943, 0.26929373, -0.013151852, -0.0023995852, 0.034011766, -0.024835449, -0.035390649, -0.01846643, -0.033839479;
  0.25118509, -0.21323571, 0.036563385, 0.28874752, -0.019216977, 0.043376479, 0.0013952382, 0.090843186, -0.02508891, -0.021553118;
  0.52657288, -0.30041119, 0.076839738, 0.1219763, 0.08481475, 0.034906834, 0.14789586, 0.20734152, -0.028452653, 0.040718768;
  -0.11730635, 1.5512534, 0.18089651, 0.12511745, -0.13567148, -0.092347272, -0.050930016, -0.040940542, -0.017646538, -0.067396536;
  -0.69375837, -0.20246512, 0.043655261, 0.03679553, 0.03835541, 0.0037875916, -0.023183485, -0.043470167, 0.03700674, -0.056596626;
  -0.69224995, -0.21999758, -0.003778266, -0.063275754, -0.04490253, -0.011179149, 0.007472239, -0.029807035, 0.0050008348, -0.03145799;
  -0.25517336, 1.8597664, 0.19705549, 0.025344566, -0.21794599, -0.072824001, -0.10222917, -0.062892839, 0.016880363, -0.042388186;
  -0.73977196, 0.097004488, 0.11534141, 0.18156013, 0.26891848, -0.066985056, 0.031915575, -0.023410676, 0.030855004, 0.0006712157;
  -0.57293051, -0.12162474, 0.082428806, 0.080688804, 0.33347815, -0.043852989, 0.02418997, -0.014625632, 0.10764024, 0.0014500177;
  -0.12595652, -0.2080007, 0.46577081, 0.2529709, -0.08940465, 0.17841087, 0.017291408, 0.080952212, -0.03687625, -0.035146456;
  0.25069433, -0.32645124, 0.10361935, 0.061564725, -0.049155433, -0.12081548, 0.19406171, -0.16351241, 0.058929775, 0.076091677;
  -0.58014119, -0.27365646, -0.13146307, -0.10765063, -0.10980528, 0.012526612, -0.03370598, 0.0144173, 0.010584398, -0.014372543;
  -0.84071064, 0.038714688, 0.090375513, 0.13963486, 0.059885655, -0.057828125, 0.034342408, -0.048352633, -0.023105452, -0.040960081;
  0.54221535, -0.0051074168, 0.16783258, 0.097271748, 0.32250145, -0.023402665, -0.12860514, -0.098694623, 0.079256959, -0.16808167;
  -0.53279436, -0.26819929, -0.10366579, 0.0074367458, -0.050772548, 0.038173694, -0.011459114, -0.023900162, 0.008835135, -0.019378588;
  0.37196285, 0.37101883, -0.43160486, 0.11262551, -0.16164124, -0.020455107, 0.074929997, -0.059464157, -0.024571279, -0.069505319;
  0.42430994, -0.20291066, 0.13510805, 0.075817913, -0.11689032, 0.2904312, -0.0012529871, 0.14916335, 0.0023920282, 0.12752029;
  0.022517387, -0.26328731, 0.20967399, 0.046463288, -0.076244906, -0.2200577, 0.11012995, 0.032740071, -0.0060502896, -0.13229422;
  -0.47120437, -0.079950877, -0.17076072, 0.097295813, -0.096364215, 0.092286751, 0.042580258, -0.018597756, -0.02025074, -0.01251879;
  0.59240913, -0.24140348, 0.13306098, 0.07155028, -0.21063051, -0.054705583, -0.0054092407, 0.28147507, -0.093216218, 0.03976614;
  -0.67241859, -0.094804555, -0.024754701, 0.10036522, 0.072400689, -0.10088798, 0.0028640453, 0.0003932906, 0.0063869143, -0.0073800273;
  0.57962954, -0.23714608, 0.10632212, -0.07262823, -0.017629808, -0.14973231, 0.052177429, -0.032569345, -0.060508661, 0.042478275;
  0.53403437, 0.22252731, 0.01898751, 0.15427725, 0.069086723, -0.17605276, -0.029291511, 0.13274498, 0.011011039, -0.037484512;
  0.38702369, 0.26130053, 0.14611769, -0.078887857, -0.21974225, -0.31017885, 0.063988283, 0.43477985, -0.063560195, -0.15212533;
  0.56812006, -0.24274206, -0.12157597, 0.11251452, -0.069251932, 0.041476484, 0.0040298481, -0.006984802, 0.12357511, 0.02612403;
  -0.1439469, -0.13473688, -0.085256308, 0.18884005, -0.04076758, -0.045178432, 0.087204583, 0.0036739188, -0.027148195, -0.050412633;
  0.18308172, 0.3302967, 0.075429328, -0.51861089, 0.68948931, 0.33002895, 0.3458035, 0.35791975, 0.33184958, 0.11298286;
  -0.99277848, -0.1010905, -0.03098914, -0.0089005856, 0.039807294, -0.052891936, -0.0289037, -0.006951279, -0.030991793, 0.059877381;
  0.370121, -0.13692068, 0.36397246, -0.062845662, -0.1957384, -0.0015159379, -0.090357706, 0.25435317, -0.11278236, 0.1706994;
  -0.1454463, -0.30764887, 0.013444173, 0.11181286, 0.084801763, -0.089402057, 0.063338064, 0.099681921, -0.019384963, -0.05390539;
  -0.41229293, -0.21437043, -0.0097355898, 0.16081224, 0.079522356, 0.0040954375, 0.095604129, 0.032807659, -0.0010663015, -0.046965651;
  0.49173963, -0.18657206, 0.44838396, 0.062463958, 0.0044227573, -0.24839826, -0.16261284, 0.018686837, 0.075772904, -0.20988591;
  0.40041819, -0.035136357, -0.11145456, -0.064148515, -0.0043610665, 0.059323296, -0.092085488, -0.12176471, -0.25611898, -0.015172838;
  0.14297307, -0.16269986, -0.14875121, 0.15160754, -0.10674851, 0.092809454, 0.11597548, 0.020360049, 0.041174248, -0.065664366;
  0.55524117, 0.076259926, 0.14637987, 0.14047155, -0.043082289, -0.21201941, 0.12773304, 0.009768459, -0.0023969098, -0.030408418;
  0.36104253, -0.1109466, 0.41563517, -0.26893783, -0.28724471, -0.30950743, 0.02439055, 0.5228653, -0.085507244, -0.15898891;
  0.63877594, -0.36565086, -0.078683794, 0.014038802, -0.042178374, -0.037558228, 0.12953757, -0.091841474, 0.057586368, 0.033079699;
  0.37871093, -0.14055651, 0.34032384, -0.29552686, -0.29954728, -0.29947576, 0.024003251, 0.48633999, -0.064748935, -0.1625589;
  0.028794041, 0.034185678, 0.65557152, -0.12380341, -0.45635819, 0.80037451, -0.15321264, 0.035090346, 0.22557542, -0.10416944;
  -1.3374379, -0.007472286, 0.18171598, -0.11590031, 0.072373196, -0.09321674, -0.048173811, -0.024602668, -0.018935347, 0.011645269;
  0.20288366, -0.10071604, 0.48402485, 0.1510537, -0.2197431, 0.60367548, -0.13750057, 0.063703381, 0.1575117, -0.14143555;
  -0.48386633, -0.056484558, -0.10577162, 0.13454047, -0.060386531, 0.043877929, -0.0095016658, 0.038127646, -0.055082094, 0.04671672;
  -0.34101829, -0.10662008, -0.14667886, 0.071748391, -0.12448497, 0.026693454, 0.083353966, -0.01679677, -0.0038163727, -0.05052821;
  -0.75968039, -0.21806124, -0.17432269, -0.37568751, -0.2045795, 0.11638842, -0.16705362, 0.068382517, -0.033638209, 0.10589153;
  -0.56974036, -0.27613592, -0.23241499, -0.22972739, -0.19044524, 0.052961171, -0.021330887, 0.032127943, 0.0082139689, 0.027061015;
  -0.40943071, -0.32348692, -0.44969755, -0.30775702, -0.28825161, 0.12966166, 0.003321263, 0.039739605, 0.059013367, 0.0035191977;
  -0.3863253, 0.012626691, -0.27460012, 0.099287242, -0.14544885, 0.074169487, 0.029543167, 0.065232798, -0.026183108, 0.035786204;
  -0.49003583, -0.084954351, -0.30107215, -0.012884375, -0.14668469, 0.02592846, 0.065156706, 0.023362808, 0.0091712456, -0.016259806;
  -0.87175506, -0.23588866, -0.39963126, -0.55742943, -0.29115361, 0.11135286, -0.15084048, 0.08516781, 0.01722623, 0.099623799;
  -0.87761325, -0.19983608, -0.2070183, -0.27665165, -0.1277665, 0.019248299, -0.079482175, 0.02730592, 0.0075548743, 0.04096476;
  -0.40686372, -0.31917092, -0.31003997, -0.25582185, -0.22286272, 0.070054673, -0.04186067, 0.054245405, -0.0046613635, 0.047079928;
  -0.28683272, -0.27327877, -0.18248315, -0.026672078, -0.14477886, 0.093657129, 0.041908555, 0.040271252, -0.038627453, 0.052109826;
  -0.58792621, -0.29746535, -0.29151392, -0.36675873, -0.26394156, 0.14567599, -0.082967572, 0.02824102, 0.025624538, 0.019286536;
  -0.44307566, 0.041127786, -0.18236291, 0.10161652, -0.11474898, 0.0096968105, 0.08537598, 0.010205573, -0.021236474, -0.0030151322;
  -0.43478885, -0.36995772, -0.60403442, -0.33043379, -0.281095, 0.076260723, -0.015685208, 0.073955782, 0.032242313, 0.10707811;
  -0.71263063, -0.22551759, -0.22147675, -0.18838203, -0.13382183, 0.026454467, -0.034729622, 0.033621509, 0.013677066, 0.015076002;
  -0.64816916, -0.28973576, -0.49014467, -0.38334015, -0.28000692, 0.10682809, 0.00047323495, 0.058286998, 0.063886501, 0.020733194;
  -0.29881117, -0.35812077, -0.4158434, -0.25786969, -0.28049412, 0.099721946, -0.018972423, 0.080055512, 0.0072741313, 0.036098007;
  -0.70120674, -0.25125417, -0.30470914, -0.37023115, -0.24303812, 0.080759533, -0.029037463, 0.022890465, 0.031333696, 0.01119925;
  -0.80943501, -0.18769497, -0.17895989, -0.23334266, -0.14421117, 0.0077297143, 0.01193802, 0.020334478, -0.0034072397, 0.0052343858;
  -0.50144184, -0.25105166, 0.052575842, 0.10240465, 0.045126669, -0.089726254, -0.0039807907, -0.0051668561, -0.030102523, -0.0011838779;
  0.32065776, -0.0031859239, 0.40158105, -0.21281901, -0.12143687, -0.066122264, 0.55274338, -0.36938986, 0.13215633, 0.06365744;
  0.3153581, 0.096637972, 0.45948872, -0.25100443, -0.084010281, -0.11175343, 0.60261494, -0.36882767, 0.13882138, 0.072377019;
  0.53339213, -0.21156017, 0.1543538, 0.091609828, -0.17306332, 0.045218989, 0.053957246, -0.0016117496, 0.016588924, -0.032854281;
  0.50534761, -0.24703021, 0.23352996, -0.20070033, -0.25953114, -0.2364036, 0.20098352, 0.1111441, -0.02143364, -0.0039636269;
  -1.2410511, 0.17596306, 0.19238953, 0.11016707, 0.16962819, -0.10810267, -0.001819053, -0.036338016, -0.032883935, -0.0063331248;
  -1.4142935, 0.087922499, 0.22831576, -0.0050048246, 0.14239292, -0.083444029, -0.033038367, -0.02176387, -0.024347501, 0.011928264;
  0.43717849, 0.24848624, -0.025254494, 0.18646695, -0.11432107, -0.064100049, -0.00059771928, -0.067672558, 0.072009973, -0.10285917;
  0.21340434, -0.053261001, 0.62267303, 0.24012445, -0.15235583, 0.50403035, -0.10580648, 0.18686546, 0.047853872, -0.018184833;
  0.46909991, 0.072993316, 0.098547861, 0.055609338, 0.047065463, -0.13692968, -0.17224947, -0.10975881, 0.078016087, 0.37768415;
  0.35061276, 0.52860248, -0.065607004, 0.079046547, 0.041332733, -0.082399927, 0.078307711, 0.11183062, 0.048761059, -0.073570885;
  -1.5072, 0.069511294, 0.28706864, -0.10918091, 0.12782751, -0.10394398, -0.062713474, -0.063147455, 0.0056643249, 0.01631338;
  -0.033968482, -0.096989244, 0.3701252, 0.31534895, -0.097356364, 0.39511836, -0.15962711, 0.01861175, 0.11022931, -0.0029146471;
  0.52644253, -0.20932174, 0.20591527, -0.1112414, 0.018842114, -0.25926441, 0.013680231, 0.2009708, 0.081541121, -0.17578438;
  -1.1246632, -0.10905872, -0.048792675, -0.33144909, -0.085233942, -0.018040475, -0.10004706, 0.016416814, -0.013680968, 0.036876053;
  0.39838442, -0.22554725, -0.019312577, 0.19269001, -0.10782839, -0.1409754, 0.040733807, 0.17821662, -0.06963639, -0.013801258;
  -0.52062672, -0.16042072, 0.081791744, 0.1079047, 0.053571552, -0.07742729, 0.047861598, -0.0078015449, -0.0054401271, -0.044314299;
  0.47889715, -0.26035494, 0.091398686, -0.11825294, -0.12306375, -0.00055760803, 0.12211172, -0.19382687, 0.2286751, 0.049401604;
  0.42313603, -0.24357568, -0.20361492, 0.25648814, -0.12134001, 0.090594158, -0.021666372, 0.016878871, -0.070853576, 0.12387413;
  -0.84912163, -0.010558784, -0.085492909, 0.028292457, 0.0073269587, -0.0017670735, 0.050068647, -0.0075878459, -0.0023943735, -0.012569025;
  -0.49550372, -0.26778689, -0.096159771, -0.06272006, -0.10336272, 0.063895002, -0.086666815, 0.053782817, -0.048707433, 0.11965624;
  0.43496072, -0.21742502, 0.060176864, 0.17085421, 0.10142985, -0.15932558, -0.14332281, -0.047786824, 0.14887094, -0.0095116496;
  0.075964957, 1.2088193, -0.018893398, 0.17763802, -0.11828802, -0.041974608, -0.031366885, -0.027209451, -0.021687832, -0.0033114883;
  0.32935247, -0.36933881, -0.096890397, 0.095356919, 0.094474599, 0.14018025, -0.013268779, -0.097802483, -0.17623816, -0.15967697;
  0.42169338, -0.087255083, 0.60189444, 0.15980315, -0.11438841, -0.080248564, 0.011945646, 0.1330595, -0.013767721, -0.06456802;
  0.37664703, -0.081324629, 0.4044781, 0.10094002, 0.074643731, -0.11724014, -0.14271177, 0.0037199787, -0.16096368, 0.28184667;
  0.084068276, -0.31126097, 0.082943916, 0.17561319, 0.056695808, 0.028780291, 0.038805883, 0.049057819, 0.047142748, -0.02826735;
  0.35054317, 0.099378608, 0.44076383, -0.068109393, -0.036026787, -0.33082473, 0.090030789, 0.3479574, 0.026524682, -0.20278306;
  0.51167667, -0.098987207, 0.13461518, -0.046620805, -0.12832823, -0.28971404, -0.055998206, 0.28464943, -0.014881394, 0.038541917;
  0.4276998, 0.19076316, 0.43711042, 0.15912184, -0.0022852449, -0.33650154, 0.0087132165, 0.31214115, -0.073973276, -0.042246021;
  -0.056953993, -0.13922292, -0.23048279, 0.040436246, -0.097291842, 0.019959705, 0.21560019, -0.047573525, 0.035378497, -0.025050892;
  -0.33291388, -0.26776949, 0.11158979, 0.035421416, -0.086685799, -0.015863787, 0.048993066, -0.0098243011, -0.030433903, 0.015011872;
  -0.63702154, 0.41321662, 0.071638405, 0.25572535, 0.19512132, -0.057778709, 0.072141975, 0.00047272482, -0.03185105, -0.011497409;
  0.51757199, -0.31776163, 0.084349498, 0.10757419, 0.029431257, 0.007761755, -0.17204779, -0.14454445, 0.12941574, -0.24471542;
  -0.1792744, -0.06264437, 0.19014648, 0.26789898, -0.16688649, 0.45083982, -0.064746529, 0.02858817, 0.083596565, -0.099193417;
  -0.8189249, 0.065912791, 0.069895267, 0.15299957, 0.10019793, -0.044135414, 0.065211937, -0.014783472, -0.039839853, -0.022167582;
  -0.9086684, -0.10531094, 0.092974611, -0.015270473, 0.078161001, 0.014054999, 0.060346533, -0.006677859, 0.0040695262, 0.0022285944;
  -1.0609306, -0.076754451, 0.11585639, -0.0022673113, 0.088059396, -0.054193046, -0.028139221, -0.021999288, -0.0078381477, 0.0013406819;
  -1.1048077, -0.092634566, 0.086146861, -0.11589957, 0.013648127, -0.042774804, -0.064498715, -0.01724989, -0.0087544918, 0.014959786;
  0.36508495, -0.025702298, 0.46780929, -0.40909487, -0.35830283, -0.26854995, 0.43866941, -0.10449896, 0.045394108, -0.034334414]