[-0.13142258, 0.14513794, -0.026132578, -0.010080648, -0.028161595, -0.0060364231;
  0.083044752, 0.31034145, 0.031862982, 0.060720619, -0.034501299, 0.010374632;
  -0.298639, 0.080045983, 0.025878541, -0.0286707, -0.024193749, 0.020638732;
  0.19236585, 0.32727966, 0.034089234, 0.047491185, -0.011736285, -0.001119397;
  -0.33578828, 0.018329602, 0.054995488, -0.10809801, 0.0051731607, -0.010805912;
  -0.32586864, 0.027583621, -0.050931256, -0.10476498, 0.0058100051, 0.013643239;
  -0.3467035, -0.017402802, -0.016876018, -0.045479637, -0.015588002, -0.0037392674;
  -0.10683475, 0.25244188, 0.02036586, -0.04053998, -0.027685225, 0.0077418755;
  -0.29249808, 0.019710761, -0.077507265, -0.081226982, -0.0021132897, 0.0087455129;
  0.069157317, 0.29079476, 0.01087946, 0.02768686, -0.0078911139, 0.026829945;
  -0.096933767, 0.27886999, -0.022587955, -0.0329661, -0.046274807, 0.0201832;
  -0.18651558, 0.13244165, -0.055464137, -0.074951157, 0.00094015547, 0.015521808;
  -0.19846463, 0.22994681, -0.00054100342, -0.04292728, -0.037987739, 0.037032627;
  -0.42131862, 0.036650866, -0.023418577, -0.10868215, -0.027600132, 0.017397802;
  -0.057835281, 0.12204901, -0.052033957, -0.073104694, 0.011819736, -0.024080593;
  -0.17539319, 0.25003287, 0.023347652, -0.044118296, -0.032499742, 0.035615157;
  0.0046028169, 0.25043911, -0.0040105944, -0.036056053, -0.0027833013, 0.0030353901;
  -0.13054501, 0.13485582, 0.027973687, -0.048995268, 0.011650673, 0.004333579;
  -0.0062838178, 0.17706959, 0.053313315, -0.052249871, 0.040030722, 0.0093477853;
  -0.32291788, -0.061809063, -0.094853297, -0.054332584, -0.00028409503, 0.003579916;
  -0.038538992, 0.23777001, 0.010672749, -0.040122043, -0.0023872769, 0.0061107669;
  0.10646993, 0.31990108, 0.028159752, 0.017735681, -0.0088376915, 0.01545717;
  -0.15792082, 0.19707075, -0.020652089, -0.058498297, -0.0084725134, 0.024389107;
  -0.21668927, 0.17773265, 0.0065417327, -0.080534548, -0.02644261, 0.0083323754;
  0.030126479, 0.22489144, 0.064541996, -0.021831971, 0.014985501, 0.0019489933;
  -0.23705816, 0.10988592, -0.042793076, -0.083362289, -0.0056241513, 0.013490995;
  -0.17513424, 0.21721475, 0.0022609117, -0.068619303, -0.010090079, 0.030115994;
  0.14015327, 0.31477925, 0.040724736, 0.033756964, 0.0018035584, 0.010168554;
  -0.15550226, 0.1807595, 0.015441773, -0.078833111, -0.014419778, -0.0020427001;
  -0.086463593, 0.24923721, 0.027934881, -0.030329783, -0.025790071, 0.012395458;
  -0.42628765, -0.12002479, -0.13592507, -0.045370091, -0.025839126, 0.0052071912;
  -0.62302607, -0.25435999, -0.016397534, -0.056414448, -0.042466525, -0.035924889;
  -0.1267723, 0.1909159, 0.030690731, -0.02461952, -0.024835134, 0.0099481083;
  0.05766226, 0.030500276, -0.041521311, 0.0054932334, 0.05469308, 0.022331433;
  -0.13000835, 0.082025722, -0.056271151, -0.059258096, 0.015567937, -0.0010665343;
  -0.11880326, 0.19368978, 0.028448494, -0.015961548, -0.014960301, 0.019274198;
  0.013194528, 0.26744249, -0.0013714174, -0.0032111814, -0.0071581919, 0.017980658;
  -0.27692589, 0.12358545, -0.032965496, -0.067936487, -0.020381177, 0.026951499;
  0.010697398, 0.27326331, 0.0057362369, -0.01327126, -0.0094305715, 0.021537397;
  0.018455626, 0.26797378, 0.061091308, -0.023032783, 0.0094352206, 0.013909755;
  -0.060834289, 0.2854937, 0.020058904, -0.024090104, -0.028093141, 0.018094456;
  -0.074421979, 0.25920346, 0.054983996, -0.011727667, -0.03299034, 0.0061477171;
  -0.048607685, 0.24230088, 0.026343558, -0.012692873, -0.026787376, -0.0012034612;
  0.041024622, 0.21584515, 0.053526103, -0.029151274, 0.027348077, 0.014967316;
  0.31593418, 0.33395961, 0.047521368, 0.039875191, 0.01185064, -0.0071431431;
  0.016560655, 0.16552763, 0.017427422, -0.0027153273, 0.028011316, 0.025220057;
  0.072482049, 0.12569426, 0.0085097272, -0.014013485, 0.040845297, 0.0137815;
  -0.33941925, 0.08328636, -0.032379318, -0.09868744, -0.028253792, 0.0083277207;
  -0.23764995, 0.087404355, -0.015378979, -0.028752659, -0.020324403, 0.0073935161;
  -0.24302669, 0.048924945, 0.01839664, -0.00509209, 0.0070349053, 0.033048294;
  -0.14662099, 0.21454753, -0.002691457, -0.030561762, -0.028068312, 0.018542578;
  -0.47866744, -0.07256519, -0.0011131085, -0.090042248, -0.030005639, -0.012428272;
  -0.26632372, 0.071128085, -0.050197948, -0.09697967, -0.0075869374, 0.001797418;
  -0.17969802, 0.12805496, -0.065214433, -0.071432479, -0.018360177, 0.0025812769;
  -0.30408853, 0.13106287, 0.017446565, -0.05836362, -0.030650925, 0.027023977;
  -0.15820752, 0.18926981, 0.040742487, -0.04365262, -0.004158841, 0.017213719;
  -0.42175618, -0.01625864, 0.0083352784, -0.072787508, -0.027862411, -0.0053214002;
  -0.064720578, 0.16137545, 0.041086815, -0.042728566, 0.026919313, 0.01080555;
  -0.2514317, 0.12837923, -0.053744659, -0.055041678, -0.032484695, 0.02183024;
  -0.2525785, 0.091135539, 0.0025590681, -0.066160589, -0.0034746183, 0.014429037;
  -0.33783007, 0.085038759, -0.036194202, -0.066080518, -0.033785593, 0.024903594;
  -0.43950903, -0.065363236, -0.081295222, -0.085172892, -0.019134449, 0.0072220899;
  -0.085281558, 0.23488934, 0.014384727, -0.019494748, -0.033092663, 0.0049022082;
  -0.69514674, -0.39512429, 0.30684614, 0.036670428, -0.0055778972, -0.06683556;
  -0.33959609, 0.072531365, 0.004219674, -0.091433503, -0.027608851, 0.00011439837;
  0.067100734, 0.27096823, 0.056853045, 0.007482829, 0.017139368, 0.025636079;
  0.016518416, 0.22173734, 0.038188491, -0.0085119642, -0.0010976131, 0.0037065933;
  -0.12076354, 0.21553554, 0.008191457, -0.001052081, -0.031545479, 0.022027014;
  0.0029771617, 0.1625271, 0.040965099, -0.011958012, 0.033603251, 0.015258194;
  -0.23978122, 0.0324056, -0.016292311, -0.04317696, -0.014216463, -0.015752874;
  -0.2832996, -0.11610679, -0.16412322, 0.01274145, -0.0074866773, 0.012882899;
  0.044237603, 0.20011167, -0.027078623, -0.015606387, 0.0068453127, 0.0070473715;
  -0.16069125, 0.23735957, 0.0084136948, -0.064494498, -0.032009237, 0.0085596172;
  0.21955618, 0.035623893, -0.005504569, -0.027048459, 0.044875205, -0.020603113;
  0.20175608, 0.34806001, 0.0017835852, 0.05041533, -0.041605394, -0.0040809978;
  -0.16791618, 0.15295957, -0.026341217, -0.07455004, 0.0034045931, 0.017579623;
  -0.31531584, 0.077257939, -0.011983933, -0.062614918, -0.015085984, 0.021892764;
  -0.16491091, 0.18965335, -0.03063288, -0.038410459, -0.032416549, 0.017736046;
  -0.24307866, 0.10870097, -0.054519113, -0.035726063, -0.030183326, 0.017914573;
  0.53725845, 0.1222908, -0.0063070673, 0.054304719, -0.004236842, -0.03811948;
  -0.39203107, 0.036250733, -0.013333538, -0.051409859, -0.034864698, 0.025680186;
  -0.18438505, 0.19323495, 0.002998119, -0.075804815, -0.0094528347, 0.021808283;
  -0.38532415, -0.0035490785, -0.015239175, -0.066446789, -0.013142363, 0.018013163;
  -0.0045080483, 0.26924327, -0.0011889121, -0.027583132, -0.017480973, 0.014027394;
  -0.39470983, 0.021943796, 0.031509396, -0.063215427, -0.0270507, 0.010200909;
  -0.23313887, 0.11746218, -0.033767026, -0.047306065, -0.01890669, 0.021815535;
  -0.289911, 0.096229158, -0.062010128, -0.073984891, -0.047750406, -0.0040391893;
  -0.53311229, -0.063444756, 0.0042366623, -0.11597653, -0.022967158, 0.015844246;
  -0.22844873, 0.0098601049, -0.092989802, -0.0021554015, -0.013471955, 0.024358671;
  -0.65089542, -0.35435066, -0.028946925, -0.0068160873, -0.027836133, -0.028650863;
  -0.44069818, 0.038836885, 0.0053513893, -0.16717951, -0.021664262, -0.002121883;
  -0.23084198, 0.18127362, -0.0045569357, -0.085372359, -0.014144107, 0.026223768;
  0.16115879, 0.28629535, -0.012748613, 0.042033311, -0.0099977143, 0.017548196;
  -0.23859161, 0.21561408, -0.0049234866, -0.089474931, -0.032107938, 0.024257662;
  -0.18405624, 0.16853546, -0.034246594, -0.053564213, -0.025029017, 0.015056976;
  0.021824462, 0.33790231, 0.042131539, 0.0078705493, -0.038804386, 0.020300575;
  -0.1147544, 0.24191187, -0.019254545, -0.03912802, -0.030645158, 0.018752746;
  0.14652331, 0.21948338, -0.045126174, -0.020726919, 0.011643851, -0.0017091013;
  0.055867415, 0.14225046, -0.085618898, -0.0083928984, -0.010657246, -0.0026128991;
  -0.25794297, 0.12539127, -0.0040532788, -0.044616949, -0.040307671, 0.0020178268;
  -0.41860384, -0.12411436, -0.0096906126, 0.049859196, -0.021793801, 0.03079628;
  0.16742837, 0.084724925, -0.078958452, 0.05698083, 0.0025924756, -0.010022189;
  0.18923865, 0.07964953, -0.11837739, 0.099926718, -0.029821547, 0.00035686509;
  0.24535722, 0.15278457, 0.018741587, 0.04734771, 0.034372747, -0.0020734966;
  0.16950995, -0.058642965, -0.16303584, 0.13214171, 0.0048987237, 0.0095799686;
  -0.030881284, 0.24222295, -0.035664454, -0.017227745, -0.033033013, -0.0050169807;
  0.20249677, -0.050969001, -0.017237941, 0.13172364, 0.028000811, 0.0090577751;
  -0.35170534, -0.3070831, -0.070179433, 0.16262907, -0.010155523, 0.020209813;
  0.51258242, -0.19869867, -0.085341282, -0.03299835, 0.064949594, 0.040342316;
  -0.50588286, -0.0849929, 0.13010499, -0.054450784, -0.022274502, -0.006191331;
  -0.32222116, -0.15608342, -0.090822056, 0.11087172, -0.010247751, 0.045159712;
  -0.057347443, 0.14312981, -0.046519559, -0.0096839648, 0.0027379165, 0.023190461;
  0.075840078, 0.28994718, -0.032410868, 0.040594462, -0.044059724, 0.0098830415;
  -0.20928511, -0.1241551, -0.10536746, -0.007340306, 0.024921091, 0.0025689153;
  -0.52117032, -0.093858004, 0.067545161, -0.073681563, -0.015224379, 0.010380637;
  -0.10442754, 0.14860611, 0.034250274, -0.02151512, -0.0042717946, 0.018506518;
  -0.27826804, -0.10403932, -0.076396227, 0.076948576, -0.0094705494, 0.033847596;
  -0.10556913, -0.23730472, -0.05820588, 0.10973218, 0.033075072, -0.0065681948;
  -0.12503332, -0.018693378, -0.059880167, 0.074926555, -0.0071175909, 0.0042107445;
  0.040823344, 0.013964673, 0.072317094, 0.0034770521, 0.046267882, -0.0033266274;
  0.16682237, 0.12022036, -0.064387418, 0.036515146, -0.0093963752, 0.00017338785;
  0.21489987, 0.037245639, -0.022497026, 0.041739888, 0.044678871, 0.0092242835;
  -0.0051233829, 0.0015202058, -0.060046054, 0.047962662, 0.016133172, 0.00017561713;
  0.24669838, -0.016513668, -0.10652358, 0.0025153186, 0.031667739, -0.039559074;
  -0.083367124, 0.14188412, -0.010382433, 0.0058978898, -0.010954496, 0.0090867579;
  0.17645666, 0.24143969, -0.04187293, 0.044438414, -0.015534895, -0.015070113;
  0.65446949, 0.040672805, -0.049678326, 0.071043149, 0.010341588, -0.054488473;
  0.36372998, 0.11984547, -0.098980606, 0.078530781, -0.019916037, -0.025547242;
  -0.15466608, 0.031807948, 0.064100385, -0.028854558, 0.022364797, 0.0064584399;
  0.036031317, 0.0080013871, -0.083150059, -0.047456399, 0.056859229, 0.0082930895;
  0.21000171, 0.13375546, -0.03117015, 0.080812596, -0.02495165, -0.018430576;
  0.34761602, 0.2450663, -0.0099776257, 0.037198287, -0.028427577, -0.03258267;
  -0.081118383, 0.039909758, -0.051182531, 0.085509926, -0.0084763644, 0.015378374;
  -0.038030203, 0.12461144, -0.027530663, 0.01742862, -0.014538455, 0.0065468261;
  -0.21755762, -0.0194057, -0.1364819, 0.011132621, -0.029524054, 0.00018953875;
  0.050892785, 0.20188546, -0.027088605, 0.06461107, -0.020670742, 0.018538751;
  0.097277485, -0.024000883, -0.15506332, 0.16005896, 0.0048509338, 0.022213563;
  0.48998296, -0.1182061, -0.0852478, 0.096701249, 0.039689202, 0.032868713;
  0.63708621, -0.053178489, -0.030205352, -0.016984031, 0.050446592, 0.012632433;
  -0.0039049673, -0.069771715, -0.10903733, 0.03033453, -0.0060422188, -0.030576179;
  -0.39413959, -0.12162011, 0.050205886, 0.023390457, -0.010798291, 0.0053101075;
  -0.089528196, 0.078200467, -0.020773601, 0.078704648, -0.023001596, 0.02535573;
  -0.14538772, -0.0046029612, -0.074775316, 0.052248552, -0.0014104394, 0.034255791;
  0.2474661, 0.36180797, 0.0069931205, 0.12061863, -0.059323873, -0.0041469238;
  -0.21298085, 0.043421008, -0.0389877, -0.063544676, -0.0050762207, -0.018439677;
  0.20597012, 0.23701358, -0.032603052, -0.016609393, -0.011355227, -0.025586128;
  0.1299307, 0.0017611778, -0.14804642, 0.036769692, 0.031493723, -0.0032173789;
  -0.23799811, -0.034925923, -0.12104349, 0.0099558486, -0.014400988, 0.019820042;
  0.10742863, 0.22398929, -0.054153949, 0.039810583, -0.053389724, -0.041448675;
  0.53752565, -0.12964518, -0.14236113, 0.14992505, 0.02844858, 0.043052331;
  0.14666452, -0.0024454151, -0.044501215, 0.060304895, 0.049948949, 0.022814753;
  0.13796383, -0.06028033, -0.1282887, 0.089122377, 0.050235778, 0.035571642;
  1.0303038, -0.19546726, -0.0027548806, -0.12414036, -0.023543442, 0.00077867991;
  -0.4079833, -0.14990577, -0.022453304, -0.095933549, 0.027646149, -0.0070608049;
  0.10851579, 0.10664597, -0.060900662, 0.041501954, -0.013575284, 0.0041174171;
  0.45991349, 0.0010122481, -0.072914086, 0.055029046, 0.050723862, 0.0074563059;
  0.49228537, -0.29169556, -0.20138769, 0.08833091, 0.055168584, 0.068318389;
  0.15233076, 0.044922672, -0.12544838, 0.1215167, -0.0065989252, 0.00082210527;
  0.25902906, -0.17112809, -0.044423748, 0.013168611, 0.067113318, -0.0054473951;
  0.2110367, -0.0020857539, -0.075726695, 0.074609511, 0.0091798715, -0.031499796;
  -0.32669771, 0.034837328, 0.024215255, -0.10871495, -0.0011392953, -0.0058840872;
  0.62579924, -0.056689452, -0.17596191, 0.14480083, -0.037455365, 0.001535259;
  0.23971875, 0.20207682, 0.0050618737, 0.058363542, 0.035325531, 0.025589826;
  0.69601417, -0.010392073, -0.035420053, -0.018712023, 0.04506579, 0.0033606377;
  0.017963449, -0.04517699, -0.10579688, 0.016730791, -0.011561041, -0.036267854;
  0.15306391, -0.06464646, -0.12485483, 0.16906652, -0.023717958, 0.02926274;
  -0.027222343, 0.110904, -0.026626347, 0.025071673, -0.001094406, 0.024578445;
  -0.22896248, 0.067586832, -0.063897498, -0.085466251, -0.0081597883, 0.002580235;
  -0.0022263494, 0.1382727, -0.034758732, -0.021153264, 0.0042260359, -0.0062243682;
  0.0074278507, 0.060248699, -0.03384931, 0.009299906, 0.033038359, 0.023386637;
  -0.24643479, 0.0007884939, -0.06678471, -0.014769849, -0.01809822, 0.0040603913;
  -0.25041437, -0.01798428, -0.12282367, 0.0095407283, -0.031636436, 0.0094312122;
  -0.12884842, -0.22321962, -0.25707626, 0.15885879, 0.010919898, 0.043726735;
  0.25633717, 0.12458919, -0.086507127, 0.044460248, 0.0089814607, -0.010415989;
  -0.15698373, -0.16452909, -0.14715116, 0.076194003, 0.00030905413, 0.0026977737;
  -0.25623423, -0.0030195168, -0.080920681, -0.032654036, 0.0069850334, 0.018777711;
  -0.067767009, -0.059820767, -0.15557346, 0.019624516, 0.027491691, 0.015556348;
  0.097372405, 0.088677175, -0.03056846, 0.0076080747, 0.011028347, -0.011382096;
  -0.090252586, 0.083438478, -0.028125348, 0.034425925, 0.0098129045, 0.025637873;
  0.017876456, 0.15305439, -0.038995493, -0.065200426, 0.0074363728, -0.034531243;
  0.39481458, 0.01263355, -0.10343333, 0.11183139, 0.014066013, 0.0086299088;
  -0.011245241, -0.03129027, 0.027854325, 0.064435333, 0.03157068, -0.0057717841;
  -0.42294809, -0.074857078, 0.055157714, -0.11048155, 0.015490611, -0.011878107;
  0.059399121, 0.063705407, -0.14420167, 0.11051501, -0.046285566, -0.0094065405;
  0.14513376, -0.21681686, -0.1620374, 0.18676098, 0.035159625, 0.036115225;
  0.049488634, 0.051857289, -0.11158974, 0.066906631, -0.019216079, -0.0040775975;
  0.45666996, -0.0039630467, -0.1394088, 0.15071402, 0.011571484, 0.0083825439;
  0.089753747, 0.15176848, -0.035210881, 0.051585767, -0.0085012401, 0.00010805482;
  -0.04506927, 0.18602896, -0.0065760901, 0.052358903, -0.023910645, 0.023818532;
  -0.10425647, 0.21232237, 0.028332755, 0.0065864339, -0.01272921, 0.038035031;
  0.001853019, 0.22750716, 0.0067620766, 0.043148573, -0.040814433, -0.00019736137;
  0.33723795, -0.4149642, -0.21775804, 0.19572102, 0.048475891, 0.06109108;
  0.37711671, -0.14097738, -0.090123877, 0.080453686, 0.046029601, 0.019351337;
  -0.34930402, -0.27335364, -0.0092571508, 0.10514937, 0.0047846162, 0.00044592732;
  0.25942707, 0.038527589, -0.089345895, 0.16004677, 0.021033868, 0.027431199;
  0.21865758, 0.0028894995, -0.077168643, 0.074684195, 0.0087863356, -0.01412169;
  -0.55708545, -0.30384845, 0.058932975, 0.0106801, 0.0015093231, -0.012909098;
  0.14422272, -0.021655016, 0.0055061579, 0.035726938, 0.053844936, 0.0096394578;
  0.15722632, -0.051044233, 0.0012044056, 0.079702042, 0.030704726, -0.014524654;
  0.27780908, 0.28879112, 0.023791995, 0.092559338, -0.020570848, -0.038318295;
  -0.19295767, -0.11587506, 0.0096389148, 0.045937952, 0.027421236, -4.2833886e-05;
  -0.10572474, 0.0022008761, 0.10098413, -0.07713484, 0.061946899, -0.010801231;
  0.26572528, -0.19453804, 0.035692178, -0.005568794, 0.085638665, 0.02312497;
  -0.39442569, -0.20824423, 0.1372122, 0.026177488, 0.017610183, -0.028011896;
  -0.25038654, -0.20991018, -0.059515558, 0.091225259, -0.0021046263, -0.0061223889;
  -0.073693745, -0.16087656, 0.00063938554, 0.19846265, 0.022964034, 0.030435869;
  -0.31406823, 0.073407158, 0.055405509, -0.052455466, -0.043954015, -0.019153664;
  0.12981883, 0.24927804, 0.085704103, 0.035559595, 0.011159212, 0.013154795;
  0.0074575832, 0.23390666, 0.062269744, 0.016146028, -0.0078429524, 0.012639889;
  -0.24841811, 0.035285104, 0.041363839, -0.076651111, 0.008273839, -0.015125901;
  -0.37739795, -0.10105915, 0.10499605, -0.061265811, 0.017766725, -0.029544078;
  -0.4194307, -0.18463635, 0.18281204, 0.055829193, -0.012395461, -0.038754441;
  -0.52775091, -0.18533394, 0.084314175, -0.014097204, -0.030289138, -0.026634473;
  0.18416917, 0.12330236, 0.0056249863, 0.16709374, -0.029003639, 0.019941421;
  0.23369545, 0.11734717, 0.028127251, 0.10688693, 0.040941406, 0.037633121;
  0.063332677, 0.075713314, 0.085358955, 0.10043103, 0.015788108, 0.01308112;
  -0.48184168, -0.31630737, 0.25272706, 0.065910712, -0.0069752554, -0.087653071;
  -0.34177485, -0.020069387, 0.10914574, -0.031832352, -0.027469128, -0.027056618;
  -0.43482399, -0.41800931, 0.1555399, 0.16125429, 0.021398127, -0.035198953;
  -0.06663993, -0.059917703, 0.059023034, 0.0067405775, 0.054765277, -0.0021551312;
  0.25581166, 0.23095012, -0.0072459313, 0.15389739, -0.034303308, 0.015036509;
  -0.62083286, -0.3788476, 0.093884118, -0.0019409071, -0.012395573, -0.064672187;
  -0.38051534, -0.16594982, -0.025672955, 0.067766085, -0.024043672, 0.0036168629;
  -0.23237431, 0.028124329, 0.13835064, -0.024036709, -0.0036202308, -0.018546019;
  0.18521634, 0.16950575, 0.043807108, 0.13433056, 0.0030877257, 0.023907963;
  -0.25549623, 0.0066370266, 0.012761704, -0.014662166, -0.012847417, -4.1574425e-05;
  -0.2750074, 0.020370897, 0.048973896, 0.0091155088, -0.021289598, 0.0052658273;
  -0.092491053, 0.034629907, 0.067196026, 0.08648622, -0.022218373, 0.0081913844;
  -0.20568855, -0.035059199, 0.11364345, 0.0027534051, 0.013754215, -0.0086818831;
  -0.23863074, 0.018733479, 0.067653745, 0.021475008, -0.0068322537, 0.011549762;
  -0.36868671, -0.053241551, 0.10422543, 0.031055752, -0.02359678, 0.003339916;
  -0.5253486, -0.20658262, 0.023111843, 0.065407686, -0.033813886, 0.016376656;
  -0.20227988, 0.054974563, -0.001412131, 0.0076160575, -0.011086799, 0.02188744;
  -0.088126272, 0.20009254, 0.019280087, -0.013585777, -0.010479408, 0.026237631;
  0.62815863, 0.2347523, 0.072307035, 0.1593328, -0.064917989, -0.091991648;
  -0.076275639, -0.037306543, 0.037494272, 0.083869055, 0.030455543, 0.023852676;
  -0.070615612, 0.14711615, -0.052508943, -0.0002863043, -0.018375034, 0.0059254966;
  -0.39406726, -0.13205825, 0.042009067, -0.00059062446, -0.00097264792, -0.010684219;
  -0.4552902, -0.25702375, 0.025189549, 0.056572214, 0.013263932, 0.010840055;
  0.065871492, -0.068646386, -0.0075730095, 0.16542721, 0.0040690014, 0.017819904;
  -0.40474281, -0.0075405906, 0.037729472, -0.03314456, -0.03072283, 0.0084825372;
  -0.1547592, -0.16904961, 0.0066143172, 0.16772735, -0.015063304, 0.012174711;
  0.14327256, -0.10507078, -0.076100193, 0.19767883, 0.02795714, 0.040923804;
  -0.28196293, -0.23316139, 0.069762059, 0.1274197, 0.028649064, 0.011662839;
  -0.26372302, -0.23455414, 0.043686356, 0.14773034, 0.015725866, 0.0059335781;
  -0.42699489, -0.45914945, -0.25998053, 0.062995762, 0.013537484, -0.030982006;
  -0.25313643, -0.091280967, -0.036098119, 0.045504116, 0.015890684, 0.020480519;
  -0.64147741, -0.28307745, 0.06741219, -0.010595312, -0.02724668, -0.015205484;
  0.049702793, -0.078551196, 0.026387315, 0.10236249, 0.050212894, 0.024769133;
  -0.61059475, -0.17247435, -0.032232624, -0.07869108, -0.040188614, 0.0034920413;
  -0.38904047, -0.053988941, 0.083629027, 0.017473258, -0.026564077, 0.0055722292;
  -0.28640696, -0.18398298, 0.033169355, 0.098330714, 0.025145132, 0.023575764;
  0.16184002, -0.016982557, 0.070292495, -0.024624083, 0.081749454, 0.013397617;
  -0.22072564, -0.17093565, 0.14708006, 0.041578203, 0.052904926, -0.0037598026;
  -0.2458197, -0.00065888476, 0.057976972, -0.049669724, 0.0017524697, -0.030259831;
  -0.31964353, -0.22568634, -0.061975304, -0.029269516, 0.034526568, -0.019885596;
  0.076420866, 0.082199462, 0.03877518, -0.048718821, 0.054499958, -0.007595452;
  -0.33648571, 0.055903979, 0.010198935, -0.0091889119, -0.045730565, 0.019602723;
  0.12496734, 0.18851848, 0.053406443, 0.0098485444, -0.0032104847, -0.0095473956;
  -0.35476467, 0.0466781, -0.003063557, -0.11481207, -0.0057771229, 0.012833276;
  -0.45358628, -0.11505871, -0.048900243, -0.066881858, -0.024233244, -0.017580772;
  -0.48294014, -0.22797541, 0.1523525, 0.048356079, -0.00062869262, -0.01459155;
  -0.25631732, -0.048956592, 0.14721632, 0.039642546, 0.016234642, 0.0024114675;
  0.041511334, 0.13160045, -0.030535728, 0.15846235, -0.034407221, 0.042470429;
  0.14630061, 0.11601837, 0.0089578545, 0.15937696, -0.0033077342, 0.035366014;
  -0.25254923, 0.037146948, 0.11318755, -0.044705071, 0.017679224, -0.0011291087;
  -0.22348186, 0.051706143, -0.016481629, -0.025121655, -0.013346331, 0.0026657337;
  -0.13426988, 0.04399468, -0.075725541, -0.062140048, 0.016288882, -0.0062468136;
  -0.10034198, 0.13896717, 0.0066111009, -0.0054844436, -0.0082347002, 0.0039598849;
  -0.46957508, -0.061588589, 0.072951399, -0.072013482, -0.012560316, 0.0029054976;
  0.0072836461, 0.081669301, 0.020019678, 0.070815861, -0.026526704, -0.0085863499;
  0.1473162, 0.057115339, -0.044580452, 0.088434741, 0.00050140911, 0.0035337682;
  -0.070579268, 0.063916333, 0.046780106, 0.047486663, 0.0071203755, 0.0060382257;
  -0.31238732, -0.15048382, 0.07789249, -0.020255061, 0.023185823, -0.021936493;
  0.25397345, 0.017835481, 0.065771796, -0.10100675, 0.088189647, 0.00054127228;
  -0.46402761, -0.28378758, 0.13545159, 0.20172827, -0.049203839, -0.026503742;
  0.045195196, 0.059829615, 0.10594635, -0.07845851, 0.06492769, -0.008819418;
  -0.2317047, -0.095658168, -0.051248223, 0.010228561, 0.02404985, 0.01055214;
  0.07511317, -0.01723567, 0.065523997, 0.023453729, 0.064752616, 0.012068504;
  -0.030044222, 0.025383547, 0.027299723, 0.0026909462, 0.047720596, 0.0094594695;
  -0.080247141, 0.021050248, 0.00047376007, 0.025771193, 0.0055092387, 0.0059118727;
  -0.14985634, -0.034452252, 0.070949771, -0.070440508, 0.048636589, -0.01796945;
  -0.51827061, -0.17720348, -0.13506326, -0.060790841, -0.046288393, -0.017998241;
  -0.12608726, 0.10597525, 0.05367364, -0.043287218, 0.023339042, 0.0065923179;
  -0.29758427, -0.03860864, 0.015484701, -0.038835522, 0.0081278533, -0.00365585;
  -0.11978104, -0.14417036, -0.060621798, 0.0028949392, 0.036271721, -0.013979088;
  -0.0027956262, -0.2172368, -0.02575733, 0.036180895, 0.061507292, -0.0055899504;
  -0.2926169, -0.050889619, -0.016910229, -0.038111147, 0.010773027, 0.0032547049;
  -0.063014552, -0.24091808, -0.065624453, 0.065480538, 0.05756722, 0.0051880376;
  -0.10904048, -6.1850602e-05, -0.045388013, 0.030537013, -0.01878229, -0.0060331947;
  -0.074899428, 0.036472373, -0.0045363186, -0.079237819, 0.02906635, -0.022071814;
  -0.18705401, -0.025924938, -0.10435376, -0.065367281, 0.02908301, 0.0036443179;
  0.0010740358, 0.16403359, 0.05185857, 0.014325181, 0.0029913809, 0.0049074227;
  0.10692068, -0.13155447, -0.070774257, 0.10498504, 0.041665521, 0.022015389;
  0.26782852, 0.035929304, 0.035058785, -0.025279334, 0.082572326, 0.021840239;
  0.23088223, 0.13503116, 0.019905269, -0.034169827, 0.043414034, -0.013555551;
  -0.044167411, 0.20014998, -0.051870733, -0.048995424, -0.0033837245, 0.01149164;
  0.15857701, 0.27862936, 0.052986663, -0.01000776, 0.021489305, 0.0059752236;
  0.086053543, -0.1052274, -0.015911099, 0.018999353, 0.059111584, 0.0038075787;
  0.17744869, -0.017679809, 0.05267112, -0.0026168081, 0.075493462, 0.010783145;
  -0.43062979, -0.074741125, 0.12247456, 0.034888085, -0.013342176, 0.02611096;
  -0.23462349, 0.027034067, 0.10030841, -0.030837597, 0.0086234417, -0.0082232049;
  -0.53920478, -0.15451925, 0.15544301, 0.026332553, -0.019407306, 0.014226972;
  -0.43511003, -0.14459492, 0.16850029, 0.054069191, -0.006008829, -0.0021672312;
  -0.12678382, 0.086173363, 0.11027134, 0.042546213, 0.013679435, 0.030971223;
  -0.36582118, -0.2488558, 0.21047808, 0.079668477, 0.034503173, -0.031434737;
  -0.36077309, -0.039484456, 0.10832209, 0.0043816171, -0.0093512712, 0.0081750471;
  -0.70994002, -0.35594139, 0.17004788, 0.02916941, -0.024799088, -0.022770463;
  -0.32852685, -0.075751334, 0.12660825, 0.012120462, 0.026085878, 0.017491965;
  -0.18203014, 0.12531601, 0.11644704, 0.057625603, -0.025121447, 0.017372955;
  -0.47281975, -0.235888, 0.21127574, 0.012560555, 0.037697729, -0.0079480773;
  -0.20122361, -0.087452732, 0.10739615, 0.091536097, 0.027896425, 0.022373008;
  -0.4590092, -0.16007484, 0.12219285, 0.068327643, -0.017142601, 0.010524375;
  -0.26523083, -0.0021675183, 0.12902936, 0.016806513, 0.0083345314, 0.015916109;
  -0.2916303, -0.0016168002, 0.12125859, 0.043571018, -0.036555875, -0.017141037;
  -0.47884402, -0.15650374, 0.16831477, -0.00046193288, 0.0073086461, -0.0017419056;
  -0.36494517, 0.079068929, 0.11464955, -0.076979645, -0.011927431, 0.018856451;
  -0.64966488, -0.33451208, 0.092662975, 0.083675034, -0.030412585, 0.0064789299;
  -0.4165962, -0.13779731, 0.071850978, 0.026637439, -0.0016248194, 0.013051555;
  -0.3171401, -0.1023719, 0.040681761, 0.066707179, 5.5982062e-05, 0.021297721;
  -0.47295788, -0.072389431, 0.15891957, -0.016479362, -0.019411005, 0.0023764458;
  -0.59548134, -0.4521713, 0.31235716, 0.22650522, -0.027024409, -0.071178138;
  -0.62133574, -0.21306665, 0.21203762, -0.011739407, -0.031490747, -0.031022461;
  -0.34178677, -0.15698707, 0.15213506, 0.046325266, 0.012796877, -0.025290577;
  -0.29363263, -0.030188812, 0.12236632, 0.067713022, -0.007391497, 0.017402135;
  -0.49787414, -0.14466418, 0.18063934, 0.064480208, -0.033752952, -0.002558555;
  -0.37405527, -0.11455341, 0.11842624, 0.06951043, -0.0098758433, 0.0097529013;
  -0.59428716, -0.15702298, 0.23549676, -0.0074401819, -0.027914301, -0.0070903399;
  -0.26610565, -0.094614528, 0.066177085, 0.016501926, 0.033768941, 0.01033761;
  -0.65035075, -0.31527442, 0.23617513, 0.037556019, -0.010953989, -0.027877042;
  -0.33399042, 0.03066102, 0.12461589, 0.0062065362, -0.013238545, 0.024480425;
  -0.29826963, -0.057380944, 0.034044545, 0.00073956384, 0.0038836133, 0.015914718;
  -0.28106335, 0.081126772, 0.07154949, 0.026724935, -0.026505884, 0.031607252;
  -0.36805034, -0.071068309, 0.12362339, 0.038126122, -0.01350672, 0.01283396;
  -0.26032606, -0.035349652, 0.12891774, -0.0083547393, 0.024841765, 0.0027053831;
  -0.35886452, -0.082180195, 0.21785967, 0.037678041, 0.000824054, -0.01289247;
  -0.44294524, -0.14435977, 0.10108767, -0.00093987363, 0.013628864, 0.0099699507;
  -0.20243505, -0.025610335, 0.098239839, 0.025701793, 0.030923763, 0.011834146;
  -0.050404292, -0.11708535, 0.044037823, 0.05022407, 0.065405779, 0.016110752;
  -0.19062261, 0.015671361, 0.10617051, 0.048678007, 0.0029506381, 0.012976474;
  -0.51296997, -0.21272707, 0.20413209, 0.055992506, -0.0042605442, -0.010707619;
  -0.34448493, 0.017053565, 0.15522723, 0.034330949, -0.013302248, 0.027376739;
  -0.35019192, -0.059295788, 0.1657245, 0.067916781, -0.019746445, -0.0034480926;
  -0.38759568, -0.22485864, 0.017280171, 0.088436417, 0.0052494002, 0.013324079;
  -0.40018407, -0.075339235, 0.0062085628, 0.016257824, -0.019544799, 0.029933235;
  -0.42506164, -0.13399786, 0.24021061, 0.064874016, -0.011453432, -0.017600084;
  -0.31665587, -0.0094496356, 0.10683141, 0.027853962, -0.010697696, 0.023252273;
  -0.21008195, -0.11069935, 0.04809723, 0.10144877, 0.0069608437, 0.016369622;
  -0.59334117, -0.26484376, 0.1610392, 0.054701999, -0.025081635, -0.0139102;
  -0.3307927, -0.15209278, 0.039675605, 0.065521114, 0.0049343952, 0.016656706;
  -0.38936666, -0.12418886, 0.085739635, 0.038331959, 0.011946488, 0.0288596;
  -0.54216051, -0.17800812, 0.26498586, 0.014983014, -0.015254704, -0.027177941;
  -0.56458902, -0.21735708, 0.12584533, -0.0097780377, -0.0081747416, -0.0039864057;
  -0.43955946, -0.10023211, 0.043344513, 0.025709305, -0.033685509, 0.014648529;
  -0.19437569, 0.063998617, 0.036319744, 0.022006536, -0.003435835, 0.027606649;
  -0.62542903, -0.30756944, 0.099488854, -0.0062866155, -0.01000081, -0.02039288;
  -0.37431562, -0.0092686294, 0.16029422, -0.017438127, -0.0098144226, 0.0027192738;
  -0.21433334, 0.026629943, 0.10083698, 0.0469779, -0.0083791045, 0.01447993;
  -0.41288039, -0.12493584, 0.12480897, 0.028453816, -0.013740933, -0.010235733;
  -0.20983633, -0.090832584, 0.017376354, 0.091769658, -0.0055509559, 0.013405006;
  -0.72570246, -0.39626297, 0.16794372, 0.048882719, -0.036872458, -0.042224567;
  -0.085000001, 0.0050459378, 0.083515376, 0.015748201, 0.010454245, 0.0034938515;
  -0.3587223, -0.045719124, 0.17277294, 0.035434179, -0.0088768611, 0.00355476;
  -0.14457029, -0.070623659, 0.099275701, 0.080987878, 0.045158241, 0.02707511;
  -0.2896333, 0.10865801, 0.099176191, -0.0019331794, -0.029138956, 0.03334612;
  -0.58061212, -0.4338733, 0.012636179, 0.039412633, 0.023527618, -0.014534587;
  -0.40600294, -0.20351763, 0.095862508, 0.001947698, 0.021866677, -0.012930338;
  -0.46017426, -0.17832492, 0.20016074, 0.038420394, 0.0071217678, -0.0076657035;
  -0.21031591, -0.11333544, 0.10037109, 0.044957045, 0.039030492, 0.00065994309;
  -0.73311269, -0.43693322, 0.096204244, 0.02886074, -0.0052280175, -0.013757342;
  -0.29338977, -0.080742806, 0.029775796, 0.030899327, 0.0034782242, 0.0180333;
  -0.26414064, -0.12316423, 0.20121007, 0.13743587, 0.0071249991, -0.0086207595;
  -0.6269995, -0.22011656, 0.23830734, 0.016573407, -0.034216981, -0.025584592;
  -0.030366801, 0.031166757, 0.061928641, 0.042617153, 0.044028495, 0.022126663;
  -0.32485852, 0.013529864, 0.085312583, -0.043482248, 0.0095824823, 0.018004527;
  -0.23916803, -0.021559987, 0.13479175, -0.0021349057, 0.02766568, 0.016064057;
  -0.31739447, -0.024794534, 0.07302618, -0.031065149, 0.0054936176, 0.011809552;
  -0.37026066, -0.097750403, 0.041196216, 0.073317952, -0.019437453, 0.031050749;
  -0.19926167, 0.0099150911, 0.098863691, 0.016099351, 0.021980315, 0.019919498;
  -0.32237017, -0.061124865, 0.062164154, 0.076374397, -0.024091711, 0.017926238;
  -0.12585987, -0.061749402, 0.10713264, 0.04782569, 0.033917598, 0.0048150094;
  -0.46478128, -0.11820935, 0.1359157, 0.043992288, -0.020673117, 0.014693785;
  -0.23240153, 0.023464277, 0.12877791, 0.081351489, -0.001487672, 0.031727411;
  -0.54407442, -0.15656012, 0.13833465, -0.033664986, -0.014723162, -0.011195616;
  -0.19047482, -0.15410616, 0.092192352, 0.00988869, 0.066128761, 0.005145892;
  -0.19785519, 0.12562732, 0.089864597, -0.0074993344, -0.0083596222, 0.017659536;
  -0.17492343, -0.055121802, 0.19193719, 0.074519083, 0.042216592, 0.0084632859;
  -0.41792372, -0.072111681, 0.10866934, 0.020942304, -0.015728032, 0.0090136873;
  -0.35795051, -0.086656444, 0.1149017, 0.04596018, -0.0098468205, 0.014542188;
  -0.22707191, 0.139194, 0.036531407, -0.014372224, -0.017593073, 0.035759449;
  -0.34099293, -0.11143839, 0.10065256, 0.047866248, -0.015323066, -0.016666848;
  -0.31795889, 0.028115928, 0.070815027, -0.028523428, 1.0742997e-05, 0.0172484;
  -0.37520182, -0.11813243, 0.17592944, 0.036566861, 0.011941537, -0.0036811549;
  -0.51009464, -0.2027785, 0.12837331, -0.030777531, 0.0094941109, -0.016371466;
  -0.48529094, -0.20658341, 0.11727691, 0.062341928, -0.018664565, -0.004902543;
  -0.64717984, -0.41337186, 0.18232661, 0.06663736, 0.0024633126, -0.034180582;
  -0.49726999, -0.13080707, 0.12274949, -0.03701691, 0.011193901, 0.015960936;
  -0.65794629, -0.27871132, 0.18134631, 0.01840926, -0.019618543, -0.008990339;
  -0.53088778, -0.27564472, 0.21818945, 0.044067372, 0.013291444, -0.021783598;
  -0.55024391, -0.2320056, 0.14422131, 0.065156966, -0.010214318, 0.01093307;
  1.0870413, -0.38947129, 0.046882123, -0.094468758, -0.059139024, 0.03216267;
  0.85007346, -0.20530485, 0.044217199, -0.0066739074, -0.0029300307, 0.0008824197;
  0.69411778, -0.019030521, 0.035828128, 0.032563198, 0.020355942, -0.025298357;
  1.2409616, -0.4414559, 0.049788751, -0.10272112, -0.1033666, 0.040429439;
  0.89878666, -0.21039438, 0.055755265, -0.046998639, -0.002826598, 0.0062058331;
  0.81891692, -0.15696949, 0.036765408, -0.050848443, 0.014680966, 0.0042909598;
  0.80575031, -0.22228172, 0.042846259, 0.019159168, -0.002900457, -0.0097113783;
  0.99687618, -0.26276955, 0.0040977034, 0.012549084, -0.033808116, 0.0086405315;
  0.47892609, 0.034994584, 0.045650449, -0.015701985, 0.031616107, -0.02270595;
  0.85714227, -0.33052662, 0.10870611, 0.033945914, -0.012512352, -0.0104458;
  0.86855847, -0.28860211, 0.14877452, -0.092014849, -0.0039838501, -0.0050926376;
  0.70168948, -0.074529082, 0.0021060002, 0.0730417, -0.030194944, -0.031739425;
  0.83513725, -0.12354289, 0.041833658, -0.072948232, 0.015539026, -0.0037581206;
  1.0280738, -0.49345359, 0.057295606, 0.033970274, -0.065315619, 0.0044418843;
  0.75011885, -0.27055788, 0.095980585, -0.008030205, 0.011283034, -0.014829782;
  0.97618788, -0.39997089, 0.048809368, -0.033639256, -0.038099661, 0.015347564;
  1.0077811, -0.50680667, 0.068038672, 0.023148147, -0.060751107, 0.016511468;
  0.88976884, -0.33093652, 0.052999847, 0.014184556, -0.014255765, 0.0088884709;
  0.89396352, -0.33151582, 0.086959958, -0.025106737, -0.015103145, -0.0046217898;
  0.84569132, -0.33313683, 0.087026641, -0.014999409, -0.0078977728, -0.0051396489;
  1.2809751, -0.42248517, 0.043044657, -0.12451379, -0.11071706, 0.039990366;
  0.7838524, -0.25056159, 0.030985393, 0.13836896, -0.033021159, -0.036752183;
  0.52065837, -0.13075699, 0.068799086, -0.011054564, 0.049254272, -0.025679896;
  1.2510713, -0.55508119, 0.051653016, -0.021174876, -0.12431088, 0.034759372;
  0.78139579, -0.17255658, 0.043090954, -0.035322219, 0.01661478, -0.0013889566;
  0.4778372, -0.17578465, -0.095414609, 0.03718539, -0.00030519473, -0.073917948;
  0.7872231, -0.23648019, 0.083753809, -0.12889311, 0.017432321, -0.00051277725;
  1.1468525, -0.44859806, 0.062750973, -0.075803801, -0.082367867, 0.032763109;
  0.78865957, -0.16129118, 0.051383931, -0.028869599, 0.015984971, -0.0052310508;
  1.2160786, -0.29277572, 0.061082225, -0.16337229, -0.075569831, 0.023740614;
  0.92987174, -0.26483399, 0.026020631, -0.029931143, -0.014195735, 0.012447057;
  1.0478966, -0.30069804, -0.0087858457, -0.014283976, -0.043944642, 0.015189866;
  0.84597993, -0.20900436, 0.056163762, 0.00077000743, -0.0060780882, -0.011446484;
  0.7650519, -0.24274054, 0.045017753, 0.033043414, 0.0084987143, -0.004618288;
  1.2330682, -0.4703238, 0.015736103, -0.082724027, -0.10497934, 0.045337345;
  0.95087785, -0.30837476, -0.0015071095, 0.015247629, -0.026718762, 0.013626909;
  0.80698526, -0.10932855, 0.043492265, -0.0039224713, 0.0043573943, -0.017596224;
  0.83350801, -0.076441668, 0.016879814, 0.036222473, -0.020987509, -0.031016147;
  0.82386154, -0.237901, 0.054236073, -0.011873433, -0.00026877318, -0.011868932;
  1.156818, -0.46225968, -0.054486532, -0.04039121, -0.081355438, 0.056506421;
  0.89567029, -0.26765364, 0.053009488, -0.12910864, -0.0043004341, 0.012297474;
  0.83523595, -0.21477112, 0.005753974, -0.045663334, 0.0050770654, 0.0005630175;
  0.8956877, -0.2553241, 0.063414529, -0.039854903, -0.0089395633, 0.00089078787;
  0.74413633, -0.10500246, 0.066035375, 0.0091391336, 0.0031533819, -0.029701449;
  0.80059153, -0.12206486, 0.030598288, 0.044965468, -0.021020915, -0.031598423;
  0.7644453, -0.26056713, 0.038635761, -0.057554036, 0.018600466, 0.0080187079;
  0.88696516, -0.19319548, 0.046709202, 0.0019718942, -0.013842711, -0.011709706;
  0.96738702, -0.27952847, 0.059053618, -0.11119113, -0.020913839, 0.0075146179;
  0.90048862, -0.26367304, 0.017448908, -0.064267673, -0.0051684887, 0.018602123;
  0.69729334, -0.073370025, 0.059420079, -0.053734649, 0.035075195, -0.016914841;
  0.9246459, -0.16451518, 0.028687404, -0.036826719, -0.011893251, -0.0051975162;
  0.85201848, -0.15689988, 0.028294267, 0.014753168, -0.01351329, -0.015572318;
  0.74467421, -0.14414947, 0.067206964, 0.040929288, -0.0077893836, -0.030097863;
  1.1626413, -0.43269005, 0.059260413, -0.11557083, -0.084962912, 0.034400981;
  0.95954072, -0.20362075, 0.066753335, -0.031460073, -0.021035878, -0.0029393153;
  0.48449177, -0.036425125, 0.092885278, -0.038087241, 0.045420293, -0.018974487;
  1.1294924, -0.34181014, 0.081220627, -0.099359274, -0.062281057, 0.026196111;
  1.0395743, -0.27948621, 0.070130147, -0.13888986, -0.035218604, 0.013015132;
  0.54345322, -0.17131534, 0.0066695968, 0.035575785, 0.028334502, -0.012680471;
  0.60137069, -0.18869847, 0.034810744, 0.073910959, 0.0078029251, -0.023409648;
  1.2037745, -0.44065011, 0.046726175, -0.11812676, -0.095263399, 0.040401109;
  0.67941219, -0.1122608, 0.063336819, -0.0036865587, 0.018362997, -0.015827531;
  0.61980206, -0.098531939, 0.041903984, 0.061587542, 0.020156827, -0.022689814;
  0.95625156, -0.2316951, -0.0052734059, 0.066314809, -0.040438619, -0.0060264738;
  1.1351736, -0.3863773, 0.092941917, -0.11890648, -0.070881039, 0.029786743;
  0.96136886, -0.2981227, 0.083617777, -0.037780214, -0.024229953, 0.0094534829;
  0.84212899, -0.20886861, -0.0015575904, 0.081786737, -0.024085931, -0.013352818;
  1.0563067, -0.31230044, 0.054596473, -0.081191838, -0.041595422, 0.022243736;
  0.8462587, -0.11200174, 0.037798122, -0.0066686971, -0.0036936991, -0.013400373;
  1.3470528, -0.42065284, 0.054726988, -0.13547261, -0.12720469, 0.042230852;
  0.78474194, -0.13907155, 0.039444525, -0.043721508, 0.021210538, 0.00018642114;
  0.7268225, -0.10075709, 0.072933979, 0.01935618, -0.0068826335, -0.040343601;
  0.99160886, -0.25401953, 0.041871596, -0.033376437, -0.026783148, 0.010524356;
  0.94700515, -0.19916856, 0.054454219, -0.098114617, -0.0034381526, 0.02166711;
  1.0134711, -0.29361993, 0.005730716, 0.004597995, -0.039776757, 0.0079061491;
  0.65338355, -0.23203586, 0.13409552, -0.048619431, 0.033441219, -0.018807665;
  0.86421138, -0.18095312, 0.0053287935, 0.02192992, -0.0050353068, 0.0030126919;
  1.241825, -0.32765239, 0.030915998, -0.11903695, -0.08526703, 0.027046833;
  0.9524315, -0.25131956, 0.045719791, -0.059775427, -0.015667653, 0.011388943;
  0.8555336, -0.17865865, 0.048902683, 0.023268331, -0.014252177, -0.01763445;
  0.94959956, -0.21226251, 0.045677319, -0.07569252, -0.010629105, 0.011464187;
  1.2328643, -0.41967785, 0.0366574, -0.12498336, -0.097814046, 0.044351488;
  0.79942834, -0.075606182, 0.044092033, -0.0086027784, 0.0022779505, -0.016929656;
  0.97246915, -0.29707178, 0.027340669, -0.078558236, -0.022219282, 0.018190859;
  0.89970398, -0.16682366, 0.036362436, -0.043725148, -0.0007924228, 0.0013796469;
  0.58659917, -0.13512853, 0.061739098, 0.042279609, 0.0032783465, -0.033725731;
  0.58009464, -0.13752212, 0.060898837, 0.048743568, 0.0044216062, -0.032056041;
  1.0808638, -0.37227711, 0.06441243, -0.11315803, -0.05576336, 0.03019888;
  1.1180599, -0.33261153, 0.070326902, -0.14025974, -0.059395827, 0.02404763;
  0.98977572, -0.28658068, 0.047987554, -0.098453432, -0.026715685, 0.010884889;
  0.85320002, -0.11560691, 0.020412959, -0.0032973816, -0.0013711525, -0.005085601;
  0.93442053, -0.19966778, 0.045028679, -0.061222214, -0.0089789424, 0.0072093527;
  0.76144767, -0.077141628, 0.053185787, 0.0046622972, -0.0029459249, -0.023106972;
  0.86129391, -0.10880145, -0.027077364, 0.096935853, -0.059666172, -0.030874085;
  0.97319341, -0.19858961, 0.014371943, -0.013182614, -0.023461141, 0.005829467;
  0.86442596, -0.097092681, 0.028655726, 0.0011633227, -0.011013236, -0.021730488;
  0.86391652, -0.21539466, -0.011665716, 0.012071682, -0.012732944, -0.0094601847;
  0.83689958, -0.090289824, 0.024736067, 0.020204347, -0.017007085, -0.025756449;
  1.0488286, -0.27309316, 0.036154769, -0.076257043, -0.035819065, 0.017614547;
  0.84994709, -0.20566711, 0.05516506, -0.055237927, 0.0064199753, 0.0047234553;
  0.068268694, 0.10430233, -0.0031662711, -0.0090026753, 0.010491332, -0.0093491692;
  -0.30884227, 0.053688601, -0.032196265, -0.076665662, -0.030653033, -0.004385836;
  -0.23167089, -0.10095191, -0.0011745145, -0.0037144346, 0.02953977, 0.0063159117;
  -0.082948595, 0.12758842, -0.040903088, -0.070470013, 0.016797237, 0.0067140409;
  -0.12867673, 0.0013175376, -0.069013543, -0.0074823285, 0.0067235595, -0.0052767727;
  0.17668733, 0.14674316, 0.012990316, -0.079458393, 0.038273618, -0.044901066;
  0.081323817, 0.12940165, -0.049071431, -0.033972744, 0.01310601, -0.020020342;
  0.071888648, 0.16458237, 0.0065532448, -0.018614171, 0.013921646, -0.013397659;
  -0.006791844, 0.073419333, -0.0081283534, -0.060021903, 0.025086872, -0.026792085;
  0.070594877, 0.0518291, -0.070667043, -0.11135485, 0.050056014, -0.020835709;
  -0.042686392, 0.087381959, -0.097016454, -0.021751413, -0.016178647, -0.027492039;
  -0.072097182, 0.091837101, -0.063333951, -0.11526579, 0.0020170626, -0.053012617;
  -0.48549253, -0.14579412, -0.1187928, -0.06954433, -0.027352506, -0.0018297699;
  -0.17373677, -0.0630247, -0.16439612, 0.043108378, -0.026428701, -0.0010952913;
  0.1215483, 0.079233274, -0.12400429, 0.01933107, 0.019404424, -0.0025112743;
  -0.13334267, 0.016580286, -0.13311796, -0.082884625, 0.01345819, -0.019866088;
  -0.15340967, 0.16188838, 0.012308212, -0.036943354, -0.0058812248, 0.020652177;
  0.010824868, 0.19890177, 0.029970203, -0.056238063, 0.025811655, 0.013238065;
  -0.19940749, 0.075105056, -0.070407882, -0.08378657, -0.015313343, -0.014114561;
  -0.18076561, 0.081631236, -0.059976634, -0.029182089, -0.011276022, 0.013467479;
  -0.038491808, 0.23145153, 0.013620582, -0.037026405, -0.0082286503, 0.0041254815;
  0.086448088, 0.093513042, -0.037769973, -0.047778316, 0.04474289, -0.0088592842;
  0.033566453, 0.2121595, -0.041864652, -0.049924951, -0.023639634, -0.022664767;
  0.17975609, 0.1453815, -0.03409056, 0.022246327, -0.019288812, -0.026540114;
  -0.14392449, 0.2063152, -0.017600542, -0.0727368, -0.034934845, -0.0064262673;
  -0.18137723, 0.048063442, -0.064384617, -0.049091302, -0.0048931087, 0.005792093;
  -0.32315817, -0.048717327, -0.043064699, -0.03470083, -0.013035581, 0.0013219151;
  0.042520419, 0.10791843, -0.011771086, -0.0064656083, 0.0061083608, -0.0044958014;
  -0.090771221, 0.23884772, -0.018939644, -0.064586535, -0.019181682, 0.012745856;
  0.11982002, 0.092290722, -0.10645698, 0.0047907382, -0.0059284647, -0.033870585;
  0.090836897, 0.27546319, -0.023581453, -0.017920911, -0.038670249, -0.023310741;
  -0.10580064, -0.005134379, -0.18402688, -0.05300324, -0.025871227, -0.051008638;
  0.25549185, -0.036605891, -0.12922409, 0.0594793, 0.017513623, -0.023696864;
  -0.19776025, -0.058188099, -0.11861984, 0.041963153, -0.047448788, -0.036838938;
  -0.074847825, 0.18297768, -0.035212025, -0.079733819, 0.00236413, -0.0012502787;
  -0.010640741, 0.12601855, -0.065717153, -0.048361164, 0.0087531153, -0.011703691;
  0.23492999, 0.041394711, -0.1565955, 0.12689091, -0.042403158, -0.019244032;
  -0.18176861, 0.076572545, -0.053846359, -0.055980388, -0.012432181, 0.00519817;
  -0.20220378, -0.039731916, -0.06599471, -0.0018168763, 0.0089092506, 0.0014504849;
  0.12710108, -0.033465017, -0.031291377, -0.068402655, 0.071351536, -0.010170336;
  0.034900878, -0.13856606, -0.061227884, 0.00079293636, 0.067786478, 0.0086713694;
  0.13205555, 0.079497501, -0.10907274, -0.064866781, 0.0094060218, -0.034993447;
  -0.18003248, 0.070497222, -0.04697644, -0.052058857, -0.014694531, -0.0085149733;
  -0.12422528, 0.096853867, -0.031842899, -0.050715208, -0.003700841, -0.0084792515;
  0.13711175, 0.13897373, -0.049005926, -0.02866487, 0.022727991, -0.015739413;
  -0.2639944, -0.16054876, -0.12235346, 0.066211298, -0.0053615971, 0.0073090936;
  -0.045621097, 0.13989343, -0.014898506, -0.059311613, 0.023261113, 0.004150162;
  0.21418171, -0.10087851, -0.1438379, 0.024884515, 0.018904552, -0.038652718;
  0.20127459, 0.27971777, -0.013347373, 0.024004027, -0.02759921, -0.023084907;
  -0.038347919, 0.12866206, -0.0072808838, -0.074192837, 0.031193092, -0.005784479;
  0.16447836, 0.1903087, 0.010140472, -0.039466918, 0.011421699, -0.012957028;
  -0.17836346, 0.12702133, -0.027163601, -0.048271332, -0.018096123, 0.010799699;
  -0.11194289, -0.17507841, -0.090026766, 0.0081146816, 0.053335596, 0.0026490137;
  0.40687969, 0.10386875, -0.026405882, 0.011145636, -0.0031076251, -0.034830417;
  0.11064041, 0.14857128, -0.036781374, -0.056988809, 0.034453187, -0.013377239;
  -0.11419822, 0.20132369, -0.018421827, -0.0807155, -0.014068668, -0.0012885892;
  0.10668211, -0.20290364, -0.060377289, 0.010593754, 0.075309098, 0.010543447;
  -0.18889892, 0.0520413, -0.072393008, -0.072463572, -0.008265743, -0.0079027815;
  -0.020265032, -0.061498787, -0.1292493, -0.071019374, 0.033426456, -0.046351664;
  -0.057867307, 0.036363363, -0.056259166, -0.010442677, 0.015704488, -0.0030125596;
  -0.17501785, 0.025450431, -0.050093278, -0.029628199, -0.0051859734, -0.0055636456;
  0.2453713, 0.28268978, 0.0054455651, 0.064256035, -0.059206512, -0.026980061;
  0.066905245, 0.059398737, -0.076780647, -0.095383786, 0.060264811, -0.0042328145;
  -0.50485379, -0.31272057, -0.19024028, 0.015202258, -0.015212174, -8.1394086e-05;
  0.02578509, 0.10703754, -0.035510179, -0.040792055, 0.030905884, -0.0043895682;
  0.70131266, -0.22799006, -0.066946425, -0.041307002, 0.032318793, 0.01835137;
  -0.00028861317, 0.27117199, -0.024153942, -0.026993886, -0.016048858, 0.013770848;
  -0.10721334, 0.13142462, -0.03657975, -0.078561313, 0.016290441, 0.0096324086;
  0.16970161, 0.088004418, -0.077432752, -0.063926436, 0.057612553, -0.0065127551;
  -0.19363041, 0.16035332, -0.029418843, -0.067319825, -0.025766602, 0.009261799;
  0.2692259, 0.12039249, -0.060815409, -0.019584635, 0.0043417583, -0.055537418;
  -0.26355791, -0.050482709, -0.093258493, -0.018671665, -0.0026993002, 0.0043369359;
  -0.072397657, 0.084748469, -0.068319485, -0.051178385, -0.012285245, -0.016504582;
  -0.063757464, -0.16933994, -0.057583284, 0.0016556033, 0.061871357, 0.0012516603;
  0.034996182, 0.13885613, 0.0067744362, -0.085467823, 0.049810953, -0.0014014832;
  -0.18037999, 0.012561174, -0.13631429, -0.08860521, 0.0040804916, -0.019224161;
  -0.055751212, 0.13969611, -0.073042504, -0.040735204, -0.011101313, -0.00024166657;
  -0.1835307, -0.024113035, -0.10260139, 0.041023366, -0.027644003, 0.0116831;
  -0.086739577, 0.09503454, -0.019470012, -0.081869476, 0.002516903, -0.019570511;
  0.21636403, 0.25995544, -0.0064066928, 0.010711013, -0.048070554, -0.038502116;
  -0.18881299, 0.1346802, -0.056653235, -0.11610267, -0.010353689, -0.01043362;
  -0.2600801, -0.054191586, -0.0052074515, -0.12593621, 0.046671726, -0.01336456;
  0.09209545, 0.23095295, -0.021836353, 0.016443558, -0.015332248, -0.002548367;
  -0.21903481, 0.033592373, -0.049278114, -0.091732047, 0.0039589847, -0.0072527938;
  0.16053116, 0.20258527, -0.019135974, -0.026417, 0.013757438, -0.014090018;
  0.28996387, 0.21408452, 0.052644532, -0.053722288, 0.070706159, 0.013552994;
  0.37764415, 0.099107273, 0.021090455, -0.042420484, 0.067474581, -0.0034772011;
  -0.10434476, 0.08560776, -0.10572524, -0.084112421, 0.018726591, -0.0015793013;
  -0.039077856, 0.0434139, -0.12375528, -0.04923002, 0.021223286, -0.014498086;
  0.18794166, 0.11297173, 0.0017441702, -0.034730896, 0.04904893, -0.010275103;
  0.11470786, 0.2329482, -0.015374968, -0.03496471, 0.013564619, 0.0016583378;
  0.088528298, 0.25075302, 0.019893443, -0.028911088, 0.0080041988, 0.0082465094;
  0.36514094, 0.076774471, 0.0043142317, -0.043479357, 0.059119985, -0.020953763;
  0.18357235, 0.20446669, -0.019466981, -0.0034814544, -0.015692743, -0.018557733;
  -0.024211844, 0.078079537, -0.13698021, -0.029128358, -0.020849761, -0.024480924;
  0.27144074, 0.096542709, 0.0085601946, -0.033156049, 0.056788627, -0.009919215;
  0.23307447, 0.13252687, 0.071000107, -0.074317552, 0.078065149, 0.0091316756;
  -0.030441625, 0.18318523, -0.047740828, -0.048865154, -0.010870118, -0.0088395774;
  0.13998868, 0.17020372, -0.018432721, 0.047721244, 0.004269226, 0.0134284;
  0.64773315, 0.025515825, 0.060458809, -0.073094562, 0.0581217, 0.00026997185;
  0.25116509, 0.28303453, 0.033541288, 0.042114642, 0.0076290052, -0.017308295;
  0.056956902, 0.24533977, -0.066809304, 0.035224132, -0.040619276, -0.0010169271;
  0.10551488, 0.20620592, -0.068148412, 0.01140377, 0.0045598699, 0.0051919329;
  0.12877667, 0.22953627, 0.012486004, 0.019253736, 0.016237479, -0.00056704675;
  0.51098877, 0.21876423, 0.085742638, 0.041863926, 0.046661582, -0.015168353;
  0.15128149, 0.22272605, 0.021750212, 0.056277428, 0.0037588773, 0.0024687147;
  0.13400155, 0.35261109, 0.042830992, 0.073205128, -0.037138525, 0.019878279;
  0.12375798, 0.37263927, 0.037935492, 0.070413768, -0.027398612, 0.031566955;
  0.043301102, 0.16052328, -0.075181849, 0.043042861, -0.015965108, -0.01340116;
  0.27603576, 0.26340172, 0.054820959, 0.042865567, 0.010652273, -0.020603221;
  0.21145798, 0.24183057, -0.0061899815, 0.034190182, 0.0050665964, -0.011774231;
  0.40683758, 0.18401454, 0.088374078, -0.0096934754, 0.064869694, -0.0012793386;
  0.22834434, 0.33522996, 0.039550599, 0.018001853, 0.0056119626, 0.0085183233;
  0.35373926, 0.18546323, 0.084537886, -0.010964376, 0.058526311, -0.015057387;
  0.17964987, 0.33404911, 0.037237324, 0.062030841, -0.03400135, -0.0055758511;
  0.38786075, 0.25442138, 0.066711687, 0.031757653, 0.024095325, -0.025161557;
  0.32057166, 0.18718122, -0.1085643, 0.091224454, -0.04732386, -0.050495852;
  0.41504994, 0.15858325, 0.10100129, -0.00933854, 0.064189292, -0.0074494244;
  0.14915636, 0.27427551, -0.00046729486, 0.04432049, -0.041934624, -0.041238323;
  0.096429653, 0.29910749, 0.018639201, 0.058078934, -0.044740871, -0.010915259;
  0.11028858, 0.21035177, -0.069412149, 0.029144913, -0.030788744, -0.023384068;
  0.096486129, 0.29955658, 0.018568097, 0.022132393, -0.023153823, 0.0030897271;
  0.32621667, 0.14451639, 0.074661106, 0.021727426, 0.06581042, 0.0094168028;
  0.21947399, 0.32265642, 0.029661763, 0.099249274, -0.030428009, 0.0035958732;
  0.07568448, 0.27322602, -0.040997881, 0.035369415, -0.046717159, -0.012153849;
  0.70494276, 0.092038028, 0.11188181, -0.0061881063, 0.043134958, -0.020266512;
  0.04700239, 0.23420165, -0.017205354, 0.044260029, -0.033915188, -0.0068233688;
  0.35043266, 0.28412095, 0.069354445, 0.045495238, 0.012814181, -0.017836675;
  0.18121028, 0.36059347, 0.038729772, 0.10163083, -0.057237387, -0.0025548507;
  0.064885564, 0.28178659, 0.017400824, -0.011413404, 0.010042602, 0.019143099;
  0.10203055, 0.30436984, 0.020401299, 0.032487825, -0.02083062, -0.0013693334;
  0.23681816, 0.33901319, 0.058552302, 0.11290734, -0.045848515, -0.0025555394;
  0.053200133, 0.35134205, 0.021187974, 0.0068057552, -0.042876739, 0.011035883;
  0.29851931, 0.27939072, 0.063407235, 0.052951019, 0.011909986, -0.019186426;
  0.13883139, 0.23209746, -0.052982144, 0.023368636, -0.0074509527, -0.015102177;
  0.17865892, 0.31005841, 0.035662152, 0.04557237, -0.0022094692, 0.0042901631;
  0.1393162, 0.30160233, 0.039002161, 0.034267306, -0.022829814, -0.017867064;
  0.1397562, 0.21856582, 0.015811143, 0.038083512, -0.0075451881, -0.016438335;
  0.15772855, 0.30060694, 0.055491388, 0.01182715, -0.0039081741, -0.0050760787;
  0.27854368, 0.25223759, -0.0026835238, 0.073142104, 0.0049564568, -0.010003488;
  0.55365765, 0.027494764, -0.0043968144, -0.031286102, 0.069953866, 0.023994306;
  0.1836715, 0.31604514, 0.032027524, 0.075854376, -0.050990243, -0.016875559;
  0.22579099, 0.34419277, 0.054493483, 0.059598684, -0.012845445, 0.0019855383;
  0.23576096, 0.25153223, -0.058707669, 0.052708708, -0.025758153, -0.028858533;
  0.19571561, 0.28134859, 0.033632953, 0.028655358, -0.018960372, -0.022082916;
  0.1983708, 0.24960794, 0.02856396, 0.037247688, 0.027765457, 0.018054744;
  0.20073178, 0.19505237, -0.028381338, 0.051640153, -0.017186055, -0.0010804834;
  0.4187181, 0.26023895, 0.072110839, 0.044807047, 0.029285802, -0.012147095;
  0.45520243, 0.21445951, 0.056162145, -0.022002704, 0.050109461, -0.012656528;
  0.48194921, 0.074052103, 0.085912898, -0.033215582, 0.065767214, -0.011399845;
  0.29272875, 0.30650443, -0.026670797, 0.071254216, -0.036993299, -0.027218359;
  0.13063964, 0.30945417, 0.048444591, 0.042141568, -0.0066580279, 0.012052243;
  0.1536606, 0.32331717, 0.01831072, 0.039801817, -0.016196867, 0.012015365;
  0.23656368, 0.18154861, 0.066930041, 0.00046090269, 0.058261652, 0.0089007206;
  -0.032074865, 0.23001526, -0.024423189, -0.015524148, -0.011003555, 0.024946408;
  0.19359265, 0.30455917, 0.025900312, 0.02760894, -0.023383662, -0.0091568371;
  0.52585143, 0.21376131, 0.067865834, 0.0091839703, 0.039992407, -0.018460682;
  0.26433796, 0.087433934, -0.15288217, 0.054508917, -0.0075572119, -0.039377004;
  0.44499683, 0.2063483, 0.084160917, 0.037076693, 0.029318394, -0.026343826;
  0.40890673, 0.15121317, 0.036237303, -0.047376286, 0.063880615, -0.0058312849;
  0.37913689, 0.2323907, 0.05463009, -0.012742086, 0.018337984, -0.019753492;
  0.14463764, 0.18708946, 0.074513264, -0.041618578, 0.057726633, 0.011606684;
  0.26751208, 0.24206412, -0.035489921, 0.04650981, -0.043057404, -0.036948845;
  0.31512135, 0.25717375, -0.0054821796, 0.074724309, -0.043586761, -0.042691115;
  0.6651448, -0.01263575, 0.10109702, -0.072971128, 0.054684673, -0.0085148998;
  0.25495282, 0.33480003, 0.030221013, 0.032447793, -0.024395663, -0.0035046691;
  0.16327408, 0.31299314, 0.055951193, 0.061931871, -0.019946463, -0.0038389796;
  0.10975058, 0.29839972, -0.014086279, 0.014262795, -0.037389506, -0.021665808;
  0.13977869, 0.2067727, -0.039075509, 0.024117816, 0.0020972774, -0.0013468784;
  0.20535368, 0.21086161, -0.04364248, 0.068340026, -0.019457113, -0.019558568;
  0.051525787, 0.24985152, 0.084730066, 0.075993918, -0.039311402, -0.0075242324;
  0.14583711, 0.23126096, 0.067214139, -0.011953481, 0.025683833, -0.0014839548;
  0.075373441, 0.2325467, -0.00013973009, 0.013276855, -0.012964366, -0.015920697;
  -0.078830399, 0.18861045, -0.041403633, 0.0095551973, -0.04491476, -0.0085598519;
  0.067091167, 0.33797383, 0.021307264, 0.025508992, -0.0085870381, 0.035356622;
  0.20296998, 0.28110042, 0.036528595, 0.041834902, 0.0051242006, 0.00055227656;
  0.16818202, 0.27714708, -0.027877454, 0.057332147, -0.012816031, 0.010004854;
  0.73301035, 0.11381723, 0.01668519, 0.023074912, 0.039546575, -0.0049081324;
  0.51421142, 0.26004556, 0.0082544638, 0.081594802, -0.0091784913, -0.02919383;
  0.41851512, 0.27030778, 0.055455413, 0.082368188, 0.040742613, 0.0086779343;
  0.22764488, 0.31125927, -0.029737592, 0.079625443, -0.038975403, -0.011457372;
  0.45484003, 0.34097469, 0.03026741, 0.14436154, -0.063620962, -0.028214898;
  0.50350332, 0.29104999, 0.031349778, 0.086929016, 0.0091971513, -0.011103984;
  0.26213375, 0.20206238, -0.0034160854, 0.086129174, 0.02228093, 0.019857699;
  0.34712726, 0.18636547, 0.054936808, -0.013424932, 0.053577308, 0.0057481085;
  0.07284864, 0.20801277, 0.053783085, -0.0049436325, 0.03381395, 0.01358238;
  0.16989185, 0.23660941, -0.0093851089, 0.012029763, 0.023068322, 0.0096080247;
  0.055518109, 0.21021423, 0.030622961, -0.0081093358, 0.0055441186, 0.0010088806;
  0.11257126, 0.11379641, -0.032629374, -0.053031232, 0.037471257, -0.01839832;
  0.064321265, 0.22885086, 0.064970121, -0.0023149033, -0.008218063, -0.0093635004;
  -0.23789577, 0.1449033, -0.022860879, -0.08974129, -0.0064048995, 0.024135746;
  0.59264427, -0.050969563, -0.090146825, -0.015513883, 0.056229495, 0.019675871;
  0.10556564, 0.33666745, 0.031136464, 0.0097247129, -0.017221162, 0.0086298054;
  -0.10838941, 0.15562458, -0.070399344, -0.030584626, -0.024635632, -0.0017169586;
  0.18889013, 0.33081648, -0.0027622015, 0.025395272, -0.008402897, -0.0029339818;
  0.22914904, 0.27428603, -0.039549466, 0.019971952, -0.010704115, -0.026420079;
  0.28911945, 0.24452503, -0.057799269, 0.059264217, -0.031011909, -0.031793717;
  0.0034657463, 0.20880856, -0.057490569, -0.014218198, -0.038204614, -0.022792777;
  0.051528428, 0.31105274, -0.011190072, -0.0091209803, -0.011462249, 0.020855641;
  -0.21465211, 0.1944772, -0.060790006, -0.13196538, -0.019611536, 0.00590302;
  -0.37644395, -0.16285017, -0.11385555, -0.019288946, -0.028821982, -0.030582303;
  -0.38429791, -0.039497565, -0.13940026, -0.098921619, -0.030021116, -0.0072917915;
  -0.27805379, -0.13744225, -0.17496565, -0.037469372, 0.0052734776, -0.010107003;
  -0.067777425, -0.06228729, -0.1797069, -0.032772709, 0.029627496, -0.012342373;
  0.11763939, -0.014616082, -0.119412, -0.021752629, 0.052937567, 0.00091580901;
  -0.59032255, -0.23932675, -0.08150775, -0.057810009, -0.027788822, -0.0077317404;
  -0.39415196, -0.19119546, -0.19617869, -0.015758336, -0.018393779, -0.003570881;
  0.0043625454, -0.047269303, -0.1893713, 0.0049759485, 0.018874468, 0.00088718574;
  -0.47137785, -0.21477868, -0.13904221, -0.022346454, -0.010443944, 0.010149931;
  -0.060841791, 0.13629711, -0.052596338, -0.07317663, -0.011189872, -0.02566283;
  0.030655824, 0.13858929, -0.046135142, -0.013485835, -0.0045743361, -0.01444385;
  -0.15914418, -0.12809996, -0.2701551, 0.015351031, -0.02770675, -0.014300547;
  -0.41762772, -0.088510536, -0.11221612, -0.059661642, -0.024111556, 0.0091631711;
  -0.43777576, -0.13593113, -0.090164632, -0.092460848, -0.0077962037, -0.022730878;
  0.15493719, 0.20505053, -0.0074357707, 0.0028846115, -0.0054369881, -0.012576255;
  0.083452091, 0.17892331, -0.027827686, -0.0040410454, -0.01287377, -0.018166909;
  0.10918513, -0.0040688389, -0.057302695, -0.084263742, 0.066608585, -0.012930393;
  -0.20718828, 0.053684302, 0.0091717783, -0.049188696, -0.02303781, -0.033401132;
  -0.55959141, -0.30497116, -0.19716966, -0.052318286, -0.014367342, -0.013709048;
  0.099438198, 0.0035133662, -0.14681928, -0.035217155, 0.0030804984, -0.044951446;
  -0.092299506, -0.16575091, -0.25671986, -0.041495178, 0.031650834, -0.02401305;
  -0.041592397, 0.16132016, -0.020222608, -0.015856199, -0.018847378, -0.017106296;
  -0.033388879, -0.067264132, -0.12483463, -0.044366349, 0.049002718, -0.0062180012;
  0.00087738794, 0.13530952, -0.038031127, -0.051881045, 0.028200414, 0.0068795769;
  -0.10478175, 0.14208886, -0.074603245, -0.063294254, -0.016694862, -0.0052669514;
  -0.31312507, 0.0099786557, -0.058633976, -0.040843815, -0.016000537, 0.011431538;
  0.080432653, -0.078646533, -0.14517397, -0.0074179177, 0.045081414, -0.022289654;
  0.12945358, -0.034891985, -0.17920414, 0.040163822, 0.0086730439, -0.04410195;
  -0.23891117, -0.013050989, -0.21302353, -0.059601687, -0.042957142, -0.026074296;
  -0.38320985, -0.11856892, -0.11318218, 0.00064704882, -0.016063107, 0.018442864;
  -0.46119472, -0.090568922, -0.094126895, -0.091549926, -0.028558854, -0.010707071;
  -0.019531677, -0.0039388058, -0.13280907, -0.032084282, 0.0062569869, -0.0627428;
  -0.39181513, -0.19556594, -0.22171625, -0.049151685, -0.01904483, -0.014296261;
  0.17354482, 0.10145635, -0.030280698, -0.024744537, 0.039274544, -0.01501596;
  -0.32066071, -0.16804802, -0.11502413, 0.00065976416, 0.0077469116, 0.0029407744;
  -0.39478362, -0.11142586, -0.081370026, -0.1039802, 0.015998084, -0.0036060028;
  -0.42620701, -0.025712917, -0.083908603, -0.11461109, -0.029870972, -0.0079004522;
  -0.31163725, -0.064888343, -0.15584622, -0.061248049, -0.01447489, -0.011529123;
  0.567361, -0.131947, -0.12291569, -0.0326152, 0.036531653, -0.027671827;
  -0.28008038, -0.21827401, -0.13412911, 0.02757301, 0.027961919, 0.012555934;
  -0.19885352, 0.077251479, -0.060419038, -0.11998346, 0.0027564119, -0.018455787;
  0.37219927, -0.31172645, -0.26053253, 0.050670702, 0.047802847, 0.0010402565;
  -0.31211567, -0.17282346, -0.19845144, -0.054637793, 0.020725546, -0.0052018771;
  -0.17364694, -0.17467742, -0.21635684, -0.01926166, 0.030904103, -0.0027893826;
  0.0045154826, -0.23089701, -0.22369431, 0.12235028, 0.012153172, -0.033359732;
  -0.18804088, -0.08474946, -0.13304658, 0.01826234, 0.0060469233, 0.015759494;
  0.4627513, -0.12546916, -0.15831858, 0.01624937, 0.043015104, -0.018019466;
  -0.25701883, -0.16218227, -0.12988339, 0.018613193, 0.019161258, 0.011526292;
  0.063399062, 0.0048965118, -0.21169531, 0.051757574, -0.034304924, -0.057236005;
  -0.24499455, -0.17639554, -0.23090789, 0.026822384, -0.0029466639, 0.006809101;
  -0.042380951, -0.18499364, -0.24796639, 0.026448589, 0.034974016, 0.012953524;
  -0.39725918, -0.24352275, -0.2683543, -0.017293958, -0.023379464, -0.018623961;
  -0.1835223, -0.18147594, -0.17606375, 0.018023198, 0.022071155, 0.0045087556;
  0.17562364, -0.083830252, -0.1233583, -0.010125685, 0.060431808, 0.012330741;
  -0.1693241, 0.10561254, -0.10194203, -0.034975916, -0.032261789, 0.0080014756;
  -0.1349602, -0.18514754, -0.20107336, -0.050992344, 0.034164265, -0.023558689;
  0.15432291, -0.17075668, -0.16190414, -0.01747838, 0.066296689, 0.0088353744;
  -0.16606387, -0.29530409, -0.46163124, 0.16001089, -0.071767263, -0.03740181;
  -0.19916716, -0.038657885, -0.10117679, -0.032675073, 0.017039806, 0.010909719;
  -0.37121329, -0.018947093, -0.085434988, -0.11084126, -0.013989444, -0.0062099295;
  -0.14990623, -0.20899759, -0.2613259, 0.023940481, 0.021254294, -0.0023651908;
  -0.27480936, -0.32285589, -0.27595973, 0.055695064, 0.024257656, 0.0088494131;
  -0.25472444, -0.085950531, -0.2133522, -0.039142799, -0.018544937, -0.015065733;
  -0.67625922, -0.43467611, -0.14949012, 0.00191956, -0.037114862, -0.031184057;
  0.031623803, -0.15825483, -0.11153428, -0.071256362, 0.077637993, -0.00170328;
  -0.037790939, -0.078438006, -0.071198538, 0.024134511, 0.04244341, 0.022430593;
  -0.28367874, -0.30311292, -0.22082467, 0.019535732, 0.047300104, 0.018218374;
  -0.28776556, -0.040096719, -0.15754315, -0.065772511, -0.023956934, -0.010533554;
  -0.35077569, -0.29759142, -0.28537899, 0.021923434, -0.0054314416, -0.0066052708;
  -0.58059204, -0.21138787, -0.14515387, -0.064060271, -0.04547935, -0.006244584;
  -0.4675521, -0.3294971, -0.2749494, 0.00058444258, -0.023052821, -0.019716591;
  -0.42682523, -0.073607378, -0.028056508, -0.1167901, -0.026708329, -0.047080774;
  -0.19990805, 0.0172328, -0.14112557, -0.094212674, -0.0091474662, -0.024795931;
  -0.13511068, -0.014358026, -0.19143805, -0.037047572, -0.0066250591, -0.0090434393;
  -0.12755652, -0.073899679, -0.25555444, -0.025516247, -0.033640128, -0.042715359;
  -0.23316571, 0.021620639, -0.011486257, -0.10321525, 0.038723573, 0.009360495;
  -0.1754141, -0.275464, -0.22707348, 0.011606412, 0.045451429, 0.0020749208;
  -0.26217377, -0.22923478, -0.19687591, 0.033117361, 0.02437914, 0.019532787;
  -0.15754713, -0.2327009, -0.15806074, 0.031547789, 0.045743156, 0.017443668;
  -0.40022993, -0.15176003, -0.039422408, -0.10204652, 0.028958486, -0.01502543;
  -0.32280591, -0.55918616, -0.49370807, 0.17434792, 0.02258837, 0.036717009;
  -0.46397406, -0.20341305, -0.12756966, -0.081481978, 0.0032772599, -0.01402874;
  -0.2644524, -0.029695082, -0.092203833, -0.055527695, 0.0066972408, 0.0065080123;
  -0.43573025, -0.1595763, -0.067471564, -0.021095742, -0.0025458992, 0.014717439;
  -0.26445401, -0.0075152521, -0.035382941, -0.13550632, 0.026701214, -0.019931523;
  -0.098052114, -0.024925195, -0.15806575, -0.043462183, 0.028268233, -0.00080638612;
  -0.5393523, -0.17397954, -0.12602828, -0.076158889, -0.034316126, -0.004188702;
  -0.07948447, 0.085558072, -0.061602492, -0.064940713, 0.017679334, 0.0020635515;
  -0.27216089, -0.1765023, -0.15413788, -0.016994871, 0.027740231, 0.00655554;
  -0.39391682, -0.30586872, -0.28256994, 0.022884954, -0.01428969, -0.006428693;
  -0.29473934, -0.24213298, -0.18286276, 0.03590725, 0.018113675, 0.01739157;
  -0.46010759, -0.29278737, -0.24013315, -0.0062332582, -0.028169036, -0.020468879;
  -0.51405561, -0.1399473, -0.050778709, -0.12711817, -0.0098030902, -0.022216132;
  -0.042331524, -0.028966043, -0.13678755, -0.02485678, 0.015436967, -0.0095622586;
  -0.18355982, -0.013102786, -0.046606243, 0.012950942, 0.011466159, 0.028108317;
  -0.53340739, -0.34582445, -0.2459055, -0.019097622, -0.01084986, -0.010799698;
  0.080355577, -0.0068593286, -0.16758865, 0.0372287, -0.014815193, -0.023696711;
  -0.073084258, 0.032365799, -0.21095163, -0.010011031, -0.028187636, -0.021154227;
  -0.59417391, -0.1995343, -0.036518726, -0.086370267, -0.02802741, -0.014886274;
  -0.23055033, -0.17335191, -0.12817855, -0.076661676, 0.049797799, -0.010821339;
  -0.38184446, -0.059152447, 0.078488499, 0.02841912, -0.026324533, 0.0023122942;
  -0.35102987, 0.043663133, 0.093061514, -0.044080827, -0.0087537281, 0.018423868;
  -0.12236521, 0.20340078, 0.024616862, -0.10063602, -0.0055814572, -0.009236102;
  -0.20901716, 0.1491957, -0.028079012, -0.07438127, -0.018171478, 0.008064541;
  -0.035508662, 0.070024662, -0.060605373, 0.042783648, 0.0081973383, 0.023841685;
  -0.038478844, 0.076907322, -0.10304713, 0.018233366, -0.0088356324, 0.0083281193;
  -0.081177123, 0.15653718, -0.011333956, -0.0075868485, -0.0029359423, 0.014295738;
  0.12536064, 0.26082772, 0.0081290547, 0.024179755, -0.018602852, 0.012328248;
  0.040639523, 0.28380334, 0.044068787, -0.0023390769, -0.01658861, 0.00091296289;
  -0.30399543, -0.0064094407, -0.037140284, -0.043740883, -0.0066644731, 0.013886095;
  0.41382694, 0.24490756, 0.075643986, 0.072180934, -0.033496018, -0.042789876;
  0.33842453, 0.21228932, 0.048040278, 4.7149155e-05, 0.029882818, -0.00099095167;
  -0.067882337, 0.053644713, -0.016135912, 0.017994542, -0.0098801106, -0.0059198625;
  0.015324001, 0.056518484, -0.092572242, -0.002253125, 0.020437211, 0.00089635985;
  -0.037430901, 0.22618678, -0.0073904875, -0.02131103, -0.014851464, 0.0089236246;
  -0.21280949, 0.073546104, 0.026688233, 0.03554669, -0.016470637, 0.026344931;
  0.14605926, 0.23940678, 0.02613586, -0.016123919, -0.018161202, -0.019009268;
  -0.16497283, 0.07732176, 0.053459961, -0.02370695, 0.0092059746, 0.012529442;
  -0.19975735, 0.17672713, 0.060518578, -0.07741338, -0.013524789, 0.0010575752;
  -0.1555105, -0.65828407, -0.03495314, 0.22377315, 0.067381211, -0.0014590436;
  0.40652815, 0.0362221, 0.039713372, -0.051313769, 0.080647208, 0.012200197;
  -0.036602981, 0.23686995, -9.1102345e-05, 0.010459809, -0.029322168, 0.022287056;
  0.055224545, 0.26065165, 0.0017531713, 0.059635486, -0.033468511, 0.015252352;
  0.054658249, 0.1183751, -0.067557201, -0.010565542, 0.0049613533, -0.0028292153;
  -0.12632659, 0.15495533, 0.051485874, -0.0015235418, -0.0027446719, 0.031557765;
  -0.16576797, 0.23537265, 0.051119994, -0.023322482, -0.022541258, 0.0424155;
  -0.037972633, 0.23148589, 0.015961556, -0.0084138392, -0.015350824, 0.017454276;
  0.051402412, 0.14751233, 0.058738157, -0.055432171, 0.062299747, 0.019973019;
  -0.00088432693, 0.061027206, -0.032611448, 0.13643131, -0.030089645, 0.032218102;
  -0.012345145, 0.21662711, 0.038407467, -0.061186299, 0.03988333, 0.031848736;
  -0.14744467, 0.15537654, -0.058278497, -0.060560804, -0.017331395, 0.0098520229;
  0.31067288, 0.32971558, 0.066155389, 0.079302117, 0.016939042, 0.0046084151;
  -0.17642473, 0.032557987, 0.11584086, -0.0011379838, 0.019058643, 0.0016191789;
  0.2659153, 0.10116389, 0.056170661, 0.0054291789, 0.061676186, 0.01089956;
  0.036954377, 0.22587347, 0.019305833, 0.082389899, -0.032399766, 0.032559026;
  0.17991619, 0.27027836, 0.0025613778, 0.058929123, -0.023603076, -0.0068291975;
  -0.052627664, 0.31535187, 0.0035601223, -0.056350481, -0.037466668, 0.0073153172;
  0.045228604, -0.026347108, -0.19027531, 0.066678062, -0.019800117, -0.011785858;
  -0.15093784, 0.13375378, -0.0058417898, -0.0050894185, -0.014931884, 0.014403288;
  0.40843636, 0.05985551, -0.029620735, -0.0021293273, 0.048402119, -0.019898687;
  -0.18920255, 0.055361617, 0.081373289, -0.014210037, 0.015696777, 0.015566941;
  -0.20486404, -0.1268789, 0.13504574, 0.043273725, 0.038094886, -0.023199756;
  0.15855503, 0.29553121, 0.014521935, 0.034174521, -0.040203389, -0.021394998;
  0.24992579, 0.23074272, 0.040250916, -0.0060118241, 0.015869012, -0.029598003;
  0.11045454, 0.0478081, -0.011157375, 0.035543233, 0.043730572, 0.015771581;
  -0.26363087, 0.025756592, -0.043278482, -0.05906776, -0.00090554787, 0.0084476052;
  0.39245296, 0.013094404, 0.0012675278, 0.056660984, 0.042005308, -0.00032274442;
  0.028666837, 0.11008605, -0.014534857, -0.021318926, 0.027066797, -0.019648973;
  0.028976269, 0.088998824, -0.032935452, -0.034669496, 0.034779284, -0.0072467821;
  -0.12031759, -0.03031059, 0.0048473952, 0.044095028, 0.02734622, 0.0062295916;
  0.35459161, 0.24769327, 0.019867474, -0.0042766342, 0.037260823, -0.012797726;
  -0.27390093, 0.063860446, 0.044225078, -0.085379109, 0.0081981542, 0.00024401722;
  0.22899048, 0.3021507, 0.07831464, 0.084427118, -0.043961536, -0.023891065;
  0.25031501, 0.12388269, 0.011253894, 0.0022759121, 0.038324814, -0.0097602773;
  -0.21451798, 0.0072677936, 0.017564433, -0.041355588, 0.0058177649, -0.020053962;
  -0.24376094, 0.064763069, 0.037269402, -0.062759131, 0.0064927288, 0.010879147;
  -0.089286737, 0.14427517, 0.018335752, 0.052658968, -0.034799434, 0.0040049497;
  0.10734766, 0.087200895, 0.083268218, -0.072680622, 0.055651557, -0.03245116;
  -0.015926622, -0.10490509, -0.019389134, 0.088566482, 0.023106085, -0.033583306;
  -0.20253952, 0.058123089, 0.038843773, 0.07483092, -0.032048352, 0.0089348862;
  -0.16361985, 0.087393895, -0.0048096199, -0.078868821, 0.026425779, 0.019131435;
  0.090038039, 0.21673167, 0.017225124, -0.0047537582, 0.012702632, 0.0013776147;
  -0.11905931, 0.073197909, -0.045798097, 0.016402198, -0.0065211137, 0.012666106;
  0.0099167228, 0.15432459, -0.036645137, -0.033170275, -0.00016670088, -0.023961497;
  -0.23866558, 0.041266382, 0.022720311, -0.06768816, 0.026612267, 0.024136711;
  0.3614341, 0.22780833, -0.019278158, 0.009391238, -0.048379965, -0.10172987;
  0.15932831, 0.095591702, 0.0047490806, -0.026860446, 0.022922423, -0.045128588;
  0.60683632, 0.11421254, 0.054544117, 0.031033957, -0.031241557, -0.10576881;
  0.23243816, 0.25326255, 0.046115346, 0.0028449926, 0.029906422, -0.0027525306;
  -0.18773213, 0.088305049, 0.033966422, -0.052974198, -0.015997501, -0.032755498;
  -0.033748943, 0.12676023, -0.058227833, 0.034420781, -0.029106693, -0.015537024;
  0.13533893, 0.22683099, -0.023713958, 0.089767747, -0.034355767, 0.018942505;
  -0.089917503, 0.030162564, -0.068490788, -0.0067290231, 0.0028719639, -0.021343717;
  -0.077745646, 0.16854358, 0.028153496, -0.03161956, 0.019929552, 0.022212239;
  -0.059420656, 0.17454977, -0.045856096, -0.059989825, -0.007360586, -0.009713457;
  -0.042208541, 0.037706617, -0.12841468, 0.0945758, -0.024192048, 0.019837612;
  0.073225394, 0.085634612, 0.020430297, 0.049091496, 0.02621196, 0.017475618;
  -0.1317995, -0.0051388144, -0.0065457849, 0.0055931564, 0.023943113, 0.012578449;
  0.098599732, 0.06942001, -0.084407933, 0.042377286, -0.0084457165, -0.021642182;
  -0.12905973, 0.031494215, -0.032530405, 0.044261064, -0.0079631703, 0.0078781666;
  -0.097253323, -0.042280011, 0.076776639, 0.071894981, 0.026444834, -0.014966957;
  0.031685784, 0.20728026, -0.012225972, 0.06899678, -0.019156663, 0.028651714;
  -0.11439706, -0.083158806, -0.14017482, 0.051783528, 0.013507415, 0.0049650641;
  -0.29296651, -0.047401126, -0.10279907, 0.01822857, -0.018013792, 0.02663718;
  0.26374811, 0.39965361, 0.044712234, 0.099289618, -0.038865231, 0.0085372292;
  -0.53514707, -0.2597723, 0.1113594, 0.051355939, -0.02499835, -0.026465064;
  0.31415018, 0.06460423, -0.026533192, -0.082385533, 0.067100517, -0.016268592;
  -0.35971174, 0.061736539, -0.0087951953, -0.15285751, -0.0020858881, 0.0024116884;
  0.39989835, 0.18271346, -0.03972258, 0.051616829, 0.011774463, -0.046930246;
  -0.10400757, 0.02833032, -0.038529046, -0.016889153, 0.029741501, 0.015460293;
  -0.13580279, 0.25111037, 0.027851839, -0.026531426, -0.039452732, 0.018077379;
  -0.20872225, 0.081649303, -0.017169837, -0.057734147, -0.00067850034, 0.020734511;
  -0.010232564, -0.0085466774, -0.10754664, 0.052709799, 0.0058462443, 0.0030520835;
  -0.31610334, 0.07689701, 0.074834473, -0.020016534, -0.02487592, 0.022807147;
  -0.055401213, 0.16169319, -0.010444973, 0.06446404, -0.041242283, 0.0063251052;
  -0.12868655, 0.030186491, -0.025645144, -0.00012391618, -0.0064994553, -0.025492763;
  -0.3995339, 0.0005702037, 0.077028632, -0.053653002, -0.025226329, -0.0047899764;
  0.3851465, -0.019609638, -0.052229714, 0.091790818, 0.043185238, -0.0078801438;
  -0.25359288, 0.022585232, -0.092144042, -0.067716844, -0.011910067, -0.01057339;
  -0.044852372, 0.10222553, -0.060479559, -0.044380389, 0.019994061, -0.0052653044;
  -0.53895372, -0.14188726, 0.0045247213, -0.1132047, -0.001323872, -0.0010921083;
  -0.24167815, 0.10309096, 0.0066101528, -0.053848501, -0.030666683, 0.0023621081;
  -0.050426263, 0.17016064, 0.074614882, -0.044525322, 0.035526346, 0.013517194;
  -0.41809028, -0.051233359, 0.19559599, -0.0090996306, -0.023930637, -0.020878809;
  -0.11767694, 0.17412728, 0.048121903, -0.071712561, 0.0025323364, -0.0089727817;
  -0.34168181, 0.0040820586, 0.07947167, -0.017654851, 0.0016177995, 0.023068758;
  -0.55377859, -0.12201378, 0.0035846294, -0.044886846, -0.040150758, 0.012152696;
  -0.3133027, -0.051698349, 0.02004052, 0.01215321, 0.004451381, 0.017813645;
  -0.2903491, -0.025893608, -0.03531713, 0.01566709, -0.016734295, 0.016187055;
  0.05937095, 0.1227109, 0.052655891, 0.020856496, 0.011162226, -0.024587333;
  -0.48963386, -0.14740635, 0.110883, 0.042294037, -0.042562243, -0.017264852;
  -0.36130422, -0.015439319, 0.046329208, -0.050141506, -0.024536751, -0.01260545;
  0.019863971, 0.20261164, 0.023506152, 0.035229497, 0.0048436001, 0.028847964;
  0.34624887, -0.28253376, 0.085386686, -0.018714152, 0.07257884, 0.00081422244;
  -0.40128067, -0.093983836, 0.00061182806, 0.075450122, -0.037339304, 0.030022891;
  -0.12970665, 0.11989967, -0.049570885, 0.015916165, -0.021459779, 0.016162539;
  -0.21284971, -0.095529929, 0.0031838377, -0.038118958, 0.058863025, 0.015501763;
  -0.28379047, -0.11652671, -0.049473133, 0.079436228, -7.5438329e-05, 0.029009016;
  -0.52916712, -0.22980511, 0.20174728, 0.0032147132, 0.011201669, -0.020602727;
  -0.47574821, -0.11804537, 0.038177866, 0.02021252, -0.036143705, 0.013340871;
  -0.28011644, 0.075802423, 0.0097854855, -0.016522178, -0.016804665, 0.028791767;
  -0.37505949, -0.099740438, 0.010281471, 0.040850699, -0.01325882, 0.018103799;
  -0.53283346, -0.10366469, 0.036732726, -0.046777919, -0.037980765, 0.0048456569;
  -0.43391854, -0.004106984, 0.067359515, -0.026777277, -0.034247361, 0.020894166;
  -0.3189356, -0.1698925, 0.057026599, -0.010467006, 0.045682393, -0.0031530154;
  -0.28591752, -0.018008493, 0.072939336, -0.053549543, 0.032490268, 0.013211316;
  -0.3743985, -0.10043861, 0.074547224, 0.0084678102, 0.00076598534, -0.0087028956;
  -0.25538877, 0.046086267, 0.040070031, -0.038890801, 0.003907762, 0.012608052;
  0.14285916, -0.13911328, 0.10720592, 0.00079611468, 0.08847072, 0.0073103225;
  0.064506248, 0.12234078, 0.059630625, 0.017010849, 0.055217948, 0.028497865;
  -0.59699309, -0.19528155, -0.028266994, -0.040047076, -0.043689709, -0.002904424;
  -0.61025226, -0.12559287, 0.1349199, -0.089057028, -0.030109914, -0.006426305;
  -0.22291405, -0.019042112, -0.038808141, 0.055148877, -0.034379039, -0.011999028;
  -0.18963926, 0.13322021, 0.052287403, 0.019326467, -0.027589252, 0.015955133;
  -0.54570299, -0.095987841, 0.067842878, -0.06076774, -0.027989857, 0.012127253;
  -0.59939057, -0.30528587, -0.062823564, 0.055505618, -0.040086791, 0.006394885;
  -0.42111948, -0.077251874, 0.052785005, -0.017798886, -0.022059115, -0.0086749829;
  -0.53752339, -0.12847991, 0.11824215, 0.0092809666, -0.03238859, 0.012706555;
  -0.10914148, 0.10050075, -0.0064385049, 0.063347623, -0.015803672, 0.032183323;
  -0.57812095, -0.16933322, 0.057059139, -0.059416149, -0.020649729, -0.00085370993;
  -0.46577936, -0.044191234, 0.061947726, -0.030786645, -0.026892776, 0.018689407;
  -0.22602604, 0.011886541, -0.053388439, -0.053843483, 0.0086445715, -0.0016208048;
  -0.49465117, -0.13588297, -0.066178784, -0.058250565, -0.02816808, -0.003907592;
  -0.54780024, -0.28164721, 0.02914701, 0.05753221, -0.025155343, -0.0065284171;
  -0.33054531, -0.11226766, 0.072704747, -0.0039067576, 0.024437409, 0.0013526744;
  -0.52553678, -0.13777182, 0.0028965645, -0.050426424, -0.025359938, 0.0041424227;
  -0.55372214, -0.09176062, 0.12018793, -0.11564456, -0.0028788855, 0.0036833866;
  0.010972987, 0.077758744, 0.056245308, 0.012342423, 0.047624763, 0.011862683;
  -0.1648045, -0.010098034, -0.034873273, 0.039714698, 0.010163102, 0.018555554;
  -0.25584373, -0.12747787, 0.088528745, -0.0043284385, 0.050211836, 0.00071294513;
  0.14722526, 0.032776527, 0.04436107, -0.04649033, 0.074456275, 0.00028195255;
  0.093428552, -0.090507396, 0.05126176, -0.051173758, 0.087332547, 0.0026269739;
  0.21999043, -0.22328685, 0.01535399, -0.022364359, 0.084567092, 0.0092873508;
  -0.52780414, -0.22995014, 0.060324624, 0.021158544, -0.0070858793, 0.0037174982;
  -0.53651279, -0.24298804, 0.18209948, -0.0044282335, 0.013046228, -0.024134949;
  -0.56690568, -0.19926521, 0.19579634, -0.023928605, -0.013007232, -0.033274893;
  -0.50823843, -0.12031034, 0.1204896, -0.032231241, 0.0025374461, 0.018973352;
  -0.11860453, 0.12499022, -0.024710424, -0.033665545, 0.0080782371, 0.019887909;
  -0.39321625, 0.041123409, 0.072547719, -0.10473676, -0.025551671, -0.0097366441;
  -0.075848319, 0.10993061, 0.058693249, -0.08541169, 0.054996606, 0.015007006;
  -0.3777636, -0.0011385375, 0.092660658, -0.0051356344, -0.01274749, 0.030306704;
  0.17171323, 0.13754407, 0.05483295, 0.0025041259, 0.015312514, -0.0096658282;
  -0.23299718, 0.061808147, 0.054812405, -0.0054898816, 0.0048605651, 0.027450547;
  -0.31956682, -0.099442489, 0.061542049, -0.12640856, 0.063989006, 0.0011818865;
  -0.48767474, -0.29378009, -0.072515972, 0.014247054, 0.011970101, 0.0014251927;
  -0.46750489, -0.17483793, 0.18198739, 0.043311138, -0.00089229434, -0.008353781;
  -0.46374011, -0.031883307, 0.033934996, -0.037398316, -0.029229552, 0.029242791;
  -0.20554779, 0.15551558, 0.02558271, -0.068575814, 0.0033941988, 0.032110617;
  0.038781978, -0.0070315697, -0.009703462, 0.14216956, -0.0011576392, 0.023815198;
  0.1669618, 0.036103148, 0.14923353, -0.0078417594, 0.071780667, -0.0073007755;
  -0.28533846, -0.21147172, 0.081238531, -0.063317381, 0.076988935, -0.0031685727;
  -0.55328065, -0.26844096, -0.051434603, 0.057065558, -0.026998824, 0.015666544;
  0.28037441, -0.13587624, 0.01271106, -0.011279775, 0.070970714, -0.013920354;
  -0.12103702, -0.28974921, 0.082437634, 0.040345591, 0.084935069, 0.0074057556;
  -0.42669734, -0.16382909, 0.069209121, 0.049234107, -0.012152622, -0.0069036237;
  -0.44936824, -0.16402939, 0.0070645562, 0.024007672, -0.01653626, 0.010346356;
  -0.60818005, -0.18656655, 0.043097064, -0.054417264, -0.026299521, 0.0028562387;
  -0.34576604, 0.029305307, -0.015753809, -0.035716467, -0.026689637, 0.022517268;
  -0.48246795, -0.15290852, -0.029072424, -0.058438517, -0.002879719, -0.0018398914;
  -0.38414484, -0.15668426, 0.070764512, -0.023887623, 0.024771584, -0.011470394;
  -0.14681128, 0.072258271, -0.027016569, 0.00037375494, 0.0099246558, 0.034491744;
  -0.7806868, -0.43466762, 0.13716178, 0.026635377, -0.02456951, -0.025524864;
  0.0071824687, 0.10479236, 0.088799521, 0.064188242, 0.017737489, 0.032232746;
  -0.34897834, -0.29826412, 0.12986621, 0.025896808, 0.056348324, -0.01873862;
  -0.17913978, 0.06587451, -0.041526061, 0.037994061, -0.031863797, 0.016695416;
  -0.44435763, -0.18617581, -0.064346112, 0.041097149, -0.025376735, 0.0076912683;
  -0.10652075, 0.060876019, 0.014222192, -0.034533314, 0.026646852, 0.0086031286;
  -0.020441195, 0.026470853, -0.066187397, 0.062635049, 0.028532373, 0.028557627;
  -0.45757478, -0.10587263, 0.0038910825, 0.036213461, -0.041378565, 0.019690588;
  -0.55051917, -0.20010127, -0.010491366, 0.022740118, -0.041304152, 0.010073666;
  -0.54656917, -0.20058502, 0.084700488, 0.026712276, -0.017936869, 0.012415675;
  -0.20959404, 0.024037052, 0.049527489, 0.035739724, -0.0062458846, 0.0091305124;
  -0.3798615, -0.031108161, 0.037679002, -0.050846398, -0.00144448, 0.011744396;
  -0.33017471, -0.090562634, 0.1314092, -0.054069523, 0.029679878, -0.021290494;
  -0.17178778, -0.16678251, 0.09441036, 0.054363348, 0.056164149, 0.0050760056;
  0.30567697, 0.018582989, 0.052925292, -0.088977329, 0.081460148, -0.007994486;
  -0.021377033, 0.15174727, 0.028809113, -0.01828442, 0.019899908, 0.0089774188;
  0.1927904, -0.066663012, 0.045465719, 0.087033257, 0.048646241, -0.0030235855;
  -0.54174972, -0.2236166, 0.15345508, 0.027766692, -0.016170692, -0.02077828;
  -0.19292416, 0.050333802, -0.011958199, -0.061216593, 0.0043310421, -0.016872613]