[-0.19267116, -0.14094149, 0.095119983, 0.011813122, 0.0065459763, 0.0037443414;
  -0.010690156, -0.22724018, 0.012211456, 0.026801992, 0.038201459, 0.00074194325;
  -0.26643789, 0.093032442, -0.016140737, 0.081106111, 0.0095561976, 0.0039399499;
  0.003060454, -0.28127107, 0.024729084, 0.047875743, 0.039942831, 0.0025383674;
  -0.24576569, 0.013026324, 0.016687132, 0.12014279, -0.031137705, 0.01252821;
  -0.32315668, 0.047398027, 0.065110318, 0.052657094, 0.0054403525, -0.00092974497;
  -0.24963191, 0.045706946, 0.035540853, -0.010155093, 0.0016418456, 0.0015185762;
  -0.049118005, -0.18780482, 0.036824003, 0.073520035, 0.0065691299, -0.0070968545;
  -0.26336265, -0.044457715, 0.10138275, 0.027861673, -0.019347375, -0.00031525418;
  -0.025888406, -0.18595839, -0.006001845, 0.022895895, 0.027610352, 0.0074130311;
  -0.16508639, -0.19807546, 0.089255519, 0.069489479, 0.020595506, 0.0019645193;
  -0.25735992, -0.061444815, 0.089687593, 0.054852173, 0.0089500742, -0.004326351;
  -0.14977033, -0.15679859, 0.058363646, 0.060377106, 0.0099488767, 0.0056526503;
  -0.29336283, -0.0095079727, 0.076995656, 0.050266515, -0.0080397958, 0.0058250506;
  -0.2201246, -0.11945488, 0.10344581, 0.031000733, 0.0039221882, -0.00070663978;
  -0.14773512, -0.16335122, 0.04859693, 0.083771467, 0.015968284, 0.0069560474;
  -0.067108855, -0.21400024, 0.061419927, 0.013419559, -0.0019826451, 0.0052095796;
  -0.1172891, -0.1226268, 0.047292009, 0.039444763, -0.006503908, -0.0018381369;
  0.049420014, -0.12898663, -0.02726317, 0.042466778, 0.019482585, -0.01893553;
  -0.34672388, 0.10581907, 0.063264377, -0.0019690352, -0.00068997394, 0.00017557562;
  -0.12524417, -0.18467252, 0.068181649, 0.046829723, 0.015874833, 0.00071203749;
  -0.059547804, -0.27051541, 0.061986636, 0.061362334, 0.024297172, 0.003467988;
  -0.21638113, -0.089798786, 0.062768683, 0.063817643, 0.020549066, 0.00054981926;
  -0.22899832, -0.056355897, 0.038873367, 0.10753556, 0.0080971643, 0.0052393065;
  0.054157291, -0.13373215, -0.0043269494, 0.067174427, 0.017898083, -0.028798332;
  -0.28832379, -0.020668611, 0.076441824, 0.066986077, 0.0078212637, -0.00036426686;
  -0.1896396, -0.091125749, 0.048593227, 0.078682952, 0.015889924, -0.0015083174;
  0.019825429, -0.25749946, 0.011121062, 0.043293517, 0.041334812, -0.0029323339;
  -0.12768978, -0.089590877, 0.023983441, 0.094107769, 0.014294784, -0.0098012518;
  -0.075114593, -0.13498646, 0.012847196, 0.052161168, 0.017172428, -0.0024912136;
  -0.33775467, 0.054683473, 0.10574364, -0.056333173, -0.0020826843, -0.0011334859;
  -0.51339722, 0.42907131, -0.036682107, 0.056149103, -0.022261191, 0.0084326323;
  -0.10536827, -0.11713951, 0.026073659, 0.044718131, 0.0069319336, -0.00073615665;
  -0.20327835, -0.0040317788, 0.027444722, -0.023278557, 0.01572977, 0.0033007762;
  -0.29468548, -0.019661276, 0.081834063, 0.041067831, 0.009301438, 0.00223775;
  -0.084911741, -0.13640833, 0.012513637, 0.031171594, 0.022600068, 0.0022047807;
  -0.048256658, -0.2414799, 0.045059711, 0.032348249, 0.012451033, 0.0085058752;
  -0.22073004, -0.062627047, 0.061536841, 0.027043179, 0.0078370767, 0.0041940147;
  0.0048842789, -0.18478273, 0.016855428, 0.026551247, 0.015156928, -0.010712624;
  -0.030276913, -0.20054895, -0.00038637134, 0.077801913, 0.01907067, 0.0057233791;
  -0.0612134, -0.17265745, 0.0093314163, 0.063556537, 0.0018950498, 0.0098232003;
  -0.099604905, -0.14315768, 0.0064230817, 0.091998257, 0.0081605529, 0.008593319;
  -0.050621569, -0.18645388, 0.036013637, 0.022090066, 0.0079132579, 0.00025386235;
  -0.033109713, -0.14287083, -0.038539365, 0.086096019, 0.028195426, 0.005222817;
  0.23914009, -0.28955722, -0.068247266, 0.017967012, 0.0026219625, -0.00082315842;
  0.051657978, -0.090676367, -0.031420782, -0.013043988, 0.010260081, -0.018581165;
  0.11788288, -0.071507223, -0.038082357, -0.02886383, 0.0033403977, -0.029722355;
  -0.3398515, 0.042113669, 0.065760553, 0.084764108, 0.0018086225, 0.0027419587;
  -0.18902203, -0.047779534, 0.050098237, -0.014463197, -0.0043080309, 0.0053408677;
  -0.26273885, 0.081250884, -0.008794276, 0.063504688, -0.0050122403, 0.010431297;
  -0.17487946, -0.13525969, 0.064506911, 0.040102925, 0.019594608, 0.00388959;
  -0.36878282, 0.15616651, 0.024962792, 0.064719491, -0.012325725, 0.0068214615;
  -0.32724687, -0.0088235037, 0.089990959, 0.067031093, 0.0089732474, 0.0017605822;
  -0.24986434, -0.079105228, 0.097807631, 0.057226006, 0.003545403, -0.0042439471;
  -0.22999871, 0.021355947, 0.0038286326, 0.099321097, 0.011607432, -0.00052706164;
  -0.12455865, -0.10662055, 0.0098015675, 0.06060525, 0.010621945, 0.0078434953;
  -0.31044003, 0.059140954, 0.047523726, 0.048097618, -0.0026967847, 0.0044099391;
  0.068703152, -0.080871798, 0.019586181, 0.043307304, 0.0159699, -0.045499779;
  -0.21636176, -0.087450087, 0.077994391, 0.011681464, 0.01232441, 0.0023736246;
  -0.26051247, 0.00083198305, 0.038766392, 0.070688486, -0.0020097191, 0.0069654281;
  -0.25092021, -0.014662893, 0.055136114, 0.040353533, 0.0034312909, 0.0020049;
  -0.40551841, 0.16100951, 0.063781083, 0.012837575, -0.0038667414, 0.0016369779;
  -0.057312183, -0.1824182, 0.044130798, 0.055385455, -0.0073346286, -0.0032256139;
  -0.46715841, 0.59625053, -0.21777105, 0.24058746, -0.072316021, 0.027842831;
  -0.31851473, 0.06501998, 0.028916709, 0.10536761, -0.004167805, 0.0074276091;
  0.14480457, -0.20048212, -0.070959263, 0.030530352, -0.00014793788, 0.0031837882;
  -0.022031391, -0.14692046, 0.017318035, 0.030640481, 0.0095163556, -0.01146619;
  -0.12593105, -0.13198112, 0.043447427, 0.017720118, 0.021012885, 0.00024188223;
  -0.081958324, -0.13825706, 0.011674559, 0.027414886, 0.028565185, 0.0008714326;
  -0.084227793, -0.075389549, 0.028441843, -0.021768272, -0.023621032, -0.0016820285;
  -0.36017781, 0.15118434, 0.070412822, -0.085879043, 0.006701983, -0.0032468273;
  -0.15899757, -0.17309555, 0.077452376, 0.035333887, 0.022705752, 0.0029944901;
  -0.16703905, -0.13570908, 0.070486695, 0.06405279, 0.012667191, -0.0037785331;
  -0.037738763, -0.095808499, -0.011442403, 0.021168282, -0.025871789, 0.0062945564;
  0.075265452, -0.28915066, 0.003753792, 0.015139023, 0.017273651, 0.0051845689;
  -0.25445682, -0.074541397, 0.078994505, 0.061992135, 0.012376023, 0.0031605174;
  -0.25289634, 0.015785409, 0.033631638, 0.048627883, -0.0086637056, 0.0080880811;
  -0.2478227, -0.095483229, 0.090470016, 0.056723822, 0.010716858, 0.0025507668;
  -0.15463841, -0.04755595, 0.040549714, -0.023402786, -0.0023469168, -0.00085957727;
  0.21063821, -0.18336616, -0.11676563, -0.05581753, -2.5467312e-05, 0.013200399;
  -0.30246618, 0.020005023, 0.057459801, 0.061235379, 0.0029890945, 0.0047854744;
  -0.098897211, -0.12704, 0.03186937, 0.050781056, 0.0052140621, -0.003403289;
  -0.28445578, 0.056672145, 0.042032085, 0.013690175, -0.0041797408, 0.0051262206;
  -0.02966789, -0.17329186, 0.018808231, 0.030173143, 0.01057623, -0.0031369193;
  -0.28531757, 0.11731701, -0.010994044, 0.072721168, -0.012441517, 0.0092553962;
  -0.18283296, 0.013715114, 0.020304192, -0.011297099, -0.0078406474, 0.00058739004;
  -0.2697396, -0.02211792, 0.069460794, 0.063260809, 0.015480345, -0.0045698066;
  -0.32652974, 0.12525271, 0.048667319, 0.017321169, -0.0070525547, -0.0064453799;
  -0.23538399, 0.017178491, 0.049607653, -0.051117606, 0.017616361, -0.0011060408;
  -0.47539654, 0.45175734, -0.043408308, -0.036155093, -0.031880863, 0.0090225823;
  -0.31721652, 0.029792145, 0.05957862, 0.0831642, -0.011895341, 0.0073441099;
  -0.21783742, -0.067831464, 0.052292377, 0.06407579, 0.01017522, 0.0034582897;
  -0.032306865, -0.2340396, 0.027797721, 0.019081512, 0.030405208, 0.0060665221;
  -0.21272126, -0.094469674, 0.053099129, 0.089018688, 0.016061131, 0.0039690225;
  -0.21723433, -0.083981752, 0.066546254, 0.059371851, 0.010843532, 0.00076139258;
  0.076572873, -0.24757673, -0.0095587447, 0.058305796, 0.022552123, -0.0087003149;
  -0.205744, -0.13488169, 0.077200718, 0.075244255, 0.015023816, 0.0035610301;
  -0.0976898, -0.22803912, 0.079972714, 0.016095912, 0.0088030584, 0.0056358096;
  -0.17909497, -0.14000835, 0.094841935, -0.013107245, 0.0023236738, 0.0041391226;
  -0.2183608, 9.9132994e-06, 0.037233546, 0.014899919, 0.0055896789, -0.00094144302;
  -0.33390933, 0.21720517, -0.023501411, -0.0029688899, 0.021554232, 0.00064205308;
  -0.069172591, -0.055375423, -0.023074802, -0.055872727, 0.014247479, 0.0069595706;
  -0.031760793, -0.060495574, -0.02927893, -0.11396597, 0.04232109, -0.0010502669;
  0.0082846461, -0.20609717, 0.00089567801, 0.0045914506, -0.0039987336, 0.012547231;
  -0.1748596, 0.012659037, 0.030794157, -0.12213693, 0.028628604, -0.0032258418;
  -0.044166218, -0.22604768, 0.042755593, 5.0673396e-05, 0.012838586, 0.0081690094;
  -0.075212598, 0.058439173, -0.080512516, -0.080436178, 0.012484664, 0.0095044188;
  -0.3083677, 0.38878733, -0.095163465, -0.13062949, 0.013987878, -0.00067357061;
  -0.20743597, -0.0086768763, 0.084361002, -0.13714288, -0.01541096, 0.0028817269;
  -0.27348354, 0.12892361, -0.001918612, 0.086841196, -0.021306984, -0.002491995;
  -0.2107271, 0.19865091, -0.032948136, -0.15381296, 0.044577856, -0.014705028;
  -0.030460797, -0.17812845, 0.011257227, -0.014228709, 0.023375399, 0.0045364657;
  0.012460072, -0.2376525, 0.0089618089, 0.0048525855, 0.032300707, 0.0048845098;
  -0.29160023, 0.071584485, 0.062641189, -0.068236306, 0.020167876, -0.0044903345;
  -0.27307644, -0.0027907796, 0.047771979, 0.086897261, -0.006207312, 0.0063578435;
  -0.13784103, -0.14555314, 0.041181434, 0.069525212, 0.014080568, 0.0044861031;
  -0.21042711, 0.13868357, -0.02263267, -0.08300893, 0.028503865, -0.0072289137;
  -0.20359845, 0.19983478, -0.066392705, -0.073679991, -0.0018330858, 0.0047157183;
  -0.25485629, 0.028548228, 0.03902591, -0.0038728975, 0.0085821915, 0.0036996622;
  -0.050001502, -0.063980266, -0.045973618, 0.027215388, -0.0077419155, 0.011914333;
  -0.036461763, -0.11837952, -0.0078957696, -0.047340326, 0.040263418, -0.0025322575;
  0.011327143, -0.012418989, -0.077242874, -0.044852473, -0.015743757, 0.0077188294;
  -0.16027249, 0.043605678, -0.018111501, -0.046827182, 0.011296151, 0.0037912235;
  -0.075042814, -0.14963181, 0.063331738, -0.077196687, -0.038260028, 0.012942586;
  -0.069628879, -0.13734539, 0.0080917971, 0.053792939, 0.009058631, 0.0019431338;
  0.017507326, -0.22372453, 0.021241603, 0.001985129, 0.0097596059, 0.00037143592;
  0.23847201, -0.23030865, -0.10959683, -0.10839538, 0.0083141932, 0.018514045;
  -0.015495834, -0.19357528, 0.049555864, -0.073917434, -0.029190497, 0.010505392;
  -0.16423641, -0.018367907, -0.0050336034, 0.047117934, 0.0023866233, 0.006441765;
  -0.14258981, -0.10250404, 0.063882254, -0.013396089, -0.011171334, 0.0014257714;
  -0.012203197, -0.20652808, 0.006238204, 0.0090701422, 0.0059013888, 0.012530051;
  0.12089611, -0.29093286, -0.029835399, 0.0027291954, 0.009556395, 0.01406277;
  -0.097646579, -0.095510587, 0.0053577735, -0.018934922, 0.032025427, 0.0024452202;
  -0.072295874, -0.18977426, 0.039948974, 0.016719306, 0.007491237, 0.0071695396;
  -0.2927126, -0.00016623788, 0.10331112, -0.047070179, 0.0041794213, -0.0014968773;
  0.054804899, -0.15903053, -0.062600255, -0.037421118, 0.070226476, -0.0015006613;
  -0.079771414, -0.042848513, -0.010645229, -0.09000323, 0.010297016, 0.0067834291;
  0.10835233, -0.047222421, -0.10207388, -0.16215867, 0.02771561, 0.0029527305;
  0.15902364, -0.18212302, -0.091506459, -0.078322254, 0.0141289, 0.014883454;
  -0.23965231, 0.021931861, 0.060387552, -0.068356879, -0.0033739347, 0.002771578;
  -0.3585265, 0.25696632, -0.040366225, 0.049007282, -0.0071775676, 0.0076724649;
  -0.051535062, -0.07683555, -0.024310803, -0.049483243, 0.015373196, 0.0083915191;
  -0.1161312, -0.043161996, 0.0065594041, -0.065700546, 0.021188365, 0.002455934;
  0.09564437, -0.2766588, -0.022788947, -0.0085697128, 0.011403178, 0.014596913;
  -0.17721397, -0.022757186, 0.026992103, 0.079200543, 0.0016281035, -0.0080867643;
  -0.091796398, -0.21754321, 0.078514643, 0.025689105, -0.027928999, 0.012297969;
  -0.051864792, -0.13567549, 0.04048036, -0.057323795, -0.040706221, 0.0106877;
  -0.25174519, 0.085574411, 0.039708104, -0.087053217, 0.023355966, -0.0085208146;
  -0.028300352, -0.15071344, 0.025782036, 0.0089226132, -0.028157493, 0.0016804616;
  0.055909645, -0.026125666, -0.070944503, -0.23551597, 0.036530178, 0.0025943709;
  -0.091272056, -0.057879433, -0.010746202, -0.060051866, 0.038855854, 0.00078770134;
  -0.022098785, -0.022656474, -0.03611242, -0.16850913, 0.051855698, -0.0065034498;
  0.064195409, -0.21995325, 0.022968944, -0.072883539, -0.097653449, 0.030940635;
  -0.36893728, 0.087959677, 0.0757313, 0.036705285, -0.0075376732, 0.0033106597;
  -0.10312571, -0.1179349, 0.028477952, -0.00093076925, 0.027595544, -0.0027914606;
  0.029111963, -0.15823084, -0.0079659335, -0.089726992, -0.0089112781, 0.012290603;
  0.079975612, 0.022298606, -0.091047317, -0.23166376, 0.026644455, -0.0024163483;
  -0.017294731, -0.08024314, -0.013569904, -0.11905574, 0.021620858, -0.00017198513;
  -0.034087673, 0.062472519, -0.049710441, -0.10853221, -0.041431084, 0.0028914243;
  -0.029689373, -0.061798003, -0.027067492, -0.085748255, 0.0079394085, 0.0066089663;
  -0.2752634, -0.035094429, 0.065756202, 0.088764109, -0.0028154689, 0.0061528659;
  0.30531147, -0.061575823, -0.099918216, -0.26156524, 0.031622365, -0.034660995;
  0.057716504, -0.19331755, -0.043726109, -0.022326939, 0.028855786, 0.0090342639;
  -0.07705462, -0.19591081, 0.075419404, -0.043660235, -0.028347777, 0.013017213;
  -0.20993407, -0.0071948762, 0.068756782, -0.072047144, -0.042603392, 0.011200307;
  -0.02413395, 0.036522277, -0.050789963, -0.13512966, 0.014318726, -0.0077846497;
  -0.06545715, -0.040865719, -0.034819465, -0.034766171, 0.05326594, -0.0074037095;
  -0.20328037, -0.1272537, 0.11119726, -0.010609739, -0.018480463, 0.0060253176;
  0.013678553, -0.17080475, -0.010883194, 0.012055996, 0.024425784, -0.0024326823;
  0.017650764, -0.05059858, -0.075865053, -0.02523894, 0.04435946, -0.0060011856;
  -0.25407144, -0.0058550653, 0.062537357, -0.0019910091, 0.013987078, -0.00088409788;
  -0.19980618, 0.038315825, 0.03997536, -0.11097273, 0.021933453, -0.007390833;
  -0.18229714, 0.24262214, -0.038721271, -0.31205994, 0.059749186, -0.01607622;
  0.1002977, -0.12441248, -0.019213671, -0.045070101, -0.0023336252, -0.015383572;
  -0.27486759, 0.17747863, 0.016240817, -0.1603491, 0.017489692, -0.0037008163;
  -0.25130513, 0.033340957, 0.034291651, 0.0021252066, 0.011751468, 0.0016999483;
  -0.1831519, 0.01718116, 0.027685866, -0.086778618, 0.0085978741, 0.0018152627;
  0.041644793, -0.037986677, -0.069526166, -0.088092878, 0.036484584, -0.0055898004;
  -0.14686838, 0.0096948193, -0.023738213, -0.0050448356, 0.02007927, 0.0044163312;
  -0.079034477, -0.12704985, 0.041753933, -0.022578763, 9.8061704e-05, -0.0020320313;
  0.033165306, -0.087126054, -0.023857836, -0.15555267, 0.00081202638, 0.0041946126;
  0.019354209, 0.068297409, -0.11887431, -0.11551561, 0.024172675, 0.0016471249;
  -0.23195364, -0.0089191264, 0.056815438, 0.020531507, -0.04728613, 0.013545778;
  0.050904013, -0.069865964, -0.055987366, -0.12459578, 0.0077584386, 0.0039166715;
  -0.17993605, 0.19677258, -0.03310826, -0.24791925, 0.020806523, -0.0025339441;
  -0.15578891, -0.076298103, 0.058309838, -0.061041087, 0.0043745632, 0.0023870678;
  0.14872745, -0.11205748, -0.090697415, -0.20567976, 0.045996789, 0.002467216;
  -0.024353106, -0.12392481, -0.015750656, -0.0070723426, 0.00014174228, 0.0073619043;
  -0.0049188891, -0.16466419, -0.03120474, 0.012567537, 0.043904275, 0.0039593424;
  0.048009295, -0.21657503, -0.028165881, 0.012959516, 0.020537296, 0.0087525491;
  -0.094185971, -0.18734603, 0.035543401, 0.040898394, 0.033947147, 0.0035984914;
  0.058565848, 0.275399, -0.13841961, -0.38650742, 0.070059575, -0.027464401;
  0.027187338, -0.0034301826, -0.068529435, -0.16419576, 0.017406309, 0.0010960682;
  -0.36760974, 0.36936387, -0.079127289, 0.0042101, -0.010460251, 0.0045735887;
  0.1407506, -0.027894925, -0.14891215, -0.13139032, 0.060187299, -0.0035579042;
  0.011417517, 0.050180964, -0.11084129, -0.15312211, 0.041697931, 0.0024381068;
  -0.42792478, 0.38193229, -0.064831547, 0.081565276, -0.036244813, 0.010005558;
  -0.047437016, -0.1031537, -0.0086690793, -0.042972974, 0.010525045, 0.0061867088;
  -0.11622997, -0.060381591, 0.0068690074, -0.017147008, -0.018567225, 0.01357141;
  0.046388246, -0.27765822, 0.023568602, 0.016599212, -0.049380686, 0.023321873;
  -0.11662868, 0.091375105, -0.056597922, -0.094431654, 0.01616744, 0.0021102214;
  0.016163526, -0.075647384, -0.082103774, 0.053337973, 0.0019801361, 0.0057303449;
  0.00040262818, 0.020927405, -0.12898268, -0.029526046, 0.037788879, 0.0088482508;
  -0.28333551, 0.19496785, -0.042423975, 0.052343179, -0.015077814, 0.0054270634;
  -0.28502074, 0.22562376, -0.022138281, -0.094271205, 0.027915401, -0.0075910548;
  -0.064457648, 0.23212299, -0.18329601, -0.12203899, 0.055899732, 0.00042115513;
  -0.15933169, 0.026957396, 0.017723521, 0.078378424, -0.011962331, -0.019696899;
  0.09230601, -0.18563555, -0.051853348, 0.066629112, 0.028630588, -0.0098862443;
  0.068739973, -0.18551098, 0.046337817, 0.066201217, 0.017422723, -0.048563745;
  -0.15075856, 0.049027734, 0.016840097, 0.12793496, -0.016065085, -0.032895345;
  -0.26333314, 0.12776573, -0.036866441, 0.12416812, -0.022198491, 0.0083937347;
  -0.29321399, 0.35597855, -0.15667345, 0.15463151, -0.023148363, 0.0084861396;
  -0.33324009, 0.25277555, -0.033055864, 0.07483317, -0.010398241, -0.0063445317;
  0.29122588, -0.048034173, -0.24088864, -0.073907852, 0.057337705, 0.0022447626;
  0.21285808, -0.095084384, -0.20604053, -0.067407139, 0.084795721, 0.0061525549;
  0.14829753, -0.028104421, -0.11806625, 0.0010875444, 0.045333266, -0.036362376;
  -0.32774782, 0.47990686, -0.21431503, 0.2160985, -0.083409473, 0.024237651;
  -0.25053823, 0.096801363, -0.03022, 0.11186115, -0.019032974, 0.011029465;
  -0.30578741, 0.3376801, -0.11038989, 0.023427254, 0.0055097272, 0.0014717428;
  -0.17671038, 0.06716048, -0.050091773, 0.039436303, 0.016805418, 0.0044928985;
  0.27754724, -0.15322244, -0.20315699, -0.058015674, 0.096292518, -0.002440756;
  -0.51564902, 0.45562106, -0.061242241, 0.097628728, -0.034243282, 0.011899457;
  -0.34073448, 0.26612052, -0.022163212, -0.042946748, 0.0088394051, -0.0028241442;
  -0.057689529, -0.058285072, -0.052328084, 0.093497269, -0.021024955, 0.011087618;
  0.22343631, -0.12453794, -0.19120435, -0.049749188, 0.060006011, 0.0084682126;
  -0.20432237, 0.080919869, -0.03052392, 0.055430967, -0.010079999, 0.0057348474;
  -0.20886984, 0.06785199, -0.044556513, 0.080316097, 0.01986983, 0.0057398588;
  0.16033277, 0.091207631, -0.032280289, 0.0090838168, 0.03313626, -0.084968336;
  -0.060531527, 0.11387093, -0.070871063, 0.041133828, -0.014516629, -0.021423956;
  -0.19909935, 0.058202665, -0.023240615, 0.032937326, 0.003560517, 0.005847923;
  -0.26429501, 0.15349676, -0.047537386, 0.070168592, 0.0056443661, 0.0046854094;
  -0.39406034, 0.33271796, -0.052559648, 0.0014778761, 0.0079399273, 0.0045808381;
  -0.13152312, -0.015512211, -0.024640743, -0.0017294764, 0.045334935, -0.0018732609;
  -0.0099821035, -0.072445691, 0.028328594, 0.047534682, 0.033462897, -0.051553316;
  1.0739305, 0.020148339, 0.0027702833, 0.021973891, -0.0036526686, -0.047836449;
  -0.0049676728, 0.011795243, -0.11001811, -0.024789335, 0.024579115, 0.0063198665;
  -0.12874192, -0.12375935, 0.058397923, -0.024077287, 0.013648075, -0.00074608036;
  -0.41850972, 0.2751199, -0.025498524, 0.091581322, -0.013266908, 0.010139436;
  -0.37414727, 0.3392072, -0.04115193, -0.026782217, 0.010152692, -0.0078470698;
  0.018284876, 0.092576809, -0.1657362, -0.10848846, 0.068314798, 0.0010152234;
  -0.32131836, 0.12766929, 0.0018870352, 0.072028652, 0.0036688312, 0.0056833257;
  -0.16385445, 0.20054658, -0.10723276, -0.078855775, 0.029063085, 0.00383013;
  0.061844897, 0.10412703, -0.17014216, -0.19173872, 0.058454178, 0.002282908;
  -0.23431957, 0.26086336, -0.10505942, -0.025741823, 0.015719904, 0.00452537;
  -0.14980896, 0.34034574, -0.17461251, -0.072012894, 0.028389182, -0.0033738124;
  -0.14326744, 0.0052358261, 0.093997307, -0.21844204, -0.089093246, 0.0096187387;
  -0.29081863, 0.17996472, -0.029831307, 0.019061936, 0.02519978, -0.0037401493;
  -0.41778558, 0.25691313, 0.0089452993, 0.042270973, -0.019673008, 0.0062355073;
  0.028117759, 0.096861616, -0.18289116, -0.057110615, 0.061841417, 0.0015949697;
  -0.32746589, 0.12155139, 0.060404271, -0.044072732, -0.00024622728, -0.003932171;
  -0.085357599, 0.18640693, -0.020584041, 0.00090643892, 0.0053419317, -0.056105372;
  -0.25046977, 0.17555539, -0.03839317, -0.036692128, 0.023022261, -0.0013864145;
  -0.0030739573, -0.027275596, -0.10338609, 0.041509997, 0.022912802, 0.006452566;
  -0.17724138, 0.14336056, -0.10690217, 0.062280491, 0.00022489113, 0.014740417;
  -0.12598793, 0.0099035809, -0.026792724, 0.10511123, -0.0039967913, -0.0076433718;
  -0.40180498, 0.17996527, 0.063683636, -0.035601709, 0.0089349495, -0.0027322895;
  0.069377825, -0.084130332, -0.04971743, 0.071785949, 0.0050323042, -0.016964713;
  -0.20535377, -0.028860796, 0.03352578, 0.047762077, 0.0049943784, 0.0011005228;
  0.089172482, -0.14681932, -0.086759061, 0.040682334, -0.0030600317, 0.013529822;
  -0.29081416, -0.0075979335, 0.074901827, 0.056700114, 0.013075292, -0.0029853974;
  -0.31177491, 0.011643021, 0.10274367, -0.0029555191, -0.011247794, -8.8539073e-06;
  -0.28325817, 0.26703483, -0.076070972, 0.071642913, -0.0019102811, -0.0071929777;
  -0.1641943, 0.13252209, -0.11206265, 0.11288029, 0.0024065915, 0.0086484877;
  0.037397698, -0.058142107, -0.091935948, -0.082529053, 0.03483009, 0.0078061554;
  0.10794894, -0.067752108, -0.13900633, -0.06937702, 0.034511484, 0.011773168;
  -0.074238107, -0.017420899, -0.0767629, 0.10982858, 0.0062362528, 0.005294723;
  -0.27115226, 0.0011355997, 0.057808075, 0.045677505, 0.01754847, -0.0033032449;
  -0.28920397, -0.057767887, 0.11030713, 0.01768782, 0.011979065, -0.00056562107;
  -0.052729137, -0.12078188, 0.0032252949, -0.019801881, 0.0088433092, 0.0043786522;
  -0.30578431, 0.13610739, 0.0017839313, 0.078596786, -0.022126529, 0.0053248745;
  -0.025380339, -0.058588289, -0.069990925, 0.0040196436, 0.030611426, 0.0057602893;
  0.06244098, -0.024527796, -0.12397407, -0.024686191, 0.051364623, -0.0039312295;
  0.0073692938, 0.090526231, -0.13287489, 0.0055669001, 0.04332763, -0.018534642;
  0.14217852, 0.20432337, 0.022516146, -0.028656436, -0.023452662, -0.084885642;
  0.33691591, -0.010152643, 0.011727328, 0.031438466, -0.033350792, -0.072034188;
  -0.27066317, 0.43437794, -0.20101094, 0.033938874, -0.0078658788, 0.013610777;
  0.31763241, -0.044264965, 0.026050745, 0.083815441, -0.035476983, -0.076561697;
  -0.2984919, 0.14220802, 0.026301824, -0.031563241, 0.024167798, -0.012591253;
  -0.010284865, -0.017639987, -0.099877059, -0.014622237, 0.020045109, 0.011294778;
  -0.077841982, -0.054625005, -0.035862669, 0.015071003, 0.020717861, 0.0041051107;
  -0.038593259, 0.020851439, -0.095834926, -0.028691681, 0.062668458, -0.006700424;
  -0.17477298, 0.01973344, -0.02518386, 0.065192975, -0.010926385, 0.01139445;
  -0.40903708, 0.14597291, 0.081291623, 0.00199972, -0.006072572, 0.00038529656;
  -0.021736689, -0.099425115, -0.056888547, 0.081975237, 0.022804089, 0.0019688916;
  -0.26332045, 0.085317142, -0.0086014001, 0.08927004, 0.00024680738, 0.0033398399;
  -0.19340216, 0.13616417, -0.038110197, -0.024129549, 0.022246534, -0.0089077139;
  -0.17562051, 0.16225305, -0.073407397, -0.051069483, 0.0047742375, 0.0067743361;
  -0.26052862, 0.072927408, 0.0085092541, 0.049425073, 0.0091348896, 0.00027929191;
  -0.20539071, 0.2295032, -0.084254622, -0.077592254, 0.029455634, -0.003012571;
  -0.13589011, 0.056073438, -0.045124374, -0.058548633, 0.040740058, -0.0011246592;
  -0.11371894, -0.12380692, 0.023276974, 0.056959666, -0.009906726, 0.01014816;
  -0.33078244, 0.046000749, 0.091857396, -0.023522651, 0.010081776, -0.0023034711;
  0.025065675, -0.072032645, -0.10498317, 0.068162858, 0.037014753, 0.0017003311;
  -0.011985932, 0.097713791, -0.12591046, -0.12760258, 0.065733932, -0.0066878996;
  0.061502706, -0.12354033, -0.078026786, 0.020990157, 0.043666273, -0.0040484485;
  0.40825278, -0.050985664, 0.15147947, 0.052726924, 0.0023212566, -0.10512079;
  -0.18898571, -0.19238368, 0.11199544, 0.044133831, 0.014362824, 0.001933746;
  0.22294551, -0.1968154, 0.035902422, 0.062207602, 0.0099785943, -0.05774216;
  -0.073084474, 0.071507491, -0.084899597, -0.053226411, 0.031218978, -0.0012152226;
  0.031827789, -0.046432149, -0.1245742, 0.029853977, 0.034740269, 0.0076681394;
  -0.19038422, 0.1370535, -0.066896409, 0.0086617302, -0.0050965045, 0.0082861399;
  -0.076034889, -0.060992874, -0.041412991, 0.042474866, -0.0043795723, 0.012923986;
  -0.26433942, 0.22691944, -0.092982732, 0.052446242, 0.0042648492, 0.0093595227;
  -0.15954399, 0.3007164, -0.094628811, 0.0049890904, -0.031668812, -0.025817094;
  -0.0062257298, -0.022005854, -0.04448555, 0.032649521, 0.013195434, -0.025092466;
  -0.26161224, 0.21144643, -0.081373505, 0.05877763, -0.016049149, 0.01310188;
  -0.09241268, 0.15730497, -0.062699445, 0.10825335, 0.0081216125, -0.044683322;
  -0.43582958, 0.37108797, -0.060800552, 0.072866991, -0.019474741, 0.0096852342;
  -0.26665917, 0.16871153, -0.075186014, 0.10110501, 0.0064687203, 0.010812982;
  -0.06652984, -0.04605953, -0.077010803, 0.068946622, 0.034459658, 0.0067226803;
  -0.30290273, 0.35679862, -0.15672737, 0.10059045, -0.021276949, 0.018195523;
  -0.1690698, 0.11120036, -0.088805586, 0.029844139, 0.015779858, 0.01070841;
  -0.24684869, 0.15445969, -0.058528401, 0.042330556, 0.012210196, 0.0061249193;
  -0.17590603, 0.046351831, -0.058074571, 0.076183282, 0.019579459, 0.0084631201;
  -0.18742085, 0.065978386, -0.055435289, 0.084421717, -0.021235198, 0.017409656;
  -0.28401738, 0.24835624, -0.098291583, 0.093481578, -0.028028926, 0.017174678;
  -0.094990984, -0.055958916, -0.043199781, 0.087727867, 0.0049640634, 0.0086993575;
  -0.28850809, 0.34090555, -0.074261725, -0.11901508, 0.010215116, -0.0049624708;
  -0.26352665, 0.13985813, -0.013077918, -0.023143806, 0.008568625, 0.0025935879;
  -0.26386428, 0.1555495, -0.031225448, 0.015584885, -0.01071774, 0.0087133376;
  -0.23279808, 0.18141848, -0.096845016, 0.10848601, -0.013209615, 0.012843305;
  -0.36621186, 0.52121419, -0.20692103, 0.10599669, -0.04328122, 0.02144881;
  -0.23422629, 0.16021596, -0.072186112, 0.090207241, -0.041421745, 0.018923981;
  -0.24975254, 0.21630277, -0.10957105, 0.12723386, -0.043763965, 0.022082051;
  -0.13004138, 0.13928832, -0.06311956, 0.048499461, 0.010353829, -0.0244681;
  -0.29421133, 0.26140958, -0.11594325, 0.1358586, -0.0096312584, 0.013170879;
  -0.16400075, 0.12822099, -0.076851733, 0.025009658, 0.017445393, -0.0032654859;
  -0.15666829, 0.2536799, -0.082168028, 0.099265985, -0.018656367, -0.034017198;
  -0.236737, 0.13162822, -0.033584356, -0.0028018642, 0.018818028, 0.0010377245;
  -0.29350787, 0.31807786, -0.10307754, 0.091276467, -0.039194737, 0.0053916783;
  -0.091037437, 0.036358006, -0.084111333, 0.050504178, 0.012988905, 0.0035088619;
  -0.18825071, 0.023505164, -0.014971037, 0.029934037, 0.02480221, 0.0014330206;
  -0.089073084, 0.062580809, -0.082389727, 0.031158909, 0.030452345, -0.0096537704;
  -0.20549895, 0.16386484, -0.092738762, 0.051581576, 0.018007539, 0.0048033884;
  -0.14727078, 0.13828039, -0.1001162, 0.099211171, 0.0015359344, -0.002314341;
  -0.13165756, 0.20256239, -0.17466277, 0.13563444, -0.021283859, 0.014737927;
  -0.32687882, 0.19865158, -0.041530993, 0.096641243, -0.0096758734, 0.009674672;
  -0.13852599, 0.075077988, -0.092624344, 0.075515866, 0.01469435, 0.0079429084;
  -0.20729515, 0.1361611, -0.062272348, -2.7959699e-05, 0.025363108, 0.0027409131;
  -0.13274033, 0.042086229, -0.059095517, 0.047578741, -0.015906576, 0.012608878;
  -0.27836323, 0.23584127, -0.090370364, 0.071854763, -0.012267172, 0.012783406;
  -0.15834644, 0.056243751, -0.061867911, 0.078602903, -0.0062932982, 0.0099432524;
  -0.23187925, 0.23517342, -0.12870072, 0.12349995, -0.03418082, 0.017567134;
  -0.34858349, 0.35289636, -0.090722732, -0.025190806, 0.022015801, 0.0030337709;
  -0.10240837, 0.044213377, -0.043578751, -0.066851944, 0.018873107, -0.001236778;
  -0.20544016, 0.22217558, -0.12728438, 0.096817322, -0.020467333, 0.011263624;
  -0.12747318, 0.047868196, -0.039555825, 0.056311488, 0.012763629, -0.013103718;
  -0.16175242, 0.14743459, -0.086026303, -0.012270614, 0.022727214, 0.00020429738;
  -0.32492396, 0.22518681, -0.047442693, 0.068190977, -0.0079773841, 0.0074237566;
  -0.28777045, 0.19137126, -0.024255665, -0.034451418, 0.005864183, 0.003620099;
  -0.23503026, 0.098871894, -0.017715354, -0.0072042649, 0.019593852, 0.0022965658;
  -0.2232791, 0.23958679, -0.13554192, 0.13804166, -0.041623373, 0.018499907;
  -0.27317673, 0.20582509, -0.068986356, 0.082522497, -0.01071318, 0.0066640503;
  -0.26973882, 0.1451043, -0.030724166, 0.046823021, 0.0059462469, 0.0035433795;
  -0.10132235, -0.030557116, -0.044272408, 0.029795591, 0.027351748, 0.0046461965;
  -0.39379883, 0.34020597, -0.04452733, -0.015832381, 0.0041539716, 0.0014738754;
  -0.092569001, 0.043929975, -0.045873985, 0.092999026, -0.01280671, -0.014707518;
  -0.065851003, 0.063689172, -0.098126397, 0.061743498, 0.0011829986, -0.0006156704;
  -0.14518547, 0.090404145, -0.044504106, 0.017429253, -0.012249357, -0.0033510912;
  -0.23361309, 0.11198539, -0.034294717, 0.012755318, 0.010283162, 0.0071251444;
  -0.31612566, 0.10946965, 0.033609349, 0.033967212, -0.026481872, 0.0080705052;
  -0.094703242, 0.052576605, -0.063715219, 0.068263918, 0.0057452735, -0.0085321758;
  -0.22611386, 0.15757851, -0.088095531, 0.12477612, -0.016639076, 0.011864644;
  -0.10539911, 0.15948683, -0.14905474, 0.064227276, 0.020641917, 0.002912353;
  -0.018078476, 0.0012474617, -0.12071598, 0.058760636, 0.03687885, 0.0030229131;
  -0.50334483, 0.53830945, -0.068661287, -0.071784981, 0.0064895679, -0.0030506537;
  -0.2178178, 0.10570669, -0.0087371795, -0.007019632, -0.026501527, 0.005102132;
  -0.29588503, 0.25812474, -0.11078044, 0.11990342, -0.017490156, 0.017440844;
  -0.11004346, 0.16350932, -0.14495312, 0.0051677572, 0.020404723, 0.0086627398;
  -0.47619781, 0.4562825, -0.069402747, 0.038152508, -0.03851575, 0.013047628;
  -0.26777047, 0.16016884, -0.031776577, -0.00033384797, 0.0091962954, 0.0044610081;
  -0.10747969, 0.24504852, -0.17859986, 0.039163619, -0.018997561, 0.0096162669;
  -0.28274247, 0.35448322, -0.15804161, 0.11926261, -0.048577357, 0.019128678;
  0.013729763, -0.022126917, -0.10647058, 0.038957201, 0.025840873, -0.0011316901;
  -0.18657126, 0.070934474, -0.029037707, 0.10827445, -0.0012381237, -0.0092616612;
  -0.12983333, 0.030686267, -0.038301799, 0.038729716, 0.016474437, -0.0066616624;
  -0.12515032, -0.020015571, -0.033333912, 0.027941495, 0.014689044, 0.0080489656;
  -0.24489084, 0.15990174, -0.037636947, -0.033311851, 0.027012166, -0.0013940734;
  -0.069404386, 0.037872583, -0.10875558, 0.056893256, 0.013136894, 0.0089680031;
  -0.27566093, 0.1764977, -0.053452365, 0.044204127, 0.01155048, 0.0062879561;
  -0.10404213, 0.068077989, -0.098409981, 0.044351775, 0.011803206, 0.0074048364;
  -0.31789669, 0.26243994, -0.092178531, 0.098846905, -0.0013890465, 0.0107352;
  -0.12382033, 0.062956125, -0.099108927, 0.056045715, 0.024239723, 0.0093407808;
  -0.30811301, 0.24923204, -0.073487401, 0.11779939, -0.013601943, 0.003003058;
  -0.19552636, 0.21906857, -0.12366563, 0.077002347, -0.0045619588, 0.0056091202;
  0.047369808, -0.09912286, -0.086917937, 0.015648231, 0.032270629, -0.00026202959;
  -0.098912783, 0.1209562, -0.15602091, 0.097801544, 0.015421255, 0.011913397;
  -0.17922175, 0.12717497, -0.079790585, 0.062863238, -0.0025635492, 0.0051848143;
  -0.16928636, 0.11269051, -0.066290222, 0.011343555, 0.01043185, 0.0029242728;
  -0.15192747, -0.032919567, -0.01654122, 0.063984498, 0.028895173, 0.0010514808;
  -0.24799189, 0.25920212, -0.11684587, 0.093260914, -0.060208544, 0.023152994;
  -0.17978221, -0.012942672, -0.018230287, 0.082179062, 0.0021818324, 0.011895695;
  -0.16407593, 0.14876421, -0.10497097, 0.069316491, 0.002154293, 0.0053758314;
  -0.33620515, 0.17808051, -0.0078407889, 0.061143123, -0.023086077, 0.010968917;
  -0.33228332, 0.19902845, -0.020860314, 0.037534624, 0.0057839411, 0.0034949926;
  -0.43791515, 0.41332605, -0.081486546, 0.077611655, -0.038741402, 0.014149179;
  -0.268695, 0.1140715, -0.0015452043, 0.058014851, 0.0011923198, -0.0042791036;
  -0.3018572, 0.19318712, -0.030985558, 0.053751126, -0.015018922, 0.0047355993;
  -0.2556718, 0.2432757, -0.093669102, 0.057949107, -0.032751374, 0.01363709;
  -0.38002598, 0.35056597, -0.087507822, 0.065589517, -0.0045018024, 0.0075114616;
  1.1164017, 0.32396811, 0.16856447, 0.034302093, 0.031060023, 0.011993498;
  0.95900869, 0.2457777, 0.13338749, 0.042018887, 0.010238298, -0.0037204335;
  0.90555269, 0.15111038, 0.21684219, 0.068608984, 0.019442556, -0.02603405;
  0.9508794, 0.16898467, -0.022252103, -0.059027836, -0.037304725, 0.024579043;
  0.88146514, 0.1317101, 0.01320218, 0.0044095665, -0.031945758, 0.019134736;
  0.81859356, 0.10755098, 0.0090244776, 0.014768036, -0.0010087417, -0.051152799;
  0.88019943, 0.16934791, 0.0069861971, 0.0087280609, -0.010109511, -0.032326542;
  0.78175426, 0.056228422, -0.16733889, -0.12864877, -0.026222926, 0.046696488;
  0.480629, -0.0074652885, 0.035511531, 0.063712306, -0.020451965, -0.068742849;
  1.084657, 0.42868605, 0.13093206, 0.092738502, 0.019811392, 0.02900769;
  0.64821333, 0.1402854, -0.080981463, 0.057748094, -0.03922902, -0.053452399;
  0.6752634, 0.071450688, -0.028550912, -0.015779456, -0.017344976, -0.018403007;
  0.73659348, 0.018265633, 0.00517317, 0.019605529, -0.010700095, -0.063577279;
  0.93800855, 0.3236964, -0.024356801, -0.10334133, -0.0073638023, 0.036639214;
  0.6245656, 0.13202097, -0.16029508, 0.0028306125, -0.04087935, -0.034632254;
  0.51393974, 0.071075998, -0.284778, -0.11511999, -0.040811665, 0.0072249798;
  1.0244018, 0.47234756, 0.11390247, 0.0083772661, 0.0048544272, 0.0097533446;
  0.7709645, 0.19748493, -0.15007348, -0.041802268, -0.019814882, 0.0044242446;
  0.91991377, 0.29466379, 0.078449294, 0.04624721, 0.0085469345, -0.032352503;
  0.80579287, 0.22614105, -0.066551708, 0.0092864363, -0.024192095, 0.055004247;
  1.5086032, 0.48681986, 0.43984434, 0.090035386, 0.098161519, 0.1818305;
  0.87530071, 0.30982271, 0.035219245, -0.03090113, -0.0068424209, -0.043110713;
  0.4247576, 0.062246382, -0.13531578, 0.03095098, -0.044652071, -0.038252831;
  0.78628039, 0.18640685, -0.22741267, -0.15972106, -0.034386273, -0.028776562;
  0.50296777, -0.0039103883, -0.12038466, -0.027865946, -0.046731804, -0.019984504;
  0.29300928, 0.037815083, -0.18049523, -0.16115019, -0.1249116, 0.027929367;
  0.64407599, 0.074328564, -0.027940176, 0.048213277, -0.027476065, -0.04634656;
  1.2641138, 0.39201918, 0.1592814, 0.013575536, 0.035976913, 0.077871196;
  0.79924262, 0.15146373, 0.045487124, 0.043091897, -0.0031099457, -0.043393821;
  0.97509706, 0.028981682, -0.065087572, -0.037479181, -0.029937783, 0.072997771;
  0.72050196, 0.048398398, -0.14219163, -0.080596238, -0.019984029, 0.0002284462;
  0.90354371, 0.12348627, -0.13085033, -0.13804732, -0.026008636, 0.045037333;
  0.96189654, 0.22916935, 0.11263374, 0.03120615, 0.0055914531, 0.0084657995;
  0.85762203, 0.17382148, 0.014486255, -0.017967246, -0.011767924, 0.046867587;
  0.91325951, 0.15160395, -0.1116645, -0.12375946, -0.0203196, 0.011755083;
  0.86279833, 0.16476533, -0.058097936, -0.087278455, -0.022408731, 0.014635932;
  0.82635659, 0.12769374, 0.030619107, 0.021780409, -0.014075324, 0.045591783;
  0.87807506, 0.1230239, 0.10074818, 0.011827273, -0.0010393795, -0.021757584;
  0.98128861, 0.268282, 0.16257179, 0.059077699, 0.019682882, -0.0086434167;
  1.1627361, 0.36963114, 0.15418474, -0.0748569, 0.037006781, 0.027686579;
  0.83925319, 0.14592564, 0.038496237, 0.037658606, -0.0033335786, -0.0079250839;
  0.90560126, 0.22745317, 0.18209556, 0.048775967, 0.017132169, -0.032617494;
  0.98173207, 0.21238266, 0.060665801, 0.016196035, -0.012242212, 0.025252892;
  0.77743673, 0.1087613, 0.066328362, 0.048115321, 0.0011721423, -0.054889966;
  0.78450924, 0.14987412, 0.10822364, 0.014475254, -0.03161088, -0.049234264;
  0.62143499, 0.10436131, -0.12284182, -0.016300656, -0.032408759, -0.017755071;
  0.91431999, 0.12667535, 0.011550649, -0.010256577, -0.011831802, -0.0096593853;
  0.9142791, 0.15348455, 0.051878937, 0.023928629, -0.0022871529, -0.0026310396;
  1.1032947, 0.28501558, 0.15212496, 0.031234005, 0.022296017, 0.072506905;
  0.8909688, 0.18517056, 0.21217303, 0.1165989, 0.019311476, -0.031091271;
  0.691311, -0.03969302, -0.15912233, -0.076402538, -0.04105952, 0.015686823;
  0.66491771, 0.0289628, -0.10002189, -0.051558856, -0.043157026, -0.0084205763;
  0.9363116, 0.2561754, 0.20491734, 0.093893282, 0.0078367321, -0.0052532321;
  1.2719305, 0.4157196, 0.2792739, 0.071384221, 0.049494725, 0.07781589;
  1.1060534, 0.23251377, 0.13780068, 0.044809747, 0.019525368, 0.053652868;
  0.60886985, 0.052891549, 0.054930501, 0.087564334, -0.011978462, -0.054542858;
  1.041912, 0.11890305, -0.081134021, -0.040484771, -0.023955373, 0.085919105;
  0.84877175, 0.072269961, -0.023874911, -0.00010520263, -0.014785802, -0.026800781;
  0.7732771, 0.34009323, 0.22153629, 0.077911846, 0.016390845, -0.041829728;
  0.8992514, 0.32402673, 0.22602944, 0.080342025, 0.0077003106, -0.015069368;
  1.2366647, 0.35504249, 0.21635583, 0.037755918, 0.035844252, 0.050975326;
  0.64543843, 0.031720757, -0.020088149, 0.01740656, -0.024094416, -0.015330082;
  0.9639008, 0.26449618, 0.23709878, 0.082853861, 0.013247075, -0.01020811;
  1.1217083, 0.3007924, 0.20836195, 0.016062925, 0.032772943, 0.014795504;
  1.0253894, 0.18156235, -0.027222065, -0.010260704, -0.010557262, 0.055165891;
  0.77743548, 0.085531279, -0.14498749, -0.047721308, -0.045350213, 0.017931214;
  0.66931951, 0.056644466, -0.18251355, -0.10520697, -0.035209745, 0.0034847683;
  1.0193807, 0.18631826, 0.022563331, -0.001221964, 0.006490102, 0.007635117;
  0.89181173, 0.112863, 0.039802618, 0.018487871, -0.0080621196, -0.024399718;
  1.1849693, 0.15128043, -0.026557567, -0.064029165, 0.0052762292, 0.043409381;
  0.98809081, 0.21194106, 0.16808036, 0.070170112, 0.020174501, 0.0016892307;
  0.96589595, 0.24250264, 0.25708228, 0.10703202, 0.022932984, -0.014398153;
  1.0803978, 0.26991159, 0.19328877, 0.051043004, 0.023299342, 0.0065936344;
  0.92894131, 0.082152724, -0.051367875, -0.012173624, 0.011182486, 0.04689724;
  1.1971498, 0.34958485, 0.24494144, 0.0079949815, 0.039422773, 0.066677265;
  0.66946477, 0.16971512, -0.079057232, 0.067991018, -0.043837257, -0.049576346;
  0.96275914, 0.24962157, 0.20971976, 0.044701122, 0.027141334, -0.02006175;
  0.99298137, 0.1184806, 0.01535992, -0.049571585, -0.023688698, 0.030164482;
  0.65034127, 0.0030319095, -0.14131074, -0.081028745, -0.046212871, 0.0049823327;
  0.72204453, 0.050472014, -0.10451806, -0.054191243, -0.040327732, 0.015513934;
  0.93740535, 0.10837483, -0.025521319, -0.013675701, -0.019579351, -0.00076196925;
  1.2719169, 0.35521016, 0.22420895, 0.033061348, 0.042026635, 0.067114621;
  0.63471991, -0.03359706, -0.092407472, -0.024741082, -0.039749205, -0.010291266;
  0.98740774, 0.20584999, 0.063771278, -0.0059972159, 0.0055619348, -0.030641962;
  1.0722919, 0.22091043, 0.16995929, 0.056848463, 0.022642719, 0.0073384414;
  0.5321309, 0.066110276, -0.043797355, 0.024082115, -0.03832607, -0.037216008;
  0.82320815, 0.21885, 0.12481705, 0.085908175, -0.0022898694, -0.048847821;
  1.0150445, 0.24265301, 0.095646299, 0.031978071, 0.0063170344, -0.013858053;
  1.1778071, 0.29063311, 0.26415014, 0.096146159, 0.041465394, 0.0369807;
  0.89348859, 0.08631812, -0.089353092, -0.036325715, -0.033413168, 0.01421166;
  0.93868506, 0.14935045, 0.13521872, 0.035518788, 0.013356789, -0.019831592;
  0.91223055, 0.069199122, -0.074664123, -0.037942301, -0.027184963, 0.050440393;
  0.67408937, 0.013942347, -0.064623736, -0.015588289, -0.061888754, -0.0084426077;
  0.66748083, -0.019871971, -0.13196835, -0.11509112, -0.055287957, 0.0085741738;
  0.89607114, 0.095592134, -0.051314823, -0.068325356, -0.041688967, -0.0034934925;
  0.90365034, 0.11070585, 0.062228285, 0.015421798, -0.0014696256, -0.0059569445;
  1.0239195, 0.24108958, 0.11156689, -0.0069918688, 0.0048289574, -0.019665478;
  1.2072117, 0.33424643, 0.42562848, 0.12442879, 0.076781675, 0.074631631;
  1.1736655, 0.28260246, 0.20657218, 0.038694426, 0.037009612, 0.028767634;
  0.83176929, 0.080349155, -0.059840098, -0.0099835088, -0.032562003, 0.018836217;
  -0.12168762, -0.10279151, 0.01428132, 0.058353771, 0.0093688499, 0.004279789;
  -0.30767748, 0.0036666875, 0.072608948, 0.081043504, 0.0041013546, -0.00015908144;
  -0.19903751, 0.069631562, -0.031871419, 0.046461314, 0.018254099, 4.4528166e-05;
  -0.23622583, -0.1301485, 0.10648825, 0.064974338, -0.0060105468, 0.0051797749;
  -0.2329331, -0.0071972003, 0.043632392, 0.018625373, 0.0051358021, 0.0027563872;
  0.21963012, -0.14702715, 0.061434064, 0.075097881, -0.026833219, -0.067534149;
  -0.19642636, -0.12527791, 0.088974565, 0.038258366, -0.0016618503, 0.0019488456;
  0.041625254, -0.1533924, -0.027086029, 0.037378296, 0.024651023, -0.010284096;
  -0.076152056, -0.09201622, 0.0062454781, 0.05630951, 0.009229525, -0.0083411532;
  -0.17260569, -0.14424711, 0.096799679, -0.016440675, -0.00045702775, 0.0037529424;
  -0.24286592, -0.069339372, 0.095447853, -0.0023957696, -0.0030505492, 0.0034990788;
  -0.10101648, -0.17158091, 0.074745603, 0.0422079, -0.042392239, 0.0047924509;
  -0.39833963, 0.12515995, 0.089107312, -0.014356781, 0.0053885654, -0.002418332;
  -0.281445, 0.091930345, 0.051383123, -0.071629323, 0.016591396, -0.0069525703;
  -0.17046998, -0.1524047, 0.1137257, -0.050170828, -0.013106471, 0.0056460383;
  -0.23645578, -0.068031967, 0.1022182, -0.0069592004, -0.014408153, 0.0014319943;
  -0.198176, -0.10095391, 0.051021565, 0.074074805, 0.02269816, 0.001964204;
  -0.11987057, -0.15255725, 0.026923323, 0.082766578, 0.013886281, 0.0069488264;
  -0.30569956, -0.056126043, 0.11387611, 0.042417374, 0.0073290309, 0.00049913611;
  -0.26187757, -0.037103772, 0.076110855, 0.018078785, 0.016248221, 0.00064003619;
  -0.17847613, -0.19862556, 0.10006121, 0.064105503, 0.013282428, 0.0042764107;
  -0.17460644, -0.11505806, 0.081043564, 0.032478806, -0.013022829, 0.00039357695;
  -0.062719457, -0.18331783, 0.076455936, 0.055719581, -0.0016845551, -0.019013993;
  0.02865115, -0.12630114, -0.027177172, -0.0018292832, 0.012471583, -0.0051678033;
  -0.12946786, -0.12699287, 0.036153391, 0.068610348, 0.010893437, 0.00053469971;
  -0.24181047, -0.036956903, 0.072264597, 0.010787537, 0.016031042, -0.00318876;
  -0.31500146, 0.11330819, 0.019921849, 0.038382325, 0.010274585, 0.00092542119;
  -0.16845661, -0.074182056, 0.043261684, 0.04692537, 0.0077024191, -0.0028903983;
  -0.19284201, -0.19290534, 0.10458037, 0.071191393, 0.011763927, 0.0043852488;
  -0.14259803, -0.10070772, 0.074654207, -0.016369708, 5.657252e-05, -0.0093178805;
  -0.017162707, -0.22338092, 0.027757229, 0.044637337, 0.029434299, -0.0054308986;
  -0.31297284, 0.0075590438, 0.12219269, -0.064511999, -0.0059842882, -0.0011960502;
  -0.035315316, -0.081371717, -0.0094815493, -0.076116964, 0.020592971, -0.00088228792;
  -0.20413224, 0.028702497, 0.033492275, -0.032607418, -0.017330095, 0.0029544276;
  -0.23421459, -0.14266118, 0.10992252, 0.060967762, 0.003486048, 0.0040750522;
  -0.17986821, -0.18078065, 0.10630692, 0.041011736, -0.0048977188, 0.005259152;
  -0.066410884, -0.12987365, 0.039339446, -0.096970096, 0.0038182437, 0.005093181;
  -0.2324952, -0.036943935, 0.070331931, 0.017769987, 0.010392414, -0.0046040453;
  -0.32829595, 0.093962543, 0.044139054, 0.025556801, 0.0041860351, 0.0023541059;
  -0.13262959, -0.059330963, 0.025342777, 0.013499488, -0.0044814469, 0.00073498097;
  -0.032247793, 0.17274001, -0.089046091, -0.065798834, 0.014446317, -0.01974003;
  -0.18808421, -0.16094799, 0.12645414, -0.031862106, -0.014185135, 0.0049754125;
  -0.27651337, -0.010241248, 0.06184772, 0.051835544, 0.0081557725, 0.0026304713;
  -0.282157, -0.058895227, 0.092118181, 0.055070613, 0.010138838, 0.0023549525;
  -0.12801936, -0.17388944, 0.078825839, 0.029232595, 0.0022151647, -0.00056879735;
  -0.31648821, 0.16884056, 0.037691984, -0.097447358, 0.025190337, -0.010733481;
  -0.25237492, -0.10103317, 0.093410492, 0.063088685, 0.019246545, 0.00031511285;
  -0.030218674, -0.05302611, 0.004604246, -0.076930977, -0.014446408, -0.0022300959;
  0.062063914, -0.24249786, -0.0066802879, 0.032598626, 0.041540172, -0.0096863145;
  -0.25448981, -0.10480957, 0.091946892, 0.085755207, 0.0049383268, 0.0046418007;
  0.060239337, -0.18164578, 0.064531073, 0.067917563, -0.0029550456, -0.042843428;
  -0.21643803, -0.094916821, 0.070217192, 0.04775789, 0.012756538, 0.0033789771;
  -0.18122521, 0.24969661, -0.06806507, -0.068818964, 0.01899541, -0.018766416;
  0.077880211, -0.18639281, -0.04775821, 0.00083670329, -0.0066590058, 0.013592562;
  -0.094622277, -0.19723479, 0.076893523, 0.044027247, -0.0050796093, -0.0032359993;
  -0.18663482, -0.11331282, 0.063981563, 0.065326922, 0.0035792156, 0.0026477987;
  0.023011215, 0.17230761, -0.11513715, -0.042381052, 0.0092161382, -0.01946573;
  -0.29916599, -0.035741381, 0.097348511, 0.03986565, 0.011737967, -0.00035071786;
  -0.3255946, 0.024954442, 0.10242195, -0.011328492, -0.014009191, 0.0032547959;
  -0.10997286, -0.094020724, 0.0035034774, 0.011692523, 0.041784585, -0.00034043845;
  -0.29281652, 0.0048771175, 0.071319506, 0.022947704, 0.013571639, 0.00081334292;
  0.12207305, -0.25185233, -0.059842017, 0.021792682, 0.05177816, 0.00090030575;
  -0.16807121, -0.1741091, 0.11022455, -0.00014036211, -0.01313186, 0.0059478008;
  -0.49652305, 0.43888655, 0.0067982012, -0.13683012, 0.013222327, -0.0075435531;
  -0.16282305, -0.10511336, 0.069434904, 0.038891893, -0.0052971346, -0.0038292261;
  0.1983211, -0.10043535, -0.092798114, -0.093966834, 0.036145892, -0.019156937;
  -0.14744268, -0.21852146, 0.09938655, 0.063732147, -0.0020905058, 0.0052591865;
  -0.23670061, -0.13404045, 0.10880279, 0.064956717, -0.001730512, 0.0038204237;
  -0.18145254, -0.19067158, 0.12433843, 0.012300567, -0.010572099, 0.0053122253;
  -0.24021992, -0.1104286, 0.096225798, 0.048729833, 0.011431932, 0.0025076864;
  0.07881435, -0.17191793, -0.016570847, -0.033579737, -0.026105568, 0.0075722425;
  -0.35259902, 0.16170667, 0.033593945, -0.0290119, 0.020155996, -0.00218051;
  -0.295858, -0.076960415, 0.12051566, 0.041885469, 0.004457592, 0.0011924998;
  -0.13525702, 0.22956397, -0.10738135, -0.05157182, 0.021676537, -0.0077539636;
  -0.22719756, -0.15889159, 0.11158695, 0.069350459, 0.0061212787, 0.0037067507;
  -0.23795499, -0.070279278, 0.099130191, -0.0026611625, -0.0058308546, 0.00069915567;
  -0.20713681, -0.15177731, 0.12161309, -0.00019046514, -0.0053006061, 0.0033770802;
  -0.26564804, 0.093165301, 0.026580928, -0.054355916, 0.026207458, -0.0046922495;
  -0.17525589, -0.032654863, 0.0045041819, 0.068795457, 0.0013873857, 0.0068626851;
  0.027759131, -0.25300878, 0.023154372, 0.034694839, -0.00026860708, 0.0034949002;
  -0.23119876, -0.07390856, 0.09924981, 0.053371139, -0.00057144952, -0.011328375;
  -0.35552016, 0.036809381, 0.076895759, 0.10091435, -0.012902337, 0.0064977109;
  -0.075541772, -0.19871171, 0.037994135, 0.041894972, 0.020934707, 0.0040566912;
  -0.34160691, 0.034811612, 0.083357759, 0.04663527, 0.0052307178, 0.00072373351;
  -0.012039951, -0.17780158, -0.0023352026, 0.027069785, 0.0049550808, 0.0069450396;
  0.080400288, -0.25469679, -0.025413767, 0.047168195, 0.014132869, 0.0060124458;
  0.029904285, -0.15641314, -0.043944225, 0.027838437, 0.0035568904, 0.010363152;
  -0.26634443, -0.095169917, 0.12180691, 0.0084422836, 0.0086644776, -0.00035302306;
  -0.25938323, -0.069744438, 0.10459859, 0.0036050084, 0.010586687, -0.0014614702;
  -0.026591707, -0.11703096, -0.032613207, 0.037324097, 0.0016578318, 0.0091302451;
  -0.017549969, -0.21891327, 0.029710818, 0.034692299, 0.02233449, -0.0028207696;
  -0.04177985, -0.23858367, 0.030388247, 0.061019253, 0.02693281, 0.0041781808;
  -0.010598443, -0.13151211, -0.032563739, 0.028342677, -0.0032481523, 0.011716336;
  -0.027841277, -0.17732978, 0.00049895898, 0.025944188, -0.00031759471, 0.011984728;
  -0.25703073, -0.073977508, 0.11544947, -0.025530951, 0.0029445265, 0.00032274798;
  0.0079020727, -0.12215056, -0.043249596, 0.03019711, 0.0060630445, 0.0048026205;
  0.034948621, -0.23447238, 0.0022216139, 0.061671238, 0.00083689293, 0.0023989584;
  -0.15415034, -0.16367094, 0.089003734, 0.051600493, 0.015249279, -0.008088151;
  0.00714185, -0.16243382, -0.03128266, 0.0068385866, 0.033127543, 0.0051188017;
  0.19643533, -0.19668779, -0.096940696, 0.0075848885, -0.021618452, 0.014290917;
  0.2648966, -0.2661899, -0.09587355, -0.0075162835, -0.038997583, 0.017326318;
  0.038232807, -0.22609448, 0.014566635, -0.065843128, -0.013223159, 0.014752924;
  0.12024909, -0.22567107, -0.032781579, -0.070469871, -0.0094142305, 0.012202477;
  0.37629694, -0.17025454, -0.020583155, -0.0071335011, -0.03271763, -0.053256739;
  0.52331221, -0.20022318, -0.14238232, -0.011230496, -0.027703879, 0.0055933101;
  0.048967987, -0.23970966, 0.00023016041, 0.014801904, -0.038101628, 0.019566398;
  0.17827107, -0.24605291, -0.069640897, 0.013365517, 0.0014587, 0.0066326098;
  0.12108843, -0.28319284, -0.020991495, 0.031072877, 0.025481097, -0.0019681011;
  0.077777743, -0.21187294, -0.010388297, -0.062691979, -0.038772963, 0.01912028;
  0.47273797, -0.16500096, -0.031251267, 0.024570717, -0.038960531, -0.061238758;
  0.17780632, -0.23374416, -0.038766649, -0.051162127, -0.0035365624, -0.0029898214;
  0.45453727, -0.19468485, -0.10451511, -0.00035789129, -0.043905515, -0.0047064461;
  0.27093416, -0.26192895, -0.076089665, 0.01159218, -0.004112144, -0.0018723863;
  0.66207945, -0.056388181, 0.0091518238, 0.037705652, -0.040041067, -0.047663566;
  0.24555825, -0.2502999, -0.075675331, 0.006398357, -0.01703677, 0.0026528775;
  0.44778663, -0.20226336, -0.084213264, 0.0064583775, -0.039056346, -0.01464756;
  0.36894941, -0.26855272, -0.15951025, -0.10890259, -0.025558695, 0.029111391;
  0.64022648, -0.053833526, 0.039508317, 0.06192603, -0.020181561, -0.072286576;
  0.2459119, -0.27405575, -0.046500165, -0.018000267, -0.07622429, 0.018589785;
  0.043564457, -0.27253938, 0.029910371, 0.0167781, -0.053291786, 0.020379037;
  0.12431075, -0.2221483, -0.041267272, -0.066665411, -0.013001941, 0.016537173;
  0.21625324, -0.25665992, -0.047166619, -0.0044977437, -0.027468381, 0.005621687;
  0.32790488, -0.15369739, -0.14856991, -0.029299121, -0.0034545844, 0.004585973;
  0.21396752, -0.25916737, -0.081935145, -0.0066440874, -0.013807147, 0.011824847;
  0.063430972, -0.24428603, 0.010008289, -0.013605982, -0.040837184, 0.015975986;
  0.90846968, 0.013823765, 0.044878829, 0.065055571, -0.0046248464, -0.039877914;
  0.22418581, -0.20994462, -0.03744534, -0.023172084, -0.024296394, -0.017462341;
  0.45613208, -0.20389238, -0.11736508, 0.0089847101, -0.026710363, -0.023088608;
  0.28277242, -0.25594279, -0.11258474, -0.0054462133, -0.017564557, 0.012248538;
  0.2771557, -0.18057597, -0.005317593, 0.008316543, -0.00068526168, -0.055752695;
  0.20882189, -0.24740228, -0.047216848, -0.0008782224, -0.018084854, -0.00010551729;
  0.35771146, -0.21778482, -0.15766804, -0.0001132852, 0.011247774, -0.0023416872;
  0.14267713, -0.25299135, -0.057076618, 0.021759491, 0.012547967, 0.0082224151;
  0.44435942, -0.20737746, -0.067969315, 0.0090575106, -0.048462484, -0.035252903;
  0.12705573, -0.26775688, -0.016449053, -0.033070732, -0.041889355, 0.020093109;
  0.20885488, -0.24731337, -0.091929749, -0.0055859792, 0.00015736429, 0.013249469;
  0.1815889, -0.26926765, -0.016801396, 0.015510832, -0.040620357, 0.0018287512;
  0.39622921, -0.13906373, 0.01283316, 0.0016318597, -0.028646657, -0.072768085;
  0.17469186, -0.2488004, -0.038689159, 0.026126426, -0.031493191, 0.0057075685;
  0.34012502, -0.24697623, -0.14288096, -0.047509011, 0.0016149399, 0.0074995649;
  0.27827355, -0.20869428, -0.1186702, -0.052585568, 0.014982709, 0.0022603795;
  0.35304877, -0.21601473, -0.09918236, 0.0056489613, -0.0042198845, -0.030861832;
  0.27548832, -0.24058929, -0.1067616, 0.012974198, 7.3986084e-05, 0.0024058053;
  0.22221151, -0.29133266, -0.069155104, -0.055806711, -0.03086165, 0.025053972;
  0.39729345, -0.19868359, -0.073074259, 0.005794175, -0.036141515, -0.038433071;
  0.2607269, -0.22948529, -0.095312305, -0.026930032, 0.013116198, -0.0014356329;
  0.085577965, -0.22407061, -0.019745039, -0.028403075, -0.02981624, 0.018491944;
  0.50071931, -0.19787714, -0.10888625, 0.0020287612, -0.019955782, -0.025897063;
  0.46629253, -0.21473497, -0.0811112, -0.0039086384, -0.02662714, 0.0018999696;
  0.64017802, -0.062230445, -0.050421372, 0.011936896, -0.033084858, -0.046083938;
  0.35714129, -0.29572573, -0.15022966, -0.05271012, -0.0067580482, 0.019719414;
  0.19206603, -0.22180054, -0.072859377, 0.017214628, -0.017754817, 0.0065608509;
  0.16535895, -0.2707535, -0.056314625, -0.0057740859, -0.010884788, 0.017613823;
  0.52292639, -0.073961653, 0.02045626, 0.041259181, -0.023872467, -0.081296682;
  -0.05954932, -0.21575832, 0.04776476, 0.0087022418, 0.0094732149, 0.0072128172;
  0.34066531, -0.25062394, -0.08848948, -0.012294164, -0.020003013, -0.01022135;
  0.54806602, -0.20844221, -0.14129205, -0.016536899, -0.033511005, 0.011594203;
  0.19373374, -0.26281959, -0.041007768, -0.089398988, -0.065834716, 0.027282223;
  0.49530268, -0.19233511, -0.14487112, -0.012787015, -0.052038968, 0.007505931;
  0.5130555, -0.20242091, -0.11736821, -0.039171815, -0.047502395, 0.011549917;
  0.98369545, 0.028992087, 0.12382724, 0.049805596, -0.0044757323, 0.064492702;
  0.36645424, -0.11133538, 0.00086328888, 0.048661612, -0.042067673, -0.064654261;
  0.42544883, -0.19703586, -0.12910515, -0.077238023, -0.033080257, -0.0051220199;
  0.48120189, -0.22653034, -0.14535777, -0.053514838, -0.035351817, 0.0047881952;
  0.72822416, -0.047980037, -0.072270259, -0.0047825975, -0.052837767, -0.00010190238;
  0.36892959, -0.25618434, -0.12225582, -0.012514833, -0.0037179142, 0.0010233306;
  0.21808225, -0.26344004, -0.071050197, 0.004349675, -0.0053687571, 0.0065376949;
  0.11467235, -0.28969318, -0.014979048, -0.0093996311, -0.007950712, 0.014730712;
  0.08615692, -0.24022795, -0.021126948, -0.040961646, -0.007094807, 0.017269911;
  0.12859547, -0.26262897, -0.026660763, -0.053523839, -0.029736163, 0.022767469;
  0.20561688, -0.18070425, -0.098760471, 0.017566042, -0.017755006, 0.0044682459;
  0.20754001, -0.18807687, -0.053065997, 0.023184473, -0.035652861, -0.0019845264;
  0.054500625, -0.23335558, 0.019702654, -0.00019168883, -0.040042166, 0.0088885706;
  0.054462396, -0.21795984, 0.021995256, -0.015775306, -0.035709847, 0.004551929;
  0.089001425, -0.25554878, -0.0044667181, 0.020686738, 0.0058837328, -0.0014325994;
  0.28327936, -0.23779033, -0.11544865, -0.011013035, -0.021650134, 0.014095949;
  0.069011323, -0.25794998, -0.0034909919, -0.027905827, -0.0047815102, 0.015982989;
  0.44113645, -0.2890135, -0.21906905, -0.076992452, 0.021410614, 0.025124507;
  0.60548484, -0.26398835, -0.27934188, -0.092466652, 0.018116355, 0.025010258;
  0.49191576, -0.24547127, -0.20384023, -0.032959625, 0.028415859, 0.00037118251;
  0.1280359, -0.27082035, -0.030127103, -0.050393581, -0.0073717833, 0.018956728;
  0.50921285, -0.2631135, -0.26027939, -0.082387015, 0.021579362, 0.023717258;
  0.42321858, -0.29310232, -0.2136547, -0.064578079, 0.020142067, 0.02605385;
  0.07766784, -0.18053821, -0.060890038, -0.023993334, 0.032450233, 0.0074541359;
  0.48568371, -0.16802351, -0.096210465, -0.0144366, -0.0086476831, -0.023677226;
  0.14111671, -0.20122513, -0.063410461, 0.0082960296, -0.030204244, 0.013924857;
  0.13293923, -0.23231336, -0.034151789, -0.041299716, -0.014899714, 0.011621505;
  0.11023678, -0.18231142, -0.074585289, -0.0039487747, -0.0019139516, 0.01599553;
  0.43427882, -0.10503708, -0.044578698, -0.067621954, -0.061734892, -0.043756604;
  0.10640288, -0.13546771, 0.022204017, 0.058367733, -0.0020779166, -0.046845589;
  -0.11639112, -0.15803982, 0.069519132, 0.01551764, -0.004607514, 0.00024472785;
  0.16777012, -0.21747167, -0.043133974, -0.11106467, -0.028109426, 0.016210793;
  0.13506737, -0.2639907, -0.021462882, 0.027438579, -0.029319769, 0.0066199028;
  -0.13529021, -0.14474544, 0.072882906, -0.026526643, -0.003963761, 0.0069449898;
  0.042156104, -0.30992982, 0.023603305, 0.019944116, 0.013857754, 0.012336442;
  0.030491505, -0.30123746, 0.040156696, 0.0059404643, -0.013160394, 0.015992189;
  0.20675229, -0.2584739, -0.05686165, -0.05607206, -0.013716147, 0.0076036602;
  0.085600056, -0.21278766, -0.015035191, -0.037581228, -0.018626509, 0.010418219;
  0.06128224, -0.26881856, 0.0061646951, 0.0075450391, -0.022293348, 0.01772088;
  -0.025346557, -0.22633633, 0.056643724, -0.0038534747, -0.045540612, 0.015319378;
  -0.31944609, 0.17973731, 0.022685681, -0.03871499, -0.055507809, 0.014095544;
  -0.27652588, -0.055725642, 0.13297759, -0.057246447, -0.0097357919, 0.00068046805;
  -0.31205332, 0.006779219, 0.13563581, -0.10543815, -0.0014771211, -0.003992076;
  -0.30777442, 0.013514215, 0.12273869, -0.08961647, -0.0038157341, -0.0020900744;
  -0.096118741, -0.11751852, 0.05281353, -0.093202747, -0.0014243636, 0.0055425973;
  -0.407327, 0.1921002, 0.062681913, -0.031483665, -0.0070737367, 0.00072182145;
  -0.28825718, 0.033273999, 0.12081548, -0.15930451, -0.0001231925, -0.0048749661;
  -0.1822964, -0.01094147, 0.075877219, -0.15541653, -0.018246561, 0.0038401717;
  -0.41483575, 0.20937753, 0.079134502, -0.10438203, 0.01012816, -0.0061106458;
  -0.096369006, -0.15981175, 0.058400121, 0.0094043873, -0.064360581, 0.021863395;
  -0.066035435, -0.13758451, 0.018506601, 0.0030827241, -0.035868268, 0.017752841;
  -0.29055452, 0.078543253, 0.10488353, -0.18536873, -0.0070958859, -0.0032820029;
  -0.32348403, 0.043934315, 0.092453502, -0.025727596, -0.0063655851, 0.0014773828;
  -0.22064881, -0.11813301, 0.12705307, -0.017562436, -0.047275353, 0.011421929;
  0.026943225, -0.201121, 0.0020369973, -0.021320302, -0.0084513426, 0.010213506;
  0.060708251, -0.17259388, -0.014731927, -0.062008448, -0.029557008, 0.015048933;
  -0.21497354, -0.053669665, 0.082390964, -0.044433821, -0.012354612, 0.0056861951;
  -0.20595112, 0.034032866, -0.0097489599, 0.079180881, -0.062535413, 0.02380714;
  -0.31357503, 0.053559896, 0.13181667, -0.15933719, -0.022015482, -0.0011397849;
  -0.20955092, -0.060748801, 0.10744833, -0.099539183, -0.027545607, 0.0058436622;
  -0.35741034, 0.13160001, 0.12297802, -0.20282665, 0.0067449864, -0.0092010126;
  -0.080159731, -0.1471173, 0.037301078, -0.0090628685, -0.033049438, 0.015729062;
  -0.17289908, -0.015245182, 0.062108949, -0.09919019, -0.063931949, 0.016265688;
  -0.10786244, -0.14481699, 0.054564275, -0.008847571, -0.031105652, 0.014470258;
  -0.14734328, -0.1129766, 0.063225023, -0.010403773, -0.029052779, 0.012364853;
  -0.24014108, 0.010381551, 0.05299351, -0.027404968, -0.0040981309, 0.0046722554;
  -0.20394769, -0.014975236, 0.077694602, -0.10702313, -0.018532045, 0.0037264528;
  -0.18928637, -0.10854002, 0.12646087, -0.10840578, -0.031464625, 0.0061646961;
  -0.29320803, -0.03251256, 0.14162332, -0.091833889, -0.0026567548, -0.002890188;
  -0.29980025, 0.10277705, 0.058460988, -0.079100072, -0.010155416, 0.0027204398;
  -0.23624006, -0.057763934, 0.1014653, -0.027075812, -0.037534531, 0.0098146135;
  -0.25605011, -0.0058185011, 0.097570322, -0.05127053, -0.0528429, 0.011069033;
  -0.3071894, 0.02502189, 0.12844132, -0.10813118, -0.026337413, 0.001384738;
  0.028011182, -0.15251404, 0.014913869, -0.052207746, -0.04238027, 0.0019552729;
  -0.2920911, 0.081931606, 0.061329763, -0.046653625, -0.033891086, 0.0083559118;
  -0.23103061, -0.065257527, 0.10209502, -0.028383022, -0.032267593, 0.0084043844;
  -0.23277563, -0.074949898, 0.10243454, -0.012029252, -0.030805467, 0.0089577269;
  -0.23092484, -0.047990076, 0.11035295, -0.090172276, -0.016179638, 0.0021718114;
  -0.13887942, -0.1625336, 0.11798417, -0.07853438, -0.050364885, 0.012813985;
  -0.28605062, 0.093435399, 0.059004575, -0.080534942, -0.024455665, 0.0058636242;
  -0.10134906, -0.16777444, 0.080831923, -0.0063415505, -0.041573446, 0.0082717035;
  -0.25234178, 0.021629706, 0.13246357, -0.23088209, -0.018976495, -0.0025444699;
  -0.23251888, -0.065767586, 0.13243085, -0.10410509, -0.03800841, 0.0057538934;
  -0.25697473, 0.060914576, 0.087242208, -0.1581955, -0.018016139, 0.00047634612;
  -0.22881359, 0.035474129, 0.093186624, -0.18568517, -0.026843242, 0.0024907896;
  -0.23607637, 0.042415675, 0.060564958, -0.10598482, -0.012795271, 0.0039439616;
  -0.12642913, -0.13719894, 0.10919289, -0.12898345, -0.043068651, 0.010480721;
  -0.28263199, 0.052482359, 0.070864819, -0.046309356, -0.017861439, 0.0038934371;
  -0.1722772, -0.11438882, 0.12306961, -0.1132957, -0.042115945, 0.008410166;
  -0.24000534, 0.0046845009, 0.10568868, -0.15090668, -0.020208055, 0.0016695213;
  -0.21752718, 0.055392921, 0.090326369, -0.23583244, -0.023265796, 0.00071527349;
  -0.31871754, 0.064513303, 0.12574328, -0.14946005, -0.022877388, -0.00062792294;
  -0.21158275, -0.00069029292, 0.080206141, -0.11373758, -0.036214296, 0.0078114951;
  -0.17741174, -0.0080212792, 0.064748667, -0.15368304, 0.0027213341, -0.00027260234;
  -0.25554895, -0.042060789, 0.098205537, -0.037342064, 0.0017431882, 0.0012562561;
  -0.39051688, 0.22059381, 0.082830369, -0.17010614, -0.006802395, -0.0043475446;
  -0.26629177, 0.087395512, 0.088354453, -0.20407131, -0.00540127, -0.0028540574;
  -0.30613506, 0.18970118, 0.13945863, -0.4355135, -0.017325127, -0.010931727;
  -0.23169999, 0.0031979687, 0.067018226, -0.063879699, -0.0080744931, 0.0035295771;
  -0.18784255, -0.12280738, 0.10646726, -0.021750409, -0.041381024, 0.011721893;
  -0.2515223, 0.078241587, 0.087862127, -0.18900123, -0.037513703, 0.0041832374;
  -0.4069916, 0.294193, 0.090238996, -0.30173367, 0.016221672, -0.014192196;
  -0.22646067, -0.047746968, 0.13508423, -0.16710183, -0.022301717, 0.0007006994;
  -0.32799494, 0.13463379, 0.11272684, -0.20960836, -0.020079782, -0.0047768918;
  -0.30559236, 0.04087133, 0.10668774, -0.095053241, -0.0068786745, -0.00087864575;
  -0.145016, 0.021390371, 0.021749763, -0.15158737, 0.01102976, -0.0001020941;
  -0.24649282, 0.031671971, 0.10238831, -0.17648508, -0.019795356, 0.00085462257;
  -0.25680622, -0.087503113, 0.13685016, -0.038612135, -0.028363183, 0.0054092589;
  -0.3335903, 0.17701063, 0.096560001, -0.23227951, -0.019762442, -0.0036878891;
  -0.26378816, -0.014158327, 0.12496492, -0.11599875, -0.031545736, 0.0037789468;
  -0.29913902, 0.080857046, 0.13310483, -0.23592581, -0.024081599, -0.0031950125;
  -0.015251504, -0.14006792, 0.089944854, -0.021146558, -0.075727664, -0.017906096;
  -0.2147589, -0.14606388, 0.14024004, -0.023426527, -0.036611035, 0.008177788;
  -0.20447116, -0.10361668, 0.13239129, -0.10723197, -0.024081368, 0.0039209048;
  -0.25229272, 0.011982887, 0.13451646, -0.21932393, -0.019881343, -0.0020455366;
  -0.27209905, -0.02005399, 0.080649428, 0.014058679, -0.0028847163, 0.0033830828;
  -0.37963656, 0.21620578, 0.10661025, -0.26253235, 0.011033095, -0.011925604;
  -0.31711546, 0.21686797, 0.055554643, -0.23982847, 0.0081563592, -0.0079422342;
  -0.26122856, 0.14647068, 0.056379709, -0.22514254, -0.0025392184, -0.0032843116;
  -0.1945271, -0.052296128, 0.09103436, -0.051515859, -0.050507132, 0.0073310635;
  -0.42482775, 0.42866322, 0.1151882, -0.57894349, 0.035722584, -0.029321177;
  -0.21840666, -0.064677685, 0.12083253, -0.091336936, -0.050104178, 0.0091675799;
  -0.27625519, 0.022419928, 0.086938225, -0.072370179, -0.0046193912, 0.0016082298;
  -0.33609509, 0.13693716, 0.044312306, -0.024274025, -0.014466793, 0.0052781892;
  -0.081886232, -0.17123429, 0.081302986, -0.02002822, -0.058714706, 0.010690279;
  -0.15274639, -0.11350755, 0.10953458, -0.14004511, -0.010296385, 0.0020967613;
  -0.2446239, -0.044374209, 0.12297513, -0.0917072, -0.035616312, 0.0055920756;
  -0.14353651, -0.11023339, 0.064806037, -0.023377765, -0.027707867, 0.010815544;
  -0.32011461, 0.12111859, 0.062435377, -0.081512786, -0.0022876617, -0.00065143238;
  -0.32856679, 0.17258024, 0.099746063, -0.24489635, -0.018145064, -0.0044072946;
  -0.33074564, 0.22692268, 0.055219322, -0.23836349, 0.016989021, -0.0096056191;
  -0.30879369, 0.081387326, 0.13075972, -0.21227501, -0.020737052, -0.0035216357;
  -0.20043932, -0.065870322, 0.097265176, -0.050297912, -0.049905185, 0.010238147;
  -0.24008788, -0.017968491, 0.09203162, -0.077978894, -0.011799498, 0.0025340084;
  -0.17447503, -0.065959536, 0.044658456, -0.014701499, 0.010320645, 0.0043655327;
  -0.32421464, 0.08034312, 0.13244295, -0.18715562, -0.01926351, -0.0031076542;
  -0.13096488, -0.1281341, 0.10629744, -0.13728635, -0.026323292, 0.006289308;
  -0.19993584, -0.10893822, 0.13016346, -0.1066146, -0.015891323, 0.0023356702;
  -0.2608873, 0.016775867, 0.080550022, -0.036711738, -0.034744106, 0.0063510393;
  -0.23014764, -0.055776015, 0.11493583, -0.073370352, -0.04362382, 0.0087650632;
  -0.27267906, 0.14485413, -0.034383379, 0.059090097, 0.019845828, -0.00021954224;
  -0.2305574, 0.080200851, -0.039491069, 0.11125594, 0.0016038656, 0.0071905125;
  -0.072344169, -0.020971721, 0.07913889, 0.090651311, -0.010710634, -0.05822416;
  -0.15527512, -0.18405792, 0.091302089, 0.043480765, -4.4036246e-06, 0.0038297523;
  -0.03611625, 0.057610806, -0.1003004, -0.10391999, 0.037469979, 0.0031910636;
  -0.11007518, -0.045912385, 0.011020575, -0.057082482, 0.00060248811, 0.0053647379;
  -0.12611516, -0.1805307, 0.052864801, 0.060737457, 0.034539338, -0.0004721749;
  0.11370318, -0.23078002, -0.065105788, 0.0064843697, 0.039548349, 0.0078378133;
  0.24072763, -0.21840534, -0.048210427, 0.030666279, 0.016426975, -0.033923507;
  -0.13344811, 0.17977352, -0.10651896, -0.0288918, 0.018034091, -0.00040312027;
  1.0326225, 0.04876183, 0.037956391, 0.039248362, 0.043960083, -0.020609377;
  0.25766602, -0.21112029, -0.15580687, -0.012924662, 0.040967748, 0.013621912;
  0.0097951163, -0.11924829, -0.038980104, -0.027667379, 0.034659274, -0.00043749562;
  -0.14202769, -0.11286653, 0.057865091, -0.012110847, -0.0061705858, 0.0061382856;
  -0.1567547, -0.10938315, 0.037682187, 0.069210686, 0.014476811, 0.0011271264;
  -0.1752523, 0.063794769, -0.055297032, 0.055999007, 0.013009206, 0.0061024781;
  0.045136835, -0.24348952, -0.013850666, 0.042689297, -0.0034065386, 0.014174934;
  0.125698, 0.061138324, -0.099582464, -0.021594951, 0.0059748115, -0.031395219;
  -0.15030007, -0.10817134, 0.022969509, 0.094443925, 0.011465175, 0.0047639646;
  -0.23982881, 0.66348892, -0.24226119, -0.23975243, 0.017156716, -0.0083827004;
  0.13972393, -0.25534236, -0.054389797, 0.010616796, 0.052309949, -0.0057955971;
  -0.080629542, -0.16954732, 0.030093988, 0.053958245, 0.021748237, -0.0018869822;
  -0.010613474, -0.17283121, -0.015385786, 0.044294856, 0.031242624, -0.0019070909;
  -0.1262804, -0.14265086, 0.049295895, 0.00061094062, 0.030443445, 7.1510709e-05;
  -0.12182329, -0.15031558, 0.026464915, 0.062021624, 0.023513146, 0.0067355717;
  -0.016640024, -0.25336525, 0.030200249, 0.055028792, 0.028635411, 0.00038457944;
  -0.047617726, -0.16734289, -0.01014342, 0.06063218, 0.021260584, 0.007690385;
  -0.034731064, -0.13634381, -0.037101246, 0.077033915, 0.0093848528, 0.010225042;
  -0.027068175, 0.05865128, -0.12192909, -0.06447731, 0.052996881, 0.00055770687;
  -0.043965176, -0.21649639, 0.023534553, 0.053581864, 0.023162879, 0.0040689097;
  -0.19324905, -0.11548893, 0.087411739, -0.0033566623, 0.014854677, -0.00074167387;
  0.2508021, -0.28393847, -0.12524004, 0.012154139, 0.04287206, 0.0088033546;
  -0.043370377, -0.0054213102, -0.094707027, 0.057083555, 0.012118315, 0.0059240251;
  0.086964197, -0.17635359, -0.06989415, -0.0031876161, 0.007853088, 0.013711324;
  0.02455157, -0.085672408, -0.076194994, -0.025841014, 0.031970721, 0.0044961032;
  -0.018638426, -0.18686007, 0.00033620183, 0.031639684, 0.00081799895, 0.0098295966;
  -0.052854441, -0.26616812, 0.058359981, 0.063127011, 0.0033727239, 0.0090727974;
  -0.26193267, 0.032117616, 0.07000155, -0.082346804, 0.020954713, -0.0045035053;
  -0.19346701, -0.040882923, 0.0089054182, 0.072382972, 0.012203014, 0.0085532228;
  -0.026779339, -0.16709444, 0.01065322, -0.016487744, -0.010414365, 0.012371905;
  -0.18077986, 0.045690775, -0.034296818, 0.085442893, 0.021686677, -0.0050522801;
  -0.26865357, 0.39620936, -0.22511885, 0.17175658, -0.028995998, 0.023592267;
  0.16411285, -0.2534017, -0.054361038, 0.002244988, 0.0094651571, 0.0044430317;
  0.14145169, -0.23850414, -0.075030737, 0.034278188, 0.018779239, 0.01038514;
  0.024124376, 0.014982611, -0.126605, -0.029306235, 0.040408354, 0.00043306241;
  -0.10899212, -0.12685114, 0.053864911, -0.0044264882, 0.0029023511, -0.0022822407;
  0.19096038, -0.19929127, -0.10967245, -0.07164821, 0.028091511, 0.012965414;
  -0.12206612, -0.053949896, -0.013855637, 0.039391845, -0.0073255198, 0.012618752;
  -0.059397046, -0.12547648, 0.011683562, -0.012801302, 0.0066588251, 0.0028569612;
  -0.27306461, 0.15090796, -0.046050809, 0.071695372, 0.0085311411, 0.006118726;
  0.035595264, -0.31315866, 0.033923045, 0.035509128, -0.0057806019, 0.014817111;
  -0.15225737, -0.074178822, 0.0058736596, 0.083375804, -0.004050212, 0.010760543;
  0.20451356, -0.22848044, -0.10127959, 0.030574095, 0.022088364, -0.0021745921;
  0.1797594, -0.081651457, -0.011347141, 0.0054325759, -0.012632649, -0.046264444;
  -0.21779737, 0.084312141, -0.032103539, 0.048854355, -0.003998844, 0.0094088679;
  -0.25466311, 0.060236104, -0.0015714149, 0.092029706, 0.0092358757, 0.00076056889;
  0.078180544, -0.11364561, -0.041357592, -0.020200323, 0.0042541819, -0.013401254;
  0.021993164, -0.18277554, -0.034771994, 0.051780492, -0.0081241969, 0.01567162;
  -0.17316733, 0.11218563, -0.076176018, 0.0058993539, 0.01748227, 0.0082944715;
  -0.21855089, 0.11271625, -0.067475207, 0.059649944, 0.030885031, 0.0057724537;
  -0.2140519, -0.11914999, 0.080042623, 0.057554536, 0.010178298, 0.004284638;
  0.033637971, -0.15138666, -0.056995485, 0.0066617266, 0.035247765, 0.0065316991;
  -0.18650094, -0.081491418, 0.051180445, 0.02745273, 0.0082591968, 0.0037035921;
  -0.04429454, -0.14378373, 0.00092999043, 0.0010126559, -0.0051386827, 0.011319612;
  -0.22970644, -0.014228296, 0.025225235, 0.070357718, 0.018277436, 0.0017791274;
  0.15853485, -0.27660635, -0.011839242, 0.0046719797, -0.078772083, 0.019402822;
  -0.002368371, -0.1821315, -0.0017847188, 0.042135999, -0.0033069898, 0.0051403125;
  0.36370331, -0.2384468, -0.11808408, -0.014490137, -0.04580465, 0.0083609642;
  0.15719242, -0.21882738, -0.086069785, 0.030984461, 0.030920751, 4.6059071e-05;
  -0.16403714, -0.04925821, 0.01053928, 0.087192811, -0.032014746, 0.013298866;
  -0.10103858, -0.10462576, 0.027121088, -0.032766819, 0.0042615738, 0.0061299787;
  0.10723227, -0.17269021, -0.097285494, -0.01743185, 0.099533632, -0.0091036288;
  -0.21388476, 0.075215161, -0.016824514, 0.030692024, -0.024912465, 0.012282199;
  -0.11534202, -0.10857815, 0.019991361, 0.066971235, 0.010411793, -0.0014459685;
  -0.095387571, -0.17646839, 0.045414187, 0.035969816, -0.0050568162, 0.0094803357;
  -0.16906254, 0.081101641, -0.010280765, -0.13603865, 0.028789362, -0.0017027745;
  0.058404483, -0.037944663, -0.115894, -0.065755211, 0.042393845, 0.0061587109;
  -0.19169147, 0.065289266, -0.04849375, 0.05581782, 0.019428149, 0.0059274975;
  -0.13281903, -0.091889001, 0.048478398, -0.030271605, 0.0010699684, 0.0020338995;
  -0.20718449, 0.098467685, -0.041589592, 0.034567755, 0.014365191, 0.0017312554;
  -0.15061671, 0.1860583, -0.12589461, -0.010371673, -0.00096009002, 0.014176232;
  -0.070015386, -0.11233446, -0.014056685, 0.012040078, 0.034140579, 0.0033380287;
  -0.23222061, 0.033171181, 0.064571038, -0.092474692, 0.0077210949, -0.0056872186;
  -0.28607875, 0.059067957, 0.064207971, -0.070331857, 0.02341185, -0.0041434714;
  0.16021541, -0.32566696, -0.053125244, 0.021178214, 0.040032636, 0.010287954;
  -0.4056389, 0.40239015, -0.1202883, 0.14466153, -0.044077296, 0.019940812;
  0.0085080592, -0.19576488, 0.0096111558, 0.027541365, -0.0045362213, 0.0018312583;
  -0.23387535, -0.057150818, 0.055950712, 0.08303649, 0.0029249683, 0.0031666574;
  0.045408614, -0.26622352, 0.027274376, -0.0011170721, -0.06018145, 0.024441788;
  -0.19266029, 0.044113219, 0.0045353812, -0.041699551, 0.002319887, 0.0050510936;
  -0.07859692, -0.13430312, 0.0097317072, 0.083391666, 0.008443648, -0.0023735103;
  -0.23841403, -0.055879511, 0.064345472, 0.038032029, 0.017769255, 0.001442846;
  -0.040964589, -0.020521529, 0.0060533169, -0.12386575, -0.028960828, -0.0040027071;
  -0.15989305, -0.014238578, -0.0039204764, 0.058421165, 0.015154677, -0.0036143826;
  -0.0078918375, -0.14011778, -0.026913309, -0.024258079, 0.034800664, 0.0032459793;
  -0.21810721, -0.034387484, 0.06326963, 0.0076675834, 0.010139737, -0.0050149588;
  -0.25624177, -0.019414751, 0.053764809, 0.070784308, 0.0022519068, 0.0020454037;
  0.099139363, -0.026871629, -0.12229148, -0.11695633, 0.031263735, 0.0020661063;
  -0.232925, -0.069419339, 0.082012109, 0.012777155, 0.003308564, 0.0028689511;
  -0.19787586, -0.18460542, 0.10995457, 0.054121908, 0.012855845, 0.0027008001;
  -0.41229492, 0.11763582, 0.069883928, 0.089779817, -0.0097310022, 0.0048492206;
  -0.18376926, -0.020126339, 0.039082181, 0.048177935, 0.002467277, -0.011563735;
  0.094254114, -0.087150984, 0.024377868, 0.07886038, 0.0091588274, -0.059776034;
  -0.20410736, 0.10094817, -0.063631997, 0.14011703, -0.023215329, 0.0090080937;
  -0.0031572012, -0.13141358, 0.0072455551, 0.085552067, -0.01621744, -0.014808914;
  -0.22200736, 0.019103577, -0.0054646656, 0.074233457, 0.0082008187, 0.0082711698;
  -0.35261914, 0.11480494, 0.04687418, 0.029806133, 0.00029212251, 0.0033827107;
  -0.21497241, -0.031035308, 0.040307675, 0.055686645, 0.0001531454, 0.0016173305;
  -0.17548692, -0.052401122, 0.040641814, -0.01200731, 0.003298501, 0.0042118551;
  0.069203272, -0.082577869, -0.047335621, 0.048580542, -0.0030383365, -0.017621057;
  -0.29241112, 0.1626139, -0.043614075, 0.090640396, 0.0080280583, 0.0052239727;
  -0.26329398, 0.02844844, 0.015099758, 0.11071255, -0.018017685, 0.011485085;
  0.055539258, -0.1813599, -0.069743477, 0.016093228, 0.07442984, -0.00097748975;
  -0.029400986, 0.060005497, -0.12657358, 0.026152516, -0.026998321, 0.019602394;
  -0.31102708, 0.18820931, -0.021681454, 0.0032843128, 0.028081164, -0.0024669212;
  -0.19388986, -0.046689484, 0.029650122, 0.032559566, 0.018620666, 0.0027180258;
  -0.26124641, 0.027707633, 0.045702029, 0.030501703, -0.019839266, 0.0072273589;
  -0.24104413, 0.1366751, -0.028978152, -0.037623465, 0.03722436, -0.0026756634;
  -0.21467774, 0.271817, -0.074258171, 0.055529669, -0.045363467, -0.010985128;
  -0.35964042, 0.15140799, 0.013064128, 0.060263541, 0.015644103, 0.00288392;
  -0.23708102, -0.043889798, 0.048252877, 0.059594911, 0.016760804, 0.0029801962;
  -0.19657311, 0.18545337, -0.068275996, -0.040484738, 0.0078716613, -0.0002320537;
  -0.33768743, 0.13324904, 0.043782834, 0.060768075, -0.0089879613, -0.0086438395;
  -0.19780312, -0.053082906, 0.027609659, 0.064725533, 0.014288008, 0.003844596;
  -0.15899818, 0.21656804, -0.022532606, -0.017798038, -0.025535343, -0.033617657;
  -0.1061106, -0.038018458, 0.01386953, 0.036988799, -0.0071699023, -0.0097962832;
  -0.28091449, 0.093443878, -0.0085084839, 0.079249337, 0.020131757, 0.0013954769;
  -0.26397809, -0.0013058735, 0.032692842, 0.093864121, 0.011441625, 0.0039872909;
  0.32385707, 0.082496665, 0.028316878, 0.021945916, -0.0014092706, -0.089805678;
  0.13174744, -0.1019394, -0.069769099, 0.023756251, 0.024345592, -0.021249173;
  -0.384909, 0.13444065, 0.065779969, 0.025300095, -0.01279234, 0.0029927518;
  -0.27493072, 0.068230473, 0.035695728, 0.091643438, -0.016364444, -0.0061079348;
  -0.27632478, 0.040802777, 0.044304699, 0.005339155, 0.0057307961, 0.003868548;
  -0.13311026, -0.090289697, 0.0052464167, 0.060958058, 0.033393607, -0.0005385594;
  -0.32203528, 0.16730662, 0.011507006, 0.062209215, 0.00075473246, -0.01015897;
  -0.35267133, 0.28645799, 0.0053775767, -0.074755631, -0.024216527, -0.0046704728;
  -0.29635233, 0.0022674436, 0.066473424, 0.054579474, 0.0050594746, 0.0036110843;
  -0.31454262, 0.17509, -0.020178458, 0.057031855, 0.0034547267, 0.0022988415;
  -0.1025586, -0.088011526, 0.0012910826, 0.017424865, 0.037030637, -0.0032466762;
  -0.3626751, 0.12091087, 0.043461639, 0.05257057, 0.00035837898, 0.0032682612;
  -0.26168707, 0.084146895, 0.010555666, 0.051440917, -0.0085649863, 0.0010282848;
  -0.26121068, -0.025863785, 0.08090768, 0.072221607, -0.024493555, -0.00072642526;
  -0.38479355, 0.17759286, 0.043238949, 0.010074549, -0.0052401316, 0.0010773137;
  -0.20349705, 0.32910684, -0.040147215, -0.14641263, -0.0063049626, -0.035138983;
  -0.28964886, 0.12134051, -0.015251527, 0.07207194, 0.0068861716, 0.0048774723;
  -0.40968966, 0.19729449, 0.02936196, 0.051273733, -0.00015553308, 0.0033308372;
  -0.33972704, 0.13726977, -0.00031605989, 0.12183625, -0.0082633914, 0.0065520038;
  -0.13362569, -0.091210462, 0.0054744813, 0.044796903, 0.03256264, 0.0029303958;
  -0.059694409, 0.027348273, -0.05610203, -0.054627437, 0.0063370941, -0.00044730955;
  0.00027250301, 0.13349687, -0.015765578, 0.035434783, -0.00051982881, -0.060292449;
  0.28466514, 0.057480756, 0.030792292, 0.042825341, -0.0042615547, -0.081781112;
  0.44577369, 0.18492171, 0.13683978, 0.060855333, 0.0017501888, -0.096376002;
  0.5936569, 0.22716558, 0.17457613, -0.025925329, 0.0065441988, -0.071789339;
  -0.11436386, 0.14818037, -0.043136321, -0.067081094, -0.01478217, -0.013687061;
  -0.21232019, 0.1431354, -0.05534666, 0.038554646, -0.01894943, 0.0087977955;
  -0.25623888, 0.23078685, -0.069501907, 0.085275933, -0.03301587, 0.0014401788;
  -0.27254677, 0.048917092, 0.02681564, 0.058138825, 0.0025687511, 0.0024888413;
  -0.22634548, -0.12078282, 0.088277042, 0.050532367, 0.023740916, 0.00094001135;
  -0.094556294, -0.007132113, -0.014948228, 0.050723314, -0.029666908, -0.0032515847;
  0.15146799, -0.079955734, 0.0041357507, 0.039761104, -0.011604797, -0.048138916;
  -0.24959822, 0.007597724, 0.013803752, 0.081123687, 0.023566505, 0.0044335574;
  0.098951131, -0.12025574, -0.062956251, 0.04457384, -0.0045456472, -0.005555898;
  -0.21074116, -0.01318596, 0.0098756012, 0.079984985, 0.024611572, -0.00072581781;
  -0.075607345, 0.0059012068, 0.0088245245, 0.034088708, -0.026491765, -0.022171851;
  -0.14635094, 0.15905797, 0.073897928, -0.081493363, -0.021739492, -0.060683407;
  -0.19895074, 0.26134947, -0.070607722, 0.082900181, -0.010471907, -0.029488308;
  -0.25643191, 0.020171268, 0.054631513, 0.02229239, 0.0073593529, -0.0060819373;
  -0.18171316, -0.095069289, 0.07655409, 0.064569749, 0.012657039, -0.015506743;
  -0.040517114, 0.027086057, -0.083483875, -0.051413577, 0.0052460139, 0.0083043678;
  0.35449836, 0.034131538, 0.010188557, 0.1089856, -0.0034652113, -0.08400771;
  0.2207325, 0.125387, 0.11362774, 0.048629418, -0.017912887, -0.10252722;
  -0.35015041, 0.21195346, 0.035505086, -0.09652631, 0.0065436983, -0.0056258449;
  0.17948844, 0.039084248, -0.060591955, 0.030198563, 0.021149997, -0.064200766;
  0.024144169, 0.33593684, -0.12040302, -0.053358771, -0.0030248065, -0.035248;
  -0.33631706, 0.17861627, -0.015894048, 0.050203159, 0.015181906, 0.003689639;
  -0.30080709, 0.14257476, 0.015322281, -0.0035269277, -0.0029452813, -3.9763613e-06;
  -0.3715212, 0.14196432, 0.037793875, 0.049251996, 0.0018139014, 0.0027193991;
  -0.31039262, 0.040498003, 0.053350739, 0.049260139, 0.0099173896, 0.0026546214;
  -0.29210061, 0.17423005, 0.026270449, 0.01787577, -0.027331064, -0.014096079;
  -0.19180113, 0.086694978, 0.010239345, -0.0023330182, -0.019608717, -0.0094452715;
  -0.13112369, -0.10842295, 0.040829688, -0.0051541878, 0.029641448, -0.0032774548;
  -0.38882849, 0.346535, -0.025094137, 0.0083966572, -0.028398272, -0.0057389159;
  0.23097627, -0.075228333, -0.1919938, -0.010419539, 0.068540044, -0.0082513811;
  0.10458194, 0.32961833, -0.026852923, -0.045984492, -0.032632045, -0.073798865;
  -0.20686589, -0.03621972, 0.045233574, -0.0089204637, 0.012754281, 0.0037153615;
  -0.41544181, 0.26822346, 0.0087509109, -0.0049751149, 0.00052063522, 0.0022838209;
  -0.14526203, -0.053820986, 0.00020544941, 0.069150634, 0.0349994, -0.0064919922;
  -0.13983563, -0.03419745, 0.012376543, -0.033784993, 0.013416791, 0.0014269229;
  -0.31191564, 0.13690569, 0.0041039875, 0.032102473, 0.0019661048, 0.0047169784;
  -0.39443806, 0.18362677, 0.043491364, -0.0014716131, 0.0082308697, -0.00025268405;
  -0.33190712, 0.13210994, 0.02931243, 0.012421202, 0.0068513434, 0.00059902912;
  -0.22088683, 0.0802911, -0.029993763, 0.072962552, 0.013738867, -0.00043252562;
  -0.28454435, 0.039470267, 0.041299332, 0.085359432, 0.01656813, -0.0073432722;
  -0.25838634, 0.11371206, -0.0326951, 0.14302479, -0.02330249, 0.0064831562;
  -0.016532756, 0.10191125, -0.13080665, -0.012791996, 0.026765062, -0.0062141311;
  0.14937054, -0.1044104, -0.055219058, 0.046302944, 0.0042453948, -0.018803403;
  -0.099543422, -0.1518451, 0.015715433, 0.052160203, 0.036981247, 0.0023783571;
  0.087504253, 0.086745687, -0.089862585, 0.039214585, 0.003807086, -0.043939132;
  -0.20596094, 0.21379718, -0.060720161, 0.057108317, -0.028938891, -0.010883375;
  -0.27737013, 0.0098349378, 0.046123475, 0.079582274, -0.013134711, 0.0082785068]