[-0.17261863, -0.15902029, 0.081968881, 0.031313974, 0.0074366629, 0.0013362133;
  0.012120632, -0.23113731, 0.0067900722, 0.020604929, 0.036652423, -0.0014326697;
  -0.25534537, 0.078208901, -0.036710467, 0.076752499, 0.0085691772, -0.00037321119;
  0.027625881, -0.29282477, 0.0078769783, 0.04948305, 0.037494726, 0.0014099581;
  -0.23866807, -0.011296447, -0.02403558, 0.12650752, -0.028381543, 0.010927754;
  -0.31678849, 0.030679245, 0.040119838, 0.069068484, 0.00058511435, -0.0010450447;
  -0.2417597, 0.047146432, 0.038795672, -0.0061046639, -0.00031505292, -0.0016616056;
  -0.024650084, -0.20998165, 0.0087714484, 0.076118395, 0.0038585756, -0.004328717;
  -0.25040069, -0.061548602, 0.080247849, 0.052569319, -0.023943385, -8.4130093e-05;
  -0.0035167423, -0.19311191, -0.013163692, 0.020485945, 0.028419731, 0.0052090017;
  -0.14756547, -0.22016741, 0.055866159, 0.096346892, 0.015639106, -0.00028340545;
  -0.24930486, -0.079143092, 0.061625522, 0.079039939, 0.005630461, -0.0051873513;
  -0.12156288, -0.17041299, 0.028189883, 0.072704569, 0.0029559885, 0.003885665;
  -0.2833212, -0.026339231, 0.053466722, 0.068277016, -0.01054104, 0.0033902745;
  -0.20527625, -0.14497587, 0.08224158, 0.065182686, -0.00057084515, -0.0023939474;
  -0.12087034, -0.18144266, 0.010978576, 0.096597649, 0.0077486923, 0.0059520085;
  -0.035668015, -0.21696834, 0.049447738, 0.020856399, -0.0088123037, 0.0037128909;
  -0.10050377, -0.13213229, 0.032291166, 0.045956522, -0.012837512, -0.0010931264;
  0.070375435, -0.1360524, -0.042531066, 0.023368426, 0.010952219, -0.0070268717;
  -0.34578058, 0.10580976, 0.063133493, 0.0022438711, -0.003310994, -0.0018229274;
  -0.097776085, -0.19597678, 0.050467614, 0.056855448, 0.011858195, -0.0047630132;
  -0.033016954, -0.28496778, 0.039471366, 0.070139676, 0.020836361, -0.00019673165;
  -0.20141971, -0.107848, 0.036642026, 0.079075985, 0.018530991, -0.0027324464;
  -0.21408691, -0.077838965, 0.0001435637, 0.11921299, 0.0043638614, 0.0019027641;
  0.093855895, -0.12220037, -0.0034186931, 0.075318031, 0.013731115, -0.047299765;
  -0.27487639, -0.049095768, 0.047160286, 0.090317234, 0.0054769274, -0.0026844358;
  -0.16441931, -0.11125134, 0.019916771, 0.089863114, 0.011158004, -0.0058817021;
  0.047123402, -0.26190957, 0.0012330578, 0.044835407, 0.03603594, -0.0081833629;
  -0.11265875, -0.10904756, -0.0042739655, 0.10128414, 0.012573983, -0.012853864;
  -0.04431976, -0.13344333, 0.0041341218, 0.057915892, 0.017455213, -0.01746048;
  -0.34407589, 0.066891663, 0.12001242, -0.046946377, -0.0015517803, -0.0031017445;
  -0.52338362, 0.40863663, -0.051222112, 0.060293965, -0.020551965, 0.0060852002;
  -0.082641982, -0.12282296, 0.0098062903, 0.053299859, 0.00094401423, -0.0050401199;
  -0.19647141, -0.0030458311, 0.034971192, -0.023161484, 0.017549625, 0.0015118662;
  -0.2814863, -0.04497138, 0.060669828, 0.065567628, 0.006368902, -0.00035192218;
  -0.066110663, -0.1485808, 0.0065155956, 0.042715833, 0.023179909, -0.0052959467;
  -0.016241677, -0.25034946, 0.028466653, 0.037631385, 0.0034821078, 0.0077761826;
  -0.20088464, -0.071005546, 0.04391782, 0.037886467, -9.7496828e-05, 0.0034999135;
  0.026428012, -0.18430229, 0.008202007, 0.022732373, 0.012636836, -0.010607705;
  -0.0094277998, -0.21073472, -0.027850069, 0.079852067, 0.014306509, 0.0045958636;
  -0.035632282, -0.18341643, -0.01595521, 0.062658302, -0.00016473768, 0.0091874916;
  -0.080735497, -0.15561426, -0.02521321, 0.094247811, 0.0051308046, 0.0062056738;
  -0.025678206, -0.18767643, 0.028219545, 0.020396683, 0.0059578069, -0.0024505993;
  -0.0031740419, -0.1527963, -0.061341226, 0.079936557, 0.022165231, 8.9117777e-05;
  0.26069358, -0.2893461, -0.066950463, -0.0021001487, 0.0031872808, 0.0040863599;
  0.066281855, -0.081081331, -0.019094825, -0.02479046, 0.01280598, -0.019624772;
  0.1294684, -0.053547636, -0.019831976, -0.038928792, 0.003105643, -0.027405679;
  -0.33144119, 0.01775806, 0.025624301, 0.11439816, -0.0038501485, 0.00042819267;
  -0.18255679, -0.056936167, 0.049390972, 0.0029177354, -0.0024177735, 0.0039433278;
  -0.25525782, 0.065153956, -0.030557856, 0.06821806, -0.004672749, 0.0083750021;
  -0.14886008, -0.14596389, 0.036105819, 0.058105756, 0.010607308, 0.0032347781;
  -0.36743197, 0.13812844, 0.0038297256, 0.072471462, -0.011925825, 0.0040954039;
  -0.31698075, -0.034971982, 0.056825578, 0.097160563, 0.0043314165, -0.00082384481;
  -0.23805431, -0.10655234, 0.06757462, 0.090499654, 0.0025933282, -0.0064611523;
  -0.21137489, 0.0024578865, -0.036944598, 0.10453742, 0.0019636229, 0.0018546197;
  -0.10246883, -0.12249518, -0.0098558553, 0.062344819, 0.0071574594, 0.0056478428;
  -0.30359748, 0.047200963, 0.029561998, 0.057208478, -0.005521894, 0.0017609978;
  0.10017397, -0.07006599, 0.02366966, 0.05647869, 0.0061886618, -0.058801524;
  -0.19909737, -0.10403524, 0.060407639, 0.041702453, 0.0030959267, 0.0019168799;
  -0.24796648, -0.0062154895, 0.010488309, 0.077255279, -0.0078384429, 0.0043836297;
  -0.23948628, -0.032762535, 0.036458094, 0.054445952, 0.0003157024, 0.0014624856;
  -0.4037604, 0.14499904, 0.053313579, 0.032086328, -0.0058021802, -0.00022294499;
  -0.030524617, -0.19610342, 0.019383006, 0.06298811, -0.01340669, -0.0018879202;
  -0.48106569, 0.57680726, -0.27961579, 0.20572332, -0.066375747, 0.024977146;
  -0.31338784, 0.052796334, -0.011567009, 0.11381587, -0.0076805837, 0.0052010803;
  0.16697204, -0.19657858, -0.06845358, 0.014942497, 0.00060516049, -0.00062702043;
  -0.0051231352, -0.14405631, 0.011024138, 0.01703283, 0.006858726, -0.0094417706;
  -0.10065602, -0.14227638, 0.03674639, 0.021238076, 0.021463968, -0.0040063243;
  -0.067303903, -0.14885075, 0.0055527408, 0.029611045, 0.029487604, -0.0017367286;
  -0.051722314, -0.067208573, 0.022788458, -0.043723427, -0.042015299, 0.012967875;
  -0.37034488, 0.16068384, 0.092878379, -0.070460975, 0.0071884189, -0.004154094;
  -0.14199781, -0.19567382, 0.0577299, 0.06032902, 0.023436205, -0.00039694109;
  -0.15124379, -0.14896418, 0.045523144, 0.072866514, 0.0085455878, -0.0045950161;
  -0.0029777763, -0.10279034, -0.022854032, 0.015421485, -0.035208743, 0.0098518198;
  0.099527411, -0.29610932, 0.00069174997, 0.01677306, 0.018092234, 0.0030894973;
  -0.23964491, -0.093414448, 0.05167862, 0.078958414, 0.0081549622, 0.00072044745;
  -0.24574861, 0.018234229, 0.0084943846, 0.054959826, -0.015110916, 0.0079203844;
  -0.2377671, -0.10662053, 0.064686574, 0.072457425, 0.0077131246, -0.00016288219;
  -0.12878381, -0.059558388, 0.037473086, -0.007256845, -0.013356186, 0.002222982;
  0.243911, -0.16355264, -0.089813523, -0.086004615, 0.002906898, 0.012266561;
  -0.29435617, 0.0064857802, 0.02730369, 0.082625821, -0.0034886375, 0.0026996839;
  -0.072936282, -0.13384633, 0.015663458, 0.051559143, 0.00098993955, -0.0067625502;
  -0.2763513, 0.056595616, 0.036699031, 0.011232342, -0.0070805438, 0.003748798;
  -0.0085689789, -0.16925012, 0.010867205, 0.03152106, 0.0059267175, -0.0073512066;
  -0.28157508, 0.10417911, -0.03361265, 0.07259547, -0.01253209, 0.0077050868;
  -0.17974982, 0.020034442, 0.025642816, -0.015266203, -0.0077680177, 0.00046650329;
  -0.26225594, -0.041668665, 0.038074009, 0.088579133, 0.011930773, -0.0058222441;
  -0.32573515, 0.1168116, 0.0375784, 0.029155571, -0.0091680204, -0.0058118626;
  -0.23297308, 0.013180958, 0.054491501, -0.021318411, 0.014436836, -0.0019080954;
  -0.49495223, 0.45521179, -0.029836161, -0.034542367, -0.027892884, 0.0081734499;
  -0.31210476, 0.0046140449, 0.026654426, 0.10405346, -0.010236973, 0.0039687459;
  -0.20630534, -0.081996076, 0.027818678, 0.076764852, 0.0058786394, 0.0008627011;
  -0.014700856, -0.24437821, 0.022489438, 0.025755573, 0.030803882, 0.0030568333;
  -0.1964246, -0.11841492, 0.018926911, 0.10382343, 0.014512679, 0.00086966529;
  -0.20362337, -0.1073106, 0.038586721, 0.079007626, 0.0097098779, -2.0208845e-06;
  0.096904069, -0.26267394, -0.036353171, 0.045242939, 0.021350354, 0.0032668042;
  -0.19337218, -0.15709293, 0.046772409, 0.094362564, 0.013935254, 0.00079274038;
  -0.080414966, -0.23935844, 0.066923752, 0.032432497, 0.0077853734, 0.004556234;
  -0.16585402, -0.14748085, 0.093113057, 0.002533952, 0.00086359523, 0.0024871037;
  -0.20818599, -0.0018864757, 0.03947629, 0.012388584, 0.0065179407, -0.006567514;
  -0.33882743, 0.21637626, -0.02657521, 0.0036687816, 0.022154581, -0.0004424325;
  -0.057157867, -0.0292766, -0.0041913032, -0.08034154, 0.0167978, 0.0076401732;
  -0.023058126, -0.025686687, 0.020334622, -0.15556654, 0.047981065, -0.00032029825;
  0.016217832, -0.20503336, 0.0086575178, -0.0039896993, 0.00086525065, 0.010173242;
  -0.17885403, 0.03870751, 0.073626183, -0.13181986, 0.030452676, -0.0027478177;
  -0.019143695, -0.21199177, 0.04004075, -0.010848484, 0.0033924326, 0.0082954615;
  -0.084919475, 0.098878823, -0.034248993, -0.12949517, 0.022506235, 0.0088128801;
  -0.30482095, 0.38535681, -0.060675777, -0.12905982, 0.022837181, 0.0031493744;
  -0.20757273, -0.0062486948, 0.11806443, -0.10528332, -0.017206626, 0.0042841285;
  -0.27550617, 0.10481764, -0.022252198, 0.083090737, -0.014500642, -0.0030792444;
  -0.22360425, 0.2507042, 0.031258404, -0.19302252, 0.050426684, -0.015305107;
  -0.01999804, -0.18432103, 0.011104139, -0.0015198733, 0.030154735, 0.0025106494;
  0.014178124, -0.25006616, 0.012600104, 0.017498828, 0.035649627, 0.0027217069;
  -0.28462753, 0.066829436, 0.080489546, -0.048998117, 0.018451486, -0.0074060168;
  -0.26125145, -0.025504433, 0.014489617, 0.10130426, -0.0070135682, 0.0034512777;
  -0.12029065, -0.16234073, 0.017688317, 0.06842389, 0.01881017, 0.0023918219;
  -0.21897547, 0.16038685, 0.0050177146, -0.096376084, 0.028508605, -0.0031209162;
  -0.19221592, 0.19621207, -0.043114591, -0.072146572, -0.0015862564, 0.0053415396;
  -0.25108296, 0.024325319, 0.038694579, 0.0033866349, 0.0087372139, 0.0017586211;
  -0.0434459, -0.058046769, -0.043331798, 0.0087112831, -2.331036e-05, 0.0078585306;
  -0.023651095, -0.1033461, 0.014214512, -0.064055651, 0.040312082, -0.0036433674;
  0.012100016, -0.00069961755, -0.054965299, -0.06240242, -0.0083181709, 0.0092344107;
  -0.16013151, 0.051088803, 0.0044336542, -0.054938126, 0.011868025, 0.0031413909;
  -0.070771344, -0.1470328, 0.083810426, -0.059944082, -0.032696635, 0.012191239;
  -0.05143765, -0.14383598, -0.0051000277, 0.060264077, 0.0095428564, -0.0056298766;
  0.040360097, -0.22856426, 0.023352992, -0.0033852295, 0.012577532, -0.0010511302;
  0.24352477, -0.2328352, -0.066602901, -0.1045072, 0.014392824, 0.020730937;
  -0.00575752, -0.18556514, 0.070832826, -0.067986295, -0.029260509, 0.012497458;
  -0.158784, -0.024889408, -0.017308148, 0.043478869, 0.0044266973, 0.0049841437;
  -0.13605414, -0.10206419, 0.063057922, -0.0038419596, -0.012872726, 0.0024929955;
  0.0053438675, -0.21055903, 0.0059292801, 0.0042801434, 0.0095127383, 0.010666431;
  0.14116473, -0.29318208, -0.027346184, -0.0061861896, 0.015792418, 0.013255345;
  -0.085546441, -0.098584801, 0.015112625, -0.021875102, 0.034148611, 0.00070026505;
  -0.060071547, -0.20060851, 0.031948343, 0.026983202, 0.014201848, 0.0043061739;
  -0.28962299, -0.0077472292, 0.10958238, -0.019990984, 0.0028723648, -0.0030332918;
  0.060217511, -0.1514373, -0.039507817, -0.053953942, 0.072618753, -0.0015188255;
  -0.074757032, -0.030801211, 0.023255114, -0.092913561, 0.012082892, 0.0054524317;
  0.12017299, -0.015337677, -0.034494508, -0.19338973, 0.023131242, 0.0069816164;
  0.17265654, -0.15158705, -0.052681651, -0.1162881, 0.016541539, 0.015887413;
  -0.24260746, 0.026032353, 0.078845978, -0.053640541, 0.00010069011, 0.0010818391;
  -0.36438739, 0.249964, -0.055201411, 0.049119804, -0.0056161187, 0.0057822601;
  -0.0481738, -0.062328942, 0.0020856708, -0.066045791, 0.018838447, 0.0067794058;
  -0.11497694, -0.035979293, 0.03735432, -0.07706292, 0.027334398, 0.0012152357;
  0.11533851, -0.27577233, -0.013731439, -0.020155052, 0.014499426, 0.013681062;
  -0.16437492, -0.041022889, 0.0081402147, 0.089139625, 0.0039222725, -0.016470717;
  -0.077180982, -0.22957979, 0.064064734, 0.042670704, -0.027131708, 0.010795898;
  -0.051413912, -0.10990895, 0.06733723, -0.081623845, -0.038188599, 0.013374622;
  -0.26512364, 0.11794514, 0.07329043, -0.10948902, 0.027680291, -0.0067634741;
  -0.02391742, -0.14012547, 0.028189396, -0.007113609, -0.016743064, 0.00060582545;
  0.054768689, 0.022690751, 0.016710095, -0.26540038, 0.037260134, 0.0065176948;
  -0.080188289, -0.049000353, 0.011548403, -0.071118958, 0.042522095, 0.00011604846;
  -0.027940605, 0.026050957, 0.02968354, -0.2058775, 0.057354946, -0.0042324839;
  0.068874612, -0.22482482, 0.043535177, -0.049658649, -0.091269583, 0.031491693;
  -0.3665686, 0.068618275, 0.061538275, 0.053421505, -0.0071567753, 9.3232258e-05;
  -0.094737493, -0.13103035, 0.027173625, 0.014466527, 0.025077416, -0.002837291;
  0.039660208, -0.14897536, 0.022268269, -0.092617296, -0.00045455844, 0.011841303;
  0.074075371, 0.077031262, 0.00040010345, -0.27588391, 0.043545518, -0.0020561095;
  -0.010716542, -0.042737961, 0.033591561, -0.15719026, 0.030825963, 0.00088318688;
  -0.042296071, 0.077021874, -0.012637169, -0.11560157, -0.023910839, 0.0051377867;
  -0.031333145, -0.050633393, 0.0082399631, -0.089811862, 0.0080947317, 0.0075587011;
  -0.26689899, -0.052985322, 0.031620517, 0.1045243, -0.0046294066, 0.0026910913;
  0.28513473, -0.041069571, -0.025594382, -0.27644649, 0.040428411, -0.010606991;
  0.063300103, -0.19310957, -0.028857451, -0.027375389, 0.030686434, 0.0095637953;
  -0.061753564, -0.20100392, 0.083320305, -0.026264677, -0.029734226, 0.012979019;
  -0.21370341, 0.0086226054, 0.094035506, -0.072847567, -0.036423016, 0.0092958594;
  -0.031198401, 0.085687548, 0.011289534, -0.17400323, 0.026303666, -0.011318748;
  -0.058932383, -0.026218385, -0.013849175, -0.054237895, 0.055978242, -0.009734543;
  -0.19182673, -0.15710054, 0.099064231, 0.036316838, -0.017730029, 0.0049017081;
  0.023649108, -0.1776579, -0.010371501, 0.011511937, 0.025982117, -0.0028386633;
  0.027034184, -0.039149348, -0.052861586, -0.046329837, 0.044558473, -0.0084704021;
  -0.24837512, -0.013297256, 0.059262808, 0.010426965, 0.013463084, -0.0025562693;
  -0.20147622, 0.044031538, 0.072925612, -0.099284232, 0.024767883, -0.0065642539;
  -0.21463209, 0.35003191, 0.089323789, -0.39491984, 0.073559657, -0.015021482;
  0.10068458, -0.10698435, 0.0092941783, -0.053246297, 0.0040721362, -0.021658529;
  -0.28438455, 0.20383371, 0.066099875, -0.15797585, 0.019627681, -0.0034549399;
  -0.24927075, 0.034157, 0.027778964, 0.011602523, 0.011184252, 0.00029134523;
  -0.17998041, 0.024235463, 0.051362101, -0.077523828, 0.0077330805, 0.0026461673;
  0.052372776, -0.023585344, -0.030896215, -0.11173144, 0.041567769, -0.0050663045;
  -0.15372877, 0.01653987, -0.012663326, -0.018251758, 0.027485214, 0.0023901588;
  -0.064486966, -0.12536144, 0.052585632, -0.01220987, 0.0033055055, -0.0088693947;
  0.034442727, -0.052301254, 0.034088757, -0.17026247, 0.0010306333, 0.0055965814;
  0.020310244, 0.091261663, -0.064214393, -0.14830059, 0.034378864, 0.0017330647;
  -0.23542321, -0.018134184, 0.051555831, 0.031683672, -0.03857512, 0.0098944614;
  0.043235019, -0.029626556, 0.00045756745, -0.15954627, 0.018639311, 0.0038066837;
  -0.18017894, 0.2122146, 0.036974203, -0.22661687, 0.018674243, 0.0022229762;
  -0.15129176, -0.062346764, 0.076969802, -0.063815489, 0.0080841044, 0.0014648173;
  0.14849481, -0.076255165, -0.012559574, -0.2298853, 0.04567882, 0.0082527688;
  -0.023231858, -0.12308903, -0.0064356066, -0.015652338, 0.0040163114, 0.0086075654;
  0.010007998, -0.16443248, -0.026144374, -0.00081817398, 0.046750471, 0.00062587112;
  0.063580833, -0.21440755, -0.027164944, 0.0019123838, 0.017655859, 0.0095359869;
  -0.07625939, -0.20529805, 0.020650709, 0.051016495, 0.035529908, 0.00052553084;
  0.038699292, 0.3322916, -0.00462953, -0.40086928, 0.072519206, -0.021939844;
  0.034234699, 0.015804484, -0.011706976, -0.17485589, 0.023469342, 0.0035927247;
  -0.37459239, 0.36100864, -0.065774135, -0.012435998, -0.0045312406, 0.0024938988;
  0.13427959, 0.0065748827, -0.089233249, -0.18079433, 0.071262456, 0.0024609296;
  0.010042018, 0.079175912, -0.05757286, -0.16790746, 0.042452715, 0.0064131808;
  -0.4359991, 0.37215582, -0.074221127, 0.064068742, -0.030306874, 0.0037934815;
  -0.034365665, -0.097245403, 0.0091727395, -0.055019204, 0.014072341, 0.0063160174;
  -0.10258192, -0.063529737, 0.015112475, -0.019378971, -0.019441133, 0.013045612;
  0.057168771, -0.2807934, 0.024296135, 0.018256644, -0.054300502, 0.024115244;
  -0.12184007, 0.10742426, -0.018711947, -0.10347717, 0.016919298, 0.0032951459;
  0.032815609, -0.086050078, -0.089680314, 0.039720997, 0.0012242593, 0.005958633;
  0.01477408, 0.028873378, -0.10830683, -0.054021314, 0.040871151, 0.0073350235;
  -0.28291628, 0.18267635, -0.056939598, 0.0502005, -0.013505119, 0.005104953;
  -0.29835024, 0.23319174, 0.016077178, -0.10141226, 0.025083276, -0.0032424994;
  -0.079339907, 0.25969812, -0.11558734, -0.16776709, 0.059301205, 0.0024045387;
  -0.14452358, 0.025529362, -0.0013602002, 0.088485286, -0.011665648, -0.029060166;
  0.11135497, -0.19212286, -0.062305145, 0.055087972, 0.031208042, -0.012542188;
  0.066448957, -0.20906869, 0.0084383693, 0.061540123, 0.018739631, -0.027485378;
  -0.17028239, 0.0096319886, -0.042968605, 0.11769387, -0.011941516, -0.0062477961;
  -0.25404108, 0.099577911, -0.06697531, 0.11933256, -0.021348931, 0.0047782548;
  -0.29528517, 0.34714043, -0.18439205, 0.11643496, -0.016344752, 0.0034334352;
  -0.34127527, 0.24087039, -0.052159667, 0.06470374, -0.0087332362, -0.0040898863;
  0.2673099, -0.023743669, -0.18566301, -0.14344931, 0.072511122, 0.010600183;
  0.22051772, -0.07106296, -0.15924855, -0.11785229, 0.0888853, 0.0069407308;
  0.15082222, -0.022535799, -0.1013575, -0.024572872, 0.043383349, -0.030016247;
  -0.33642817, 0.45824677, -0.25521284, 0.16615301, -0.072048351, 0.021391949;
  -0.24043071, 0.070752136, -0.062678277, 0.10742499, -0.016950173, 0.0097925402;
  -0.31640571, 0.33985385, -0.10629073, 0.009474257, 0.0071274401, -0.00050176651;
  -0.17088242, 0.058405451, -0.058116421, 0.028780261, 0.018155072, 0.0051250607;
  0.29080966, -0.12418995, -0.15646744, -0.11371694, 0.10053619, -0.0041073356;
  -0.52983987, 0.43989736, -0.07993526, 0.082045317, -0.028200045, 0.008403074;
  -0.34732804, 0.26289475, -0.010101574, -0.042152543, 0.012107299, -0.00036376153;
  -0.046538878, -0.073362462, -0.076877221, 0.080966711, -0.01343741, 0.010271262;
  0.23050411, -0.10489663, -0.14654264, -0.09548723, 0.058022294, 0.009574838;
  -0.20519942, 0.072285973, -0.042205568, 0.049014986, -0.0063142809, 0.004533526;
  -0.19771606, 0.054177523, -0.059954133, 0.068775646, 0.020710632, 0.00076372072;
  0.14975704, 0.096016414, -0.025875518, -0.004683869, 0.032866642, -0.074869595;
  -0.059965108, 0.11410002, -0.071815766, 0.026736125, -0.0098581407, -0.021254741;
  -0.20072623, 0.049443126, -0.030429836, 0.032132708, 0.0075119263, 0.0051072752;
  -0.2631245, 0.14851066, -0.062760457, 0.058534589, 0.0072531886, 0.0015094852;
  -0.41091278, 0.35496137, -0.046937738, -0.019040251, 0.0085022114, 0.0031413937;
  -0.1279493, -0.019227851, -0.018502725, -0.0065166997, 0.042806648, -0.0010847022;
  -0.0082268929, -0.082093664, 0.015282327, 0.052056938, 0.034745675, -0.047370054;
  1.0670668, 0.064506613, 0.019637955, 0.011581433, -0.0082054241, -0.038920783;
  -0.010609997, 0.024252212, -0.079816945, -0.058007039, 0.023774836, 0.008336721;
  -0.11525898, -0.12514131, 0.065069929, -0.0086024087, 0.013578186, -0.0061745746;
  -0.42307034, 0.25912049, -0.04488882, 0.081008978, -0.0097623635, 0.0060117855;
  -0.3867943, 0.34752572, -0.025250973, -0.030976856, 0.013672061, -0.011263126;
  0.015435533, 0.11858863, -0.11305159, -0.14615823, 0.071144253, 0.0034079752;
  -0.32089788, 0.11926588, -0.015356572, 0.065061003, 0.0059581003, 0.0016416067;
  -0.16537242, 0.20732051, -0.077393472, -0.088190615, 0.032362521, 0.0052464418;
  0.048459444, 0.14488347, -0.085756801, -0.2304842, 0.058494955, 0.0068408707;
  -0.24283917, 0.27442676, -0.078514926, -0.0525725, 0.018839505, 0.0017192265;
  -0.16203906, 0.36759192, -0.13040295, -0.11754857, 0.039978713, -0.0046060057;
  -0.14966409, 0.033917118, 0.15718281, -0.19574639, -0.082674444, 0.0098384814;
  -0.29464337, 0.17662378, -0.035464779, 0.018973222, 0.022876909, -0.003150885;
  -0.42821148, 0.26005542, 0.0007030241, 0.032248773, -0.014770485, 0.0026139475;
  0.029997664, 0.11899126, -0.14724965, -0.10366348, 0.065371424, 0.0054225498;
  -0.32354736, 0.11434869, 0.063996308, -0.018999912, -0.0064912201, -0.0030293646;
  -0.093063086, 0.1890236, -0.019070439, 0.0011793346, 0.0068116412, -0.049644355;
  -0.26083943, 0.18372346, -0.014763121, -0.050350957, 0.025142441, -0.0022374312;
  0.0088048987, -0.024084218, -0.10141733, 0.021008149, 0.02532699, 0.00085873384;
  -0.1660587, 0.13225968, -0.12082041, 0.051603567, -0.0044776341, 0.014082713;
  -0.11842525, -0.0096214861, -0.058558639, 0.098809145, -0.0031439119, -0.0044089705;
  -0.41001302, 0.18844259, 0.070057541, -0.026068917, 0.0072604679, -0.0042400337;
  0.064273179, -0.10268366, -0.074834108, 0.052773487, 0.0066698398, -0.0028461381;
  -0.19535504, -0.044669565, 0.016485261, 0.055846974, 0.0028958593, 0.00047596372;
  0.098818921, -0.1526607, -0.086199529, 0.020229463, 0.00056719081, 0.013565656;
  -0.28066766, -0.02441914, 0.047411617, 0.082503773, 0.0088619692, -0.006978638;
  -0.30626142, -0.0022018456, 0.097175971, 0.019991532, -0.01084477, -0.0026029318;
  -0.28688914, 0.25252613, -0.088059358, 0.052252639, 0.0017994789, -0.0052084588;
  -0.15560116, 0.12032627, -0.13078085, 0.088157564, 0.0061394749, 0.0033694215;
  0.041422676, -0.0422289, -0.052636545, -0.10368579, 0.037869938, 0.0082694888;
  0.11673108, -0.044736922, -0.096007653, -0.10346694, 0.03656866, 0.0096329227;
  -0.061521452, -0.033086468, -0.10141018, 0.094832152, 0.0082218898, 0.0027148374;
  -0.26505727, -0.011963191, 0.04134554, 0.056150995, 0.017497646, -0.0062947222;
  -0.28401056, -0.069798067, 0.096818447, 0.041129053, 0.0099305911, -0.0033517636;
  -0.032268144, -0.11945062, 0.016045978, -0.010496382, 0.010695017, -0.0055179871;
  -0.30384475, 0.12222042, -0.021172961, 0.077762038, -0.021097032, 0.0036762457;
  -0.016926192, -0.059033118, -0.062930226, -0.006205556, 0.03069602, 0.0047378591;
  0.067395784, -0.016240103, -0.10851405, -0.050714526, 0.056726746, -0.00066159473;
  0.0068491017, 0.093355313, -0.1249148, -0.029087452, 0.048229404, -0.010426195;
  0.14246133, 0.22758785, 0.051088307, -0.015255354, -0.019236717, -0.082973808;
  0.31345204, -0.017313134, -0.0065782992, 0.027605364, -0.029570568, -0.059350096;
  -0.28517184, 0.45036265, -0.18556249, -0.016173119, 0.0034134022, 0.0094097489;
  0.30147395, -0.060134325, -0.0059020407, 0.086798817, -0.03134647, -0.066665433;
  -0.30628604, 0.14828229, 0.032749817, -0.027522765, 0.023822185, -0.010523484;
  -0.0071445727, -0.014353645, -0.083604135, -0.029344447, 0.019721063, 0.011744509;
  -0.067595258, -0.056327466, -0.04045558, 0.0056308499, 0.020116672, 0.006882092;
  -0.038161978, 0.02594677, -0.081654206, -0.044265654, 0.062635146, -0.0023296687;
  -0.16716526, 0.0057483497, -0.042739637, 0.068007641, -0.0062701781, 0.0067125964;
  -0.41252375, 0.13673496, 0.075778715, 0.019891877, -0.0075002587, -0.0017289345;
  -0.0024544252, -0.110497, -0.076704815, 0.06968262, 0.021697184, 0.00062715652;
  -0.26127157, 0.059751153, -0.037592545, 0.096114501, 0.0009447331, 0.0037862977;
  -0.20067105, 0.12275578, -0.029610921, -0.023669515, 0.025737289, -0.0029689006;
  -0.17491366, 0.16855901, -0.048778839, -0.052570719, 0.0073368363, 0.0020673543;
  -0.25449127, 0.056638204, -0.0039084842, 0.054606915, 0.010313631, -0.0033677539;
  -0.20728077, 0.22957908, -0.048719492, -0.075394295, 0.029100394, -0.006025719;
  -0.13422091, 0.061698932, -0.015584359, -0.064460151, 0.041280299, -0.0040294039;
  -0.10339061, -0.13727355, 0.005978812, 0.062232163, -0.011007503, 0.0089404136;
  -0.33273432, 0.04965549, 0.094008766, -0.011452029, 0.0093547292, -0.0043229824;
  0.04328344, -0.080072194, -0.11047777, 0.046612155, 0.035688065, -0.0010163996;
  -0.0086103268, 0.11354449, -0.073850587, -0.15360557, 0.070268013, -0.0032953722;
  0.072075337, -0.12910326, -0.083162926, -0.0010728056, 0.043902081, 0.0051105521;
  0.36152625, -0.084738843, 0.10010519, 0.074443921, 0.0023201585, -0.093031131;
  -0.17113933, -0.2183017, 0.088414982, 0.072035253, 0.014099021, -0.001261654;
  0.25026128, -0.19494377, 0.031304136, 0.079194397, 0.0091406321, -0.065089449;
  -0.075070523, 0.074403822, -0.059406012, -0.064034685, 0.0300868, 0.0022693914;
  0.046064787, -0.053677447, -0.12303701, 0.0096434178, 0.039169487, 0.0070441575;
  -0.17245805, 0.13135642, -0.070441633, 0.0023944688, -0.010319726, 0.0094234692;
  -0.062204674, -0.075399667, -0.056707952, 0.045703031, -0.0041168574, 0.013303855;
  -0.24480259, 0.20721459, -0.11392397, 0.056593832, -0.0080921846, 0.010591166;
  -0.18043017, 0.31610385, -0.10426458, -0.018514486, -0.033622753, -0.007789542;
  0.012924628, -0.027305415, -0.055067774, 0.026178569, 0.0079748156, -0.020476576;
  -0.26121756, 0.1971927, -0.088199459, 0.043095633, -0.011201091, 0.011313509;
  -0.10341784, 0.1235723, -0.126846, 0.10733192, -0.0043646125, -0.013961187;
  -0.44838122, 0.37372905, -0.078132369, 0.056899875, -0.015346729, 0.0066077919;
  -0.27395484, 0.16755073, -0.10276537, 0.0877648, 0.0088775028, 0.0087941037;
  -0.056390911, -0.06025479, -0.0862602, 0.055959642, 0.038128674, 0.0031777972;
  -0.31137481, 0.37876984, -0.19358046, 0.081494004, -0.031506076, 0.020286217;
  -0.15564209, 0.098568372, -0.099392623, 0.031277541, 0.010214316, 0.011022834;
  -0.25040913, 0.13826574, -0.076218128, 0.057446584, 0.012973403, 0.0058387192;
  -0.14815761, 0.025406541, -0.097383901, 0.088780515, 0.0079604303, 0.010475519;
  -0.18410486, 0.048757676, -0.072465338, 0.076721944, -0.015301418, 0.013800858;
  -0.27221894, 0.23539846, -0.12518594, 0.081676289, -0.027323034, 0.014323017;
  -0.058663279, -0.070370831, -0.081902616, 0.086542159, -0.010930584, 0.011828133;
  -0.29082996, 0.35885298, -0.035399474, -0.13561127, 0.0035028288, 0.002436545;
  -0.25291789, 0.12560727, -0.01065771, -0.011792268, 0.0041370592, 0.0041243527;
  -0.27249861, 0.17099166, -0.032810256, 0.00026146008, -0.0052165231, 0.007015272;
  -0.20854838, 0.14996034, -0.13764749, 0.1103787, -0.023707598, 0.016189152;
  -0.36942416, 0.50441122, -0.23041278, 0.078711204, -0.040059797, 0.022794461;
  -0.23238383, 0.15870692, -0.10285363, 0.082316235, -0.048563085, 0.021231985;
  -0.26139799, 0.20089382, -0.13809451, 0.11231499, -0.033962261, 0.019607417;
  -0.1384626, 0.12905243, -0.078198224, 0.030449297, 0.014474122, -0.013275406;
  -0.2899577, 0.24182203, -0.14568736, 0.1087051, -0.0098913377, 0.012602268;
  -0.165471, 0.11957747, -0.074057892, 0.023116985, 0.020925015, -0.0065177339;
  -0.15672246, 0.24498878, -0.12473645, 0.085141897, -0.030899495, -0.01792771;
  -0.22828677, 0.12469966, -0.02927462, 0.0061702281, 0.020637199, -0.0057616434;
  -0.29977027, 0.30043501, -0.12718081, 0.084722571, -0.03358588, 0.0056691421;
  -0.070705727, 0.027036877, -0.10743745, 0.053289521, 0.0082379123, 0.00447377;
  -0.17265421, 0.0078431265, -0.038347516, 0.049384579, 0.01547055, 0.0041202647;
  -0.056606319, 0.03222242, -0.09602423, 0.061706159, 0.021998128, -0.014355475;
  -0.20723167, 0.14998791, -0.10210622, 0.045879036, 0.018333375, 0.0050982209;
  -0.13443568, 0.12099883, -0.14270656, 0.099926509, -0.010962656, 0.0056215534;
  -0.13156345, 0.20609592, -0.20965327, 0.10815397, -0.022788605, 0.014171628;
  -0.33217892, 0.1823353, -0.070057631, 0.099091619, -0.0078056916, 0.0071888338;
  -0.12598786, 0.064299449, -0.10803393, 0.061650187, 0.018729379, 0.0036864001;
  -0.19758078, 0.11793757, -0.058131885, 0.0055519328, 0.027253538, -5.2457322e-05;
  -0.11991464, 0.040401749, -0.067727052, 0.033890989, -0.014899022, 0.0098910555;
  -0.27078307, 0.21772082, -0.1115635, 0.067579336, -0.014285773, 0.012588923;
  -0.14613888, 0.051460378, -0.084636085, 0.066009782, -0.0074200281, 0.0088758254;
  -0.23166652, 0.22156097, -0.15973186, 0.10468908, -0.027810026, 0.01597712;
  -0.34233147, 0.34066758, -0.087311961, -0.021670192, 0.023675842, 0.0031985224;
  -0.072375603, 0.030279361, -0.03431512, -0.026130687, -0.018585049, 0.0042548128;
  -0.20489623, 0.20795013, -0.1472871, 0.069736093, -0.022409279, 0.016375467;
  -0.11697725, 0.038912371, -0.065079324, 0.062074468, 0.0054715723, -0.0088978419;
  -0.16453759, 0.13938482, -0.092002228, 0.0044796295, 0.017841708, 0.0052599786;
  -0.32236171, 0.21247227, -0.062249772, 0.060846221, -0.0089042652, 0.004814602;
  -0.29807153, 0.19908053, -0.012278311, -0.033528246, 0.0099176913, 0.0023128223;
  -0.2345472, 0.10546138, -0.0093191117, -0.020990858, 0.021983, 0.00086032192;
  -0.2236803, 0.23165654, -0.16448416, 0.11241844, -0.035666626, 0.013720983;
  -0.26775789, 0.19177212, -0.10015581, 0.088330545, -0.012940693, 0.0059235008;
  -0.26478088, 0.13486657, -0.041744851, 0.040618174, 0.0046261726, 0.0027432076;
  -0.087745354, -0.043284088, -0.052362349, 0.033695571, 0.018327929, 0.0055187163;
  -0.40296125, 0.33904397, -0.045829497, -0.0046205171, -0.00059211295, 0.0030727831;
  -0.094947249, 0.029083837, -0.079413787, 0.080772094, -0.013497699, -0.0036042908;
  -0.042003646, 0.049644575, -0.12413779, 0.06577187, 0.0010669137, -0.00034893246;
  -0.15173639, 0.07480678, -0.05537514, 0.026735254, -0.0062413565, 0.0023895381;
  -0.23400179, 0.10492919, -0.037619382, 0.017460817, 0.011470631, 0.0056759594;
  -0.32054451, 0.11017329, 0.023302104, 0.032840855, -0.02210569, 0.0054878201;
  -0.079212092, 0.038374215, -0.084579363, 0.074382909, 0.0032409113, -0.011324585;
  -0.22457549, 0.14568493, -0.12542067, 0.11078002, -0.014293412, 0.012222211;
  -0.09953548, 0.15381216, -0.15298147, 0.038540076, 0.028487286, -0.0016504183;
  0.018404581, -0.0017822112, -0.13772193, 0.059142895, 0.021331605, -0.0019900228;
  -0.52595389, 0.54807472, -0.045814764, -0.072770327, 0.0075338124, -0.00115978;
  -0.22226112, 0.11514128, -0.0006493908, -0.020976942, -0.024508862, 0.0062442715;
  -0.28802329, 0.25118917, -0.15023308, 0.10382867, -0.018676249, 0.016568003;
  -0.085609414, 0.15944433, -0.16762382, 0.023196092, -0.00052754674, 0.015092707;
  -0.4946596, 0.46509326, -0.078314252, 0.025071977, -0.036885839, 0.012225069;
  -0.27070192, 0.15724592, -0.018529404, -0.017572023, 0.015812617, 0.0021092014;
  -0.10286435, 0.24206369, -0.18689603, 0.01568366, -0.01172768, 0.012121364;
  -0.28621823, 0.35040322, -0.19282196, 0.10739898, -0.053656753, 0.01922329;
  0.024134142, -0.022948163, -0.097349681, 0.023182634, 0.033559848, -0.010808499;
  -0.18219995, 0.059267834, -0.081081562, 0.11820231, -0.013385074, -0.00038038081;
  -0.11647534, 0.023039958, -0.056838546, 0.033584774, 0.010304877, -0.00026578622;
  -0.096220806, -0.022764761, -0.056342602, 0.035390209, -0.0056329099, 0.011875339;
  -0.22653861, 0.14006606, -0.045758311, -0.00082084205, 0.013366509, 0.0027196268;
  -0.053968377, 0.033902567, -0.12607059, 0.036818143, 0.013392413, 0.011799259;
  -0.27125117, 0.17681825, -0.060595546, 0.022786293, 0.013332707, 0.0047581703;
  -0.09369427, 0.06712395, -0.11529473, 0.032048624, 0.016140381, 0.0083052013;
  -0.30072564, 0.22618049, -0.13106051, 0.11507114, -0.013654311, 0.012016922;
  -0.1053517, 0.052810393, -0.12515284, 0.0592568, 0.012516009, 0.012321109;
  -0.30734575, 0.23021373, -0.10411888, 0.11083489, -0.01284965, 0.00091393926;
  -0.20716228, 0.21122196, -0.13143633, 0.048555344, 0.0080508664, 0.0051383455;
  0.092647806, -0.09366592, -0.10872184, 0.020469759, 0.014105908, 0.001621944;
  -0.090786859, 0.11490896, -0.16578119, 0.066536948, 0.016633721, 0.0069334535;
  -0.18959777, 0.11145763, -0.091922387, 0.056860037, 0.0089420015, 0.0051118648;
  -0.15836325, 0.092104949, -0.068744048, 0.013778471, 0.012463679, 0.0040166341;
  -0.14475088, -0.044624753, -0.037591994, 0.063190028, 0.025574757, 0.0024513365;
  -0.2566599, 0.24687485, -0.13447022, 0.075019576, -0.047302667, 0.020602278;
  -0.16257575, -0.025468897, -0.049845472, 0.085831001, -0.0035614208, 0.01071855;
  -0.13339418, 0.12455367, -0.12842089, 0.083635278, -0.010257174, 0.0015697605;
  -0.34257963, 0.17482398, -0.019531373, 0.049799863, -0.016868709, 0.0071771531;
  -0.33449918, 0.19396795, -0.028558426, 0.030433863, 0.0061949594, 0.0021237943;
  -0.45466247, 0.4116089, -0.095920436, 0.059615672, -0.031522073, 0.010994785;
  -0.26473549, 0.10490111, -0.024385791, 0.05718201, -0.0053036646, -0.00012772105;
  -0.29909649, 0.19384974, -0.043690018, 0.038839079, -0.016944518, 0.0040957173;
  -0.2686668, 0.24112481, -0.094983898, 0.033025358, -0.0233528, 0.011713814;
  -0.38384211, 0.33830827, -0.10714398, 0.06167765, -0.0075339796, 0.0080192648;
  1.1328931, 0.3913542, 0.2316007, 0.14712335, 0.04066262, 0.03946295;
  0.88333303, 0.22908695, 0.091349907, 0.076556645, 0.0010851276, -0.018753728;
  0.82129818, 0.11146066, 0.14915943, 0.11874256, 0.010007001, -0.041947603;
  0.85578817, 0.16117045, -0.033815708, -0.09020137, -0.040162604, -0.0082615772;
  0.82146871, 0.13424945, 0.0044951816, 0.011152674, -0.034566786, -0.023230314;
  0.7947157, 0.11782212, 0.0019726316, 0.015904745, 0.00017397519, -0.050868183;
  0.81199574, 0.1611184, -0.020523215, 0.00072913931, -0.013393385, -0.034229524;
  0.73208255, 0.068241552, -0.13469702, -0.16310382, -0.020639097, 0.047154747;
  0.45217851, -0.019438315, 0.0044760229, 0.067927428, -0.020789618, -0.060547702;
  1.0280888, 0.44268233, 0.11398039, 0.14396666, 0.017763436, 0.022505362;
  0.60706204, 0.12284531, -0.13605872, 0.02749145, -0.044938803, -0.038720518;
  0.6235131, 0.069620498, -0.035273299, -0.026413253, -0.016149079, -0.017146535;
  0.61143291, -0.047673956, -0.092522904, -0.053278439, -0.019872168, -0.014918374;
  0.87461305, 0.33067465, -0.0147769, -0.086410262, -0.012115757, 0.016466476;
  0.6065132, 0.14779729, -0.15050451, -0.035412345, -0.035490215, -0.024943039;
  0.49654943, 0.10543445, -0.22684695, -0.18112752, -0.025588518, 0.022717481;
  0.92777181, 0.47271344, 0.086783066, 0.028952969, -0.0018774188, -0.0021724752;
  0.7091586, 0.21052419, -0.13807571, -0.087090932, -0.01223536, 0.0043532033;
  0.91022515, 0.32832596, 0.09816353, 0.11171855, 0.010539197, -0.022347005;
  0.74843764, 0.22794588, -0.084873669, -0.020564537, -0.023080638, 0.043873362;
  1.4858019, 0.5408203, 0.46400395, 0.26301906, 0.10389437, 0.20614003;
  0.81255537, 0.31366411, 0.036704168, -0.007340461, -0.010000468, -0.044145677;
  0.37031978, 0.034501132, -0.17425101, -0.026248114, -0.043472979, 0.0084488913;
  0.70620155, 0.21219748, -0.18437408, -0.2560243, -0.024641775, 0.0034309854;
  0.4740389, 3.9148246e-05, -0.10470357, -0.049972747, -0.040698811, -0.017822923;
  0.27953216, 0.067182072, -0.11926583, -0.19306161, -0.10353456, 0.03336196;
  0.6541003, 0.092997544, -0.015531268, 0.070123881, -0.023692807, -0.05093829;
  1.249121, 0.43834016, 0.18972619, 0.10320115, 0.03579247, 0.084982559;
  0.57811207, 0.021977345, -0.13599226, -0.056932129, -0.01581575, 0.010864417;
  0.93016255, 0.041294646, -0.062600099, -0.058320496, -0.027080201, 0.051775426;
  0.68333006, 0.063233264, -0.11164031, -0.10079579, -0.018151771, -0.0092629483;
  0.87700492, 0.175264, -0.056993753, -0.15078077, -0.022708509, -0.0028010486;
  0.80726612, 0.16186833, 0.014365731, 0.02066136, -0.018990507, -0.020042831;
  0.81063581, 0.18996972, 0.034521017, 0.019464755, -0.012188571, -0.023891484;
  0.86446559, 0.18293726, -0.060221147, -0.13785841, -0.016046682, -0.0086564263;
  0.77172309, 0.15689515, -0.066924587, -0.12417995, -0.024872167, 0.0201417;
  0.75473779, 0.10948164, -0.0079810107, 0.012930766, -0.016435774, 0.034206353;
  0.79580456, 0.09653727, 0.046101104, 0.011661553, -0.0056307563, -0.022937374;
  0.94604403, 0.27616459, 0.14874256, 0.12975889, 0.011090782, -0.011385965;
  1.1345236, 0.43142033, 0.21371336, -0.003643686, 0.041777086, 0.035045262;
  0.76826954, 0.12746936, -0.012670788, 0.027593998, -0.010696955, -0.020799443;
  0.94045377, 0.28847373, 0.22890237, 0.14675079, 0.029362358, -0.010075644;
  0.81195843, 0.13780458, -0.047660805, -0.023600997, -0.033399988, 0.00059797073;
  0.65545696, 0.04791683, -0.027629415, 0.020166956, -0.010664611, -0.045393463;
  0.59563947, 0.041410111, -0.043056976, -0.043292321, -0.056053605, -0.024388088;
  0.62010258, 0.13820226, -0.080072559, -0.016070787, -0.027076643, -0.047012359;
  0.7881791, 0.071341552, -0.074031301, -0.05830304, -0.021526335, -0.00021722418;
  0.84435201, 0.13459343, 0.0064803688, 0.02059504, -0.0054484745, -0.0079809446;
  0.99640411, 0.26289031, 0.09676531, 0.056229915, 0.0081390105, 0.032046746;
  0.91331881, 0.22575846, 0.2307751, 0.22351038, 0.024016438, -0.011463857;
  0.69489521, -0.0023655163, -0.11112241, -0.09643963, -0.032430552, 0.0037663169;
  0.64866447, 0.059861362, -0.054766934, -0.052691191, -0.038737971, -0.021219373;
  0.84569353, 0.22511439, 0.13454564, 0.13636488, -0.0042156661, -0.02453229;
  1.2348546, 0.44771534, 0.28420478, 0.1826805, 0.049243886, 0.084972844;
  1.0020664, 0.20613195, 0.074892953, 0.05591334, 0.0029583855, 0.028423283;
  0.5477218, 0.013134655, -0.018906359, 0.074297182, -0.017521301, -0.023222972;
  0.98620576, 0.134496, -0.066614635, -0.048747227, -0.024372222, 0.048969503;
  0.83727509, 0.095275603, -0.0056732199, 0.01261251, -0.0077377539, -0.034041908;
  0.74255377, 0.34333029, 0.20281273, 0.17073442, 0.0096890982, -0.034765605;
  0.89936233, 0.36175534, 0.24918123, 0.20120433, 0.016062861, 0.002805369;
  1.2202405, 0.40047842, 0.24639346, 0.15271117, 0.037074383, 0.066522911;
  0.59898162, 0.026403239, -0.028603867, 0.020884806, -0.025191139, -0.034054998;
  0.8350274, 0.20688598, 0.13598938, 0.1175651, -0.0028301794, -0.036413599;
  1.1134911, 0.34978577, 0.24729821, 0.11840309, 0.03893714, 0.030497994;
  0.95348805, 0.16935098, -0.06169375, -0.027217068, -0.018838944, 0.075988255;
  0.73536026, 0.10200086, -0.11955279, -0.068333179, -0.040144749, 0.0010653546;
  0.67566091, 0.11724398, -0.091189563, -0.11839546, -0.027340934, -0.01524558;
  1.0022148, 0.22507156, 0.051969495, 0.031680312, 0.0095845228, 0.0027841062;
  0.85946292, 0.13240418, 0.053608425, 0.047729921, -0.0075208717, -0.031612113;
  1.0883378, 0.14578086, -0.045113523, -0.091233432, 0.00089674804, 0.026719339;
  0.90922451, 0.19329776, 0.11579181, 0.10827611, 0.0088140303, -0.018187763;
  0.91652083, 0.23205413, 0.20746112, 0.18689293, 0.011875693, -0.017265597;
  1.0801594, 0.31877038, 0.23168324, 0.15601425, 0.02761231, 0.024541263;
  0.88082337, 0.088316105, -0.055599302, -0.029949287, 0.0085151363, 0.041287266;
  1.0956228, 0.32722491, 0.19548596, 0.08127398, 0.021767061, 0.033869646;
  0.71647078, 0.22520193, -0.031587318, 0.1099599, -0.031440374, -0.049427707;
  0.97949445, 0.30536571, 0.25480211, 0.15881304, 0.035144296, 0.0017210045;
  0.94458193, 0.12476525, 0.0095626591, -0.046135902, -0.025918828, 0.013791183;
  0.58814579, 0.0047705891, -0.12000022, -0.11452524, -0.040590465, -0.0057809697;
  0.66962278, 0.046481267, -0.10653679, -0.0841261, -0.039861526, 0.023601577;
  0.86157858, 0.098725937, -0.04875505, -0.032294076, -0.02257988, -0.010444153;
  1.3265495, 0.45893732, 0.3341997, 0.19385609, 0.065677404, 0.11673082;
  0.59736997, -0.035094216, -0.095522411, -0.053295095, -0.030548288, 0.00040825718;
  0.99311751, 0.25695977, 0.11173592, 0.049297065, 0.011196298, -0.016745564;
  1.0116343, 0.21979155, 0.13911808, 0.10518988, 0.014509398, -0.0035992407;
  0.4857651, 0.050949525, -0.068156473, 0.012416373, -0.036698423, -0.034470685;
  0.84256852, 0.25794789, 0.15039667, 0.16176352, 0.0041658687, -0.033261184;
  0.90971857, 0.21891038, 0.042474426, 0.026950896, -0.0032345427, -0.030557998;
  1.1488453, 0.32299334, 0.26937687, 0.195951, 0.042649738, 0.045210488;
  0.84079218, 0.092502937, -0.091849074, -0.063670725, -0.031991214, 0.013959674;
  0.83840048, 0.12152176, 0.078076579, 0.044278152, 0.0026726287, -0.034667078;
  0.85651481, 0.073832668, -0.0794902, -0.055159267, -0.027283413, 0.032860808;
  0.61380965, 0.002392156, -0.085240297, -0.044438399, -0.054663394, 0.004463674;
  0.6005035, -0.025899181, -0.12085635, -0.15604351, -0.05080574, 0.020998994;
  0.79414183, 0.070950411, -0.082433335, -0.10691601, -0.042743977, -0.00660638;
  0.87339211, 0.1264742, 0.064819373, 0.043528184, -0.0029979502, -0.015049884;
  0.92044771, 0.2215922, 0.06400729, -0.0033629022, -0.0044027753, -0.033065382;
  1.0732654, 0.2742435, 0.30457857, 0.21096362, 0.045768294, 0.02900321;
  1.0955731, 0.27205411, 0.15930755, 0.084658764, 0.026066657, 0.0086335996;
  0.93994123, 0.2012039, 0.091413923, 0.08424703, -0.0055491524, -0.0130405;
  -0.11067437, -0.12778898, -0.004100184, 0.07035359, 0.010934767, 0.0028304223;
  -0.29615134, -0.02227791, 0.04765838, 0.091667876, 0.0035025547, -0.0043261051;
  -0.18970014, 0.041982405, -0.050870296, 0.065636292, 0.019202007, -0.0011382448;
  -0.22427309, -0.14202946, 0.080414519, 0.076241449, -0.0071001393, 0.0021162524;
  -0.21933386, -0.027372109, 0.034800354, 0.031530064, 0.0075803464, 0.00015508533;
  0.19705607, -0.1798749, 0.0078109577, 0.065712191, -0.029407708, -0.029307179;
  -0.1916748, -0.13828179, 0.068619683, 0.05868784, -0.00076480373, 0.00097987871;
  0.06530492, -0.15825053, -0.034112159, 0.035734408, 0.029969547, -0.01654407;
  -0.054495078, -0.10216678, -0.013803829, 0.056369949, 0.0037652573, -0.0071542771;
  -0.16125974, -0.15755624, 0.092131138, 0.012048981, -0.0024328001, 0.0025262488;
  -0.23620901, -0.063808493, 0.096359506, -0.0042239507, -0.0020628481, 0.00054360885;
  -0.096664056, -0.18725158, 0.054554936, 0.057859, -0.033596177, 0.0060830433;
  -0.39528197, 0.10147091, 0.091905087, 0.0068024481, 0.0077370265, -0.005448943;
  -0.28406048, 0.10500532, 0.070672527, -0.069645345, 0.016891906, -0.0061775693;
  -0.15962799, -0.13241048, 0.12816061, -0.056590758, -0.015966244, 0.0047321003;
  -0.22121458, -0.083641909, 0.095680006, 0.018226219, -0.022905748, 0.0015665524;
  -0.18392771, -0.11810015, 0.021119041, 0.086732998, 0.018648991, 0.00027106458;
  -0.10520643, -0.16940819, -0.0011425822, 0.088561222, 0.016567038, 0.0035208683;
  -0.29831946, -0.070070885, 0.09032283, 0.066539712, 0.0034600163, -0.0021743209;
  -0.25632578, -0.044802256, 0.067123882, 0.030543033, 0.013359918, -0.0016360127;
  -0.16227619, -0.20997247, 0.074150711, 0.074982435, 0.010506646, 0.0011151457;
  -0.17093082, -0.12678389, 0.064658046, 0.046320628, -0.0091143539, 0.00058734679;
  -0.043891266, -0.20332828, 0.051784724, 0.066005908, -0.0010449108, -0.016235165;
  0.034631103, -0.13289931, -0.022541946, 0.0038566496, 0.018396342, -0.0062297015;
  -0.10844697, -0.1586912, 0.01353605, 0.077869944, 0.014034134, -0.0013231022;
  -0.23535766, -0.044567611, 0.066226572, 0.020571729, 0.013973333, -0.0044438178;
  -0.31058362, 0.08892186, 0.0013833054, 0.059055813, 0.010080117, -0.00016673388;
  -0.16341171, -0.094078779, 0.025501648, 0.056223143, 0.0081339553, -0.00072803121;
  -0.17852892, -0.20398991, 0.075858667, 0.083730482, 0.009866938, 0.00056185934;
  -0.14258219, -0.1074817, 0.074279808, -1.881348e-05, 0.0053758938, -0.0080868136;
  -0.0064175767, -0.2387777, 0.010089263, 0.050320387, 0.029525315, -0.0021570837;
  -0.31484598, 0.018014077, 0.13704047, -0.051588543, -0.0067495806, -0.002673585;
  -0.026927056, -0.084977925, 0.014001243, -0.058140248, 0.021259865, -0.0021696906;
  -0.2060622, 0.027507357, 0.029742783, -0.0057864534, -0.021397859, 0.0060612294;
  -0.22126727, -0.14895302, 0.084468141, 0.070379652, -0.0019537194, 0.0015154082;
  -0.16195771, -0.19482873, 0.08612068, 0.059179932, -0.0070382529, 0.0018762653;
  -0.051441744, -0.11965085, 0.067990124, -0.096374564, 0.0042409552, 0.0058153602;
  -0.22618517, -0.042525023, 0.059993751, 0.025134061, 0.0096907262, -0.0047336933;
  -0.32954195, 0.08577437, 0.035819653, 0.031876501, 0.0068537053, -0.00059134647;
  -0.12987009, -0.073123083, 0.019159649, 0.023732236, 0.0017364789, 0.00050840178;
  -0.049272511, 0.18683025, -0.064384356, -0.076878473, 0.015732255, -0.014606482;
  -0.17308803, -0.17784464, 0.1195411, 0.010209673, -0.018741442, 0.0044291811;
  -0.26059657, -0.039739072, 0.043830618, 0.067546614, 0.011008025, -0.0020996195;
  -0.27089843, -0.077111095, 0.068497337, 0.073169813, 0.0080689583, -0.0012309317;
  -0.11883258, -0.18010208, 0.065525092, 0.039544091, 0.005619362, -0.0028294136;
  -0.32550839, 0.18691799, 0.069780082, -0.10175136, 0.026278595, -0.0096782846;
  -0.23990858, -0.11257907, 0.071596079, 0.0675065, 0.01856076, -0.0033907895;
  -0.010709779, -0.056768253, 0.027277714, -0.049479272, -0.013369941, -0.0076989848;
  0.081665002, -0.25200829, -0.016958086, 0.027950985, 0.040113438, -0.0062957364;
  -0.24206425, -0.12670279, 0.053392958, 0.1116195, 0.0010243722, 0.0016398459;
  0.051744338, -0.21414562, 0.021079648, 0.06374158, -0.0024640241, -0.020656962;
  -0.2059259, -0.10926339, 0.045928862, 0.069244176, 0.0097571565, 0.00093117123;
  -0.20065805, 0.26326257, -0.045358874, -0.082818128, 0.022853089, -0.011500869;
  0.088732436, -0.20282385, -0.043512467, 0.0044891313, 0.010477784, 0.0096743144;
  -0.077937327, -0.21080545, 0.056657329, 0.061990906, -0.0064915097, -0.0049949526;
  -0.16824891, -0.14200534, 0.043291621, 0.077376634, 0.0045701875, -0.00053796027;
  0.023075895, 0.1941724, -0.078859121, -0.049090818, 0.0085709998, -0.028045192;
  -0.29354462, -0.044273838, 0.078432113, 0.054606587, 0.0084019266, -0.0028644009;
  -0.32794651, 0.022775847, 0.096814312, 0.011798512, -0.014128719, 0.00097930827;
  -0.095933415, -0.10300939, -0.0022949481, 0.018385312, 0.042236526, -0.0026454844;
  -0.28504151, -0.01544657, 0.058841459, 0.043471929, 0.01413772, -0.0021902877;
  0.14495811, -0.2550965, -0.061428286, 0.0032943129, 0.052344285, 0.0025780748;
  -0.14986078, -0.18141517, 0.10215032, 0.016856594, -0.020034013, 0.0054096295;
  -0.52233601, 0.46593055, 0.048203599, -0.13389398, 0.012715257, -0.006256036;
  -0.15603489, -0.11448208, 0.054702222, 0.053368472, -0.00045020014, -0.0081172446;
  0.1922828, -0.091487497, -0.063863084, -0.11400062, 0.04701006, -0.0079961699;
  -0.1299644, -0.2381995, 0.071557909, 0.080233216, 0.00016327457, 0.0026686206;
  -0.22372392, -0.14939401, 0.084454969, 0.076752827, -0.0025312474, 0.00026172865;
  -0.1703469, -0.20616928, 0.10784462, 0.044721927, -0.0098509202, 0.0028206916;
  -0.22736421, -0.11460219, 0.079491973, 0.049149897, 0.0089999437, -0.00086131663;
  0.096761674, -0.17060678, -0.0028130673, -0.027015744, -0.025434731, 0.005383038;
  -0.35572717, 0.16290237, 0.045411896, -0.029413097, 0.021110749, -0.0041898289;
  -0.29217169, -0.069245547, 0.10295973, 0.044616409, -0.00047186925, -0.0017171383;
  -0.13852866, 0.24424721, -0.072341852, -0.059632748, 0.023275718, -0.016332386;
  -0.21311425, -0.17442617, 0.085513011, 0.081904873, 0.0033005869, 0.00024001673;
  -0.21830495, -0.091585636, 0.089679264, 0.024589662, -0.015725827, 0.0013776488;
  -0.19255148, -0.15400159, 0.11602824, 0.011151486, -0.01032377, 0.0016374482;
  -0.26923585, 0.096287251, 0.043060742, -0.047134005, 0.025623903, -0.0047606356;
  -0.1503657, -0.066257142, -0.016998962, 0.082195729, 0.0043562618, 0.0014196855;
  0.052327041, -0.26474702, 0.0098348362, 0.04117059, -0.0035268106, 0.0036277091;
  -0.22211383, -0.092865303, 0.075341016, 0.070424318, -0.0044447929, -0.0099358587;
  -0.35344028, 0.01926812, 0.041021947, 0.11324409, -0.013204255, 0.0026812926;
  -0.03057787, -0.21020417, 0.0097870501, 0.04484126, 0.013303329, 0.0046494664;
  -0.33721665, 0.013263695, 0.063538097, 0.06624081, 0.0046649068, -0.0018625521;
  0.018669417, -0.18399398, -0.014266805, 0.023437593, 0.0049036643, 0.0055423272;
  0.11126174, -0.2618714, -0.042299975, 0.034758434, 0.013703319, 0.0078912508;
  0.062668294, -0.15991923, -0.055917349, 0.011969506, 0.0057509057, 0.011514974;
  -0.25628734, -0.11008258, 0.11010814, 0.034360811, 0.006307127, -0.0029244721;
  -0.24959464, -0.083405055, 0.095431261, 0.029341415, 0.007745875, -0.0043831281;
  0.0020942257, -0.12414231, -0.046838272, 0.028655844, 0.00053535239, 0.0090198088;
  0.01124128, -0.22709928, 0.021575645, 0.044960804, 0.023468582, -0.012362832;
  -0.016367644, -0.25463912, 0.0070910598, 0.062788099, 0.026260067, 0.0034498835;
  0.027996337, -0.13593526, -0.042027805, 0.019381011, -0.0061517907, 0.0087572262;
  0.0033358575, -0.18184981, -0.012867483, 0.023356827, -0.0025850825, 0.010656062;
  -0.25022233, -0.08629819, 0.11338776, 0.0043235072, 0.0020863113, -0.0015732137;
  0.035988081, -0.12631923, -0.058972385, 0.016465083, 0.0049055014, 0.0090316674;
  0.061649047, -0.2473778, -0.025575696, 0.054674253, 0.0020047785, 0.0074675116;
  -0.13799353, -0.18349244, 0.066101477, 0.071205206, 0.011287279, -0.0089800768;
  0.039066672, -0.16763023, -0.034579113, -0.0022390643, 0.029678805, 0.0051445812;
  0.24281898, -0.18641037, -0.095838279, -0.019457037, -0.02032019, 0.012588068;
  0.25964355, -0.2559292, -0.071745113, -0.02626192, -0.026929198, 0.015815821;
  0.068819173, -0.25097096, 0.016326206, -0.025633177, -0.0057451134, 0.01388453;
  0.17857181, -0.18940303, -0.021726888, -0.1184101, -0.012625735, 0.018561235;
  0.35825256, -0.10649102, 0.0044906768, -0.081230864, -0.054864611, -0.036947429;
  0.51713353, -0.18995532, -0.1282914, -0.045848936, -0.013503901, 0.0043322062;
  0.052042205, -0.21808548, 0.0054395366, -0.0035633969, -0.048314083, 0.022237657;
  0.1774018, -0.22565913, -0.056987863, -0.011375592, -0.0041329954, 0.0089208921;
  0.14114091, -0.27722135, -0.023499368, 0.016317956, 0.020364843, -0.0019020955;
  0.14112435, -0.21236333, -0.0098990193, -0.071580775, -0.040184978, 0.023942003;
  0.45880124, -0.15916793, -0.029322276, 0.019088235, -0.032510608, -0.054906283;
  0.21919969, -0.24286953, -0.033261184, -0.035498776, -0.0074237064, 0.0026341323;
  0.44392091, -0.18979187, -0.096140355, -0.025541129, -0.032600794, -0.0031995303;
  0.27340317, -0.24883206, -0.06672284, -0.008307429, -0.0015797743, -0.00025099699;
  0.60324878, -0.043166135, -0.0083049638, 0.02711856, -0.04610876, -0.046143491;
  0.25074971, -0.2232375, -0.057456274, -0.025661524, -0.016546031, 0.00098683266;
  0.42945468, -0.19240457, -0.078317568, -0.016170999, -0.031110907, -0.010304033;
  0.43538103, -0.22503471, -0.11680701, -0.17140603, -0.036160763, 0.038392339;
  0.6024729, -0.05743568, 0.0097756647, 0.065922402, -0.023387538, -0.068095721;
  0.26105034, -0.21760441, -0.020196941, -0.078902096, -0.12370926, 0.034365352;
  0.045605946, -0.23626696, 0.037641201, -0.0096619297, -0.08358328, 0.027826354;
  0.17881051, -0.19446859, -0.024402086, -0.068547249, -0.039897718, 0.017413313;
  0.23279746, -0.22180551, -0.03011087, -0.045101352, -0.047187883, 0.010399184;
  0.35613826, -0.084909, -0.10454044, -0.081045747, -0.013328438, -0.0031324944;
  0.22697496, -0.25018311, -0.066518441, -0.028955273, -0.0052134902, 0.011524339;
  0.10453366, -0.23418716, 0.008864996, -0.022466969, -0.054085318, 0.018465467;
  0.84388232, -0.0030146227, 0.0020897421, 0.064367943, -0.0054280302, -0.046533749;
  0.25014436, -0.12888883, -0.0015144129, -0.13937877, -0.029551694, -0.010457309;
  0.44814622, -0.19928977, -0.10667906, -0.017109673, -0.014111078, -0.019407954;
  0.29252639, -0.24490105, -0.097505577, -0.035133559, -0.0087319538, 0.014525447;
  0.29482597, -0.16332731, -0.00044695957, -0.022304453, 0.0074152127, -0.05170016;
  0.22363943, -0.19977476, -0.01729239, -0.047217369, -0.039270319, -0.00091587077;
  0.36793983, -0.19042873, -0.1362332, -0.052140493, 0.0080444422, 0.0051828781;
  0.16862845, -0.23430273, -0.065134272, -0.0044836667, -0.0011831205, 0.014896245;
  0.42392552, -0.19541593, -0.052568138, 0.0013099409, -0.05028753, -0.03006997;
  0.18953493, -0.2649478, -0.016503595, -0.048704397, -0.048357483, 0.023715988;
  0.20978144, -0.20262766, -0.05569962, -0.064970352, 0.00098982244, 0.0083151618;
  0.2026255, -0.25984287, -0.016223801, 0.00045661913, -0.045219034, 0.0065194243;
  0.37682223, -0.079583198, 0.02638147, -0.043130748, -0.05088494, -0.05828004;
  0.18274015, -0.24451938, -0.040922564, 0.012629649, -0.029963152, 0.0096801678;
  0.33748525, -0.21352525, -0.095879674, -0.09792313, -0.00031291475, 0.010071763;
  0.27349865, -0.1498799, -0.078852609, -0.13493156, 0.023898868, 0.0078748511;
  0.35067418, -0.20511299, -0.08414796, -0.018729169, 0.0073008267, -0.027060464;
  0.27937979, -0.23884103, -0.097319134, -0.01112822, 0.012241679, 0.0032193935;
  0.27816108, -0.25797957, -0.042389762, -0.094099231, -0.051411405, 0.027262144;
  0.38535395, -0.1943814, -0.065985709, -0.011974404, -0.020490548, -0.03110897;
  0.28657228, -0.19016707, -0.070128962, -0.095929332, 0.020057321, 0.0019190824;
  0.079073921, -0.17054251, 0.0082172956, -0.070377037, -0.039934445, 0.019995019;
  0.49493158, -0.18820676, -0.09484075, -0.020809256, -0.0069402331, -0.026393821;
  0.46414995, -0.19597279, -0.071529239, -0.04021553, -0.019617785, 0.0021805565;
  0.60733318, -0.037063763, -0.050319314, -0.027392566, -0.021951025, -0.044366173;
  0.398018, -0.26212838, -0.12149004, -0.11537527, -0.017765909, 0.030256063;
  0.20473886, -0.21586476, -0.064518332, -0.0041018827, -0.0080373315, 0.0041797566;
  0.17707457, -0.24926414, -0.03557758, -0.045040246, -0.010332085, 0.017823027;
  0.49048039, -0.064233199, 0.013494741, 0.040738601, -0.022792077, -0.074705556;
  -0.048912637, -0.19957285, 0.04868827, -0.0038490847, 0.00072882208, 0.0075107822;
  0.35606831, -0.22649601, -0.073065169, -0.044348039, -0.029196624, -0.0025438268;
  0.54456621, -0.19703911, -0.12517658, -0.049112678, -0.0179267, 0.0085477903;
  0.23428525, -0.18305524, 0.0079784431, -0.18312015, -0.094229214, 0.039100733;
  0.48704252, -0.18387845, -0.13099183, -0.048195615, -0.036310382, 0.011656621;
  0.50331616, -0.16061416, -0.095094964, -0.097392134, -0.061471086, 0.019264041;
  0.91374367, 0.016433777, 0.060892131, 0.050780378, -0.017054316, 0.036106452;
  0.34470335, -0.11262818, -0.012712512, 0.042229354, -0.034458965, -0.056357764;
  0.43879759, -0.1177263, -0.084042057, -0.17888968, -0.051720355, 0.012298524;
  0.48756409, -0.13296069, -0.092759311, -0.17579241, -0.061816499, 0.018688966;
  0.67459261, -0.022297412, -0.075341769, -0.035229944, -0.053655799, -0.0025729674;
  0.3755874, -0.22766545, -0.099175192, -0.056758497, -0.0065289144, 0.0034635549;
  0.23249815, -0.24560535, -0.058088291, -0.031389382, -0.0085635176, 0.010298397;
  0.1474873, -0.29137242, -0.011494472, 0.00013929156, -0.021149464, 0.013992593;
  0.13567813, -0.20011276, -0.005957596, -0.0904973, -0.02720947, 0.021875991;
  0.14639543, -0.2388269, 0.0027960341, -0.07850676, -0.04106047, 0.025551176;
  0.2077302, -0.17625119, -0.090197451, -0.0058689117, -0.0059906235, 0.0048003392;
  0.2059691, -0.17611107, -0.049346674, -0.0014546696, -0.028795723, 0.0001036756;
  0.059586644, -0.20252354, 0.023663202, -0.0081598507, -0.062613793, 0.013283862;
  0.069669671, -0.14624676, 0.056341268, -0.11634893, -0.046836525, 0.010149479;
  0.11026248, -0.24156721, -0.0012658084, -0.0033209561, -0.010868191, 0.0026204039;
  0.28046826, -0.22415031, -0.091003053, -0.035108522, -0.0081510497, 0.010342377;
  0.084219858, -0.26608205, 0.0015507872, -0.017671254, 0.010089228, 0.013128771;
  0.49810922, -0.24834202, -0.17754814, -0.14712217, 0.020724421, 0.02639766;
  0.66737342, -0.21459796, -0.22164024, -0.17235789, -0.00068502955, 0.033538491;
  0.499318, -0.22325964, -0.17233634, -0.0852644, 0.041316736, 0.0031026029;
  0.16743742, -0.278752, -0.03210542, -0.039388552, 0.01620652, 0.014600985;
  0.49618632, -0.21502145, -0.19086343, -0.15879117, 0.032436755, 0.023583477;
  0.41514373, -0.2599346, -0.15228359, -0.1211025, 0.025291728, 0.025470896;
  0.088857561, -0.13612656, -0.040136445, -0.069311015, 0.029526178, 0.0064372546;
  0.47139585, -0.15165041, -0.081565909, -0.047075644, 0.0017575838, -0.02129331;
  0.15320413, -0.19840297, -0.056346107, -0.0064254608, -0.019810602, 0.011833156;
  0.14785978, -0.21046968, -0.010818003, -0.055484377, -0.020269943, 0.011007819;
  0.10904211, -0.14390063, -0.0397746, -0.069019109, 0.012742032, 0.0099068889;
  0.42645463, -0.0064707608, 0.00062110944, -0.18577871, -0.063357376, -0.031302433;
  0.10332634, -0.13942061, 0.0044545806, 0.063466899, -0.001820475, -0.041966412;
  -0.10658317, -0.11316684, 0.07921841, -0.042133711, -0.015686285, 0.0029633336;
  0.16567034, -0.20153159, -0.0098769236, -0.09903764, -0.016168315, 0.015593182;
  0.12338173, -0.27787739, -0.022744935, 0.024854513, -0.016902048, 0.012555117;
  -0.12631622, -0.099064782, 0.09471418, -0.072084181, -0.015099221, 0.0069725197;
  0.038753483, -0.30994093, 0.02977879, 0.031349767, 0.0088340454, 0.0084900698;
  0.051170774, -0.29525036, 0.042174287, -0.002489385, -0.022593664, 0.01695035;
  0.24343139, -0.26794237, -0.05605372, -0.050731573, -0.0051967916, 0.016076405;
  0.056358337, -0.17651889, 0.034792218, -0.086000204, -0.0027658606, 0.006856434;
  0.073267922, -0.26364744, 0.011296995, -0.0074280943, -0.019072471, 0.017859466;
  -0.03314928, -0.19665681, 0.0883402, -0.048054498, -0.039193433, 0.01102981;
  -0.32790831, 0.18784931, 0.04300569, -0.048402268, -0.048470691, 0.012184771;
  -0.27637455, -0.053258453, 0.14011928, -0.031021006, -0.0083174827, -0.0012262841;
  -0.31188408, -0.014140218, 0.14614862, -0.039822567, -0.0023162225, -0.0042629321;
  -0.30516055, 0.0081898952, 0.13624491, -0.052261252, -0.0058430447, -0.002327224;
  -0.086339302, -0.10219128, 0.080550358, -0.092090212, 0.00082360185, 0.0046994356;
  -0.42011419, 0.1981536, 0.073031403, -0.026140474, -0.0019347098, -0.0023059917;
  -0.2965712, 0.053811856, 0.16667044, -0.14378679, 0.0023197585, -0.0051371381;
  -0.18217322, 0.01130592, 0.11966042, -0.14578696, -0.015062542, 0.0042657442;
  -0.42041504, 0.20216158, 0.10487156, -0.075429812, 0.0098099578, -0.006639862;
  -0.087219149, -0.16476804, 0.053090271, 0.019357596, -0.058870029, 0.019629745;
  -0.056061842, -0.14728087, 0.017022451, 0.01260466, -0.029067533, 0.01541601;
  -0.29627249, 0.092338525, 0.15008849, -0.15096553, -0.0098275449, -0.0014436822;
  -0.32316402, 0.042038769, 0.098083951, -0.014748228, -0.0037017395, -0.0013181563;
  -0.22291534, -0.12036641, 0.12529603, 0.0064503043, -0.036338218, 0.0069249864;
  0.030667182, -0.20161885, 0.0097950594, -0.015479406, -0.00081597437, 0.0094804037;
  0.057002481, -0.16939943, 0.0084437849, -0.055960227, -0.0088554444, 0.01052171;
  -0.20603265, -0.071525373, 0.074370719, 0.007111995, -0.016914919, 0.0062447633;
  -0.19962943, 0.022505235, -0.034179702, 0.076587684, -0.053090945, 0.020119203;
  -0.32542497, 0.062134292, 0.17087024, -0.1223914, -0.01556152, -0.0021832467;
  -0.19654559, -0.089513384, 0.11429686, -0.033394679, -0.029952919, 0.0070324126;
  -0.36265883, 0.12594773, 0.16069391, -0.13442707, 9.0284579e-05, -0.0059838057;
  -0.075865418, -0.15070502, 0.038258415, 0.0034180838, -0.027125053, 0.013798539;
  -0.18054077, 0.0018225018, 0.094704948, -0.09471634, -0.053733036, 0.014710748;
  -0.099881425, -0.14231932, 0.056074936, -0.0050418945, -0.024315856, 0.011512015;
  -0.14316142, -0.11684349, 0.064249367, 0.0014332103, -0.022710402, 0.0098657962;
  -0.24494672, 0.02047196, 0.062048525, -0.025649348, -0.00083666015, 0.0026121323;
  -0.19485907, -0.028713997, 0.087790824, -0.05130934, -0.02871359, 0.007777967;
  -0.18526553, -0.11028811, 0.14413095, -0.065607369, -0.032015745, 0.0064132474;
  -0.2868565, -0.051856879, 0.1504757, -0.036283273, -0.004872717, -0.0031118062;
  -0.30644518, 0.11208279, 0.082086138, -0.071291529, -0.0026112595, 0.00019153807;
  -0.23894525, -0.054632608, 0.10374185, -0.0091082426, -0.031940266, 0.0071098246;
  -0.26284534, 0.004405878, 0.099824004, -0.020847702, -0.054748636, 0.010691376;
  -0.31764424, 0.038706403, 0.15736429, -0.089796647, -0.018971855, -0.00075805397;
  0.021995679, -0.1510525, 0.027951935, -0.053531047, -0.029456513, 0.010272469;
  -0.30221754, 0.094202466, 0.076414376, -0.043292467, -0.023177382, 0.004600849;
  -0.23597446, -0.073677875, 0.10624952, -0.0031430894, -0.019493656, 0.0041251089;
  -0.23079021, -0.078742668, 0.099084742, 0.0079044886, -0.0265342, 0.0063790316;
  -0.23371863, -0.048045631, 0.12767383, -0.056694347, -0.011221597, 0.00057406677;
  -0.13014546, -0.18540817, 0.11745572, -0.0087213945, -0.056336466, 0.014616764;
  -0.2967011, 0.11208646, 0.089601196, -0.086988293, -0.012227586, 0.0023098914;
  -0.10430699, -0.1752193, 0.082401492, 0.012427296, -0.028764741, 0.0044726003;
  -0.25167051, -0.0045544668, 0.1659033, -0.12429342, -0.027195375, 0.0026678394;
  -0.23871209, -0.053810317, 0.15767023, -0.081021473, -0.030525949, 0.0037119556;
  -0.25969627, 0.077850193, 0.13300265, -0.14676461, -0.012533169, 0.00033833538;
  -0.21213503, -0.017850975, 0.11240102, -0.075308189, -0.035781801, 0.0080165025;
  -0.23998834, 0.052875783, 0.091103479, -0.094655603, -0.0060449205, 0.0025790411;
  -0.11464719, -0.16834089, 0.12298209, -0.051958758, -0.039839979, 0.011239876;
  -0.29228884, 0.088297941, 0.091974609, -0.069823667, -0.014570097, 0.0019018296;
  -0.17260224, -0.1079096, 0.14287932, -0.073692448, -0.044265464, 0.0096418988;
  -0.25024086, 0.026451433, 0.14816727, -0.13469373, -0.012750719, 0.00062273326;
  -0.22426474, 0.085117899, 0.15917151, -0.21871126, -0.022543008, 0.0027846517;
  -0.33572173, 0.09534125, 0.17169745, -0.14204714, -0.014879819, -0.0027488391;
  -0.21973841, 0.024577217, 0.11960168, -0.12041929, -0.020151507, 0.0043831542;
  -0.16676284, -0.028443161, 0.092537813, -0.095575966, 0.0040489454, 0.00089794002;
  -0.24729125, -0.065240681, 0.094287418, 0.0073264595, 0.00097190356, 0.00032554331;
  -0.38798591, 0.19163035, 0.11701308, -0.10453652, -0.014152562, -0.00098696991;
  -0.26412961, 0.076986566, 0.1289805, -0.13995497, -0.010251557, 0.00071544555;
  -0.32526371, 0.23068021, 0.26165366, -0.38914493, -0.018303689, -0.0050011394;
  -0.22938749, 0.0110799, 0.083713427, -0.054199398, -0.0075666541, 0.0021836888;
  -0.188752, -0.11968709, 0.10927209, -0.0069735041, -0.033961289, 0.0084793251;
  -0.26426935, 0.111718, 0.14673105, -0.18413258, -0.030351384, 0.0038737678;
  -0.40197155, 0.22634317, 0.13623932, -0.15394786, 0.0038592962, -0.006053614;
  -0.22580652, -0.04493662, 0.1717944, -0.12341312, -0.020360885, 0.0011621906;
  -0.34858745, 0.14894626, 0.16951714, -0.17216709, -0.011281711, -0.0046789092;
  -0.28592262, -0.0055626449, 0.099173024, -0.0031245188, -0.023727, 0.0040341611;
  -0.13755792, 0.012790987, 0.050176986, -0.10698822, 0.012543926, 0.0026246086;
  -0.25875452, 0.062684707, 0.15891191, -0.1735726, -0.0082038585, -0.0011810538;
  -0.2563889, -0.083578348, 0.14076039, -0.017101089, -0.026136966, 0.002787584;
  -0.34777924, 0.20130804, 0.16913049, -0.21936247, -0.012450693, -0.0032225072;
  -0.27786851, -0.001251162, 0.16039857, -0.097712189, -0.019784002, 0.00054607331;
  -0.31493634, 0.10731447, 0.19967969, -0.20791583, -0.018639689, -0.0027134912;
  -0.035672937, -0.14083245, 0.095570542, 0.0019881059, -0.054210067, -0.018010432;
  -0.21223043, -0.14572959, 0.14203675, -0.0055293641, -0.030946599, 0.0049427431;
  -0.20441033, -0.084387191, 0.15975672, -0.092800617, -0.023958448, 0.003172257;
  -0.25035468, -0.016215879, 0.16493979, -0.11487771, -0.024862587, 0.002153317;
  -0.26993456, -0.042065296, 0.062798895, 0.053975038, -0.0029174751, 0.0014372054;
  -0.37025401, 0.15405521, 0.14682138, -0.13201757, -0.0015667818, -0.0052531026;
  -0.32538077, 0.21580601, 0.10297164, -0.17151348, 0.0027543327, -0.002532687;
  -0.26440704, 0.16338283, 0.11509064, -0.19595158, -0.0027631386, -0.00064724375;
  -0.20662464, -0.050294232, 0.10606701, -0.033586569, -0.034997568, 0.0041792719;
  -0.44588467, 0.43846071, 0.25583413, -0.46087527, 0.023104308, -0.017021937;
  -0.22931078, -0.056304634, 0.14166082, -0.062609039, -0.040186331, 0.0067504328;
  -0.27172962, 0.0054039611, 0.093465671, -0.027397644, -0.0043245982, 0.0010341826;
  -0.34469834, 0.14406754, 0.050320003, -0.018928943, -0.010218404, 0.0029232756;
  -0.092092998, -0.17442924, 0.085784703, 0.0011245206, -0.046901014, 0.0093934461;
  -0.1528776, -0.099966705, 0.14478952, -0.11437044, -0.0092805745, 0.0022714098;
  -0.25536993, -0.035027318, 0.14780098, -0.070312209, -0.026519801, 0.0030544198;
  -0.14141069, -0.11237961, 0.072226681, -0.013834955, -0.019779081, 0.0081649432;
  -0.32515666, 0.12697151, 0.086579867, -0.072024629, 0.0014908318, -0.0019763373;
  -0.34595564, 0.20715222, 0.17006949, -0.22595005, -0.014735435, -0.0029310531;
  -0.3324782, 0.20636593, 0.099138759, -0.1559476, 0.010236369, -0.0037342343;
  -0.3253383, 0.10914797, 0.18876697, -0.18563393, -0.015979858, -0.0032371306;
  -0.21633752, -0.055760697, 0.10990167, -0.031599045, -0.038621802, 0.0076082931;
  -0.23517701, -0.020225793, 0.10493834, -0.048655063, -0.014745714, 0.0028320088;
  -0.16387092, -0.063459195, 0.045766205, -0.013781925, 0.019239077, 0.00040404822;
  -0.34016174, 0.10448319, 0.18544048, -0.16556592, -0.012304526, -0.0039174538;
  -0.11949411, -0.16498412, 0.11831819, -0.048905838, -0.024985433, 0.007895438;
  -0.19332311, -0.11983586, 0.14649199, -0.059249133, -0.014985285, 0.002341737;
  -0.26817, 0.024426626, 0.08846391, -0.024539834, -0.028836498, 0.0042841886;
  -0.24021855, -0.03517133, 0.13573788, -0.065119602, -0.035960551, 0.0062848232;
  -0.27172247, 0.11620422, -0.046003655, 0.057323672, 0.026686294, -0.0011619495;
  -0.2197156, 0.061468512, -0.066391475, 0.11232848, 0.0043349327, -0.0018542332;
  -0.067196049, -0.046365615, 0.049838897, 0.10825404, -0.011189504, -0.054436222;
  -0.13989131, -0.20361827, 0.070649609, 0.06310948, 0.0039216117, 0.00043462939;
  -0.048694309, 0.080483668, -0.048998918, -0.13197996, 0.044627819, 0.0044338233;
  -0.11300413, -0.046270337, 0.033051167, -0.04605528, 0.0039930921, 0.0035980635;
  -0.10092588, -0.20619933, 0.029382378, 0.072558142, 0.034858301, -0.0035731089;
  0.13596267, -0.22959247, -0.057941269, -0.010560932, 0.039953087, 0.0063086329;
  0.21971707, -0.23470517, -0.058622614, 0.018703878, 0.029254964, -0.018568054;
  -0.16098894, 0.19892588, -0.066468686, -0.075059354, 0.032362606, -0.002283934;
  0.96318394, 0.033199444, 0.0016263238, 0.039805539, 0.038741954, -0.030086022;
  0.27832392, -0.20479926, -0.13753261, -0.051989414, 0.051806945, 0.013366786;
  0.018958334, -0.12533557, -0.024744846, -0.031772662, 0.03080124, 0.0036469991;
  -0.12760501, -0.11524987, 0.056422688, -0.0054830108, -0.006708507, 0.0057934797;
  -0.14343372, -0.12718926, 0.014786727, 0.077890106, 0.0159162, -0.0021954386;
  -0.17063214, 0.052871685, -0.064983882, 0.040895432, 0.016635863, 0.0058994121;
  0.062920742, -0.25234824, -0.025457479, 0.037497211, 0.0017670518, 0.013267013;
  0.10465452, 0.066821553, -0.084939279, -0.044808615, 0.014163529, -0.024648035;
  -0.13413112, -0.13819486, -0.0080433097, 0.10693416, 0.016380692, 0.00023271042;
  -0.2769039, 0.72966009, -0.13445239, -0.31048396, 0.035696398, -0.0059550032;
  0.15924099, -0.25290325, -0.050825369, -0.0096319318, 0.054088585, -0.0038250014;
  -0.068946823, -0.18435654, 0.010854637, 0.057053052, 0.021288631, -0.0001156264;
  0.0094992705, -0.1891643, -0.031236906, 0.044974539, 0.035782881, -0.0019505377;
  -0.11104241, -0.16577454, 0.039855942, 0.031236107, 0.02969395, -0.0016692478;
  -0.1018104, -0.1760112, 0.0092927571, 0.070491455, 0.027455522, 0.0012961071;
  -0.0005087115, -0.26930749, 0.0099833123, 0.059215482, 0.03098896, 0.00088899193;
  -0.027450887, -0.17911319, -0.026272468, 0.052491315, 0.020732094, 0.0067083058;
  -0.019833891, -0.14751932, -0.054974504, 0.069447689, 0.010576501, 0.007430776;
  -0.016742751, 0.084620506, -0.08564312, -0.10332109, 0.056648459, -0.0013941115;
  -0.030546885, -0.23115616, 0.0057843062, 0.059660371, 0.022340285, 0.0038596892;
  -0.18270275, -0.11761393, 0.085050784, 0.0027679524, 0.012867155, -0.001612471;
  0.25076836, -0.28414872, -0.11247829, -0.015401662, 0.063287966, 0.0076965089;
  -0.029320361, -0.011579371, -0.10664599, 0.048417136, 0.012168263, 0.0034721131;
  0.11407773, -0.17496675, -0.065299228, -0.021955028, 0.012622135, 0.013114206;
  0.030308664, -0.078857102, -0.060427289, -0.049815208, 0.038926575, 0.007315259;
  -0.0014309403, -0.19617982, -0.014777363, 0.031503014, 0.0096574752, 0.0094152065;
  -0.034520447, -0.28257188, 0.035330139, 0.073754713, 0.007258812, 0.0054624197;
  -0.26089337, 0.02680546, 0.087800346, -0.053595658, 0.020057386, -0.0053313328;
  -0.18184395, -0.049055401, -0.015019503, 0.07105165, 0.0099299634, 0.0061951838;
  -0.01736537, -0.16671637, 0.016666377, -0.014469462, -0.006508715, 0.01137423;
  -0.16700163, 0.02335535, -0.057173282, 0.093706243, 0.020923894, -0.010306696;
  -0.2662738, 0.37880707, -0.24815819, 0.12372664, -0.020354575, 0.015501752;
  0.17502615, -0.25153568, -0.042564791, -0.0060773613, 0.022788383, -0.0027124479;
  0.16136332, -0.24115503, -0.074838251, 0.017727477, 0.02131586, 0.0079075685;
  0.01278296, 0.025116552, -0.097535551, -0.056374427, 0.05242224, -0.00065816275;
  -0.099172771, -0.13908648, 0.054471649, 0.011360338, 0.0036634787, -0.0038951023;
  0.2197848, -0.18063164, -0.084157079, -0.1020626, 0.035824258, 0.014356295;
  -0.11165605, -0.05925503, -0.021727378, 0.029456019, -0.004881511, 0.011287495;
  -0.043464534, -0.12706491, 0.014313422, -0.0060395277, 0.0081256488, 0.00020674123;
  -0.26661441, 0.13183306, -0.070258476, 0.070822485, 0.0089192223, 0.006467774;
  0.060192052, -0.32465279, 0.020769214, 0.040301781, -0.00094725343, 0.011509052;
  -0.12530439, -0.096596316, -0.020763105, 0.087245196, -0.0063694161, 0.0064958283;
  0.22406305, -0.22743419, -0.10190351, 0.0038410684, 0.027025485, 0.00082778995;
  0.2049844, -0.062570944, 0.010220451, 0.023025656, -0.0043838602, -0.063050725;
  -0.23572479, 0.075864859, -0.026298665, 0.040881872, 0.00029966197, 0.0051335492;
  -0.24483559, 0.036260705, -0.028865255, 0.091373868, 0.0096910829, -0.0001747811;
  0.11229127, -0.10494094, -0.019382799, -0.0061119194, 0.0061216028, -0.028809354;
  0.039525546, -0.19358766, -0.045513552, 0.044083178, -0.0045914529, 0.013835506;
  -0.15896067, 0.097847037, -0.070101745, -0.0070911013, 0.022175057, 0.0069440561;
  -0.20711312, 0.084768534, -0.080818035, 0.05742795, 0.033300117, 0.0040634177;
  -0.20234077, -0.13590096, 0.055143736, 0.076162659, 0.0085622845, 0.0011124397;
  0.049486704, -0.15350129, -0.050375964, -0.0074055837, 0.035205562, 0.005720939;
  -0.17653319, -0.093229651, 0.039586551, 0.041145477, 0.0088824956, 0.0003678092;
  -0.031020483, -0.15079464, 0.00066491787, 0.0033009429, -0.0041579888, 0.011710561;
  -0.21750112, -0.038501192, 0.0056918585, 0.073903076, 0.01871421, -0.00067284494;
  0.17837112, -0.27924243, -0.010541674, 0.0032588854, -0.072445825, 0.01949805;
  0.020816671, -0.19439851, -0.017722527, 0.038265716, -0.00091150281, 0.0065842434;
  0.37840113, -0.22924525, -0.10291681, -0.044687077, -0.04379892, 0.01741848;
  0.16563952, -0.22279787, -0.089377671, 0.0050304574, 0.035484169, 0.0074521946;
  -0.14891766, -0.070331611, -0.015802108, 0.094954722, -0.031215854, 0.0090698721;
  -0.089284793, -0.10763387, 0.03958112, -0.028506109, 0.008676298, 0.0030149375;
  0.11821451, -0.16878347, -0.078214027, -0.042445816, 0.09965837, -0.0073792776;
  -0.21986577, 0.07399603, -0.020566031, 0.025360689, -0.016074784, 0.0090582408;
  -0.10175515, -0.12493036, -0.001661489, 0.076553248, 0.01116337, -0.004729724;
  -0.078856751, -0.19062328, 0.031814475, 0.04557012, -0.00096909178, 0.0060746963;
  -0.1715617, 0.089273416, 0.035983555, -0.1294207, 0.031168552, -0.0014496638;
  0.055718027, -0.029431812, -0.075717933, -0.082050875, 0.042848036, 0.0052264496;
  -0.18550676, 0.05398773, -0.061291084, 0.047728028, 0.021197984, 0.0045058494;
  -0.1262047, -0.091879591, 0.057294745, -0.02969051, 0.0031328928, 0.0033348424;
  -0.20920134, 0.099011801, -0.046491396, 0.016798312, 0.017278215, 0.0030737389;
  -0.15333244, 0.18360595, -0.10522056, -0.027555615, 0.0028578425, 0.012023788;
  -0.058154248, -0.11214948, -0.011363108, 0.00080512767, 0.034231864, 0.0018967432;
  -0.23591079, 0.042763226, 0.090997696, -0.08339832, 0.0072362698, -0.0039579333;
  -0.28658983, 0.060273927, 0.081369586, -0.053621411, 0.023763534, -0.0054361559;
  0.18198577, -0.32822779, -0.050978769, 0.006363193, 0.04216611, 0.0092511857;
  -0.41289002, 0.38896933, -0.15095916, 0.11601762, -0.039802093, 0.016836865;
  0.037365243, -0.21067466, 5.5386776e-05, 0.041583177, -0.010550315, -0.0015601462;
  -0.22364482, -0.080153666, 0.025884978, 0.095846973, 0.0001885457, 0.002020532;
  0.067731231, -0.27416807, 0.024864649, 0.0049845865, -0.059714865, 0.025353841;
  -0.18046063, 0.041365292, 0.012960897, -0.030361239, 0.0050248988, 0.0020020667;
  -0.060189195, -0.148344, -0.014171105, 0.08481501, 0.0093990751, -0.0061878902;
  -0.22588618, -0.073438771, 0.047336254, 0.054635517, 0.017830227, -0.0022688499;
  -0.044182498, -0.0057138386, 0.043647792, -0.12042242, -0.024741439, 0.0014854488;
  -0.14819485, -0.032170638, -0.024143701, 0.069772311, 0.018320723, -0.0069839135;
  0.0013141029, -0.14775427, -0.006806436, -0.018760672, 0.034849219, -0.0015798437;
  -0.19802992, -0.056449607, 0.060788613, 0.027348591, 0.012368638, -0.011706561;
  -0.24578843, -0.041580856, 0.024162689, 0.086135894, 0.0054288008, -0.00045145603;
  0.084221683, 0.0097598303, -0.071395032, -0.14379738, 0.03146565, 0.0068682265;
  -0.2276911, -0.080764756, 0.072590582, 0.034050934, 0.0040343315, -0.00043726011;
  -0.17857809, -0.20727411, 0.081436574, 0.079902016, 0.0096521787, 0.00014064259;
  -0.41281241, 0.10839196, 0.034196775, 0.10180637, -0.01532132, 0.0023140195;
  -0.17242351, -0.047864154, 0.025561651, 0.060268559, 0.0065381601, -0.01278275;
  0.11411674, -0.098070286, -0.01264371, 0.073087513, 0.002864989, -0.045554794;
  -0.20025688, 0.076068982, -0.099763848, 0.12718974, -0.019270517, 0.0086783348;
  0.0061272131, -0.14380634, -0.019551473, 0.088664517, -0.014367844, -0.014226267;
  -0.20393698, 0.0098506669, -0.03082343, 0.078047395, -0.0035944318, 0.0056516663;
  -0.33927011, 0.10155174, 0.022894505, 0.053949125, -0.016042234, 0.0046641361;
  -0.20652494, -0.03675111, 0.030108714, 0.052047528, 0.0003257404, -0.0036429588;
  -0.15499027, -0.031033559, 0.039007496, -0.015444187, -0.015518085, 0.0043255943;
  0.073782109, -0.090196669, -0.067101941, 0.03659486, 6.3923755e-05, -0.0080470862;
  -0.29661423, 0.15794195, -0.064047247, 0.07149557, 0.013937744, 0.0026432811;
  -0.26131272, 0.0076186061, -0.018087272, 0.11487904, -0.010803055, 0.0068332157;
  0.071485445, -0.1844348, -0.067339629, -0.0035316495, 0.075585805, 0.00013930055;
  -0.029804688, 0.051710177, -0.12148387, 0.016114682, -0.018888652, 0.016177827;
  -0.31878775, 0.19796322, -0.02198997, -0.00019491688, 0.025506154, -0.0034134639;
  -0.18878365, -0.052321102, 0.011984953, 0.056730356, 0.01324713, -0.0011402718;
  -0.26300025, 0.030376483, 0.037180275, 0.031081259, -0.018742092, 0.0043909107;
  -0.24303141, 0.14066789, -0.018926777, -0.03330984, 0.033407982, -0.0017762012;
  -0.23575109, 0.26176772, -0.086267076, 0.03190149, -0.040468346, 0.00054518605;
  -0.35723007, 0.13276872, -0.0071900124, 0.069890186, 0.015375918, -0.00045736739;
  -0.22458728, -0.069350839, 0.026452739, 0.074563995, 0.014978916, 0.00090260326;
  -0.17620203, 0.2172766, -0.052347798, -0.07427077, -0.0055272444, 0.0022553401;
  -0.33611178, 0.11414781, 0.01668182, 0.068569601, -0.012456339, -0.0037214165;
  -0.16746496, -0.077224351, -0.0030031209, 0.074085087, 0.0037860721, 0.0051785749;
  -0.17871062, 0.21662165, -0.022114227, -0.034127545, -0.023225458, -0.015379375;
  -0.073207267, -0.028568434, 0.0075471215, 0.029855436, -0.019107413, -0.015769411;
  -0.28301239, 0.078857593, -0.035061587, 0.085356727, 0.018501567, 0.00084135873;
  -0.25578699, -0.020032737, -0.0013122552, 0.10393599, 0.011138712, 0.00094481092;
  0.29573131, 0.095796145, 0.020590248, -0.002973564, 0.0023374804, -0.079967678;
  0.10904788, -0.11155116, -0.082774162, -0.0064689382, 0.042076856, -0.0047161751;
  -0.38489032, 0.13581242, 0.052950758, 0.030275445, -0.017222421, 0.001568501;
  -0.26185006, 0.05009193, 0.00069364766, 0.097902298, -0.023931697, -0.0045254435;
  -0.27436319, 0.028575964, 0.029203597, 0.036943138, 0.0031288886, 0.0026474327;
  -0.11769946, -0.10546523, -0.01904879, 0.068885118, 0.031279538, -0.0014594499;
  -0.3199999, 0.1575584, -0.012283492, 0.067287803, -0.00582089, -0.0084816888;
  -0.37603074, 0.3435078, 0.031446394, -0.099173449, -0.030201444, -0.0028445865;
  -0.28022903, -0.016981648, 0.044456627, 0.066321835, -0.00056874455, 0.0012998148;
  -0.28914201, 0.16000611, -0.049958777, 0.055284649, -0.0056972294, 0.0050756717;
  -0.09467794, -0.10111297, -0.0044169035, 0.025453886, 0.035861026, -0.0028755111;
  -0.35513797, 0.11180908, 0.018128246, 0.065465145, -0.0084876008, 0.0021157316;
  -0.25148878, 0.080300204, -0.0062556788, 0.047299687, -0.016341098, 0.001471307;
  -0.25380102, -0.058815073, 0.038590267, 0.11539546, -0.028907733, 0.0012692305;
  -0.38671806, 0.17604552, 0.017061155, 0.043932676, -0.017760521, 0.0037917336;
  -0.2192419, 0.40676335, 0.019164592, -0.22518282, -0.009211354, -0.02223525;
  -0.27630949, 0.11477662, -0.040243778, 0.071085714, 0.0013513843, 0.0014351321;
  -0.4160172, 0.18988745, 0.0074869576, 0.064645275, -0.0017204643, 0.00068405422;
  -0.32737166, 0.11780698, -0.038883012, 0.11321767, -0.012810185, 0.0060046636;
  -0.11760802, -0.11676022, -0.013766457, 0.061464649, 0.033948205, 0.00111502;
  -0.062706031, 0.069674388, -0.030972442, -0.098206639, -0.0030399065, 0.0085379612;
  -0.016873874, 0.13370997, -0.018727247, 0.014590708, -0.00058401847, -0.051270794;
  0.37767586, 0.1695026, 0.11888325, 0.094528526, -0.0054016337, -0.095045961;
  0.36763245, 0.16472629, 0.065460823, 0.033973549, -0.018306898, -0.083072253;
  0.5220235, 0.26969972, 0.16780475, -0.054304138, 0.0082947323, -0.074653052;
  -0.10528255, 0.21364561, 0.0045635398, -0.1169106, -0.02366638, -0.021802003;
  -0.1881523, 0.16083041, -0.052305691, -0.00039922495, -0.026645022, 0.0048004379;
  -0.2553798, 0.22968617, -0.096605487, 0.057184808, -0.033058804, 0.0082618967;
  -0.26976955, 0.03750585, 0.012546199, 0.056387831, 0.0038224729, 1.2718679e-05;
  -0.21371655, -0.14146151, 0.060322862, 0.079813384, 0.019973839, -0.0016846849;
  -0.044730961, -0.013417117, -0.047656648, 0.025206551, -0.048664447, 0.011433589;
  0.12074366, -0.094249144, -0.026276831, 0.0098666092, -0.0091110254, -0.01941397;
  -0.23409902, -0.0088551091, -0.015845094, 0.088226847, 0.020298561, 0.00065124605;
  0.084877394, -0.13249828, -0.076874696, 0.027827552, 0.00039217254, 0.0065795574;
  -0.19863567, -0.030692946, -0.018614948, 0.084649354, 0.023853077, -0.0022140774;
  -0.064423345, 0.0096643567, -0.0019395952, 0.022811439, -0.035157591, -0.015511136;
  -0.14968717, 0.20434806, 0.08829505, -0.091460072, -0.045408484, -0.044867612;
  -0.22813682, 0.24091074, -0.10638776, 0.047325101, -0.0036347543, -0.0027879141;
  -0.26240411, 0.026428906, 0.050089359, 0.0091269296, 0.0094629619, -0.0037539245;
  -0.16917804, -0.11240882, 0.049751095, 0.079316244, 0.011979549, -0.015932765;
  -0.059766274, 0.07261309, -0.035685956, -0.11172104, 0.020699579, 0.0046002506;
  0.26797345, -0.023093754, -0.085548945, 0.059887502, -0.0030664967, -0.03892858;
  0.17723782, 0.11227191, 0.070880435, 0.047087703, -0.026756572, -0.08574336;
  -0.36244118, 0.25451466, 0.067568965, -0.11953726, 0.0011604446, -0.0024927303;
  0.12122804, 0.0093194544, -0.10914813, 0.024339033, 0.023560738, -0.02733756;
  0.064042382, 0.32471541, -0.099646531, 0.018723594, -0.028199311, -0.03672016;
  -0.33882275, 0.17523943, -0.028734567, 0.044120088, 0.015225658, 0.0012486948;
  -0.31036413, 0.16955988, 0.019543059, -0.023690611, -0.0043019657, 0.00015127005;
  -0.36292654, 0.13171993, 0.013759929, 0.062943786, -0.01265617, 0.0031036085;
  -0.29768068, 0.015386291, 0.025941135, 0.079342224, 0.0016737096, 0.0010736084;
  -0.30770877, 0.20818087, 0.0029279392, 0.0050725932, -0.039481785, -0.00063213706;
  -0.18936995, 0.11151622, 0.019403197, -0.026849961, -0.023857851, -0.0092683202;
  -0.11909559, -0.10759962, 0.039518449, -0.0026053831, 0.030693034, -0.0049052294;
  -0.40329364, 0.35580841, -0.01168329, -0.021781528, -0.023422524, -0.0054369532;
  0.25568959, -0.048973076, -0.15963706, -0.057385605, 0.0668834, -0.012623964;
  0.042737428, 0.35499066, -0.021956466, -0.10717595, -0.0292094, -0.050487928;
  -0.2034433, -0.036820129, 0.04269718, 0.0053302869, 0.011037067, 0.0019724786;
  -0.42118114, 0.25314501, 0.0043471558, 0.016683282, -0.0011926953, 0.0014627696;
  -0.14240222, -0.071813375, -0.030165616, 0.083323538, 0.033109043, -0.0032915862;
  -0.1364525, -0.018114567, 0.019680219, -0.025315553, 0.0085156215, -0.00074907055;
  -0.30457675, 0.12420827, -0.0058313198, 0.035443675, -0.00051028031, 0.0028263035;
  -0.39692727, 0.17521352, 0.039984602, 0.012381028, 0.0044227373, -0.0012571242;
  -0.32480574, 0.1209893, 0.023596907, 0.017529214, 0.0036673821, -0.00025430162;
  -0.2214188, 0.068081848, -0.043510865, 0.065852851, 0.017775454, -0.0036444301;
  -0.27590856, 0.014875907, 0.0066824402, 0.10027993, 0.014698107, -0.0074045076;
  -0.25631025, 0.085818224, -0.073531725, 0.13876262, -0.019624446, 0.0055207415;
  0.051986486, 0.11400829, -0.13294537, -0.027985211, -0.0057557649, 0.00077845156;
  0.16241449, -0.11199161, -0.064047396, 0.034546994, 0.0092601366, -0.018052356;
  -0.072843492, -0.1794427, -0.010315691, 0.072327405, 0.030900298, 0.0019472963;
  0.075111985, 0.067226738, -0.10158952, 0.035331596, 0.0097528575, -0.033371441;
  -0.20897764, 0.21087731, -0.076412708, 0.033121344, -0.03477468, -0.00039378193;
  -0.25985348, -0.017247593, 0.0128612, 0.10394451, -0.023565963, 0.0062552956]