[-0.085149758, 0.12136217, -0.17987993, 0.048602384, -0.0270677, -0.075006329, -0.0096800122, 0.018139001, -0.049654514, -0.00013015416;
  -0.031328391, 0.24525227, -0.17348886, 0.20319107, -0.12232106, -0.046737347, -0.12337925, 0.0070504071, -0.053731617, 0.0084008537;
  0.038856033, 0.1463695, -0.18674496, -0.047712803, 0.0305783, -0.023875028, 0.080152512, 0.10288151, 0.067280784, -0.056393735;
  -0.22727129, -0.021070363, -0.16544943, -0.091129124, 0.025937896, 0.02044866, 0.1339056, 0.067166172, -0.042038023, 0.0045896098;
  -0.094303727, 0.036227029, -0.17048457, -0.077368267, -0.015466686, 0.031682625, 0.12830757, 0.091373406, -0.0023820191, -0.0029272877;
  0.15591584, 0.15179966, -0.17278686, 0.016102675, -0.058543049, 0.0036218301, -0.065664373, -0.026870538, -0.063400038, -0.0015977222;
  0.1412058, 0.074324153, -0.19612639, 0.074340649, -0.085249402, -0.035665825, -0.035658933, -0.0012375023, -0.056538068, 0.0082828291;
  -0.23694202, -0.06313996, -0.14715533, -0.089367606, 0.0045118765, 0.093612216, 0.12246636, 0.022499444, -0.070333809, 0.0097602215;
  0.1432448, 0.050878253, -0.23786794, 0.046798583, -0.10552347, 0.048252717, 0.067005254, 0.058253899, -0.027670883, -0.018201511;
  0.018330239, 0.15264738, -0.17998581, 0.10822278, -0.16884546, 0.088374875, 0.026715765, 0.065608874, 0.0091648083, -0.015105078;
  -0.091671579, 0.14179678, -0.18508478, 0.088665389, -0.13049702, 0.085263312, 0.053968914, 0.059445377, -0.0070971432, -0.0028274851;
  0.012279284, 0.31276837, -0.085904777, 0.18704943, 0.011302766, -0.14140317, -0.29081735, -0.04448206, -0.10486275, 0.032577302;
  0.051787201, 0.14697856, -0.048537366, -0.10365918, -0.10425571, -0.091834716, -0.078164726, -0.042954691, 0.0051039173, 0.0012402394;
  -0.042608228, 0.242745, -0.11955471, 0.16456479, -0.065247871, -0.097119689, -0.18190493, -0.023601517, -0.093334414, 0.042852703;
  -0.43178335, 0.047870297, -0.049044285, -0.11650869, -0.0031619158, 0.15707244, 0.063797332, -0.064326882, -0.037398972, 0.010270887;
  0.088230602, 0.18003395, -0.14462708, 0.053086594, -0.08952412, -0.061244033, -0.12484066, -0.010991842, -0.10742693, 0.027229091;
  -0.33051574, 0.03181123, -0.098331392, -0.11033656, 4.3590764e-05, 0.12674494, 0.077437736, -0.034298744, -0.035198163, -0.010427221;
  -0.32831657, 0.020896036, -0.12843163, -0.10554908, 0.017286761, 0.086913444, 0.12001836, 0.040797506, -0.046711482, 0.0085186288;
  0.10278705, 0.23587438, -0.18592596, 0.030331619, -0.02350777, 0.0053170561, -0.08977855, 0.019023269, -0.08512719, -0.0069453022;
  0.21640396, -0.014099768, -0.17821062, 0.007497218, -0.12167339, 0.047948528, 0.026319005, -0.0046019643, -0.0016191953, -0.034265667;
  0.03698289, 0.093448095, -0.2124407, -0.062904567, 0.013165802, -0.06394992, 0.098433189, 0.031344421, 0.060203508, -0.054328237;
  0.10570846, 0.13136399, -0.25536665, -0.066758811, -0.033137791, 0.013100901, 0.082337685, 0.0085313497, -0.039039884, -0.027650909;
  0.1904974, 0.25791302, -0.16088511, 0.051249485, 0.028834326, -0.09609618, -0.10351302, 0.0056256056, 0.050527971, -0.049705673;
  0.068772748, 0.16967614, -0.18251079, -0.052161526, 0.049300075, -0.058902446, 0.033364277, 0.008120968, 0.072707489, -0.065236859;
  -0.07337898, 0.2654748, -0.14312136, 0.061800245, 0.05284135, -0.12766699, -0.093269147, 0.0069362032, 0.054302085, -0.059373099;
  -0.083779737, 0.040550061, -0.032549873, -0.1350736, -0.1182145, 0.01856357, -0.0063088001, -0.083818689, 0.033162884, -0.021059262;
  -0.24421045, 0.036713392, 0.013903142, -0.14240466, -0.13849387, 0.030937018, -0.0023108064, -0.098489493, 0.034036539, -0.0082417428;
  -0.15354316, 0.078283273, -0.13293558, -0.018522879, -0.029947169, 0.0042680642, -0.070464313, -0.11178765, -0.1345899, 0.014530875;
  -0.20759813, 0.13006844, -0.089736708, -0.057078131, -0.010396845, 0.0015243536, -0.017206514, -0.14437376, 0.0636978, -0.060579605;
  0.033223726, 0.097273588, -0.14453392, -0.089661799, -0.10643283, 0.045841366, 0.027822606, -0.050386768, -0.015823891, -0.014925972;
  0.054579046, 0.3770979, -0.12340441, 0.26132202, -0.11211368, -0.026572781, -0.29099414, 0.029660683, -0.1381674, 0.03117449;
  0.026616262, 0.022102574, -0.13464025, -0.10767361, -0.10878035, -0.068483584, 0.050183579, -0.067226022, 0.024916016, -0.0079953875;
  0.14604229, 0.099412076, -0.24429128, 0.048016693, -0.082717113, 0.039951649, 0.069075771, 0.087098278, -0.01400956, -0.015346853;
  0.090977959, 0.0055000139, -0.19801736, -0.015705019, -0.090848655, -0.0042202119, 0.07583373, 0.014025193, 0.0044419244, -0.022365218;
  0.10072999, -0.036879063, -0.11575753, -0.13137764, -0.068288095, 0.025095331, 0.059190486, 0.030023428, -0.029453753, 0.0054515665;
  0.17658292, 0.065451279, -0.16235799, -0.067745768, -0.042557307, 0.076481916, -0.03875491, -0.12046935, -0.04093555, -0.050976366;
  0.080381393, 0.17361078, -0.15691194, 0.032127552, -0.14714955, 0.13185984, -0.003570474, -0.043653961, 0.028152687, -0.048541978;
  0.73147798, 0.062081549, -0.18117188, 0.039201334, -0.00063079927, 0.036956046, -0.0013462432, 0.068296358, 0.026443524, -0.021244114;
  0.12028141, 0.022328742, -0.19652681, 0.046546414, -0.10342967, -0.0049562664, 0.026797779, 0.025119338, -0.012463666, -0.017076112;
  -0.046775695, 0.1809011, -0.16064231, -0.020801805, -0.048143148, -0.011667421, -0.03763416, -0.014072456, -0.081258856, 0.0098218825;
  0.21377355, 0.099158362, -0.20300713, 0.09145388, -0.12890992, 0.054477565, 0.022508604, 0.082037821, 0.019647945, -0.034347523;
  -0.056093473, 0.090798512, -0.21686065, -0.0776463, 0.035114232, -0.11265843, 0.10273308, -0.037242167, 0.070399649, -0.077259839;
  -0.056632563, 0.30777097, -0.11748356, 0.020072734, -0.044898119, -0.13459098, -0.10756818, -0.039469935, 0.0097697647, -0.017086983;
  -0.00186032, 0.22741596, -0.16133018, 0.050637141, 0.018514447, -0.10273834, -0.089260429, -0.013429453, -0.026030732, -0.023789739;
  -0.18509459, 0.10235003, -0.11996089, -0.064521469, -0.067609452, -0.012344291, -0.030881589, -0.068661317, -0.094991431, 0.011247216;
  0.10381816, 0.092218667, -0.24409288, 0.07693512, -0.13621363, 0.050375041, 0.083691515, 0.022956138, -0.009115071, -0.0059346035;
  0.25841978, 0.067229532, -0.21609044, 0.03109777, -0.12446307, 0.08465074, 0.028010968, -0.014414671, -0.0013718936, -0.053244513;
  0.076148152, 0.026988065, -0.19499969, -0.029585136, -0.024073789, 0.056195043, 0.08713311, 0.070571125, -0.030638784, -0.0080866385;
  0.26808438, 0.27635524, -0.16516453, 0.43049663, -0.19814722, 0.13096541, -0.15634993, 0.13326013, 0.055621281, -0.018993275;
  0.19089204, 0.0062556583, -0.22031307, 0.00771834, -0.068386808, 0.010962223, 0.070012078, 0.06051578, -0.010217762, -0.026570698;
  0.12951624, 0.12106147, -0.17680527, -0.089359522, -0.0085275369, 0.016746802, -0.014331352, -0.083515815, -0.025617978, -0.042549286;
  0.18187569, -0.0083226534, -0.22549276, 0.011573549, -0.10687704, 0.0093853101, 0.077910163, 0.046880044, -0.014992238, -0.02375531;
  0.30449894, 0.0077709742, -0.18290605, 0.098993346, -0.08748658, 0.01955667, 0.051782206, 0.059137821, 0.04047747, -0.055661794;
  -0.26523679, 0.18651654, -0.18828218, 0.10635144, -0.036408447, -0.055542681, 0.031188041, 0.048171625, -0.037323602, -0.0077873231;
  -0.15825291, -0.00089025038, -0.14884579, -0.06342952, 0.071803987, -0.16094056, 0.077491, -0.032816235, 0.069841512, -0.044793434;
  -0.21416529, 0.28378308, -0.11996146, 0.13715102, 0.020201657, -0.16035761, -0.21107039, -0.060482994, -0.16227229, 0.05972242;
  0.080768302, 0.020011416, -0.11160737, -0.070225365, -0.046840303, 0.10153859, -0.034576137, -0.12684081, 0.0032693094, -0.055842843;
  0.085727863, 0.0019634857, -0.18049625, -0.11058012, -0.064175718, 0.056787271, 0.078334406, -0.023361996, -0.040833011, -0.019834587;
  0.24403778, 0.06768351, -0.18135919, 0.0079267723, -0.085468337, 0.049241766, 0.023786031, 0.0083308658, 0.016283587, -0.048715971;
  -0.12210194, 0.28796038, -0.10595808, 0.09200564, 0.10581422, -0.18508239, -0.10257665, -0.045947149, 0.16032963, -0.090704955;
  0.10571556, 0.16461514, -0.17250185, -0.0032097204, 0.038882799, -0.12075471, -0.033030368, -0.016062403, 0.041867875, -0.038784467;
  0.15728572, 0.1657804, -0.18423659, 0.014587431, -0.00537288, -0.015988238, -0.029561598, -0.02638332, 0.010247, -0.025175203;
  0.082426131, 0.099793442, -0.18200901, -0.13892186, -0.016957117, 0.10218246, 0.035070714, -0.13934973, 0.0019369894, -0.070569038;
  0.16219707, 0.069661237, -0.23515965, -0.034745317, -0.058972493, 0.044033915, 0.066159338, 0.026009222, -0.042861704, -0.023289936;
  0.052443266, 0.10307827, -0.20288876, -0.027509885, -0.032994717, -0.0032156552, 0.01193725, -0.00044993873, -0.082716532, 0.0020773339;
  -0.11577944, 0.067044362, -0.14728422, 0.13653937, -0.09036795, -0.072208412, -0.056608561, -0.009003357, -0.05082196, 0.02150563;
  0.20142552, 0.22113633, -0.17625587, 0.11706433, -0.054059338, -0.062833048, -0.14452787, 0.004429, -0.069904879, 0.0099977897;
  0.15836582, 0.13937095, -0.23749132, -0.064485587, -0.07372994, 0.092974126, 0.067869626, -0.017654262, -0.018284233, -0.038849447;
  -0.0075165001, 0.10082651, -0.22726136, 0.079546936, -0.14687955, 0.01581993, 0.082599163, 0.038418014, 0.041382458, -0.049595587;
  -0.0048652948, 0.094991744, -0.19745633, 0.10381747, -0.14483513, -0.012502925, 0.031459965, 0.04132029, 0.032428268, -0.029522803;
  0.1848743, 0.24301162, -0.12707831, 0.43600586, -0.20647311, 0.12148095, -0.12574744, 0.1346993, 0.052472379, -0.034825649;
  0.13123444, 0.21154107, -0.15557773, 0.29585689, -0.19400488, 0.06686493, -0.12204981, 0.089730859, -0.0021778641, -0.0023521131;
  0.13043654, 0.093889341, -0.14066121, 0.077062055, -0.038859129, -0.069977865, -0.10752354, 0.014825143, -0.058520693, -0.0014037605;
  -0.12158635, 0.13935348, -0.12615541, -0.073169351, -0.010745174, 0.12634653, -0.018020611, -0.1639684, 0.033015434, -0.086066917;
  -0.078947313, 0.3789421, -0.055975813, 0.21443655, -0.025836561, -0.10533439, -0.32183284, -0.041672312, -0.25448573, 0.092861533;
  -0.14916496, -0.10761069, -0.14777352, -0.031939, -0.02210439, -0.1185814, 0.061836787, -0.039611481, -0.039847154, 0.0093697151;
  0.058416005, 0.039952863, -0.17378442, -0.13923626, -0.059097677, 0.018029194, 0.093722194, 0.012468233, -0.007603955, -0.027072109;
  0.2510083, 0.050636392, -0.19675632, 0.055350039, -0.11347915, 0.031828791, 0.049470779, -0.009232292, 0.031916149, -0.065521918;
  0.0051201922, -0.026257215, 0.023593372, -0.15147497, -0.15622927, -0.084625758, -0.023624934, -0.02909329, 0.061872154, -0.0022435158;
  -0.0043789777, -0.036505491, -0.080377549, -0.12356061, -0.085352533, -0.12543803, 0.032879498, -0.043013178, 0.023255302, 0.0042435951;
  -0.15786536, -0.051981509, -0.13934194, -0.099921331, 0.0060058958, 0.063174859, 0.11270282, 0.050622996, -0.07024233, 0.023343164;
  0.1147736, 0.076407574, -0.16472118, -0.055943992, -0.059905164, -0.00065552513, 0.030799825, -0.013395166, -0.057733051, 0.015091679;
  0.15762322, 0.036601953, -0.18489993, -0.055205893, -0.094640724, -0.014621361, 0.079458863, 0.038180806, 0.036693767, -0.040795244;
  -0.38456827, 0.060548116, -0.14483592, -0.025687261, -0.079198085, 0.0032780622, 0.10105545, -0.0018609379, -0.038140789, 0.0066788658;
  0.064175263, 0.083816446, -0.20515388, 0.015443198, -0.054916121, -0.078023784, 0.017094087, -0.0043818224, -0.012718257, -0.023455303;
  0.16523238, 0.12646165, -0.20499662, -0.048381675, -0.11238466, 0.063826017, 0.01787529, -0.062123213, -0.010265062, -0.046005268;
  -0.1759652, 0.086471289, -0.17227273, -0.066786528, -0.031255085, -0.085996978, 0.051567588, -0.024749145, -0.045490876, 0.0091985781;
  -0.10854269, 0.29316825, 0.013220973, -0.13704301, -0.20169929, -0.045200363, -0.055577733, 0.0026007555, 0.068875477, 0.0097524803;
  0.2161687, 0.068960518, -0.13522559, -0.027851185, -0.10654949, 0.016780179, 0.00042645488, 0.061988663, -0.0033775046, -0.02481772;
  -0.072866462, 0.30477244, -0.17891151, 0.041938834, -0.0031277477, -0.082376041, -0.040391378, 0.025986945, 0.051210031, -0.057153534;
  0.13972378, -0.020415423, -0.14954428, -0.021234579, -0.054694951, -0.047069415, -0.018171256, 0.028697535, -0.072765745, 0.00082018232;
  -0.39625573, 0.12365084, -0.16711913, -0.042286105, 0.094033279, -0.070725627, 0.1310879, 0.0076151383, 0.099861972, -0.06789799;
  0.12495446, -0.0011550635, -0.19342464, -0.043475777, -0.036916547, 0.0065284655, 0.045782395, 0.027292296, -0.060396604, -0.0067626568;
  0.016033027, 0.053568318, -0.18818991, -0.033014245, -0.022902153, -0.06386935, 0.037611816, 0.0022520309, -0.04053437, 0.010973327;
  -0.027304048, -0.0020690118, -0.19763485, 0.033094861, -0.10043798, -0.0044757337, 0.076119438, 0.0423715, -0.0091396775, -0.025555724;
  -0.11384048, 0.14602071, -0.17553118, -0.075956307, 0.00025880878, 0.015233393, 0.10321735, 0.10036273, 0.024203435, -0.028766241;
  0.073348969, 0.0016069614, -0.18944532, -0.014000768, -0.15685616, 0.010499526, 0.086882509, 0.036836788, 0.0045656003, -0.013058111;
  -0.09686055, -0.061430924, -0.17616484, 0.019999834, -0.15539692, 0.015210374, 0.10099174, 0.0010318784, 0.0047159814, -0.017570646;
  -0.067224264, 0.075072683, -0.077273153, -0.079139113, -0.15758637, -0.061475165, 0.018703073, -0.023554888, 0.046406507, -0.010600858;
  1.0428507, 0.096522197, -0.22275865, -0.12646721, 0.056710549, 0.025627172, 0.026871417, 0.0047130696, 0.010087566, -0.01418296;
  -0.023598928, -0.006281564, 0.0077066058, 0.13487306, -0.18775609, -0.00060405844, 0.089442261, 0.0022566451, -0.00059306604, 0.017898232;
  -0.17437884, 0.17252997, -0.13326643, 0.1903843, -0.076586671, -0.061122134, -0.13358952, 0.0067453058, -0.17644309, 0.06064897;
  -0.47616422, -0.081763372, -0.074666344, -0.099904969, 0.07897269, 0.15658154, 0.06848745, -0.13477656, -0.03227023, -0.039942618;
  -0.006639496, -0.22362231, -0.012458699, 0.3301928, -0.14910132, 0.065326437, -0.038238235, 0.10663242, 0.0075416085, 0.05105992;
  0.77425367, -0.19253646, -0.14883007, -0.13009045, -0.022858212, -0.013661637, 0.050946351, -0.0011231343, -0.022413369, -0.013225278;
  -0.0020719457, -0.18346171, -0.078004941, 0.31395119, -0.19472827, 0.065613776, 0.028236145, 0.073756576, 0.023438625, 0.0030605029;
  0.90182096, -0.16475527, -0.12518652, -0.11646132, 0.0035157502, -0.0035523756, 0.0067721056, 0.0053388439, -0.010329229, -0.0044903685;
  -0.34862846, 0.084092729, 0.010211837, -0.024010343, 0.12203851, 0.057418883, 0.020619135, 0.24147511, 0.034179486, 0.010373295;
  -0.41979405, -0.10425653, -0.16441175, 0.0080846455, -0.045194376, -0.040083688, 0.13248554, 0.01974678, -0.10746617, 0.046050664;
  -0.50447595, -0.1171053, -0.064847194, -0.084142178, 0.11490682, -0.047775704, 0.10381041, -0.012245481, -0.012686162, 0.0088761114;
  -0.49115419, -0.0025671949, -0.11197152, -0.11579334, 0.030052962, 0.045662213, 0.088688925, -0.16440371, -0.016536152, -0.033046573;
  -0.42856708, -0.13590474, -0.034560051, 0.011645166, 0.12837665, -0.21312603, 0.0007256419, -0.067236818, 0.033669237, 0.0025381437;
  0.44210139, -0.50310349, 0.045498718, -0.0019575201, -0.078582577, 0.01654065, -0.074733406, 0.0038959822, -0.031102756, 0.017355526;
  -0.35362837, 0.10100897, 0.11087815, -0.11169736, -0.015555085, 0.14922804, -0.052352518, -0.024992613, 0.036275834, -0.0020767872;
  -0.29871762, 0.1184433, 0.36002418, -0.18272007, -0.099438556, 0.023840204, -0.073105223, 0.12270711, 0.12659332, 0.049104504;
  -0.44210887, -0.11375517, -0.051985875, -0.0025290814, 0.10154916, -0.16046283, 0.00037165519, -0.032805271, -0.052489679, 0.033685848;
  -0.099900097, 0.31052041, 0.23461352, -0.06125265, -0.039475214, -0.040002648, 0.12863237, 0.10105347, -0.113912, -0.06267304;
  -0.20946677, 0.22799051, 0.2353206, -0.16203751, -0.22727159, 0.0053510652, -0.0097732889, 0.047362909, 0.14593312, 0.042377632;
  -0.26941615, -0.04116049, -0.08152128, 0.077899367, -0.13030297, -0.062109936, 0.027552772, -0.012639807, 0.043558918, -0.022311425;
  -0.38085091, -0.17096128, -0.03372322, 0.00013277851, -0.03213159, -0.051202711, 0.034370389, -0.0010044371, -0.013391874, -0.00079289067;
  -0.13563277, -0.027337981, -0.13945872, 0.14329046, -0.085791074, 0.024697002, 0.18465239, 0.029334478, -0.0074932543, -0.00085940456;
  -0.36040264, -0.20218669, -0.015304215, -0.00089508994, -0.10280858, -0.040893801, 0.042788956, -0.010675565, 0.0056465035, 0.00042751199;
  -0.33989999, 0.17142683, -0.16319555, 0.054771774, 0.071830645, -0.1419144, 0.046667162, -0.012834964, 0.0897104, -0.06084799;
  -0.53178644, -0.35807189, 0.096000239, -0.1498187, 0.087717138, 0.090903901, 0.057688039, -0.010648948, -0.067572691, 0.042328071;
  0.21516602, 0.34420133, 0.77566242, -0.13067898, -0.10990707, -0.10014508, 0.1421881, 0.087711558, -0.27132499, -0.07814908;
  0.45713717, -0.022399655, -0.19632633, -0.072122119, -0.12128853, 0.023067329, 0.070392214, -0.010147168, 0.010923699, -0.015150159;
  -0.042290084, 0.037910234, -0.15660992, 0.27011287, -0.20516148, 0.065394454, -0.027138015, 0.043962169, -0.021363506, -0.008607558;
  -0.51404488, -0.12262489, 0.0079164961, -0.15782155, -0.042159248, -0.086964317, 0.099682271, -0.054249369, 0.020308789, 0.016200252;
  -0.0096547343, -0.52514207, 0.19970497, 0.033374861, -0.048354022, -0.027265906, -0.08826568, 0.1445512, -0.059013873, 0.031546146;
  -0.42342246, -0.34908977, 0.23009637, -0.088712022, 0.13671501, 0.15097487, -0.11412755, -0.0082182446, -0.038086113, 0.034343399;
  -0.020795617, -0.097043172, -0.23136486, 0.036321707, -0.13559099, -0.0021665334, 0.15092205, 0.0064587146, -0.017090794, 0.022584926;
  -0.15476757, 0.12108088, -0.076616198, 0.20216545, -0.019702043, -0.093366906, -0.1554081, -0.0021087851, -0.12672371, 0.052159835;
  -0.26245081, 0.098142982, -0.030367754, 0.12201744, 0.026544277, -0.14898555, -0.2390914, -0.055996735, -0.26585856, 0.10900088;
  -0.40203637, 0.17000851, -0.15380551, -0.026718643, 0.16681561, 0.07833498, 0.13597788, 0.20647939, 0.0079264697, -0.012917794;
  -0.47151849, -0.11348722, -0.051121932, -0.059816614, 0.12280399, -0.064474978, 0.084041163, 0.0017270527, 0.038552746, -0.036329474;
  -0.36711332, 0.019870741, -0.010840509, 0.034010142, 0.23808317, -0.13611251, 0.0030961637, 0.067549743, 0.19192992, -0.100413;
  -0.011981023, -0.024479339, -0.13680241, 0.05179631, -0.023258865, -0.011479304, 0.015232588, 0.10467653, -0.0042789183, -0.0082687596;
  0.085733362, -0.26208782, 0.63299793, 0.051306032, 0.58435225, 0.33339646, -0.27379593, -0.14837743, 0.020604338, 0.033539064;
  0.52253544, -0.11315966, -0.19559649, -0.060528632, -0.06582088, 0.026006486, 0.072167411, 0.0064514163, -0.019091664, 0.0034299423;
  -0.045225542, 0.052966233, 0.60938406, -0.073792383, -0.064865418, 0.012268414, -0.27246058, 0.17855065, 0.17291667, 0.073022172;
  -0.32225224, 0.17915508, -0.16846482, 0.068806, -0.018286575, -0.093975782, -0.042305104, -0.051451307, -0.15886854, 0.050162047;
  -0.059746347, -0.2189645, 0.033841413, 0.16328533, -0.2623333, 0.043130971, 0.013521156, -0.0063906303, 0.009282303, 0.0015660051;
  -0.20146321, 0.24190784, -0.16886447, 0.10695504, -0.015059732, -0.033210617, 0.035933018, -0.005202204, -0.069856748, 0.016261166;
  -0.29410633, 0.21469894, -0.15986188, 0.030016052, -0.049406644, 0.13627407, 0.0091598164, -0.090016522, -0.019948903, -0.036678225;
  -0.29164761, 0.093885265, 0.28452504, -0.18295084, -0.15731506, 0.014022635, -0.041422293, 0.04329063, 0.12060131, 0.042109776;
  -0.40585202, -0.087869145, 0.097762056, -0.1638422, -0.25673336, -0.033451058, 0.076537073, -0.0065414137, 0.062457528, 0.035057232;
  -0.44450691, -0.15269233, 0.13802029, -0.15971182, -0.10229261, -0.058409922, 0.00066572567, -0.0088190213, 0.0324887, 0.036140755;
  -0.42096522, -0.069469333, 0.028719118, -0.15054324, -0.25239894, -0.03375927, 0.12396237, -0.014129801, 0.049988039, 0.031034485;
  0.071931034, -0.071585469, -0.12775061, 0.091359444, -0.17675751, 0.0029607506, -0.0038915123, 0.022001676, -0.030672448, 0.00061471394;
  -0.33678171, 0.048453864, -0.021423545, 0.031317804, 0.09851408, -0.21224329, -0.067899264, -0.082989007, 0.084779449, -0.030156346;
  0.57523125, -0.21431643, -0.14359747, -0.065259948, -0.094440691, -0.0055492725, 0.055333443, 0.001885865, -0.014163281, 0.001799759;
  -0.25766122, -0.016832042, -0.1688285, 0.090227723, -0.15865231, 0.020275125, 0.12236582, -0.025258252, -0.053899266, 0.014006126;
  -0.53874826, -0.12276455, -0.059111647, -0.13538823, 0.10429385, 0.047071375, 0.13856633, -0.0038106346, -0.020084528, 0.0058061746;
  -0.53283757, -0.11866033, -0.056558665, -0.13501084, 0.046082623, -0.0073996666, 0.11978156, -0.025852695, -0.046876378, 0.02427977;
  -0.44124722, -0.19934775, 0.1607327, -0.16519369, -0.11192153, -0.11746308, 0.038013186, -0.022868881, 0.088315934, 0.01040348;
  -0.28854325, -0.097983986, 0.0085475687, 0.070674583, -0.10983953, -0.126416, -0.1304654, -0.042843774, -0.17067258, 0.078295358;
  -0.33149305, -0.13007428, 0.32274809, -0.17400566, -0.1996592, 0.01392772, -0.10377099, 0.015309466, 0.096221805, 0.041477568;
  -0.47569135, -0.30028552, 0.080080591, -0.099672265, -0.04087802, -0.19466715, -0.0018848402, -0.1185107, -0.037511371, 0.054132812;
  0.62566382, 0.0063774702, -0.21484536, -0.11380885, 0.014141358, 0.0025930088, 0.061293334, 0.048681166, -0.0059078466, -0.026919637;
  -0.086211123, -0.27108294, -0.079126328, 0.10655366, -0.11073347, -0.064573996, 0.038558178, -0.009569766, -0.0071014781, -0.014345676;
  -0.35879382, 0.16374329, -0.12395176, 0.0066390787, 0.14988774, -0.011849656, 0.088973336, 0.15280786, 0.075367562, -0.053410202;
  -0.47495183, -0.2122767, -0.018676665, -0.082575656, 0.073093519, 0.11645767, 0.039038252, -0.10732768, -0.076702558, -0.0039741639;
  -0.52054089, -0.35001123, 0.049755242, -0.083490454, 0.041898057, -0.22736946, -0.020734908, -0.1287518, -0.092116907, 0.061375026;
  -0.28719985, 0.21501802, 0.18202089, -0.15665774, -0.13525032, 0.064420402, -0.03399767, 0.01968172, 0.12676457, 0.021997975;
  -0.12713945, 0.31699151, -0.0049289428, 0.060743798, 0.1334164, 0.35539639, -0.17416325, -0.23232418, 0.0039026111, -0.10635474;
  -0.35025465, -0.007872072, -0.048187163, 0.0035777751, -0.021718321, -0.14884387, -0.013755306, -0.11379548, 0.036246046, -0.0056951749;
  -0.086065777, 0.041746743, -0.1932245, 0.22410221, -0.16539447, 0.025377238, 0.024702026, 0.052267827, -0.010982964, 0.017134694;
  -0.16429484, 0.12822104, -0.023540227, 0.10878361, -0.15328953, -0.074106425, -0.088223062, -0.02234257, -0.042204209, 0.030819191;
  0.069888316, -0.10113402, -0.14961313, 0.1047134, -0.17287259, -0.012900658, 0.03561924, 0.015531308, -0.039463043, 0.0020845032;
  -0.44256565, -0.095200621, -0.074899465, -0.016579784, -0.036860634, -0.13449878, -0.063086256, -0.092978299, -0.27603936, 0.11231557;
  0.094632596, -0.45045811, 0.15989946, 0.26747969, -0.12983404, 0.015903657, 0.0091348263, 0.027740527, -0.032104932, 0.038170144;
  -0.316484, 0.028456917, -0.1139895, -0.0070567438, -0.13578242, 0.094979949, 0.14117154, -0.021928273, -0.00085123518, 0.028975889;
  -0.48434511, -0.14304306, -0.0021292174, -0.076836184, 0.12341495, -0.093742117, 0.052975286, -0.027314954, 0.054933801, -0.020947371;
  0.34393191, 0.21380322, 0.71738893, -0.078488968, -0.056309789, -0.042927854, -0.064351618, -0.0024864017, 0.14867471, 0.099446177;
  -0.49092579, 0.030155357, -0.05392912, -0.15218809, -0.072731219, -0.071461812, 0.10748572, -0.092293389, 0.033197682, -0.00077542401;
  0.62550151, -0.01743569, -0.19097321, -0.096696176, -0.067038804, 0.0083578713, 0.064942069, 0.0063668131, 0.0043486175, 0.0050629261;
  -0.36767799, -0.16456637, 0.0047502755, -0.052616771, -0.23186727, -0.072812587, 0.041606985, -0.028779374, -0.065874457, 0.057654828;
  -0.37399188, -0.29707858, -0.044322845, 0.01816581, -0.15010941, -0.078748599, 0.058707125, -0.046015754, -0.073651895, 0.033704858;
  -0.16579665, 0.30821919, 0.19373101, -0.073527649, -0.19564706, 0.072173312, -0.15265234, 0.020776371, 0.13364267, -0.0030500453;
  0.60450774, 0.0097953174, -0.25342065, -0.08284618, -0.061525133, 0.0080801602, 0.10361093, -0.0047047371, -0.00013574756, -0.01490026;
  -0.37945053, -0.27761412, 0.030273002, -0.048442617, -0.17415637, -0.046373781, 0.078540817, -0.022010479, -0.036923081, 0.045786656;
  -0.47713095, -0.018480979, -0.067073993, -0.11193852, 0.068745762, 0.029537007, 0.11269979, -0.049963653, 0.035159521, -0.035530098;
  -0.48641562, -0.16901118, -0.035049468, -0.070589982, 0.14080612, 0.032902166, 0.086901307, 0.01603969, -0.032467615, 0.004586617;
  -0.43873724, -0.0094555896, -0.10397489, -0.032624524, 0.026627108, -0.085185066, 0.0093070911, -0.084116451, -0.11628883, 0.037165694;
  0.24932493, 0.58091766, 0.67865813, -0.09877295, -0.12008563, -0.055747464, 0.13563487, 0.091864355, -0.23838018, -0.095878609;
  0.18772729, -0.11598827, 0.080991901, 0.28295889, -0.19064143, 0.043978203, 0.014391542, 0.015533547, 0.0097951395, 0.0065195956;
  -0.33724153, 0.11923382, -0.074372277, 0.058119994, 0.1407239, -0.23378173, -0.067645185, -0.10238966, 0.086362675, -0.035129432;
  0.2642287, -0.31596085, 0.20532611, 0.35563472, -0.04859082, 0.041369174, -0.014109207, 0.064664111, -0.0028117874, 0.041963853;
  -0.087043218, 0.22073789, 0.48360205, -0.18014674, -0.18637149, -0.075171612, 0.11238894, 0.056492351, -0.11038736, -0.031683661;
  0.052862089, -0.057975084, -0.047851361, -0.070194691, -0.25372219, -0.012322818, 0.041796483, 0.0048320824, 0.048974454, 0.030058078;
  -0.14079122, -0.022684792, -0.014467154, -0.085348949, -0.20648651, 0.012649429, 0.025076795, -0.0099762613, 0.04185579, 0.017171154;
  0.21667455, 0.05428949, -0.018647578, 0.27186477, -0.092799991, 0.075689688, 0.14811978, -0.029214073, -0.013967553, 0.015193749;
  -0.33587909, 0.12266022, -0.11484759, -0.049897328, -0.12539952, 0.09902136, 0.10984109, -0.095225602, -0.010338356, -0.0017865307;
  -0.38704219, 0.044969648, -0.11573403, -0.064018652, -0.13346109, 0.035926204, 0.14298813, -0.031968154, 0.005426893, 0.0024448482;
  -0.018004719, -0.12621212, -0.074531235, 0.29150045, -0.2363326, 0.047635563, 0.062880002, 0.033762921, 0.018585013, -0.054532625;
  -0.12268741, 0.0048370538, -0.19978733, 0.24726482, -0.18204615, 0.028719807, 0.072923303, 0.064514771, 0.0054451935, -0.012194029;
  -0.15241069, 0.18823901, 0.45514339, -0.19073431, -0.17197071, -0.063385718, 0.089812651, 0.070528992, -0.065660127, -0.022993101;
  -0.016899025, 0.033019412, -0.21775576, 0.011019288, -0.10132907, -0.011807355, 0.049213063, -0.081714548, -0.036278725, -0.0047556246;
  -0.25839642, -0.16518605, -0.10574963, 0.1198924, -0.19987144, -0.027093912, 0.055637408, 0.01367351, -0.062377647, 0.033346009;
  0.028824097, -0.050956272, 0.24836306, 0.12519884, 0.17980285, -0.1080138, -0.19431797, -0.15210439, -0.26510119, 0.13342935;
  -0.2275582, -0.044169933, 0.13432558, 0.0070631839, 0.16657619, 0.34420902, -0.20737475, -0.25667384, -0.038419131, -0.078680322;
  0.61854672, 0.72119856, 0.97420663, -0.06907063, 0.042394359, -0.1061058, 0.28524688, 0.072048523, -0.42988986, -0.11639924;
  -0.32607347, 0.20326087, 0.073515363, -0.16387019, -0.23057151, 0.061381187, 0.019283142, -0.035230938, 0.11016941, 0.010329143;
  -0.093575671, 0.056326631, -0.026104081, 0.2332505, -0.12078953, -0.053463832, -0.21188782, 0.021085195, -0.14890961, 0.059104685;
  0.69768727, 0.82038146, 0.96276838, -0.065726414, 0.019241512, -0.1270306, 0.34653077, 0.027226612, -0.46240029, -0.13215078;
  0.75132042, 0.75485665, 1.1045187, -0.072269432, 0.15333752, -0.12440322, 0.37151515, 0.057064567, -0.51219708, -0.11382597;
  -0.29635507, 0.19720784, -0.10377026, 0.083096936, 0.10121367, -0.21277586, -0.079202347, -0.094909862, 0.034860767, -0.022461494;
  -0.34352863, -0.10816702, 0.043858636, 0.038790964, 0.064925827, -0.17000973, -0.14212433, -0.053706717, -0.09608902, 0.054496832;
  -0.29816741, 0.064521082, -0.017778743, 0.043286446, 0.14120264, -0.10938434, -0.045473255, -0.063699022, 0.11983445, -0.083997332;
  -0.37583607, 0.034139536, 0.17972906, -0.17659281, -0.18245816, -0.0097818263, -0.0088111693, 0.051439837, 0.10238229, 0.033780001;
  0.42420536, 0.12729846, 0.047894917, 0.42358491, 0.008381268, 0.098589092, 0.26920193, -0.099313267, 0.1084586, 0.49117857;
  0.22869712, 0.15475306, 0.56488514, -0.10364523, -0.14175723, -0.062166974, 0.023746558, -0.05825299, 0.1267212, 0.082442537;
  -0.41223544, 0.028985875, -0.1315055, -0.021930456, 0.081846826, -0.088744156, 0.11629827, -0.0065240562, 0.067745104, -0.047138195;
  -0.34060261, 0.23005059, 0.06040512, -0.14838789, -0.142864, 0.10019666, -0.0092958063, -0.050500635, 0.086029127, -0.0066246674;
  -0.15778084, -0.075328983, 0.02602151, 0.18333083, -0.044726435, -0.12776268, -0.20249029, -0.020114835, -0.081721231, 0.047034267;
  -0.3866193, 0.069234803, -0.07881584, 0.033565849, 0.16816284, -0.23825908, -0.018341862, -0.086156614, 0.092943154, -0.034030184;
  -0.4428668, -0.04936843, -0.1329488, -0.069295138, -0.012040925, 0.1418388, 0.10605896, -0.1298843, -0.068095475, -0.017216958;
  0.63231736, 0.2395359, 0.15909208, 0.41377062, 0.10193732, 0.049070366, 0.16105573, -0.054953448, 0.0073842136, 0.071728393;
  -0.37910157, -0.52162671, 0.0069689723, 0.070236281, -0.049630482, -0.042484246, 0.090282828, 0.056155365, -0.049009483, 0.040407058;
  -0.2126846, 0.19468158, 0.3447946, -0.15336858, -0.24840596, -0.010522775, -0.11916509, 0.095844857, 0.14229727, 0.03160077;
  -0.43021655, 0.066729583, -0.065168776, -0.076485924, 0.050715178, -0.027145535, 0.071794406, -0.0009572407, 0.071467347, -0.039296396;
  -0.44656274, -0.67769217, 0.24914967, -0.11609906, -0.1080965, -0.03609192, 0.0016816061, 0.010939163, -0.073756397, 0.067047544;
  0.0076617803, 0.47169137, 0.37327883, -0.07522957, -0.20101272, 0.024023343, -0.139101, 0.11072039, 0.19153118, 0.031939071;
  -0.37054184, 0.052624281, -0.14290622, -0.022944402, -0.059378784, 0.056187876, 0.10406183, -0.0055764406, -0.034544297, -0.00042832567;
  -0.26895997, 0.072607242, 0.045371465, 0.11849499, 0.26156664, -0.19644605, -0.16121544, 0.0019425189, 0.13993135, -0.047965255;
  -0.018550904, 0.14084333, -0.15997159, 0.28356916, -0.13649982, -0.013786101, 0.023723206, 0.0047236518, -0.018042643, -0.017251264;
  -0.12563244, 0.32770741, 0.30112407, -0.12268806, -0.27293962, 0.010645705, -0.12741393, 0.094781332, 0.20068891, 0.039412912;
  0.090291686, -0.040744342, 0.03261631, 0.0050924616, -0.19878015, -0.037500765, -0.059589177, 0.0059272335, 0.037280846, 0.046773769;
  -0.38353184, 0.067738079, -0.02263746, -0.085454255, 0.038024977, 0.21661875, -0.020252353, -0.15704896, -0.0002009031, -0.052630197;
  -0.31235451, 0.17616506, -0.088082559, 0.028873522, 0.12463186, 0.14028755, -0.012459294, 0.077781752, -0.0073317969, -0.026232237;
  -0.3437615, 0.076244809, -0.051890429, 0.032260619, 0.07766366, -0.27026725, -0.071494572, -0.15580356, 0.075372286, -0.020335203;
  -0.42398316, 0.058166001, 0.12571877, -0.20139022, -0.12658231, 0.08756724, 0.0071896454, -0.05032023, 0.079467088, 0.01333672;
  -0.25206891, -0.013371641, 0.028280081, 0.14493579, 0.12600163, -0.17887588, -0.19320683, -0.031396374, -0.075808384, 0.054016873;
  -0.38821608, -0.30603111, -0.0035071932, 0.0001396662, 0.0260056, -0.1400241, 0.064551257, -0.025771109, -0.010495878, 0.038641669;
  -0.34655911, 0.12302246, -0.13861834, 0.076521918, -0.0099605564, -0.16313221, -0.1028718, -0.079575971, -0.21298365, 0.083122626;
  -0.43279436, -0.11089233, 0.04325882, -0.0061451746, 0.33458543, 0.024948921, 0.034461569, 0.23225416, 0.039956678, 0.016494201;
  -0.23680572, 0.25803098, -0.081664085, 0.1444225, 0.11870523, -0.21509901, -0.18126263, -0.079015747, -0.0092133079, 0.0058042947;
  -0.1484157, 0.25866559, 0.33148304, -0.10860904, -0.23897934, 0.010012999, -0.16507338, 0.093735732, 0.17262062, 0.032544497;
  -0.2433614, 0.17305206, 0.24697292, -0.18749937, -0.25830388, -0.024680853, 0.07401108, -0.0057959296, -0.014150411, -0.020372579;
  -0.44754893, -0.012314924, -0.094032191, -0.034249377, 0.12521172, -0.076807857, 0.080621444, 0.029812083, -0.0060326406, 0.0097904988;
  -0.3360855, 0.17869192, -0.12646466, -0.038956195, 0.012321695, 0.17942442, 0.048215512, -0.12252142, -0.0013549775, -0.056846734;
  -0.19915327, 0.12074807, -0.058865964, 0.051998563, -0.027329743, 0.30285642, -0.095250234, -0.26894215, -0.0088418061, -0.079128496;
  -0.41642755, 0.045086961, -0.15357606, -0.022109475, 0.071084388, 0.038393687, 0.14095967, 0.10665726, -0.020722529, -0.0010757992;
  0.19736615, 0.50565755, 0.58312666, -0.057000596, -0.21641432, -0.05392978, -0.0010323912, 0.088984542, -0.12821588, -0.069135852;
  -0.14458366, 0.21047705, 0.018437359, 0.012188667, 0.092594407, 0.33411652, -0.12107182, -0.32256278, -0.012462405, -0.10501762;
  -0.3243005, 0.23651889, -0.097289257, -0.037674356, -0.007158658, 0.20799014, -0.016110003, -0.10038032, -0.0081418455, -0.044533726;
  -0.34684098, 0.049470849, -0.078298353, 0.051672284, 0.063636228, -0.10118844, -0.04757034, 0.010869035, -0.045707826, 0.0092894631;
  -0.29837748, -0.0022616165, 0.30860829, -0.20764087, -0.22422969, -0.02635885, -0.0020185309, 0.012959527, 0.092051804, 0.043899771;
  -0.31167158, 0.19124906, -0.041747652, -0.012803109, 0.024891289, 0.050302889, 0.034425922, 0.16470625, 0.01363782, -0.0048946314;
  -0.26722705, 0.16805628, -0.007743042, 0.020285096, 0.12138543, 0.27620029, -0.13744773, -0.12519619, -0.014795791, -0.060052104;
  -0.4698731, 0.02562277, -0.12312859, -0.074348465, 0.095191382, -0.0082627377, 0.11965147, -0.023075521, 0.041085389, -0.044760719;
  -0.22777198, 0.27314556, 0.30206323, -0.15196244, -0.18727909, 0.026243145, -0.11756257, 0.12156864, 0.20187858, 0.053584136;
  -0.11984123, 0.39259863, -0.069653124, 0.18252783, 0.11055548, -0.18206313, -0.19757096, -0.035448685, 0.10842168, -0.054108687;
  -0.42454132, -0.15093553, -0.072462074, 0.041649647, 0.065744445, -0.17226189, 0.011525664, -0.037546992, -0.061651051, 0.03980016;
  -0.39083803, 0.052088223, -0.055589821, 0.0013304978, 0.24335209, 0.036033023, 0.078054637, 0.29861799, 0.032987371, -0.0031018979;
  -0.43396556, -0.052460101, -0.0051548737, -0.048357196, 0.25267774, 0.20361748, 0.034844518, 0.081983812, -0.079461664, 0.052128918;
  -0.41087168, -0.16153446, 0.040908065, -0.017637523, 0.18484043, -0.012612458, -0.0056182775, 0.039886195, 0.04346383, -0.027124362;
  0.27478549, 0.54683959, 0.68438023, -0.10985236, -0.13964368, -0.10418005, 0.20143361, 0.050254621, -0.29416078, -0.098710909;
  0.60287046, 0.41696703, 0.43189028, 0.26051918, 0.59699881, -0.32668623, -0.036268767, -0.35390362, 0.12629414, 0.10089406;
  -0.2677176, 0.27172512, 0.21452112, -0.14958659, -0.15386753, 0.061053045, -0.076465838, 0.066236757, 0.16042429, 0.03439454;
  -0.49726003, -0.62962598, 0.2610192, -0.036504734, 0.22270557, -0.30666873, -0.14510968, -0.084023833, 0.0091444664, 0.050818719;
  0.80001456, 0.49077249, 0.61059451, 0.30442554, 0.93813801, -0.12307957, 0.098648675, -0.046096008, 0.39329082, 0.0040289238;
  -0.058487765, 0.18799891, -0.13034782, 0.26424271, -0.055681095, -0.056120291, -0.041267704, -0.02612078, -0.014648174, 0.10484968;
  -0.40566975, 0.0048790942, -0.06104178, -0.011858149, 0.19036017, 0.024986489, 0.092142038, 0.23050138, 0.022698397, -0.00027393425;
  -0.35584164, -0.013492323, 0.13274646, -0.14456263, -0.17670654, 0.090155445, -0.057667211, -0.11075082, 0.044174746, -0.0070836525;
  -0.45526549, -0.061133631, -0.094209194, -0.024776218, 0.13663632, -0.10375447, 0.12324586, 0.073516868, 0.080569901, -0.045028247;
  0.39249808, 0.27018782, 0.077922143, -0.1871146, -0.19138899, -0.011391868, -0.10567344, 0.060313661, 0.11426379, -0.022059357;
  -0.22240531, 0.18028051, -0.0034332473, 0.16799167, 0.16278569, -0.18339007, -0.26633087, -0.031643596, -0.14797197, 0.08315473;
  0.33312097, 0.41868907, 0.24262384, 0.2240459, 0.47551948, -0.2910322, -0.053447273, -0.23910131, 0.13828886, 0.030842619;
  0.032567188, 0.067139827, -0.027204959, 0.19798353, -0.028228099, 0.13693981, 0.15645428, -0.029878201, -0.006632376, 0.2563934;
  0.069812641, 0.11986146, -0.028432699, 0.21752356, -0.018299593, 0.1407491, 0.13837649, -0.011571957, 0.00064418418, 0.25917649;
  0.29733539, 0.44957557, 0.0074910051, 0.28442034, 0.099421084, 0.014541779, 0.028287146, 0.062531769, 0.11031534, -0.058895096;
  0.19368586, 0.39663598, -0.025925852, 0.23593557, 0.06161917, 0.097649083, 0.01991852, 0.084697247, 0.013523213, -0.01425196;
  0.92897296, 0.37304133, 0.22044139, 0.46841255, 0.13382506, 0.084375598, 0.22987194, -0.117316, 0.051676087, 0.07647489;
  -0.19765432, 0.16397727, 0.013848452, 0.19952217, 0.16853893, -0.14175092, -0.28885627, 0.01183146, -0.17271973, 0.09814021;
  -0.46751839, -0.0659457, -0.0084268963, -0.10896079, 0.10313974, 0.11593795, 0.079678103, 0.067916639, -0.027603025, 0.015560736;
  -0.28287235, 0.06756153, 0.0097303353, 0.10047285, 0.16375574, -0.24438426, -0.16276932, -0.089901268, 0.086492382, -0.026957991;
  -0.25362313, 0.077258609, 0.064435743, 0.037138756, 0.17284371, 0.33085272, -0.2118994, -0.15167484, -0.02680313, -0.066722356;
  -0.39312324, -0.10573652, -0.1069937, 0.060683995, 0.032450151, -0.13599999, 0.043886084, -0.009202498, -0.033790205, 0.01608276;
  -0.52599645, -0.23717704, 0.071395263, -0.058164053, 0.40913621, 0.085067771, 0.08282005, 0.3236171, -0.031811994, 0.079577804;
  -0.3606658, -0.055911623, 0.14765079, -0.11955509, -0.020799831, 0.17342187, -0.091920592, -0.13519306, 0.025171505, -0.022233412;
  -0.40053791, 0.063637272, -0.18772426, 0.033599239, 0.0035515428, -0.16444711, 0.065612167, -0.06337858, -0.040185697, 0.0076972074;
  -0.28954235, 0.20639254, -0.12073129, 0.10613093, 0.096447773, -0.22482333, -0.083183132, -0.095571235, 0.046324678, -0.021399561;
  0.28121817, 0.16261348, 0.69877267, -0.082688503, 0.04901455, -0.0067595169, -0.082557321, 0.02494012, 0.20693739, 0.12491653;
  -0.32951701, 0.036879532, -0.024390269, 0.023955965, 0.17936288, 0.1454573, -0.0016234233, 0.19701335, -0.06205447, 0.040899541;
  -0.44119108, -0.096052319, -0.009417383, -0.023369458, 0.17424925, -0.1317791, 0.02689369, 0.022689257, 0.065155558, -0.02098128;
  -0.31941533, 0.26079533, -0.17240611, 0.02259421, 0.065868385, 0.087377176, 0.054902878, 0.097701408, -0.018965423, -0.019672919;
  -0.16607371, 0.1954878, -0.10023991, 0.19655712, -0.010468235, -0.10895938, -0.14894229, 0.00031408743, -0.016792271, -0.0094890017;
  -0.34231627, 0.1671699, -0.10753562, -0.0065203249, 0.096891165, 0.1465089, -0.0028788222, -0.070529833, 0.028130893, -0.078498788;
  -0.34222293, -0.042459577, 0.062042452, 0.084083363, 0.27988842, -0.20744924, -0.13250162, 0.0065256162, 0.11461707, -0.028577842;
  -0.31251895, 0.19321762, -0.12843698, 0.048475143, 0.13108949, -0.071806505, 0.040272567, 0.11864141, 0.10730301, -0.063789748;
  -0.39595512, 0.092156686, -0.084369205, -0.0042883675, 0.23911473, 0.062215779, 0.10107076, 0.30309007, 0.0090250177, 0.012743222;
  -0.24094428, 0.13360429, -0.025718458, 0.12024536, 0.085945144, -0.17156175, -0.15367204, -0.017571641, 0.034765165, -0.021841716;
  -0.43419379, -0.14428474, 0.022349335, -0.061546177, 0.11847117, 0.046529125, 0.054122891, 0.16545184, -0.052379128, 0.047745999;
  -0.37921026, 0.073465966, -0.069410056, 0.070538938, 0.1295251, -0.19431581, -0.13609029, -0.050923098, -0.1952315, 0.10201818;
  -0.2703501, 0.08410345, -0.002692207, 0.10777331, 0.13916524, -0.15943159, -0.14713447, -0.00077675201, 0.047259651, -0.024272157;
  -0.34910962, -0.046079505, 0.02330092, 0.0068502058, -0.10539915, -0.14464492, -0.1353662, -0.064794615, -0.18092975, 0.087259986;
  0.026888985, 0.31885961, -0.15329316, 0.046420835, 0.10345548, 0.024253014, -0.056766998, 0.15037245, 0.059276592, -0.069900088;
  -0.075821549, 0.32627741, -0.15596919, 0.028595533, 0.075384989, 0.19537929, -0.045054827, 0.076306343, -0.044070423, -0.017750502;
  -0.14533424, 0.1763847, 0.069505751, 0.10390206, 0.19271554, 0.30310348, -0.21968943, -0.034702513, -0.043713126, -0.029085645;
  -0.27605647, 0.28362817, -0.12720436, 0.068136849, 0.1493049, -0.057528421, 0.029094845, 0.11366804, 0.1563849, -0.10295317;
  -0.5295226, -0.4363414, 0.13825507, -0.063543953, 0.21319835, -0.27491397, -0.039953947, -0.081933089, 0.024542525, 0.037675463;
  -0.37592712, -0.15078899, 0.16649123, 0.055530824, 0.49999595, 0.079648279, -0.068786673, 0.46422747, 0.040553037, 0.049942274;
  -0.39439517, -0.10327169, 0.089596614, -0.027689718, 0.24279788, 0.16617118, -0.045674644, 0.13916245, -0.036082555, 0.037913855;
  -0.24313377, 0.11953883, 0.044996329, -0.040036071, -0.23562717, 0.011700273, 0.00014537762, -0.0011512471, 0.051091827, 0.016993018;
  -0.39284703, 0.072131902, -0.10432388, -0.045605216, 0.038334988, 0.09691003, 0.042742241, -0.12200543, 0.023761194, -0.056747537;
  -0.11810239, -0.51466542, 0.045790363, -0.071029261, -0.086593553, 0.054705873, -0.0053514675, -0.10348281, -0.069448367, 0.0027231567;
  -0.22958522, 0.29739726, -0.096052475, 0.00044130057, 0.037189044, 0.23237647, -0.05805973, -0.23325069, 0.0054713963, -0.082826771;
  -0.41649202, -0.015668446, 0.023422217, -0.089209184, 0.0893142, 0.13268492, 0.031068966, 0.066306561, -0.02607351, 0.031272627;
  -0.53075677, -0.7714358, 0.40222412, -0.17660566, 0.11075311, 0.044378571, -0.11510362, -0.047614656, -0.047256179, 0.062104024;
  -0.40993759, -0.31022704, 0.180067, -0.10964181, 0.092158839, 0.2516436, -0.13502601, -0.24821931, -0.040313393, -0.045728445;
  -0.5012815, -0.039204441, -0.10909572, -0.11931423, 0.019527148, 0.061136328, 0.14240649, -0.048986711, -0.044898972, 0.0069840332;
  -0.51950568, -0.59536779, 0.18612915, -0.077245958, 0.055046044, -0.15978932, -0.089698374, -0.063017666, -0.17589989, 0.10276712;
  -0.40476459, -0.056242187, 0.019849112, -0.059783261, 0.14028089, 0.21930318, -0.022034585, -0.029754085, -0.07197652, 0.01672877;
  -0.28449085, 0.16856696, -0.021912822, -0.0081511829, 0.12245709, 0.34301379, -0.13796131, -0.25119141, -0.013073063, -0.093562022;
  -0.35720855, 0.074014813, 0.033857331, -0.090752788, 0.036993027, 0.27567676, -0.093981311, -0.22196266, 0.011921667, -0.060925283;
  -0.35330504, 0.12904355, 0.072404943, -0.10660683, -0.12033971, -0.074458912, -0.012636542, 0.011765707, 0.1230433, -0.007370716;
  -0.50590706, 0.029478682, -0.13962619, -0.12694353, -0.015213491, -0.0019257506, 0.16349688, -0.05337964, -0.011863491, -0.0047476189;
  -0.49822843, -0.20259503, 0.0046010152, -0.10709896, 0.16728058, 0.19825906, 0.043222677, -0.076581262, -0.079017125, 0.0065632556;
  1.0622385, 0.14109991, -0.19824184, -0.22031663, 0.045606196, -0.0015610481, 0.061867863, -0.023161449, 0.014457059, -0.026389278;
  -0.44302565, 0.056541514, -0.16026396, -0.08561217, 0.0082095265, 0.13325387, 0.1743138, 0.032624822, -0.095841467, 0.050063852;
  -0.46634951, -0.068002209, -0.052531648, -0.023037735, 0.19726133, -0.17176712, 0.045654666, -0.011009993, 0.057256132, -0.0093453191;
  0.52107507, -0.11390536, -0.18166532, -0.0054051499, -0.062593333, 0.015017043, 0.064879403, 0.025804477, -0.0024135353, 0.0082624042;
  0.27886498, -0.17768478, -0.17215994, 0.027513996, -0.13248248, 0.029908784, 0.077625126, 0.0012387338, -0.011566647, 0.013447396;
  -0.36493158, 0.00062236359, -0.061019104, 0.011576097, 0.14777088, 0.028214002, 0.075662449, 0.23645806, -0.0082149981, 0.010211671;
  -0.31699654, 0.035767686, 0.03334431, 0.055327222, 0.28628492, 0.13373606, -0.054938652, 0.20675229, -0.036899518, 0.048213035;
  -0.5099867, -0.018159168, -0.011964653, -0.1830543, -0.061154947, -0.02955131, 0.12130866, -0.055819008, 0.045951825, -0.00035257899;
  -0.44315359, 0.11685659, -0.13328235, -0.066266917, 0.035647199, -0.12205373, 0.10915855, -0.054795571, 0.086459652, -0.050403789;
  0.66679031, -0.20495325, -0.1317942, -0.09215451, 0.014941506, -0.019406622, 0.050830878, 0.027412971, -0.01458453, -0.0025100645;
  -0.14083973, -0.045140453, 0.027015086, 0.18356811, 0.10264774, -0.15584289, -0.079659745, -0.035703741, 0.04016684, 0.011874419;
  -0.49295616, -0.022382332, -0.11652428, -0.093952954, 0.11927671, 0.080222331, 0.13423847, 0.0079234047, -0.04658464, 0.007122105;
  -0.43591914, -0.099493474, -0.037706219, -0.044498265, 0.13008189, 0.016541686, 0.064591989, 0.13675486, -0.083276935, 0.048298389;
  -0.4734779, -0.30832064, 0.060878746, -0.041993819, 0.14807647, -0.2111655, 0.0017188847, -0.065814354, 0.077573948, -0.02800354;
  -0.27364424, 0.13600583, 0.32247943, -0.14961527, -0.12410711, 0.053220499, -0.14037082, 0.091948412, 0.15180419, 0.040683851;
  -0.40934974, -0.046620492, -0.012463772, -0.017375989, 0.23235251, 0.14977805, 0.042421822, 0.18166538, -0.087825134, 0.068158999;
  -0.12540722, 0.40313712, 0.12559006, -0.045621399, -0.066276371, -0.0079257619, 0.082895488, -0.029671114, -0.062188361, -0.090998016;
  -0.35795167, 0.11678354, -0.069704697, 0.02530098, 0.21286443, -0.011569414, 0.046324376, 0.19324745, 0.090007551, -0.044938754;
  -0.39965138, 0.0059832544, -0.02418939, -0.058368247, 0.15542357, 0.24679236, -0.0083612213, -0.093205497, -0.062879585, -0.011062859;
  -0.37417686, -0.066431984, 0.21177799, -0.15724111, -0.085930169, 0.056477729, -0.03008246, 0.050462902, 0.040781703, 0.050376829;
  -0.42973718, 0.14695325, -0.13761121, -0.060660616, 0.027243486, -0.14759921, 0.11509486, -0.052162915, 0.10985523, -0.06091034;
  -0.13988133, 0.10623576, 0.37699765, -0.17883384, -0.17455736, -0.016718917, -0.014826347, 0.015981965, 0.14962912, 0.062069222;
  -0.54352313, -0.17824827, -0.049471039, -0.097064056, 0.18942165, -0.015100042, 0.13582076, 0.06545683, -0.035204552, 0.033760376;
  -0.28090358, 0.094497986, 0.034870811, -0.01764708, 0.064261556, 0.18245931, -0.048466098, 0.054576244, -0.042736132, 0.030881101;
  -0.33168408, -0.10238802, 0.035734728, -0.048322763, 0.028798886, 0.12833361, -0.015801679, 0.036197808, -0.054135114, 0.024496675;
  -0.50877714, -0.035535965, -0.12076934, -0.084057875, 0.14354338, -0.00084967056, 0.15124753, 0.044364505, -0.028156007, 0.014343212;
  -0.39766213, -0.060140189, 0.059467677, -0.05286346, 0.23634014, 0.34737396, -0.12600243, -0.20658134, -0.035154693, -0.058348149;
  -0.11627854, 0.18097198, 0.13554342, 0.13393435, 0.3094483, 0.34662548, -0.27888447, 0.025514297, -0.025395637, -0.014433576;
  -0.18034229, -0.023862002, 0.075381294, 0.12161601, 0.095575377, 0.092654988, -0.14005834, 0.12652121, 0.0056839236, -0.0088986047;
  -0.54528433, -0.23975344, -0.0099061718, -0.11928902, 0.15195191, 0.04184147, 0.10034279, -0.018702684, -0.03734272, 0.014470564;
  -0.43032977, -0.21961546, 0.091404073, -0.049208153, 0.21599992, 0.17054242, -0.044284116, 0.019759929, -0.06434682, 0.026130587;
  -0.39283884, -0.077279918, 0.037897389, -0.023623839, 0.21452987, 0.20256601, -0.045146428, 0.02832767, -0.06220448, 0.019314801;
  -0.46210641, -0.30082637, 0.20448795, -0.16060004, 0.060380165, 0.031075433, 0.064163089, 0.049600326, -0.066988192, 0.037515115;
  -0.37147456, -0.095824152, 0.36075667, -0.19672684, -0.065348186, 0.029829815, -0.085951932, 0.10239336, 0.12825568, 0.073256105;
  -0.13177094, -0.41164273, 0.028126767, 0.16779369, -0.21976469, 0.025780808, 0.026634743, 0.0062833638, -0.036663879, 0.015300958;
  0.051321361, 0.51265621, 0.40110943, -0.012013268, -0.15751252, 0.058515456, -0.23416886, 0.1420861, 0.12938401, -0.0087777842;
  -0.09206637, 0.34364694, 0.25611517, -0.15501894, -0.15199389, 0.021768523, 0.0531951, 0.0093967449, 0.15655023, 0.050371502;
  -0.44244337, -0.039876733, -0.054629508, -0.057968345, 0.18365625, 0.14809518, 0.090055645, 0.10489504, -0.089630537, 0.053364031;
  -0.49642542, -0.21670394, 0.053641882, -0.070187278, 0.3015911, 0.11820056, 0.047069527, 0.1717988, -0.024645384, 0.024079435;
  -0.50184268, -0.1895633, -0.059022818, -0.057399321, 0.028700601, -0.10966448, 0.028210256, -0.048973288, -0.16813445, 0.073875025;
  -0.35690543, 0.14699015, -0.11584792, 0.012569657, 0.090984598, -0.030840425, -0.022019038, -0.12934257, 0.033035517, -0.053228509;
  -0.35049337, 0.1731194, -0.085201874, 0.029373016, 0.26430544, -0.0096680215, 0.07525105, 0.24638852, 0.1077604, -0.045510553;
  -0.320099, 0.16997662, -0.092032276, 0.037487675, 0.15556774, -0.06954772, 0.026648302, 0.038489535, 0.13127816, -0.086791411;
  -0.4586854, -0.028193157, -0.070664167, -0.052920088, 0.19600037, 0.085859172, 0.1078501, 0.16158596, -0.04967716, 0.035433788;
  -0.2801801, 0.081327237, 0.094810002, 0.022458278, 0.21647181, 0.3042911, -0.18971644, -0.046521671, -0.014230375, -0.019805003;
  -0.54852986, -0.59115833, 0.25341207, -0.030842021, 0.37192446, -0.23849571, -0.11449813, 0.020438857, -0.0025582353, 0.074081428;
  -0.3800177, 0.091010384, 0.12556791, -0.15871304, -0.081164956, 0.053112943, 0.02593503, 0.084706016, 0.069702365, 0.03710046;
  -0.36488372, -0.20845093, 0.074699461, -0.011671104, 0.17335431, 0.12132045, -0.0016176146, 0.14607927, -0.10895511, 0.076528579;
  -0.45378488, -0.0045717657, 0.23884074, -0.27913013, -0.24024713, -0.045542039, 0.061472066, 0.045663558, 0.1109091, 0.055013712;
  -0.21176875, 0.0054457174, 0.096906893, 0.10105307, 0.24539983, 0.064279333, -0.10117878, 0.31994432, 0.022949999, 0.0045187552;
  -0.4302493, 0.047900636, -0.091490306, -0.037788302, 0.18452719, 0.086116478, 0.097019084, 0.16049214, -0.012609462, 0.0036162708;
  -0.38759941, -0.51813483, 0.24327141, -0.17926213, -0.036801353, 0.10754613, -0.06406384, -0.17397591, -0.045787793, 0.0044784104;
  -0.38295576, 0.10836115, 0.020362249, -0.13839936, -0.15540999, 0.02692754, 0.038310152, -0.060613226, 0.04980626, 0.0013320508;
  -0.51356953, -0.66831464, 0.29312244, -0.14665674, -0.051784437, -0.1420615, -0.054758605, -0.020576168, -0.086519949, 0.096633144;
  -0.15298244, 0.22913636, 0.2841728, -0.076508515, -0.11527739, 0.084082551, -0.16082412, 0.06353505, 0.13825953, 0.029972581;
  -0.52079731, -0.82213938, 0.39930022, -0.065436386, 0.39893484, 0.018053431, -0.10019478, 0.32008794, -0.0694483, 0.10952266;
  -0.31376037, 0.13039148, 0.012103569, -0.046810914, 0.026750082, -0.072259746, 0.032080114, -0.014743716, 0.12338626, -0.051228248;
  -0.20474058, 0.19105095, 0.025905782, 0.057462584, 0.16193688, 0.35750192, -0.20973136, -0.159325, -0.027837168, -0.071894929;
  -0.4984794, -0.22431242, 0.25272611, -0.27460492, -0.19993371, -0.026986668, 0.047215231, -0.0099460864, 0.064212129, 0.055627964;
  -0.13686638, 0.27765706, 0.014313974, 0.11077987, 0.29600799, 0.13433658, -0.042031012, 0.3353163, 0.041257434, -0.0018074965;
  -0.35108599, 0.12282071, -0.0472074, -0.036680728, 0.12458386, 0.31322348, -0.068614423, -0.17466211, -0.038729712, -0.053746935;
  -0.30324748, 0.12638332, -0.021300891, 0.037318468, 0.2527566, 0.20801137, -0.009037924, 0.19707203, -0.08296895, 0.069568075;
  -0.44195202, -0.076655023, 0.18929163, -0.23576526, -0.21508685, -0.0052987365, 0.044287205, -0.023948317, 0.064479448, 0.031579681;
  -0.47981852, -0.047746666, -0.056816675, -0.10049487, 0.10963529, 0.044563174, 0.10310735, -0.018916083, 0.019229814, -0.028263822;
  -0.4529995, -0.44559523, 0.29463655, -0.10525297, 0.18319702, 0.059421785, -0.060738865, 0.2081653, -0.027900707, 0.089369766;
  -0.36373416, 0.011175268, 0.046572972, -0.018307213, 0.22142272, 0.24799061, -0.075527497, 0.014681562, -0.04793879, 0.017429611;
  -0.47980902, -0.16031486, -0.028559703, -0.070651546, -0.036971804, -0.12009703, -0.038124692, -0.13232426, -0.20958647, 0.087111071;
  -0.43508416, 0.073768198, -0.13031507, -0.057395682, 0.13154179, 0.13654302, 0.11888896, 0.071074128, -0.069955133, 0.024422944;
  -0.25420558, -0.13746601, -0.019764833, -0.12638141, -0.036691487, 0.17247295, -0.00054286356, -0.20585544, -0.040164221, -0.043942332;
  -0.48115981, -0.15520293, 0.010768825, -0.10777884, 0.15471862, 0.25245225, -0.016168384, -0.19854984, -0.060507149, -0.03922648;
  -0.36708841, 0.1254289, -0.11659819, 0.0023911907, 0.12803921, -0.040175311, 0.074190907, 0.023973312, 0.065655291, -0.050875142;
  -0.4005731, 0.12894449, -0.06927789, -0.078107893, 0.024536228, 0.083223097, 0.047355097, -0.048173506, 0.044573646, -0.045424428;
  -0.45758864, 0.021990687, -0.060347151, -0.11303611, 0.015502626, 0.046049822, 0.10510374, 0.057711139, -0.0049886992, 0.0050569638;
  -0.23408653, 0.097478211, 0.058451328, 0.10267054, 0.28329447, 0.15591441, -0.11474553, 0.28626287, -0.029970951, 0.039600804;
  -0.34392536, 0.090759017, 0.096974954, -0.10489617, 0.031256437, 0.22511643, -0.05751482, -0.15208137, -0.006485587, -0.049934454;
  -0.46517351, 0.060852807, -0.12626538, -0.090504915, 0.12133598, 0.18243398, 0.096312873, -0.081573762, -0.04168709, -0.024149146;
  -0.51020366, -0.14015092, 0.12085281, -0.18200339, 0.07883659, 0.13409133, 0.022996664, -0.045342997, 0.017303783, 0.024964975;
  -0.42883199, 0.10761379, -0.15527253, -0.0077460445, 0.10428216, -0.25243106, 0.044996634, -0.14414242, 0.032860633, -0.0041338862;
  -0.31282642, 0.19405526, -0.068759583, 0.0029559655, 0.12212086, -0.0068547088, 0.1008657, 0.18878376, 0.0098241931, -0.045312513;
  -0.54241365, -0.27145478, 0.15275013, -0.19505996, 0.048015364, 0.016000981, 0.063682489, 0.031455562, 0.015632922, 0.049566854;
  -0.24837321, 0.10714283, 0.24322559, -0.15435585, -0.18317261, 0.026105266, -0.046404697, -0.014344282, 0.11149139, 0.023495734;
  1.2445807, -0.13699065, -0.055373434, -0.19175711, 0.13444388, -0.024146955, -0.024588702, 0.0053124879, -0.010979707, 0.012389778;
  1.2702516, -0.15851286, -0.046719402, -0.19766149, 0.14546138, -0.023563614, -0.024812592, -0.0012155614, -0.011631516, 0.014218532;
  1.1305181, -0.14113668, -0.06548094, -0.14992785, 0.099652193, -0.012859667, -0.017621392, 0.0069730268, -0.0054562772, 0.02408831;
  1.1806947, -0.13722475, -0.073469751, -0.18715647, 0.11989719, -0.023715125, -0.0070711165, 0.0039202208, -0.014080673, -0.0067588524;
  1.2350808, -0.12113949, -0.072519466, -0.18493767, 0.12481923, -0.018141754, -0.01762275, -0.00062071159, -0.00743536, 0.0024402975;
  1.2871002, -0.07523983, -0.092762858, -0.2084327, 0.14267649, -0.025779083, 0.00015730597, -0.0016878599, -0.010406833, -0.0086322203;
  1.1267314, -0.17368743, -0.044508584, -0.15733592, 0.11932565, -0.024939135, -0.033434924, 0.017396703, -0.0082657728, 0.013812135;
  1.14099, -0.12892766, -0.083476178, -0.1755597, 0.11277759, -0.020039583, -0.0044748029, 0.00685573, -0.011222832, -0.0020230059;
  1.1678487, -0.15555383, -0.062665738, -0.16772094, 0.11134851, -0.016199734, -0.018732678, 0.00093963562, -0.0096770218, 0.0049287635;
  1.1801691, -0.14858629, -0.047391128, -0.17651445, 0.089667074, -0.023111908, -0.025029402, -0.0017656493, -0.0082755676, 0.0087163746;
  1.185272, -0.16272108, -0.054239586, -0.17443147, 0.11656238, -0.018899878, -0.031078074, 0.010982602, -0.0070051113, 0.0064961351;
  1.2218033, -0.12461861, -0.075975306, -0.1908832, 0.1180724, -0.019059269, -0.017021812, 0.001985186, -0.0092666727, 0.011301538;
  1.1733679, -0.15840322, -0.048649721, -0.17019129, 0.098083131, -0.023735471, -0.027115483, 0.0043203034, -0.011738933, 0.0033406338;
  1.261266, -0.14934486, -0.039091982, -0.21835203, 0.11672302, -0.030538151, -0.027726172, -0.0076843291, -0.012318631, -0.0032001592;
  1.2390097, -0.2356461, 0.014287224, -0.18664502, 0.1504188, -0.034157172, -0.060912896, 0.018107586, -0.018377045, 0.015877951;
  1.1991673, -0.14940099, -0.054747112, -0.17750677, 0.12952517, -0.024925871, -0.024021287, 0.010972365, -0.010741948, 0.0014747554;
  1.2226796, -0.15274712, -0.050142996, -0.19256541, 0.13613926, -0.026757553, -0.025155721, 0.0073840213, -0.013659685, -0.0016436275;
  1.2061002, -0.14412978, -0.0510615, -0.18017071, 0.12607124, -0.024120895, -0.027941175, 0.010361191, -0.0090913, 0.0056329356;
  1.1455131, -0.096853271, -0.079829797, -0.15697579, 0.082930274, -0.016338971, -0.0047234511, -0.0042156335, -0.00043010441, 0.025134638;
  1.1530597, -0.12781635, -0.066430941, -0.17416804, 0.094506897, -0.023349652, -0.020632969, 0.0076116002, -0.0071987244, -0.0010869099;
  1.2618259, -0.11353366, -0.061872229, -0.20318067, 0.12783052, -0.025054151, -0.014785741, -0.0047272253, -0.0037613434, -0.0026716485;
  1.3085003, -0.15123393, -0.04256032, -0.2144621, 0.16568585, -0.032321997, -0.021341629, 0.0043136254, -0.014547816, -0.00091559044;
  1.237757, -0.10355699, -0.072515585, -0.18668485, 0.13592537, -0.025383288, -0.013544841, 0.0054273279, -0.0074073686, 0.0035337852;
  1.2395542, -0.14440063, -0.054032777, -0.18819082, 0.14094779, -0.0253534, -0.019798072, 0.0057283537, -0.010644827, -0.0018753355;
  0.71338671, -0.24056922, -0.021284647, 0.031715393, -0.039676588, 0.011665484, -0.054613408, 0.038000498, -0.00047608526, -0.011971948;
  -0.48742852, -0.32188544, 0.10720569, -0.059497721, 0.21285912, -0.15866685, 0.017546343, 0.058052666, 0.088802151, -0.015037131;
  0.1544241, 0.041642856, -0.011275244, 0.16488521, -0.043249559, -0.053439587, -0.27872247, 0.023410935, -0.15642174, 0.048441645;
  0.30235985, -0.085438825, -0.024649516, 0.30710182, -0.15616009, 0.078282297, -0.17681579, 0.12653479, 0.017154103, -0.01376095;
  0.60626221, -0.24807671, -0.0028977161, 0.045873649, -0.090704955, 0.015675591, -0.075841852, 0.030032881, -0.0064385873, -0.019915152;
  -0.35867956, -0.18670957, 0.03455868, -0.0053179804, -0.0084012263, -0.12333222, -0.061889507, 0.011800672, -0.11807606, 0.065302677;
  0.8439067, -0.26260808, -0.024663497, -0.093634374, -0.020931169, -0.013160546, -0.028666558, 0.00022225955, -0.0056438833, 0.018800495;
  0.64588559, -0.31189772, 0.010930236, 0.020508328, -0.071568847, 0.0036661939, -0.071574181, 0.033616394, -0.014013868, -0.019284839;
  -0.15931112, -0.15469912, -0.050956283, -0.061655015, -0.054712549, -0.041875344, 0.024111442, 0.012560231, -0.058567595, 0.019691085;
  1.0255357, -0.29885101, 0.0033669681, -0.15378192, 0.036376111, -0.026978251, -0.050457161, -0.0058510811, -0.019690651, 0.0084317382;
  -0.19655654, -0.19719721, -0.0067615439, -0.12322685, 0.0096236235, 0.0053890129, 0.030848535, -0.048542466, 0.0074948058, -0.030178085;
  0.60999376, -0.27309439, 0.03226839, 0.086923696, -0.058355097, 0.019655284, -0.10160308, 0.062282037, -0.0015305774, 0.011605774;
  0.74094939, -0.31009835, 0.039488353, 0.0071915598, -0.026619107, -0.0020193688, -0.094283894, 0.046867285, -0.0075441641, -0.0046578138;
  0.49495932, -0.23182802, 0.018780466, 0.16057251, -0.070024356, 0.036054965, -0.17304167, 0.11775545, 0.00052079093, -0.013591861;
  0.24671471, -0.072830044, -0.030210558, 0.3386966, -0.13305771, 0.085273772, -0.17436729, 0.14778702, 0.017581644, -0.010204112;
  0.30324233, -0.14677359, -0.0088180387, 0.28373525, -0.14523096, 0.069083326, -0.16321915, 0.12476419, 0.015129553, -0.011749687;
  0.25479352, -0.10152642, -0.067280352, 0.26648605, -0.13901758, 0.066002093, -0.12381617, 0.11925793, 0.0052542128, -0.0074682087;
  0.17268075, -0.079638876, -0.0095753716, 0.26253146, -0.11762169, 0.028537909, -0.19551668, 0.090964302, -0.046201646, 0.015335211;
  0.79719263, -0.13358167, -0.062119972, 0.0063011227, -0.025780287, 0.014332814, -0.072207361, 0.050617218, 0.0039259396, -0.011364331;
  0.31886655, -0.036006246, -0.018736372, 0.31845924, -0.14620297, 0.079298869, -0.14662069, 0.12002176, 0.021353448, -0.01835297;
  0.35381711, -0.016472032, 0.0084651308, 0.34823477, -0.12552844, 0.082630873, -0.15440865, 0.12291286, 0.0253985, -0.0046327184;
  0.43234035, 0.10672092, -0.099471912, 0.29342285, -0.10912242, 0.089423597, -0.082304671, 0.087069914, 0.037139516, -0.012886505;
  0.75286865, -0.1385102, -0.068990484, -0.0064852978, -0.041437697, 0.0071131545, -0.055998467, 0.043958571, -0.005498508, -0.021533661;
  1.1043187, -0.23218986, -0.014292665, -0.14681865, 0.077729411, -0.01814785, -0.045616519, 0.0034352923, -0.0029090887, 0.036229864;
  0.72807461, -0.24581078, 0.017237537, 0.0035367697, -0.060189135, 0.0036713392, -0.072780162, 0.029236568, 0.0044316892, 0.027105425;
  -0.31384337, -0.25749686, 0.26444507, -0.14392695, -0.22482504, -0.0996226, -0.071602672, -0.018352913, 0.076167122, 0.053520817;
  0.47686234, -0.18954955, -0.036637012, 0.12738939, -0.110474, 0.037361253, -0.076391883, 0.060305227, 0.0066325124, 0.022214109;
  -0.21859859, -0.086421289, 0.20797688, -0.22686058, -0.22054209, -0.051275458, -0.025705215, 0.029408311, 0.09767922, 0.036395889;
  0.6757943, -0.19973521, -0.014037421, 0.065456435, -0.046357058, 0.025124528, -0.09421435, 0.057488319, 0.0026955046, 0.0055606863;
  -0.15954004, -0.092295207, 0.055712778, -0.17449555, -0.13202024, 0.039429467, 0.026400333, -0.022781989, 0.0084387874, 0.033706184;
  0.3263754, -0.082545042, 0.0015108061, 0.32424894, -0.11018516, 0.078279212, -0.17101227, 0.13658682, 0.016597625, -0.0052108881;
  -0.14146502, 0.023206441, 0.14984469, -0.16828722, -0.15996352, 0.089955814, -0.095762707, -0.075484924, 0.074711815, -0.0062210131;
  0.150537, -0.099587612, -0.037732337, 0.23732324, -0.10108402, 0.019576348, -0.16422954, 0.091879502, -0.053695463, 0.017894063;
  -0.26370317, -0.070342459, 0.18734807, -0.15959445, -0.12695585, 0.11107025, -0.099570401, -0.098905236, 0.058336373, 0.0016639755;
  0.67790526, -0.12150435, -0.067886777, 0.041594986, 0.0022426222, 0.010835022, -0.086351164, 0.063476808, -0.019396137, 0.0078027174;
  0.24530302, -0.070869088, -0.043439485, 0.30473089, -0.11641507, 0.072023697, -0.16329126, 0.13087337, 0.0037239552, 0.002735272;
  -0.27177736, 0.01633209, 0.18944617, -0.14412308, -0.14182335, 0.10845368, -0.10777702, -0.070176333, 0.083902851, 0.0062002665;
  0.17187998, -0.043932624, -0.056328814, 0.26399902, -0.085916758, 0.036570009, -0.1700922, 0.11143548, -0.041635841, 0.011245744;
  0.16140018, -0.055892099, -0.042427991, 0.25604406, -0.088894449, 0.024777845, -0.1792355, 0.099038899, -0.053688265, 0.020186055;
  0.26175961, -0.091718279, -0.046443641, 0.25071931, -0.10058793, 0.046889164, -0.16021976, 0.12148727, -0.016290111, 0.0018984816;
  -0.19865255, 0.054673411, 0.2911413, -0.16372216, -0.23380034, 0.027779972, -0.14229092, 0.024616029, 0.13643017, 0.036950924;
  0.24341251, -0.074635103, -0.059933253, 0.2921342, -0.12408543, 0.071800664, -0.14212048, 0.12951532, 0.0072521716, 0.001098822;
  -0.29873568, 0.013690067, 0.22574785, -0.1460935, -0.14365992, 0.10601006, -0.12413183, -0.055336382, 0.09322568, 0.0058254828;
  0.75816458, -0.18200321, -0.065518364, -0.011917216, -0.022607487, 0.012702296, -0.039075721, 0.028367046, -0.0094277654, -0.0097156409;
  0.47361305, 0.014418256, -0.1083113, 0.206516, -0.11898554, 0.065845937, -0.10044354, 0.087687641, 0.022065196, 0.00097664131;
  0.32515764, -0.19162267, -0.069419667, -0.042849552, -0.15868498, 0.0088896733, 0.017195519, 0.00029449249, -0.0050928029, 0.0098456601;
  -0.2775884, -0.17376366, 0.25414124, -0.2071216, -0.3024061, -0.059754599, -0.023336463, 0.0031049049, 0.078226052, 0.053418178;
  0.31140745, -0.028510312, 0.11050367, -0.2332242, -0.17136015, 0.002340687, -0.07630486, -0.026499571, 0.075343005, 0.0061354288;
  0.3611632, 0.046760738, -0.083216034, -0.064492084, 0.02691892, 0.093934931, -0.056393065, -0.11452082, 0.014983046, -0.0081074694;
  0.44049868, 0.058832828, -0.096216805, -0.10906597, 0.048649594, 0.084361255, -0.062698878, -0.11888205, 0.0088258535, -0.056184899;
  0.35043809, -0.050730042, -0.055073868, 0.066753127, -0.063970901, -0.032430448, -0.13451703, 0.033358507, -0.079462379, 0.021269586;
  -0.48978874, -0.16562091, 0.081512466, -0.1334936, 0.10837534, 0.076957107, 0.049338974, 0.047138616, 0.0005473654, 0.026273226;
  -0.40203276, -0.1404451, 0.053103533, -0.11077706, -0.13934438, -0.0032159234, 0.04095865, -0.057268336, -0.032977004, 0.038566731;
  -0.44273612, -0.12401461, -0.03393425, -0.022111511, 0.097041257, -0.20438848, 0.010487613, -0.07518319, 0.016248578, 0.011318743;
  0.42652816, -0.1188263, -0.11887199, -0.10904153, -0.069432758, -0.038180694, 0.056060489, -0.009246246, 0.0073954631, -0.0089721447;
  0.21704803, -0.29664019, -0.074390478, -0.031345289, -0.069562376, -0.018117713, 0.055013973, 0.010364609, -0.029607467, 0.0089639416;
  -0.082774468, -0.17396198, 0.0025429581, -0.11250437, -0.13257706, 0.02383407, 0.043891475, -0.025987627, -0.0088981288, 0.026386401;
  0.1413769, -0.16376838, -0.11121802, -0.01082174, -0.075441293, -0.0036612409, 0.049477931, -0.0081458697, 0.012141597, -0.010585728;
  0.45627391, -0.04181692, 0.02915643, -0.13458212, 0.037694197, 0.18237348, -0.1655155, -0.20464386, -0.016488852, -0.079116181;
  0.63243771, -0.12026483, 0.186453, -0.26200807, -0.12598926, -0.046924431, -0.11760219, -0.0071345652, 0.061695214, -0.00030265967;
  0.5021078, -0.041977637, -0.12652828, -0.096371159, 0.026092578, 0.012287403, 0.041127712, -0.0060956464, -0.0083666854, -0.010706641;
  0.56638843, -0.015844336, 0.042465169, -0.19019924, -0.065094553, 0.033127632, -0.09064211, -0.042535353, 0.035225607, -0.023724075;
  0.47209579, -0.020274373, 0.2108447, -0.24855119, -0.16535805, -0.030664138, -0.12543456, 0.0083428901, 0.092709504, 0.013679997;
  0.41945738, -0.055950612, -0.10343672, -0.076721892, 0.0059716925, -0.073639475, 0.00029975432, -0.015601565, -0.0053464724, -0.008841156;
  0.43076739, 0.0074831164, 0.22281885, -0.21651381, -0.18368524, -0.018497592, -0.14741598, 0.013490866, 0.10198732, 0.010193701;
  0.49437019, 0.039973777, 0.077409871, -0.14051808, -0.075892463, 0.068171978, -0.13490099, -0.058000404, 0.048595406, -0.024593897;
  0.51891273, -0.086394005, 0.19508286, -0.24054445, -0.13911039, -0.034139812, -0.12913458, 0.010098197, 0.072091788, -0.00089602981;
  0.5002507, -0.054917019, 0.1959673, -0.22765338, -0.1545503, -0.024053963, -0.14131477, 0.0065770159, 0.081032149, 0.0032409832;
  0.61647809, -0.0934444, 0.14810154, -0.22831118, -0.11095157, -0.034474317, -0.11065257, 0.0030480144, 0.055172347, -0.0028973634;
  0.47134724, -0.15554145, 0.21009645, -0.1975356, -0.15359315, -0.01219946, -0.15075116, -0.011797139, 0.066604324, 0.025923168;
  0.55542129, -0.16197348, 0.21738265, -0.21256399, -0.11838689, -0.035279512, -0.15405655, 0.010131744, 0.055459309, 0.004372573;
  0.67288011, 0.011388452, 0.12499874, -0.23861517, -0.11075616, -0.022917187, -0.10604788, 0.0012230326, 0.080749981, 0.017623723;
  -0.32496133, -0.090657003, -0.10563012, -0.072513901, -0.048354957, -0.061068326, 0.072415829, -0.055433266, -0.1223351, 0.058951743;
  -0.28729558, -0.14668143, -0.04871998, -0.060178891, 0.029777074, -0.14755502, -0.0021796098, -0.063284211, -0.10382836, 0.046419051;
  0.19239543, 0.079943992, -0.1688945, -0.034294903, 0.019044319, -0.055000842, -0.021664795, 0.0033933674, -0.033892851, -0.0167906;
  1.1814206, -0.274782, 0.035973594, -0.19542678, 0.078568079, -0.039991111, -0.061387107, -0.0027993699, -0.015382398, 0.008961956;
  0.64350814, 0.13690463, -0.26912057, 0.0021263654, -0.023082081, 0.0036504993, 0.028725805, 0.03531377, -0.0079422891, -0.030300701;
  -0.3218593, 0.0046419827, -0.17824066, 0.072227903, -0.11406606, -0.033908475, 0.088197038, -0.019733047, -0.04584581, -0.00080402684;
  -0.45166829, -0.011139307, -0.15309435, -0.053051345, 0.017181683, 0.0058759563, 0.096748263, -0.17548761, 0.0021303918, -0.053601228;
  0.18219592, 0.64295614, 0.46654421, -0.033963185, -0.21144488, -0.022670802, -0.0067416928, 0.096306622, -0.060700752, -0.073056825;
  0.43772057, -0.056225985, -0.20975569, 0.026762526, -0.070523821, 0.014655582, 0.070759885, 0.026657837, -0.0080847181, 0.033335615;
  0.49492931, -0.072401933, -0.17762682, 0.033007137, -0.031376049, 0.0092157284, 0.048566237, 0.029513175, 0.010362238, 0.063836798;
  0.5819757, 0.80366987, 0.84693801, -0.059162352, -0.049145002, -0.095293723, 0.26194414, 0.046967305, -0.36940965, -0.12148238;
  1.0261607, 0.18364204, -0.19184481, -0.22970688, 0.039638214, 0.0037260915, 0.056628205, -0.015016994, -0.004826582, -0.045507587;
  0.80821645, 0.064442441, -0.23229843, -0.1633535, 0.032964215, 0.042265855, 0.062423736, -0.035130817, -0.021055015, -0.045187864;
  -0.14402524, 0.23385195, -0.19341315, 0.22171175, -0.076370306, -0.071819134, -0.048521016, 0.0014572721, 0.011017187, -0.027213693;
  -0.11225411, -0.029077556, -0.16705266, 0.0046525667, -0.017235637, -0.086641021, 0.039328631, -0.059205148, 0.005590301, -0.022344287;
  0.37641931, -0.22184245, -0.11275902, 0.047721114, -0.042003047, 0.0056832852, 0.033591311, 0.0436651, -0.0032909883, 0.080389149;
  1.0896008, 0.078908347, -0.1745802, -0.22653873, 0.055398807, -0.03298432, 0.047757667, -0.0078766197, -0.0065512266, -0.032958083;
  -0.373211, 0.18291533, -0.11564612, -0.048982691, 0.043495096, 0.15995048, 0.056227524, 0.0080847209, -0.06150122, 0.021786148;
  -0.01047766, -0.20604818, -0.1092988, 0.20235582, -0.15543507, 0.019249277, 0.043091264, 0.037473723, 0.0019128938, 0.054861721;
  -0.30893683, -0.11153723, 0.31667799, -0.1873226, -0.29080102, -0.059133574, -0.048484407, 0.028308185, 0.10747533, 0.054288637;
  -0.31831327, 0.019788755, -0.020291444, 0.060415585, 0.073593237, -0.15143821, -0.14490566, -0.136604, -0.091364808, 0.031345874;
  0.076092593, 0.037136346, -0.21068919, -0.025356414, 0.0023803052, -0.079388142, 0.091324322, 0.007377584, 0.045455433, -0.045976263;
  -0.004297602, -0.26994017, -0.025991809, 0.058472253, -0.20650429, -0.027438125, 0.0096589243, 0.02760005, -0.034488752, 0.031746373;
  -0.48803526, 0.0092835985, -0.12215275, -0.065606631, 0.10398378, -0.17435126, 0.12088947, -0.035647072, 0.067548648, -0.028993094;
  0.88441545, -0.047623161, -0.16901074, -0.16490358, 0.013528342, -0.014002882, 0.044001456, -0.0029501431, -0.006541633, -0.023827489;
  -0.42421964, 0.042449381, -0.094252698, -0.020759685, 0.13434052, -0.10303809, 0.063889474, 0.0053020432, 0.088061869, -0.055420704;
  -0.38668191, 0.11522553, 0.020914907, -0.11114396, -0.033141974, 0.026371613, 0.049977832, 0.083859213, 0.081708394, -0.0056930138;
  -0.40449262, -0.079269834, 0.11652641, -0.10432503, 0.01093717, -0.099869438, 0.019732609, 0.04519099, 0.15389945, -0.035522863;
  -0.43231192, -0.1348411, -0.012955519, -0.058315877, -0.018064993, -0.025110338, -0.0047200988, -0.081783064, -0.08737959, 0.029589111;
  -0.1646072, -0.084699392, -0.1061229, 0.13951248, -0.19637428, -0.0060687321, 0.10271979, 0.0076759695, 0.025623813, 0.041378312;
  0.30805877, 0.096313447, 0.41597721, 0.074205659, 0.38047692, 0.3449544, -0.10758222, -0.4246687, -0.017307296, -0.044800062;
  0.92346984, -0.09386418, -0.17001174, -0.12320547, 0.020305788, -0.0096030515, 0.041073672, 0.0069207703, -0.012511353, -0.015331926;
  -0.27824777, 0.14250059, -0.043870863, 0.084437236, 0.1803893, -0.23700218, -0.074082702, -0.080912896, 0.074769869, -0.016701119;
  -0.069257773, 0.040491201, -0.13046555, 0.23088147, -0.12497034, 0.077249885, 0.01389874, 0.0086377254, 0.0049784645, -0.02884729;
  0.19837466, -0.089388825, -0.18375407, 0.080683529, -0.11306113, 0.019360309, 0.02052387, 0.060569633, -0.01313176, -0.0057262979;
  -0.32431617, 0.23387769, -0.15483299, 0.043826967, 0.095240809, -0.052796427, 0.04029502, 0.085642584, 0.03165257, -0.035170138;
  -0.40926597, -0.16555732, 0.053497866, -0.048169341, 0.1001338, -0.026068276, 0.039993063, 0.20515375, 0.0096302638, 0.016759317;
  -0.28036538, -0.24214621, 0.021835789, 0.063368209, -0.15409617, -0.068802983, -0.034808338, -0.0097501455, -0.054964628, 0.031204818;
  -0.39796507, 0.10165804, -0.0089860233, -0.092528343, -0.0088416068, -0.02037406, 0.07607656, 0.079969384, 0.08104828, -0.020544352;
  -0.058892809, 0.21826844, 0.058251429, 0.085442543, 0.28777263, -0.13668621, 0.084576122, -0.0093689729, 0.19087137, -0.090175435;
  -0.49833977, -0.088500462, -0.11460713, -0.071584687, 0.034383528, -0.057376854, 0.069912769, -0.11830702, -0.098069109, 0.021574244;
  -0.061346333, 0.16258916, 0.094071873, 0.080450825, 0.31412515, -0.12643377, 0.083996728, 0.010259694, 0.1884363, -0.083918601;
  -0.14423607, 0.28008309, -0.021862822, 0.20604154, 0.10406361, -0.13992949, -0.30396107, -0.012508921, -0.22045647, 0.097526431;
  1.6924133, 0.1457563, -0.16799827, -0.3127203, 0.2990129, -0.035201576, 0.054814551, -0.027702063, -0.0038903067, -0.012894844;
  -0.40486309, 0.10386569, -0.14601502, 0.00842549, 0.086253598, -0.23048969, 0.024275538, -0.13911296, 0.020089401, -0.0026524041;
  0.2318531, -0.14121532, 0.19441704, 0.37298489, -0.13348447, 0.0014118564, 0.19691239, -0.09456297, 0.063300297, -0.2151137;
  0.20087647, -0.18468705, 0.21290833, 0.35102493, -0.1383853, -0.0038043645, 0.18734087, -0.087823778, 0.047546685, -0.18815173;
  0.45602956, -0.22803286, 0.34832537, 0.54454505, 0.065023437, 0.021427946, 0.23717631, -0.11156551, 0.068875231, -0.28098896;
  0.3909246, -0.31622154, 0.33630869, 0.50277257, 0.017389061, 0.011995183, 0.21772857, -0.10376449, 0.064123519, -0.25290853;
  0.13850228, -0.62810934, 0.34030756, 0.37884396, -0.045326866, -0.004421948, 0.066385753, -0.017846072, 0.001875131, -0.10897628;
  0.14895573, -0.33449271, 0.28461233, 0.29855883, -0.18352257, -0.028853063, 0.10114302, -0.081550956, 0.04373645, -0.16280261;
  0.2136869, -0.40177959, 0.30540949, 0.35982209, -0.16824107, -0.0053655664, 0.13340794, -0.073544227, 0.03693714, -0.17967273;
  0.47549951, -0.49796236, 0.51133215, 0.56008732, 0.10175139, 0.025039911, 0.15957454, -0.076132312, 0.060774993, -0.25996882;
  0.46354225, -0.2910282, 0.35346374, 0.5540846, 0.028141048, 0.044471283, 0.23790869, -0.092469521, 0.078220956, -0.26773286;
  0.18061197, -0.40911508, 0.25397113, 0.40815398, -0.012198159, 0.0066848774, 0.14539617, -0.037556503, 0.041731134, -0.14457871;
  0.1577947, -0.29887924, 0.18948714, 0.37860602, -0.052413598, -0.021714192, 0.16958867, -0.087352, 0.036437076, -0.18862808;
  0.19442317, -0.46320626, 0.31412223, 0.44087854, 0.066655256, 0.029890463, 0.121933, 0.0062699434, 0.035693802, -0.1445109;
  0.28412306, -0.1917408, 0.30302215, 0.36412272, -0.1433553, -0.014861359, 0.18342017, -0.12065645, 0.083268404, -0.22442037;
  0.14116387, -0.75875366, 0.38131416, 0.36156955, -0.11124776, -0.0050751092, 0.072618701, -0.042633004, -0.0061944057, -0.12768877;
  0.41705489, -0.30818045, 0.33637768, 0.51723862, -0.0058799717, 0.022705624, 0.2236122, -0.10637244, 0.058824621, -0.25625741;
  0.25307751, -0.72169924, 0.46113372, 0.44951659, -0.020108184, 0.0096628033, 0.055458084, -0.022266036, 0.02458415, -0.13158049;
  0.13422167, -0.53531951, 0.28754535, 0.37636012, -0.041910481, -0.01084744, 0.11922889, -0.036026798, 0.023531685, -0.1466756;
  0.28074801, -0.50511718, 0.38321424, 0.47482064, 0.043165293, 0.027360864, 0.11585063, -0.019113975, 0.045992602, -0.16274188;
  0.57036662, -0.34760347, -0.01260763, 0.0051145339, 0.017827448, -0.0072994041, -0.050902169, 0.069963105, -0.0093555273, 0.020909838;
  0.31274757, -0.0064698188, -0.25203094, 0.048773449, -0.1052287, 0.020635059, 0.10893805, 0.014921904, 0.00883405, 0.015143002;
  -0.35099211, 0.10855795, -0.10662103, 0.033563867, 0.063242711, -0.2461773, -0.043894593, -0.17668158, 0.047019552, -0.013331939;
  -0.32062313, 0.15598027, -0.089941658, 0.033091296, 0.080486014, -0.21717834, -0.045831412, -0.18196878, 0.071462192, -0.030124834;
  -0.38063112, 0.058294043, -0.088834926, 0.013291339, 0.0338412, -0.11488264, -0.02682174, 0.032247066, -0.10610733, 0.04575761;
  -0.36445346, 0.02687305, -0.046296977, 0.015419355, 0.15630589, -0.13313816, 0.022949193, -0.014323028, 0.13877678, -0.085610263;
  1.0306294, 0.45645887, 0.27993119, 0.522825, 0.12556948, 0.14611778, 0.51481944, -0.33190182, 0.22655021, 0.93702024;
  1.6433773, 0.17755403, -0.1900506, -0.29377162, 0.25146601, -0.024984933, 0.050013822, -0.037233237, -0.0024608469, -0.019016888;
  -0.29735485, 0.14732622, 0.084455416, -0.099954575, -0.1594283, -0.048710715, 0.0021870951, 0.031217488, 0.056071158, 0.029023198;
  -0.26994765, 0.30502969, -0.16567537, 0.094886623, 0.03774311, -0.18544094, -0.064470083, -0.094433978, 0.020542419, -0.032055784;
  -0.4435176, 0.078225359, -0.06579262, -0.12754479, 0.017433465, 0.19687535, 0.029021947, -0.2137748, -0.0078089223, -0.046269566;
  -0.28586859, 0.12287299, 0.14316481, -0.11143628, -0.14684185, 0.045196753, -0.053833865, -0.019660711, 0.10617764, -0.006572044;
  1.8482099, 0.21986388, -0.16379091, -0.34708008, 0.3548952, -0.034582939, 0.05850504, -0.041418698, -0.006148065, -0.0083146598;
  -0.073036283, 0.24486457, -0.13694976, 0.24054334, -0.12908913, 0.00031783877, -0.13493469, 0.022615394, -0.099442564, 0.023305986;
  -0.45777589, 0.037947413, -0.12524669, -0.061321139, 0.12339797, 0.0031494105, 0.1170746, -0.0059236088, 0.058868118, -0.064086705;
  1.2159559, -0.11056889, -0.072023794, -0.17460532, 0.2260472, -0.014981894, -0.014235826, 0.043652967, -0.0030966892, 0.0078099151;
  -0.42982593, -0.037387054, -0.099367201, -0.053399879, -0.047323015, -0.10539486, 0.12777549, -0.036513891, 0.071716398, -0.035423584;
  0.34257254, 0.037451658, -0.19619581, 0.11387921, -0.11945059, 0.032603562, 0.031026369, 0.026328735, 0.034082305, 0.043951873;
  -0.36611193, -0.09354911, -0.001638411, 0.026706826, 0.099814221, -0.13970223, -0.082618959, -0.069066808, -0.065006725, 0.044259537;
  -0.44726503, -0.09353026, -0.05933959, -0.079727203, -0.10477649, -0.051552065, 0.075222708, -0.04697087, -0.075257614, 0.043202996;
  0.75575536, -0.1459585, -0.087647744, -0.09073814, -0.043873407, -0.013825008, -0.0098777916, 0.010750142, -0.0010073308, -0.0029544753;
  0.23005207, -0.088807411, 0.071572132, 0.3231906, -0.046710182, 0.063127398, 0.22437671, -0.089175075, 0.055561516, 0.40422678;
  -0.39573115, 0.031736936, -0.16953555, -0.023071475, -0.032641679, 0.04930852, 0.14848042, 0.055927832, -0.02510377, 0.00036646132;
  0.20103315, 0.52337569, 0.61587888, -0.12040539, -0.16290437, -0.080548696, 0.17794931, 0.053962592, -0.22798418, -0.087837532;
  -0.36173892, -0.21720146, -0.092761017, 0.046073407, -0.039391771, -0.010678764, 0.083877876, 0.033867575, -0.078603968, 0.041509312;
  -0.26594985, 0.30892393, -0.14741074, 0.098382868, 0.05775978, -0.14570877, -0.079834707, -0.019511707, 0.033216365, -0.038340025;
  -0.20531572, 0.25119501, -0.082704112, 0.042511385, 0.1754576, 0.049624339, 0.10720818, 0.22623958, 0.012377894, -0.0075258478;
  -0.20374905, 0.0077713714, -0.15725881, 0.14521538, -0.10022248, -0.010698183, 0.088613555, -0.032310739, -0.00031803662, 0.014458804;
  -0.28361243, 0.20889281, -0.070105098, 0.029354215, 0.069605567, -0.086947195, 0.0041668406, 0.011647065, 0.15610318, -0.094662838;
  -0.40445593, 0.0095847482, -0.033171218, -0.036957219, 0.11189033, -0.040660143, 0.048671011, 0.029633218, 0.105304, -0.060240485;
  -0.32429132, 0.29667401, -0.13511342, -0.0074402071, 0.026600534, -0.04251264, 0.062330373, 0.052863635, 0.14197019, -0.086552352;
  0.21447508, -0.33238274, 0.010796176, -0.097067609, -0.11498451, -0.081907362, -0.016372716, -0.034616422, -0.017388603, 0.00067292963;
  0.37448153, 0.040299695, -0.21343297, 0.013971481, -0.01878354, -0.045818198, 0.02018261, -0.008123626, 0.017085643, 0.036075585;
  0.45990562, 0.29081261, 0.086445928, 0.22801661, -0.11864571, 0.12363896, 0.1209167, -0.12235668, 0.15502077, 0.39754033;
  -0.47192004, -0.0022819212, -0.14258537, -0.06733828, 0.056836039, 0.031001534, 0.12534215, 0.019152395, -0.13293378, 0.058550555;
  -0.18438455, 0.062801614, -0.044633489, 0.16353485, -0.12052592, -0.088393368, -0.17087044, -0.0069493712, -0.17687824, 0.07008186;
  0.61253136, 0.026569063, -0.19912927, -0.048487049, -0.065527201, 0.02664089, 0.032431096, -0.0085755344, 0.004838007, -0.027817428;
  1.1684458, 0.015115834, -0.1648248, -0.20198442, 0.14035664, -0.02083954, 0.022677794, -0.023847315, -0.014290158, -0.022458008;
  1.1102351, 0.097092554, -0.18596752, -0.088582724, 0.086804442, 0.017022489, 0.032300208, -0.0037177217, 0.024845669, 0.074531265;
  0.83074492, 0.23810913, 0.22658187, 0.51964873, 0.11442223, 0.12759519, 0.41588256, -0.23903613, 0.17849107, 0.80574369;
  -0.35643038, 0.035950202, -0.011604546, 0.043130603, 0.16902414, -0.23846459, -0.073269047, -0.072401784, 0.10192647, -0.031888921]