[-0.069894001, 0.1203832, -0.18788354, 0.060018722, -0.034831449, -0.041480199, -0.028494099, 0.05154587, -0.040791038, 0.0037181114;
  -0.042513367, 0.26218468, -0.15572304, 0.17865431, -0.12834257, -0.13264452, 0.062144469, 0.00060686428, -0.040003199, 0.002233014;
  0.033312142, 0.15674521, -0.18336213, -0.049516842, 0.032598075, 0.051781602, -0.043376949, 0.10241392, 0.05072695, -0.046115723;
  -0.22602583, -0.011108542, -0.16773258, -0.08618971, 0.030656843, 0.12593003, -0.048576731, 0.094240472, -0.052340038, 0.0088962726;
  -0.099165887, 0.051235724, -0.17060772, -0.06573426, -0.0046257675, 0.10766086, -0.054241601, 0.099789433, 0.0089197392, -0.01626938;
  0.14607705, 0.1717661, -0.16558921, 0.025260543, -0.066707276, -0.062507845, 0.066498801, -0.044188883, -0.09560743, 0.018406708;
  0.17280574, 0.06872531, -0.20878571, 0.086279511, -0.11136287, -0.02648614, 0.0072414875, 0.033884108, -0.016010042, -0.0020265945;
  -0.23476931, -0.052000653, -0.15488032, -0.090693034, -0.0014693763, 0.15344881, -0.018627565, 0.0071582114, -0.071016699, 0.006990605;
  0.13844633, 0.062764265, -0.2397712, 0.035496213, -0.1070609, 0.071697846, -0.0020760747, 0.064207047, -0.024410233, -0.0077619865;
  0.013932014, 0.17164016, -0.18234734, 0.08497785, -0.17036128, 0.075065218, 0.057494797, 0.05383699, 0.0052307737, -0.014862238;
  -0.10044491, 0.14977947, -0.19332767, 0.085416578, -0.13691959, 0.095996454, 0.030826051, 0.053202569, -0.0069546574, -0.0011972697;
  -5.3457305e-05, 0.324292, -0.07085292, 0.17768349, 0.046126556, -0.31053311, 0.10718077, -0.08297433, -0.088807948, 0.016254939;
  0.041199483, 0.15964599, -0.046080578, -0.10766184, -0.094925992, -0.11899821, -0.016776485, -0.034465045, 0.0065929368, 0.003836228;
  -0.061805297, 0.2561622, -0.11153505, 0.16273174, -0.051645074, -0.20318143, 0.073568225, -0.034730937, -0.090235554, 0.047710635;
  -0.4312422, 0.055255186, -0.036139805, -0.12164488, -0.024003197, 0.15395273, 0.035987277, -0.090059482, -0.027134513, 0.0041964496;
  0.076991417, 0.18387769, -0.14510387, 0.057297289, -0.083501093, -0.13200469, 0.055582583, -0.011985824, -0.11232483, 0.038878124;
  -0.33044428, 0.037015591, -0.10915684, -0.098813958, 0.012826887, 0.15905687, 0.018823162, -0.018272845, -0.052691773, 9.945019e-05;
  -0.3311938, 0.028909804, -0.13187212, -0.091813579, 0.022444569, 0.14917071, -0.026660265, 0.06608694, -0.051779985, 0.017432498;
  0.11710904, 0.23946509, -0.18915147, 0.040991601, -0.02773861, -0.040736955, 0.08241336, 0.0054267808, -0.078699246, -0.01164462;
  0.21437281, 0.00048505884, -0.18726112, -0.0027558233, -0.12987562, 0.043757044, 0.0082745878, 0.00060029497, 0.0026527015, -0.030296605;
  0.032104783, 0.10574333, -0.20925814, -0.049984109, 0.01916809, 0.016748784, -0.10418148, 0.052137852, 0.051137961, -0.028779507;
  0.12529223, 0.15651853, -0.20563646, -0.092516892, -0.099150009, 0.039297201, -0.054121364, 0.022236884, 0.021953341, -0.029207241;
  0.18777414, 0.26868874, -0.15022825, 0.052009474, 0.048232734, -0.13410178, 0.014908315, 0.0062822304, 0.0509126, -0.052969102;
  0.065759003, 0.18258181, -0.17488551, -0.039996911, 0.051051449, -0.0063687642, -0.041255921, 0.0091240983, 0.041053157, -0.033194441;
  -0.080614537, 0.27084738, -0.13336401, 0.059890401, 0.076692559, -0.136544, -0.014625506, 0.021552829, 0.059607811, -0.062280748;
  -0.08556401, 0.046991646, -0.042615518, -0.1324857, -0.11266578, -0.0025718391, -0.019866569, -0.074096985, 0.026618272, -0.010721103;
  -0.24770132, 0.042683125, 0.0074281776, -0.13578573, -0.13507524, 0.0031748563, -0.019398121, -0.097342782, 0.030470625, 0.0013908418;
  -0.15161362, 0.086063214, -0.13943684, -0.015362973, -0.017778834, -0.040786222, 0.034886099, -0.089964323, -0.14921202, 0.026753783;
  -0.21400242, 0.13579819, -0.098348081, -0.037617207, 0.0011918162, -0.021971418, -0.032135334, -0.15855953, 0.049392834, -0.043323647;
  0.024083562, 0.12176056, -0.1348049, -0.11043166, -0.09139251, 0.02837004, -0.011974148, -0.064069368, -0.01467608, -0.01552221;
  0.061024845, 0.37458715, -0.12127924, 0.25940651, -0.11237641, -0.20873676, 0.21486473, 0.0021183698, -0.13104224, 0.018434867;
  0.015949259, 0.039683241, -0.13316549, -0.10424307, -0.098634742, -0.025409309, -0.10115539, -0.043254588, 0.029756097, -0.0010679875;
  0.14065127, 0.11227373, -0.24916773, 0.039189778, -0.082516283, 0.069285467, -0.005483659, 0.090257011, -0.012625071, -0.018789768;
  0.089154407, 0.023257194, -0.20367782, -0.016371449, -0.090993211, 0.043216188, -0.053520769, 0.03260608, 0.0054779025, -0.013586576;
  0.090217486, -0.012989054, -0.10862137, -0.14039478, -0.070032187, 0.054358825, -0.017429862, 0.023326367, -0.02800915, 0.011065482;
  0.18079771, 0.074733436, -0.16533156, -0.06578768, -0.047608219, 0.024468502, 0.044191748, -0.13512841, -0.039611276, -0.047632832;
  0.068875648, 0.18712167, -0.16675031, 0.027282817, -0.15351602, 0.082583219, 0.063138783, -0.021164518, 0.023035752, -0.032241765;
  0.74385482, 0.060375664, -0.16939536, 0.057214469, 0.0052818097, 0.037361458, 0.032085963, 0.059837386, 0.04509807, -0.025495294;
  0.14427653, 0.02958367, -0.20904721, 0.047137544, -0.11901994, 0.02388951, -0.010396425, 0.055734314, 0.0017608383, -0.016443847;
  -0.049759049, 0.19571011, -0.16014408, -0.013925747, -0.038781922, -0.029508403, 0.023130484, -0.011837317, -0.080665842, 0.014313824;
  0.207188, 0.11330686, -0.21190818, 0.077973172, -0.12973736, 0.046533193, 0.038819078, 0.08108978, 0.019887803, -0.030112587;
  -0.060348365, 0.10094988, -0.20994747, -0.080169901, 0.056297276, 0.00047495414, -0.15083665, 0.022667339, 0.067806706, -0.061805692;
  -0.051146548, 0.32948565, -0.096633226, 0.021357099, -0.020337533, -0.177699, -0.012848496, -0.029460995, 0.016305104, -0.020749478;
  -0.0075891186, 0.23320186, -0.15629934, 0.05198488, 0.021545479, -0.13592972, 0.016259195, 0.0023805336, -0.070158996, 0.0024654786;
  -0.1717782, 0.10743348, -0.12574738, -0.062241819, -0.077403404, -0.011160788, -0.003264514, -0.034770094, -0.077782281, 0.0093110865;
  0.13124931, 0.1053179, -0.24029285, 0.085275643, -0.14810681, 0.091008388, -0.021808589, 0.041713607, 0.010607487, 0.017461332;
  0.25642258, 0.084698103, -0.22131132, 0.022222068, -0.13200884, 0.069264062, 0.023088407, -0.0134836, 0.0066283573, -0.051647905;
  0.069685064, 0.04131436, -0.19735631, -0.041126415, -0.033659991, 0.10453968, -0.0063230204, 0.031725127, -0.029658983, -0.019901458;
  0.29523578, 0.26467183, -0.1406301, 0.43659472, -0.22548194, 0.002666784, 0.19602133, 0.069824658, 0.075913303, -0.10663168;
  0.189676, 0.01699519, -0.22634213, 0.0014044174, -0.065754749, 0.047284976, -0.029825926, 0.072994977, -0.007728328, -0.023001421;
  0.12393057, 0.13496087, -0.17932133, -0.08078783, -0.0035929822, -0.0051198173, -0.0080319215, -0.076351352, -0.026743755, -0.029877001;
  0.18873225, -0.0045030126, -0.23251638, 0.0088946903, -0.11086845, 0.059100702, -0.036104579, 0.071367316, -0.0077119325, -0.01943727;
  0.32269132, 0.0091230599, -0.18355885, 0.091820538, -0.086872898, 0.048454296, -0.017672544, 0.062731445, 0.05085754, -0.011149677;
  -0.21893823, 0.16247462, -0.21227632, 0.13319747, -0.078202724, 0.063845195, -0.031534653, 0.12080625, 0.010373253, -0.021319814;
  -0.15466583, 0.0076937876, -0.14871915, -0.059399668, 0.092848323, -0.054662161, -0.16228771, 0.019514661, 0.069039613, -0.039246716;
  -0.21581584, 0.28369182, -0.11405794, 0.14036632, 0.034040567, -0.25529674, 0.054437861, -0.057550754, -0.17198932, 0.060609799;
  0.088812195, 0.031477261, -0.11769769, -0.079739042, -0.061977759, 0.032590527, 0.034235213, -0.12203157, 0.008349061, -0.050164234;
  0.087890856, 0.016324181, -0.1866627, -0.1139714, -0.061635405, 0.089448512, -0.028183404, -0.016054375, -0.041304234, -0.015219184;
  0.25399339, 0.10371515, -0.12970197, -0.031857319, -0.13257204, 0.0068368921, 0.0032725192, 0.039855607, 0.05209174, -0.036453132;
  -0.12574074, 0.29185897, -0.09236829, 0.098123603, 0.12377962, -0.1464075, -0.043207865, 0.017075853, 0.17333819, -0.093346842;
  0.10714758, 0.17235121, -0.16953622, 0.0030424111, 0.039819542, -0.099249706, -0.036913712, 0.0096324738, 0.0053695887, -0.015472108;
  0.15860908, 0.18194728, -0.18223816, 0.013849914, -0.0013848554, -0.041039936, 0.0041274955, -0.07926593, 0.024823505, -0.044825666;
  0.086158797, 0.11101766, -0.19102891, -0.12121385, -0.021549296, 0.078983016, -0.02323282, -0.11499932, 0.012560745, -0.051226534;
  0.16247597, 0.089978278, -0.2373509, -0.038450118, -0.054156017, 0.074428648, -0.0077979569, 0.029312048, -0.041805651, -0.019242564;
  0.048774965, 0.12064372, -0.20547315, -0.035711575, -0.025712276, 0.011069563, -0.0034055575, -0.014694869, -0.087518267, 0.0016625369;
  -0.10871498, 0.063282587, -0.16303967, 0.13838305, -0.10290557, -0.070407793, -0.014212071, 0.016416449, -0.017310457, 0.016178211;
  0.21936126, 0.2153326, -0.18428506, 0.12652534, -0.064727969, -0.11507571, 0.06986092, 0.017930537, -0.034352511, -0.0014364677;
  0.1592636, 0.1562378, -0.23968969, -0.063657701, -0.077927239, 0.11461391, 0.0023175387, -0.018988607, -0.0099453423, -0.031820275;
  -0.009538197, 0.11833157, -0.23204763, 0.064301766, -0.14807144, 0.056259509, -0.039471027, 0.070127912, 0.038524676, -0.032447763;
  0.0066118715, 0.097045213, -0.20942873, 0.10135966, -0.16014937, 0.024300374, -0.019092077, 0.079607777, 0.042627729, -0.02792093;
  0.17629763, 0.24063388, -0.13675414, 0.40679428, -0.22780925, -0.003315456, 0.19504623, 0.10509153, 0.057739928, -0.049447536;
  0.16302332, 0.19285935, -0.17756337, 0.29322493, -0.23760709, -0.0048502069, 0.15376565, 0.097968362, 0.039540231, -0.025743719;
  0.16542144, 0.063192092, -0.16743656, 0.10118204, -0.07781896, -0.061271027, 0.036929633, 0.054022312, -0.0055049355, -0.016623767;
  -0.11593423, 0.16678761, -0.079150945, -0.097814232, -0.075249448, 0.035707902, 0.0024854881, -0.063890912, 0.064592868, -0.044783399;
  -0.089554466, 0.37701842, -0.052949488, 0.21415879, -0.026164703, -0.2932888, 0.17775244, -0.0639925, -0.25576738, 0.087390177;
  -0.15360329, -0.097469613, -0.15238017, -0.032324996, -0.00915117, -0.043415423, -0.12843733, 0.0082407119, -0.028316772, 0.014121018;
  0.060367294, 0.053224511, -0.17338586, -0.14425959, -0.053188052, 0.070885852, -0.056004632, 0.021822445, -0.0070671346, -0.024344541;
  0.26586762, 0.069713168, -0.19974528, 0.052373201, -0.11677728, 0.052254736, -0.023203228, 0.0044907047, 0.041390199, -0.045918178;
  0.0030589297, -0.011262573, 0.022086209, -0.16371948, -0.14307936, -0.085060373, -0.053066298, -0.012505611, 0.065848887, -0.0068072025;
  -0.013541788, -0.019524129, -0.079622887, -0.12248743, -0.069121629, -0.07479459, -0.11660846, -0.0087681217, 0.029458478, 0.013838732;
  -0.15734239, -0.041319471, -0.14194611, -0.10234611, 0.0096185738, 0.12985145, -0.01813101, 0.038614981, -0.074125513, 0.018847149;
  0.12315237, 0.08799383, -0.1689036, -0.046318181, -0.069757767, 0.023684973, -0.018103303, -0.0039020586, -0.053711284, 0.018114759;
  0.15417555, 0.048093893, -0.18831563, -0.059323024, -0.087804936, 0.036997527, -0.062713891, 0.060823448, 0.037140559, -0.034166977;
  -0.35009974, 0.041977193, -0.17642152, 0.0056421836, -0.11088644, 0.094330944, -0.079215594, 0.031807978, -0.0094539504, -0.00080793083;
  0.060722042, 0.097050451, -0.20228998, 0.0066214674, -0.039152589, -0.05297422, -0.060160857, 0.030670749, -0.014601108, -0.010772821;
  0.18236524, 0.14504772, -0.19027835, -0.055653758, -0.14164661, 0.039984446, -0.0029509086, -0.020795155, 0.016419748, -0.034000665;
  -0.18727443, 0.10683624, -0.16596587, -0.05942006, -0.032507997, -0.032282874, -0.089256249, 0.01204618, -0.056475554, 0.028826816;
  -0.11074931, 0.30719686, 0.027198788, -0.14704987, -0.19233605, -0.071468227, 0.015217558, 0.014841409, 0.060326811, 0.012956033;
  0.21694744, 0.073421635, -0.14739989, -0.022604901, -0.10588728, 0.013313342, 0.022522984, 0.05829338, 0.0034479052, -0.025545277;
  -0.075183518, 0.32003045, -0.16625938, 0.045512687, 0.019580679, -0.10395542, -0.018161815, 0.017287621, 0.035807796, -0.048733242;
  0.15836897, -0.01745132, -0.16480142, -0.014688799, -0.06977497, -0.027610086, -0.00025241289, 0.047937121, -0.065513805, 0.00063870347;
  -0.39846581, 0.12649947, -0.15736499, -0.026952492, 0.10811724, 0.062600903, -0.1221338, 0.063095815, 0.084339939, -0.048368949;
  0.12659478, -0.0054031, -0.19132376, -0.046762902, -0.033029582, 0.022366658, -0.019525833, 0.027901441, -0.059406869, -0.0054173758;
  0.017375793, 0.052765261, -0.17750753, -0.038732309, -0.016974133, -0.026805187, -0.063098177, 0.02381162, -0.035679426, 0.016043752;
  -0.018816721, 0.0028504294, -0.20151614, 0.025178356, -0.11197621, 0.047613543, -0.044255372, 0.071126014, -0.0013459156, -0.020294696;
  -0.1187916, 0.15884881, -0.16967598, -0.071924016, -0.0049707382, 0.095116131, -0.033179566, 0.064960793, 0.010220719, -0.019704258;
  0.071296491, 0.021240948, -0.1932389, -0.032451876, -0.15564063, 0.056051344, -0.047780134, 0.056858417, 0.0048208856, -0.0097743822;
  -0.094937712, -0.044501696, -0.1841885, 0.0077230902, -0.16089393, 0.070576586, -0.061166633, 0.033389911, 0.0053458707, -0.0071810125;
  -0.057283491, 0.082891904, -0.086073719, -0.080442458, -0.15425618, -0.030154506, -0.064088687, 0.0093294475, 0.053508617, -0.014940711;
  1.0423634, 0.10985065, -0.21866056, -0.12150939, 0.067276739, 0.040905092, -0.0017898913, 0.0049398304, 0.015285743, -0.018671814;
  -0.017555596, 0.0025868088, -0.0018789212, 0.12119722, -0.19559616, 0.04546782, -0.062820747, 0.019682694, -0.0042816843, 0.027492667;
  -0.17710739, 0.17592046, -0.13363047, 0.18580367, -0.066287346, -0.14167532, 0.076056391, 0.0090676369, -0.17627497, 0.060783025;
  -0.47556412, -0.085277244, -0.082130961, -0.08910469, 0.082973838, 0.17722023, 0.03255887, -0.16145882, -0.036276493, -0.039059386;
  -0.0071966811, -0.23133287, -0.019607879, 0.31169146, -0.1463597, -1.033106e-05, 0.11496583, 0.11387736, 0.0086529357, 0.050610639;
  0.75937855, -0.17920442, -0.15954638, -0.12623236, -0.01491401, 0.018725177, -0.0452861, 0.014606189, -0.019057078, 0.0020802037;
  0.026184227, -0.19577073, -0.077586703, 0.31275266, -0.2167981, 0.061017878, 0.027019856, 0.070994079, 0.028368372, -0.025358075;
  0.89076191, -0.15289092, -0.12956357, -0.10920168, 0.010241235, 0.0014089049, -0.0070890919, 0.0065153125, -0.0069083855, -0.0011689615;
  -0.34897467, 0.070819668, 0.022713877, -0.017021859, 0.12684251, 0.074381188, 0.08561483, 0.20135839, 0.03993424, -0.011648607;
  -0.38989511, -0.13461624, -0.1910378, 0.038114808, -0.079235472, 0.064854294, -0.11594436, 0.084164195, -0.085970625, 0.044663716;
  -0.50666404, -0.12813824, -0.059892979, -0.073156625, 0.13555457, 0.037979204, -0.10270981, 0.013405466, -0.0024481181, 0.0071197003;
  -0.47969291, 0.057609547, -0.029095829, -0.16951971, -0.087021604, 0.030053176, -0.13494036, -0.023301711, 0.036871966, 0.017683929;
  -0.43317947, -0.14395393, -0.032712128, 0.020514721, 0.15617801, -0.14251445, -0.14138849, -0.027230293, 0.039601289, 0.00088467315;
  0.44014874, -0.5039407, 0.023300949, -0.011221007, -0.091445178, -0.045234893, 0.057452947, -0.031056315, -0.034806538, 0.00027563662;
  -0.35722667, 0.082920134, 0.11165746, -0.10585573, -0.0042579174, 0.088309318, 0.13245878, -0.06514702, 0.035280403, -0.012280024;
  -0.30768067, 0.045797322, 0.42997116, -0.17220274, -0.010782643, -0.025814889, 0.14430618, 0.15320723, 0.14108674, 0.045034453;
  -0.44533131, -0.11902463, -0.052042481, 0.0037379584, 0.12542908, -0.10605854, -0.099115334, -0.0070508034, -0.046332631, 0.029753944;
  -0.10019291, 0.30140385, 0.2342864, -0.043251049, -0.026236104, 0.052807413, -0.10903694, 0.10201218, -0.11750583, -0.071220435;
  -0.20656975, 0.24862252, 0.25388619, -0.16798958, -0.21465836, -0.006792123, 0.03122358, 0.040678091, 0.15700956, 0.035114009;
  -0.27066553, -0.030117629, -0.086312212, 0.060363844, -0.12526241, -0.033107162, -0.062834509, 0.017730705, 0.042237129, -0.017944053;
  -0.38928932, -0.16401696, -0.02803771, -0.022608012, -0.029994171, -0.017984461, -0.054055072, 0.014783003, -0.022026408, 0.0079152081;
  -0.12600738, -0.017480532, -0.14480969, 0.13650797, -0.082453907, 0.13000184, -0.10850111, 0.067625694, -0.0034046569, 0.011264078;
  -0.36972222, -0.18902171, -0.0074913101, -0.033765167, -0.10747955, -0.011435579, -0.058699064, 0.011987453, 0.005992074, 0.0078050876;
  -0.34011215, 0.18102841, -0.15688859, 0.061980434, 0.090133399, -0.06308677, -0.11975429, 0.029825455, 0.081756428, -0.047419302;
  -0.53311259, -0.36903867, 0.084573716, -0.14825828, 0.085692033, 0.11774195, 0.027795684, -0.05281939, -0.070647992, 0.030801924;
  0.21099137, 0.31185171, 0.77112448, -0.11374605, -0.11250233, 0.023531716, -0.15526637, 0.10953878, -0.28523332, -0.084947869;
  0.46446776, 0.00049098185, -0.19097181, -0.088324197, -0.12080733, 0.048968874, -0.044985518, 0.0070507894, 0.019519979, -0.012825528;
  -0.044660557, 0.036032461, -0.17617649, 0.25540805, -0.21852413, 0.013648229, 0.072384141, 0.058726232, -0.018561404, -0.0030829713;
  -0.51565331, -0.12365435, -0.0055522681, -0.14768125, -0.012602005, 0.0010488877, -0.14412929, -0.016706239, 0.018142255, 0.019833354;
  -0.019467073, -0.53048933, 0.17675824, 0.02604557, -0.051442835, -0.078976892, 0.08693479, 0.10331603, -0.081569739, 0.012575017;
  -0.43000287, -0.38585156, 0.21419187, -0.080880493, 0.14340711, 0.056927841, 0.18580346, -0.044531904, -0.061490837, 0.032013245;
  -0.020517021, -0.08304926, -0.24488369, 0.027241025, -0.13054639, 0.083969489, -0.10873833, 0.050891865, -0.01358176, 0.027747219;
  -0.20209192, 0.15858103, -0.028134368, 0.16112368, 0.074231558, -0.25746793, 0.068732746, -0.044947393, -0.17279145, 0.069997579;
  -0.26736593, 0.089151323, -0.025208792, 0.12665372, 0.049357284, -0.27005398, 0.090394326, -0.054590221, -0.27038124, 0.11117205;
  -0.40312639, 0.15525542, -0.13495196, -0.011193013, 0.1849567, 0.18107329, 0.025952347, 0.20162393, 0.0021805116, -0.017826969;
  -0.4749479, -0.11934523, -0.051935893, -0.052601576, 0.13428545, 0.020963689, -0.089131854, 0.010382004, 0.028029148, -0.026359966;
  -0.3846125, -0.06603305, 0.040597361, 0.032960262, 0.3049199, 0.070567831, 0.10228294, 0.28240585, 0.046859849, -0.015019682;
  -0.010997852, -0.019527843, -0.13954547, 0.053980667, -0.018988673, 0.0013436119, 0.012844562, 0.097098075, -0.0070106597, -0.012759377;
  0.11577204, -0.22600743, 0.84647244, -0.055443976, 0.28856021, -0.064167082, 0.24503601, 0.088383064, 0.17896973, 0.1327734;
  0.52321684, -0.10222912, -0.20486064, -0.065585382, -0.061428156, 0.059648022, -0.037392017, 0.020604031, -0.016949909, 0.00014575527;
  -0.032171279, 0.0194481, 0.64301389, -0.075751022, -0.044194601, -0.15863554, 0.26230225, 0.12063979, 0.18467969, 0.059645213;
  -0.31479731, 0.18209319, -0.17268452, 0.079233065, -0.013712973, -0.090255782, -0.028325759, -0.03410833, -0.14890052, 0.049248718;
  -0.052238401, -0.21562104, 0.0033829571, 0.14147338, -0.27209073, 0.020914251, 0.0069415853, -0.010919538, -0.0020724121, 0.003442327;
  -0.16975199, 0.22623242, -0.19636855, 0.1388929, -0.059663698, 0.036102772, -0.045112614, 0.021828266, -0.043324057, 0.0063523562;
  -0.27523568, 0.26541087, -0.07401453, -0.023706205, -0.14987113, 0.045075223, 0.049673349, -0.12450857, 0.057598609, -0.045355786;
  -0.2758956, 0.10622016, 0.28197607, -0.18333335, -0.15977846, -0.014503554, 0.035944261, 0.028826632, 0.11442643, 0.031053731;
  -0.40943766, -0.079676926, 0.085243121, -0.17712121, -0.24354981, 0.012707895, -0.086844407, 0.018140135, 0.052289866, 0.036528166;
  -0.44447222, -0.15345602, 0.12426987, -0.16099848, -0.09020593, -0.047623206, -0.044377595, -0.0072722035, 0.023892932, 0.031470269;
  -0.42913458, -0.057008203, 0.017586621, -0.16689578, -0.23592775, 0.043004002, -0.12029984, 0.017872652, 0.042626448, 0.035397813;
  0.061999559, -0.060461812, -0.1406213, 0.072126992, -0.1745213, -0.018914051, 0.0085959211, 0.031759314, -0.0334539, 0.0046430365;
  -0.34647295, 0.044828586, -0.021200238, 0.037929617, 0.12472442, -0.1923714, -0.10875598, -0.066657327, 0.084001899, -0.031397361;
  0.57197005, -0.20361961, -0.16189428, -0.067871623, -0.087697722, 0.023732312, -0.046167362, 0.019175148, -0.015232351, 0.00086859992;
  -0.26126102, -0.0066345586, -0.18007801, 0.07299532, -0.15437126, 0.080114983, -0.078221917, 0.017607829, -0.059646107, 0.025569424;
  -0.54012144, -0.12519842, -0.067614004, -0.12218639, 0.11290888, 0.12988243, -0.074935257, -0.005417644, -0.014505422, 0.0043725488;
  -0.53562284, -0.12324093, -0.069369353, -0.12049904, 0.070190288, 0.071363412, -0.10226267, -0.011377342, -0.042183612, 0.023212181;
  -0.44298828, -0.19774337, 0.14789467, -0.17054069, -0.096005149, -0.062571354, -0.10999147, 0.0068168449, 0.076457269, 0.019105481;
  -0.29459524, -0.098662898, -0.0075608334, 0.064182237, -0.093688607, -0.19795078, 0.016454872, -0.038562797, -0.20083442, 0.088715903;
  -0.32601568, -0.13722561, 0.33489487, -0.19046128, -0.19155979, -0.071461901, 0.08252804, 0.0032589589, 0.09566541, 0.034840234;
  -0.47317404, -0.29476351, 0.062373407, -0.10607361, -0.061594337, -0.13873154, -0.12415667, -0.073580764, -0.090311766, 0.073675707;
  0.6245532, 0.023411991, -0.22158565, -0.12555952, 0.028057029, 0.040974855, -0.029784715, 0.057137497, -0.0083017964, -0.019010073;
  -0.084625579, -0.27750832, -0.091086023, 0.1078559, -0.10142603, -0.030013843, -0.071354024, 0.020454118, -0.0040723421, -0.019267585;
  -0.36245298, 0.13831963, -0.10321754, 0.018547334, 0.16903956, 0.069376767, -0.022968765, 0.15976541, 0.065364234, -0.050477352;
  -0.47572783, -0.20512889, -0.018955341, -0.094069004, 0.041949436, 0.10782173, 0.02621522, -0.16991322, -0.06402646, -0.017099215;
  -0.52186811, -0.34762958, 0.039225716, -0.08279936, 0.06085512, -0.18585999, -0.1535145, -0.095457904, -0.095306553, 0.063821547;
  -0.28930339, 0.20658618, 0.19459215, -0.15998629, -0.12638769, 0.026413949, 0.068270817, 0.0086610857, 0.12864238, 0.015434554;
  -0.072197035, 0.31180248, 0.027882833, 0.080941208, 0.13327181, 0.17058755, 0.27271995, -0.33408707, 0.0074371034, -0.10513248;
  -0.35291669, 0.0015837575, -0.058344278, 0.0083201928, -0.0018652792, -0.12671874, -0.11746039, -0.10188544, 0.040913783, -0.013147955;
  -0.1022282, 0.051358953, -0.19950552, 0.21258956, -0.1689155, 0.014850701, 0.0066721444, 0.059410177, -0.0064004376, 0.00057840778;
  -0.17701273, 0.16222049, -0.0029720773, 0.081007257, -0.11799636, -0.1623106, 0.026189499, -0.034227975, -0.082314558, 0.043177508;
  0.096933283, -0.085205667, -0.16280128, 0.094066821, -0.16843617, 0.0073505221, -0.029159673, 0.035506543, -0.030332314, 0.067685708;
  -0.44489509, -0.089821577, -0.082478598, -0.017050141, -0.019050073, -0.15191345, -0.044980124, -0.071322411, -0.28501031, 0.12249538;
  0.14335658, -0.46404344, 0.16120306, 0.24533349, -0.12274081, 0.013745261, -0.0073465765, 0.020119039, -0.044172201, 0.055436045;
  -0.30866182, 0.034269091, -0.11744985, -0.002683647, -0.15017334, 0.15438682, -0.056774527, -0.0078079421, 0.0025740529, -0.010753955;
  -0.48550573, -0.16080153, 0.0055867662, -0.062906221, 0.15549405, -0.023473362, -0.095829383, 0.0094252359, 0.060661629, -0.016442856;
  0.35647696, 0.18669659, 0.73689574, -0.067361094, -0.057301886, -0.060919903, 0.019249765, -0.027123204, 0.12163604, 0.093455128;
  -0.48927268, 0.046044074, -0.043701816, -0.15832527, -0.06885957, 0.012029619, -0.15331995, -0.053602152, 0.04316137, 0.0060016061;
  0.62018418, -0.00025354157, -0.19219409, -0.1003084, -0.06057068, 0.041902792, -0.044942144, 0.021000829, 0.009581279, -0.0021836325;
  -0.36382103, -0.16431893, -0.026010837, -0.053715825, -0.22237238, -0.049070071, -0.084816687, -0.0099683451, -0.089357428, 0.065245658;
  -0.39155018, -0.29008034, -0.058404531, -0.0018532977, -0.11777689, -0.057315148, -0.09798383, -0.027938703, -0.10037135, 0.047206603;
  -0.15005198, 0.32944253, 0.25550649, -0.1075213, -0.23355775, -0.080340371, 0.13069209, 0.043887593, 0.15656595, 0.0065863412;
  0.59845585, 0.024074448, -0.25807294, -0.078073941, -0.055384371, 0.068458289, -0.072450109, 0.024836492, 0.0069934633, -0.012882545;
  -0.37658277, -0.28422961, 0.0056552473, -0.05320726, -0.15983135, 0.0052545974, -0.091847181, 0.0081310244, -0.044843242, 0.05149949;
  -0.4790642, -0.023082776, -0.067944467, -0.10156269, 0.080944829, 0.10585082, -0.069484442, -0.030459799, 0.027855884, -0.023540016;
  -0.48544183, -0.16815872, -0.050023206, -0.063844725, 0.12606259, 0.098910473, -0.030527357, -5.6469195e-05, -0.050481427, 0.011535317;
  -0.4406389, 0.0037020571, -0.10727061, -0.03432364, 0.03483291, -0.043498047, -0.069446556, -0.069437377, -0.10914056, 0.035797641;
  0.25644547, 0.5413906, 0.70946825, -0.080285683, -0.10526107, 0.0615228, -0.13012993, 0.1222088, -0.25885245, -0.10327238;
  0.20557742, -0.12123366, 0.065681726, 0.26842913, -0.20129986, 0.02486537, 0.019886969, 0.010623628, -0.00074446719, 0.016994577;
  -0.34042537, 0.10936444, -0.061617006, 0.065647937, 0.16975917, -0.17783394, -0.10526968, -0.05294789, 0.09186893, -0.042349901;
  0.25655809, -0.34085721, 0.19110672, 0.33974007, -0.060261246, -0.00088839862, 0.087550618, 0.070364654, -0.013711483, 0.049903728;
  -0.076327913, 0.23152323, 0.48510987, -0.17122328, -0.18462434, 0.014245942, -0.11022424, 0.066352434, -0.11079998, -0.04088188;
  0.052042462, -0.048074774, -0.065574318, -0.073574841, -0.24846627, 0.0042774612, -0.044857007, 0.018299559, 0.047536056, 0.01885918;
  -0.14501765, -0.01051704, -0.022179913, -0.10010412, -0.19953443, 0.017099269, -0.01831498, -0.010959348, 0.038496815, 0.010269755;
  0.19392653, 0.049582787, -0.043040067, 0.25820714, -0.12044749, 0.13963786, -0.053108212, -0.0062459256, -0.014722622, 0.025245577;
  -0.33803248, 0.1357431, -0.12083786, -0.049642779, -0.12915385, 0.1386314, -0.037737351, -0.09041357, -0.010063021, -0.0011419946;
  -0.38904792, 0.058429964, -0.11947502, -0.072951294, -0.12974454, 0.11168629, -0.09212999, 0.0058832946, 0.0068587996, 0.0089008594;
  0.092425086, -0.099040806, -0.058815058, 0.28887454, -0.22491875, 0.13692205, -0.07558763, -0.0025284865, 0.044438925, 0.22383925;
  -0.13005421, 0.011523549, -0.21476285, 0.23027538, -0.18956184, 0.053167492, -0.016660886, 0.091468513, 0.011533857, -0.010875693;
  -0.15050337, 0.17034106, 0.46795619, -0.18303792, -0.15455452, 0.0096294554, -0.081522897, 0.10125133, -0.069260746, -0.02612458;
  -0.033142347, 0.050741963, -0.22681879, 0.015488617, -0.098720729, 0.040501155, -0.068855062, -0.023089165, -0.01667936, 0.00028387416;
  -0.26161075, -0.15209061, -0.11649333, 0.093835361, -0.20315334, -0.0044389316, -0.053297758, 0.047439605, -0.06061976, 0.040263236;
  0.046033736, -0.10758121, 0.3053627, 0.13263319, 0.33340853, -0.23162334, -0.10854927, -0.23998953, 0.044688378, 0.029042704;
  -0.21768592, -0.054790296, 0.12552941, 0.013456495, 0.13241024, 0.12716208, 0.29134622, -0.37303489, -0.033783101, -0.089934148;
  0.62043124, 0.67006099, 0.99803174, -0.025024023, 0.055231981, 0.13505504, -0.25342825, 0.1325378, -0.44944587, -0.11578258;
  -0.30907831, 0.22436367, 0.099502265, -0.17512891, -0.23693247, 0.041303102, 0.0017050878, -0.019674227, 0.12316945, 0.013246452;
  -0.12147746, 0.069551364, -0.01606798, 0.20047721, -0.088874914, -0.22396334, 0.1350733, -0.013804278, -0.1818226, 0.067648768;
  0.70686209, 0.78232408, 0.98883194, -0.015498497, 0.035707783, 0.15956712, -0.31993368, 0.10319364, -0.48612779, -0.12681904;
  0.75409913, 0.68431908, 1.13969, -0.016217824, 0.1755107, 0.18966548, -0.32630748, 0.14111629, -0.53552788, -0.10729506;
  -0.29175532, 0.20615105, -0.094592012, 0.097941212, 0.12899882, -0.20097883, -0.095455796, -0.069852404, 0.040188741, -0.023746276;
  -0.34357885, -0.10122523, 0.038071111, 0.0316009, 0.075889438, -0.19213875, -0.011299612, -0.082782604, -0.077879801, 0.034451719;
  -0.30992875, 0.042422432, -0.010170054, 0.045425154, 0.16573681, -0.023947159, 0.025360405, 0.04999432, 0.056792028, -0.049910206;
  -0.37706089, 0.034992315, 0.18602601, -0.18825226, -0.17357673, -0.019943206, 0.0021624705, 0.048550747, 0.10208232, 0.027168248;
  0.41580129, 0.1034373, 0.034210794, 0.42434776, -0.039123923, 0.22664604, -0.10987934, -0.031931046, 0.098337062, 0.48116529;
  0.20810294, 0.13337724, 0.55474395, -0.10182869, -0.14895803, -0.043982014, -0.052404337, -0.059173819, 0.11406687, 0.082166202;
  -0.41431299, 0.034293123, -0.12518139, -0.019264009, 0.07948152, 0.037460633, -0.11572944, -0.027049782, 0.063400812, -0.055248685;
  -0.33649814, 0.2355542, 0.076594174, -0.15137908, -0.13498256, 0.064989693, 0.055656407, -0.060120407, 0.090744257, -0.0080415951;
  -0.18041687, -0.074543811, 0.02695347, 0.16907527, -0.020694906, -0.24152356, 0.054900013, -0.040256441, -0.075791381, 0.037238017;
  -0.38535783, 0.068008013, -0.066327743, 0.051362514, 0.1986126, -0.18181266, -0.15102853, -0.048755012, 0.099863544, -0.032228187;
  -0.44374737, -0.031877305, -0.13112119, -0.085937291, -0.031625841, 0.17794135, 0.0029124122, -0.22203732, -0.054947142, -0.03568105;
  0.63128191, 0.22349787, 0.13576379, 0.42090648, 0.03533899, 0.15505385, -0.0781186, -0.023515025, 0.015924281, 0.086817011;
  -0.37290266, -0.51033068, -0.040231604, 0.050911833, -0.093076535, 0.037426565, -0.077317923, 0.065620378, -0.054500926, 0.03597188;
  -0.19603567, 0.19644949, 0.36195484, -0.1584605, -0.23533711, -0.089284077, 0.092769869, 0.073819079, 0.13080479, 0.014726751;
  -0.42979041, 0.070249319, -0.050558768, -0.076310851, 0.050704613, 0.035094649, -0.070826791, 0.039245538, 0.074404143, -0.0297188;
  -0.4357163, -0.68668771, 0.21915177, -0.13053051, -0.11526453, -0.038203571, -0.028057424, 0.0027144609, -0.089304298, 0.0688629;
  0.056829251, 0.47664711, 0.44850162, -0.074038349, -0.16781151, -0.052756868, 0.11279771, 0.088327773, 0.14662135, 0.0075703086;
  -0.37481704, 0.084175713, -0.11344437, -0.05364842, -0.10134795, 0.086979836, -0.060259629, 0.031741001, -0.016654804, 0.015096766;
  -0.2676433, 0.061333816, 0.05951089, 0.1361319, 0.28382412, -0.21312453, 0.01476264, 0.026542468, 0.14848955, -0.058920752;
  -0.014627301, 0.14332384, -0.16356681, 0.29478768, -0.14950098, 0.0065837367, -0.020819662, 0.023620062, -0.011761286, -0.00093326782;
  -0.11313397, 0.32728338, 0.3276242, -0.12813734, -0.25559872, -0.07558427, 0.11026125, 0.067901127, 0.19490305, 0.027472572;
  0.099852815, -0.035385992, 0.020454448, -0.015599105, -0.1932146, -0.080155037, 0.016614022, 0.0021076205, 0.031698618, 0.032702979;
  -0.37788486, 0.090876423, 0.023530552, -0.11130638, -0.030890405, 0.11391767, 0.08660692, -0.1353167, 0.034065861, -0.033451535;
  -0.31317669, 0.16746633, -0.081756562, 0.041191574, 0.13050909, 0.11257862, 0.12018967, 0.04458572, -0.01210565, -0.030601565;
  -0.35122165, 0.07995259, -0.051941302, 0.038203664, 0.10970324, -0.22884944, -0.15953827, -0.11834075, 0.089899749, -0.032576747;
  -0.41533682, 0.057877004, 0.18027782, -0.2195906, -0.1371849, 0.039738573, 0.034824204, -0.0081359958, 0.10976166, 0.024578055;
  -0.26236761, -0.031395473, 0.044380009, 0.14784014, 0.17374732, -0.25734636, 0.026567373, -0.029636148, -0.041611709, 0.037507243;
  -0.38645187, -0.30915388, -0.022704626, -0.0073983995, 0.017990462, -0.034727618, -0.13102071, 0.010769154, -0.014819391, 0.031779326;
  -0.34225026, 0.13146655, -0.13808341, 0.080021597, 0.004042875, -0.18837057, -0.033101771, -0.060342379, -0.20995517, 0.085088469;
  -0.43763205, -0.14776377, 0.062715121, 0.01194918, 0.35232097, 0.0792979, 0.074905358, 0.22685997, 0.038573559, 0.012556204;
  -0.23414613, 0.25914705, -0.065584593, 0.15296224, 0.16315748, -0.25044915, -0.035137795, -0.066980615, 0.060005579, -0.031166008;
  -0.17017543, 0.24291566, 0.3340753, -0.11824427, -0.22221592, -0.10794306, 0.15934655, 0.065991804, 0.16657287, 0.012961911;
  -0.24369113, 0.17753124, 0.24301323, -0.19281837, -0.24571073, 0.022716822, -0.081955731, 0.01102717, -0.023114217, -0.02070822;
  -0.44800049, -0.01023452, -0.095744677, -0.026546277, 0.13076228, 0.022018446, -0.083238885, 0.042414412, -0.01800406, 0.011676304;
  -0.3379423, 0.18890922, -0.14048386, -0.027575267, 0.016342763, 0.18213919, 0.078010038, -0.21415104, -0.007141286, -0.072507769;
  -0.17213568, 0.1329602, -0.079775862, 0.044501014, -0.045944285, 0.14538272, 0.194672, -0.33072826, -0.009786997, -0.10406254;
  -0.41862103, 0.053901959, -0.156269, -0.026904475, 0.061119165, 0.15445952, -0.021063287, 0.046795111, -0.037880048, -0.0090032639;
  0.20099351, 0.49269718, 0.59829628, -0.047428314, -0.20371023, -0.041022349, -0.014581275, 0.087215014, -0.13800101, -0.082313634;
  -0.14051449, 0.20669504, 0.014549421, 0.02612208, 0.066596158, 0.16471004, 0.21442103, -0.39844936, -0.0073046014, -0.10355652;
  -0.32282367, 0.24563776, -0.087616891, -0.038929567, -0.023069736, 0.14591888, 0.12367663, -0.16430688, -0.0010693227, -0.054258835;
  -0.35108617, 0.051440358, -0.07885883, 0.051571682, 0.073364235, -0.096209273, -0.017863013, 0.0048360801, -0.050521702, 0.0066070128;
  -0.29854748, -0.0045269304, 0.30726382, -0.21687512, -0.21345265, -0.026819937, -0.018862767, 0.0153598, 0.083124466, 0.038652144;
  -0.31188008, 0.18654011, -0.025358567, -0.020372882, 0.01265624, 0.091042764, 0.080113351, 0.099733718, -0.0072889612, -0.01678014;
  -0.26308265, 0.18482201, 0.034089006, -0.0055145239, 0.039136894, 0.095341571, 0.24315591, -0.24772601, 0.033719178, -0.08740133;
  -0.46568656, 0.044659015, -0.11191706, -0.085382774, 0.050453708, 0.073225863, -0.093084648, -0.064056575, 0.039919406, -0.037365299;
  -0.20837845, 0.26100203, 0.3513355, -0.14933743, -0.15136035, -0.058472756, 0.1463442, 0.11822181, 0.21389401, 0.043575093;
  -0.11668481, 0.39313006, -0.055276453, 0.19186696, 0.1314047, -0.25477257, 0.0040494269, -0.073977828, 0.11576682, -0.072180822;
  -0.45259142, -0.13776061, -0.070066623, 0.021237476, 0.10803021, -0.11837258, -0.11984079, 0.021752579, -0.056789193, 0.042438954;
  -0.39432579, 0.031210108, -0.041914828, 0.014963646, 0.25200719, 0.11208265, 0.053145148, 0.2771391, 0.034493349, -0.018579228;
  -0.43092686, -0.086784288, 0.033102609, -0.02282585, 0.29586524, 0.21160147, 0.18930529, 0.032872744, -0.075165182, 0.043188505;
  -0.40582812, -0.15764278, 0.035874989, -0.010393974, 0.17625871, -0.0040296135, 0.012478532, -0.0080177169, 0.046307184, -0.038293853;
  0.27520794, 0.52367198, 0.69727331, -0.0878167, -0.12534884, 0.064190134, -0.20301896, 0.098110817, -0.30575669, -0.10085344;
  0.60413867, 0.37519157, 0.46150509, 0.31290716, 0.61031169, -0.21924534, -0.23688304, -0.33586347, 0.13973717, 0.10635452;
  -0.26977065, 0.25140554, 0.24434154, -0.15087819, -0.12457719, -0.0030858431, 0.12070999, 0.059304748, 0.16696294, 0.024726247;
  -0.49997267, -0.65236682, 0.24889055, -0.032717168, 0.24087404, -0.31514445, -0.1044708, -0.075094312, 0.0081495782, 0.038833521;
  0.80800033, 0.4050943, 0.67128497, 0.37955973, 0.93970543, 0.060477324, -0.094951853, 0.015008236, 0.34642619, 0.092244469;
  -0.053649757, 0.17114198, -0.11479687, 0.29733777, -0.069040999, -0.064453937, -0.017305108, -0.0076742368, -0.0024337363, -0.041760821;
  -0.40756753, -0.0059362925, -0.05456106, -0.0022481142, 0.19581753, 0.1133984, 0.022773374, 0.21366189, 0.011904022, -0.0056894785;
  -0.35553303, -0.0027913253, 0.15519439, -0.17141435, -0.19751754, -0.00131351, 0.050144814, -0.10104483, 0.058646545, -0.00037178845;
  -0.45087782, -0.067836829, -0.10563698, -0.015429405, 0.12334526, 0.041735206, -0.12323212, 0.12174827, 0.050056208, -0.021338589;
  0.39117262, 0.28318051, 0.091321185, -0.19785132, -0.17361642, -0.078776486, 0.066598937, 0.038714226, 0.10620133, -0.036794532;
  -0.22079359, 0.16249886, 0.012829331, 0.17785694, 0.18177779, -0.29233566, 0.091856875, -0.031194229, -0.15317455, 0.080755875;
  0.34511423, 0.39941019, 0.27027872, 0.2672888, 0.48924956, -0.20841366, -0.18854564, -0.2211432, 0.15261474, 0.03257107;
  0.028351914, 0.062429063, -0.036669664, 0.20049016, -0.049366608, 0.19992669, -0.0088221198, -0.029760456, -0.020150121, 0.24502054;
  0.071493767, 0.11524002, -0.033950683, 0.22829847, -0.04784679, 0.19446239, 0.014406326, -0.034525368, -0.010761425, 0.24048442;
  0.21764828, 0.50383174, 0.063483678, 0.23489419, 0.17776655, -0.066446446, 0.03218174, -0.00012264107, -0.029575754, 0.0067175226;
  0.090529926, 0.44759256, 0.0059124446, 0.18954247, 0.11118831, -0.016114265, 0.1142465, -0.021428471, -0.10309947, 0.022090126;
  0.95746946, 0.34447134, 0.23237617, 0.48334256, 0.1066208, 0.22747304, -0.14460549, -0.1042947, 0.048378825, 0.10795622;
  -0.19718021, 0.14618193, 0.029405409, 0.21001935, 0.18793258, -0.27843913, 0.15157978, 0.0083768992, -0.16301949, 0.089998022;
  -0.4674311, -0.075250626, 0.00985118, -0.11013463, 0.093340605, 0.14507203, 0.040789377, 0.048061926, -0.014686203, 0.013403431;
  -0.28187069, 0.058856912, 0.025071874, 0.11269549, 0.20411646, -0.26039854, -0.04750685, -0.066085123, 0.10505527, -0.042729385;
  -0.25383294, 0.053953815, 0.064364307, 0.048962694, 0.15988016, 0.12048265, 0.32203621, -0.23201436, -0.027358456, -0.073442154;
  -0.40537366, -0.10477515, -0.10393464, 0.051884666, 0.059590403, -0.074399836, -0.10937463, 0.04931096, -0.035503872, 0.0305997;
  -0.52956772, -0.28615099, 0.098748684, -0.03461035, 0.43387786, 0.1600744, 0.10729891, 0.31406003, -0.012950471, 0.058625184;
  -0.36169893, -0.062071826, 0.16447514, -0.13055788, -0.039939124, 0.052654762, 0.13115396, -0.14744239, 0.038472075, -0.018109223;
  -0.38997129, 0.076824583, -0.20377512, 0.044453952, -0.0024538944, -0.061308019, -0.15981172, -0.0051138918, -0.034536161, 0.014814618;
  -0.29450458, 0.21257913, -0.11722814, 0.11523093, 0.11850246, -0.20519878, -0.099429943, -0.063223705, 0.058016002, -0.028783014;
  0.29369655, 0.12749772, 0.74868232, -0.076268271, 0.047175758, -0.046725567, 0.077824526, 0.015381839, 0.22329541, 0.13983701;
  -0.3214601, 0.025192006, -0.010648573, 0.033452623, 0.17453732, 0.15989727, 0.19817589, 0.0613233, -0.099101231, 0.034782462;
  -0.4425461, -0.1070664, -0.0012384733, -0.013323186, 0.19232816, -0.05733677, -0.083474733, 0.057280198, 0.062200405, -0.015219023;
  -0.31915262, 0.26829851, -0.16722687, 0.026595946, 0.064699896, 0.13311695, 0.064152583, 0.028489491, -0.034604862, -0.030221993;
  -0.17199092, 0.19160347, -0.096509315, 0.19496466, 0.0040471861, -0.18298754, 0.047152929, -0.00023649474, -0.021940183, -0.008148198;
  -0.33972096, 0.16586091, -0.10101075, 0.00030661834, 0.088950045, 0.13247015, 0.1021871, -0.13208517, 0.012414627, -0.073893405;
  -0.35067394, -0.068147212, 0.076011345, 0.09382233, 0.31489995, -0.18210424, -0.015334678, 0.065555945, 0.14201209, -0.043970976;
  -0.30834877, 0.1892412, -0.10848896, 0.064608783, 0.15854496, 0.001684412, -0.032439429, 0.15155467, 0.11931001, -0.071065232;
  -0.388143, 0.082994059, -0.069335781, -0.00029131374, 0.21924908, 0.22312632, 0.13625289, 0.11948042, -0.094757415, 0.051658656;
  -0.25115269, 0.12567838, -0.019675346, 0.12294445, 0.11133574, -0.21207888, 0.0063855536, -0.0079014637, 0.03499582, -0.026079485;
  -0.43450925, -0.14788418, 0.025710598, -0.065388374, 0.10439324, 0.10068857, 0.053517979, 0.10038222, -0.074533924, 0.04268454;
  -0.38291308, 0.071214437, -0.056010809, 0.078112371, 0.18724969, -0.21887982, -0.04977908, -0.024587028, -0.098861054, 0.067371078;
  -0.26923832, 0.074057475, -0.0011048224, 0.12299252, 0.12858069, -0.23847689, 0.018871399, -0.032195617, -0.01863616, 0.0004564242;
  -0.36281961, -0.043456566, 0.022421658, -0.0074212532, -0.070065863, -0.2147903, -0.013345285, -0.062518425, -0.17101787, 0.082489118;
  0.022657817, 0.32027927, -0.14334041, 0.05300593, 0.1150365, 0.0049873739, 0.097031645, 0.10987828, 0.048721433, -0.077088043;
  -0.077531397, 0.33236468, -0.14957374, 0.035675101, 0.070239447, 0.13738874, 0.18833923, -0.018372336, -0.048948836, -0.037802458;
  -0.15961236, 0.15248634, 0.070102036, 0.11109778, 0.17200825, 0.098999232, 0.35864151, -0.15234916, -0.044449061, -0.052484687;
  -0.29887906, 0.28189081, -0.14158349, 0.089830987, 0.12544122, -0.15500692, -0.11968187, -0.049362138, 0.10739656, -0.061782781;
  -0.51940644, -0.42765084, 0.10249325, -0.042588402, 0.13967842, -0.22846021, -0.075024217, -0.035963379, -0.17881851, 0.11676511;
  -0.38396472, -0.19422175, 0.18305695, 0.079075187, 0.50064087, 0.042345837, 0.20592652, 0.38148838, 0.083032988, 0.0041533932;
  -0.40341687, -0.12699868, 0.080545962, -0.015457288, 0.23669317, 0.11242233, 0.16378149, 0.12356494, -0.024246724, 0.014381057;
  -0.25135371, 0.1317779, 0.040763494, -0.052668899, -0.23187532, -0.0067694178, 0.013582785, 0.002453828, 0.048414443, 0.01480401;
  -0.38833302, 0.083780929, -0.11183418, -0.040884949, 0.017114561, 0.082295164, -0.0096534034, -0.15042157, 0.010274246, -0.043851167;
  -0.10405555, -0.54146862, 0.012342777, -0.064230755, -0.10285826, 0.0088020768, -0.0052021164, -0.065497592, -0.080948748, 0.017079221;
  -0.14088483, 0.39925471, 0.13831864, -0.10307525, -0.16014741, 0.0093597202, -0.043303166, 0.0076953638, 0.12479515, 0.013644292;
  -0.41383091, -0.013405195, 0.036661007, -0.089526616, 0.073713414, 0.11902908, 0.073752321, 0.058478884, -0.0089876866, 0.019509824;
  -0.5286299, -0.79130578, 0.35636944, -0.18201655, 0.072090626, -0.038926363, 0.083346672, -0.085556246, -0.064935476, 0.052886106;
  -0.41888434, -0.33355814, 0.14652067, -0.10819752, 0.059571333, 0.096563324, 0.1853807, -0.32886299, -0.053157337, -0.052694507;
  -0.50113565, -0.035922099, -0.11841348, -0.11098918, 0.025056357, 0.1468534, -0.071738072, -0.035803158, -0.048585221, 0.012214211;
  -0.52331817, -0.61478412, 0.1666518, -0.0796922, 0.070463188, -0.17787708, -0.034814965, -0.045231927, -0.18680845, 0.10663639;
  -0.41473421, -0.084582232, 0.024363212, -0.042661607, 0.16338278, 0.15856959, 0.13938859, 0.049724907, -0.085001901, 0.042992044;
  -0.2917313, 0.15714936, -0.0323167, 0.0034616473, 0.099745423, 0.16630009, 0.24178749, -0.31335062, -0.0093195569, -0.095574006;
  -0.37068772, 0.047310606, -0.012424353, -0.073020257, 0.041899357, 0.17101699, 0.1798823, -0.31302705, -0.011000132, -0.07417322;
  -0.35897937, 0.13510031, 0.05152617, -0.1000297, -0.11034378, -0.096068293, -0.061201975, -0.023541268, 0.091520801, -0.00077207381;
  -0.50270873, 0.039115988, -0.15105695, -0.11290419, -0.016400212, 0.086365148, -0.15486687, -0.009742192, -0.0093376515, 0.0077238954;
  -0.50007993, -0.21335995, 0.0017577759, -0.094737358, 0.16826308, 0.19233911, 0.091249391, -0.11337882, -0.074093439, -6.3715677e-05;
  1.0607442, 0.15616885, -0.19362415, -0.21718813, 0.062977202, 0.043337755, -0.05395766, -0.0078704441, 0.018859535, -0.023071807;
  -0.4411357, 0.068187505, -0.16270643, -0.081624821, 0.0052248184, 0.22766954, -0.0155748, 0.010190703, -0.1003771, 0.044758555;
  -0.46208984, -0.044269197, -0.08668565, 0.0018221315, 0.12236884, -0.13363558, -0.11234226, -0.014657346, -0.10029621, 0.056245498;
  0.53110802, -0.10561559, -0.19271345, -0.013241087, -0.069977216, 0.047055259, -0.036818646, 0.036614563, 0.0035829446, 0.00069959974;
  0.2901876, -0.16663189, -0.18409647, 0.009167498, -0.15030113, 0.05556611, -0.049079049, 0.018862996, -0.0042623528, 0.0039410242;
  -0.36389568, -0.025859237, -0.045357201, 0.031155076, 0.17124905, 0.056072406, -0.0020412498, 0.21052596, 0.024496902, -0.018324018;
  -0.32410449, 0.049364749, 0.0051144622, 0.074770853, 0.25528446, -0.0015667056, 0.089747854, 0.19290999, 0.030103371, -0.015764331;
  -0.51163679, -0.0094086928, -0.012181735, -0.18551855, -0.056506779, 0.058435176, -0.12496253, -0.022583611, 0.04594972, 0.0076947184;
  -0.44497943, 0.12986763, -0.14321966, -0.047796633, 0.05418643, -0.051803, -0.19833438, -0.056036431, 0.078334525, -0.035997473;
  0.6570859, -0.20327199, -0.13821444, -0.094835952, 0.021931417, 0.015266033, -0.035936218, 0.046954405, -0.01120705, 0.012079054;
  -0.096379362, -0.029013811, 0.0062955567, 0.20713688, 0.0076842969, -0.1278891, 0.065090321, 0.025078177, -0.15887111, 0.087788306;
  -0.49230033, -0.022481976, -0.11597678, -0.077811673, 0.1329018, 0.15932459, -0.035099853, 0.015631227, -0.047671519, 0.0089239739;
  -0.44437033, -0.13096568, -0.014479768, -0.028774966, 0.19213937, 0.061136551, 0.006885482, 0.1743415, -0.04216636, 0.02128548;
  -0.47154909, -0.32352331, 0.055831544, -0.038768765, 0.15250549, -0.12290724, -0.1410284, -0.0079971952, 0.074428238, -0.021870488;
  -0.27452406, 0.12636426, 0.34077162, -0.16526584, -0.13298516, -0.05047591, 0.13613206, 0.082393207, 0.1609695, 0.033016969;
  -0.40977669, -0.053248473, -0.01680693, -0.010116806, 0.21680142, 0.17589648, 0.12434018, 0.1036245, -0.09266942, 0.047859862;
  -0.12596965, 0.40723088, 0.1475755, -0.047669373, -0.078237206, 0.046302728, -0.085118741, -0.0064676185, -0.060179353, -0.082202323;
  -0.36114511, 0.12667629, -0.074672952, 0.049850594, 0.20897077, -0.045302223, -0.082189679, 0.09466245, 0.15509622, -0.075959995;
  -0.40835857, -0.012920978, -0.036989052, -0.037738252, 0.15777665, 0.19454849, 0.12684408, -0.022086862, -0.09130507, 0.026669091;
  -0.36875448, -0.066748157, 0.21404649, -0.16147718, -0.086971633, 0.021530213, 0.068208396, 0.033358797, 0.039703488, 0.039261099;
  -0.43026596, 0.15994377, -0.14005348, -0.046118673, 0.039611258, -0.065430023, -0.20672505, -0.048181556, 0.083825335, -0.033120643;
  -0.14580694, 0.090009809, 0.38001519, -0.18073021, -0.15537909, -0.018572692, 0.0053329002, 0.0033635676, 0.15165819, 0.067400619;
  -0.54468572, -0.16739275, -0.063085318, -0.085371621, 0.18771923, 0.10000382, -0.084932499, 0.06345062, -0.036677219, 0.031856149;
  -0.3100802, 0.084657341, 0.0090360949, -0.011540287, 0.066481389, 0.076986618, 0.11843362, 0.097234197, 0.014041064, -0.026102694;
  -0.32964826, -0.10612744, 0.030220654, -0.043173246, 0.027317783, 0.0816883, 0.098283008, 0.0056388089, -0.047215983, -0.0010233218;
  -0.50991815, -0.023752252, -0.13009097, -0.072002046, 0.14359015, 0.11123824, -0.099426292, 0.041951977, -0.025513353, 0.011152537;
  -0.40526685, -0.063371338, 0.02696613, -0.037983228, 0.1996858, 0.19099604, 0.22352196, -0.20338574, -0.043570124, -0.040356304;
  -0.15059324, 0.11839098, 0.13244332, 0.15838027, 0.32953218, 0.11519251, 0.40502355, 0.12255795, -0.074072957, 0.040047463;
  -0.18144199, -0.036316298, 0.060118794, 0.13124858, 0.085848585, -0.072117142, 0.14609042, 0.018407153, -0.0058963075, -0.023564326;
  -0.54707444, -0.25547984, -0.0074269292, -0.11087602, 0.16428009, 0.11832362, -0.029445948, -0.008708165, -0.035805523, 0.016598817;
  -0.43378392, -0.21860597, 0.051704485, -0.04250722, 0.16818751, 0.10535567, 0.11598528, -0.021680582, -0.093536757, 0.031904511;
  -0.39423084, -0.063173622, -0.0043430831, -0.019029276, 0.15629415, 0.13748008, 0.13561857, -0.026324328, -0.086459592, 0.018212436;
  -0.46526951, -0.32062408, 0.18681329, -0.14827129, 0.080468945, 0.077434152, -0.01064516, 0.056028362, -0.070018254, 0.028912148;
  -0.35673082, -0.11633179, 0.37974462, -0.19609164, -0.04451875, -0.025013223, 0.11042214, 0.090059139, 0.12853958, 0.059463985;
  -0.11281605, -0.38290545, 0.029612264, 0.11915933, -0.2595062, 0.00056442223, -0.012014181, -0.001708361, -0.03337191, 0.019273227;
  0.072217114, 0.49492392, 0.43661371, -0.0081876833, -0.13318527, -0.098118313, 0.23823567, 0.085763067, 0.12439781, -0.031350471;
  -0.078937441, 0.34710264, 0.27634498, -0.1504529, -0.13176966, 0.06153094, -0.026741607, 0.0090752225, 0.16761357, 0.064341165;
  -0.44809094, -0.06077759, -0.049898561, -0.043665271, 0.19007763, 0.17546812, 0.055760559, 0.10696658, -0.074069828, 0.036173198;
  -0.49967477, -0.25224766, 0.066664398, -0.054376107, 0.31011283, 0.1515597, 0.10568444, 0.13224994, -0.018929964, 0.011769031;
  -0.49600241, -0.19259684, -0.07641425, -0.044873837, 0.028625472, -0.059471503, -0.084404722, -0.01106019, -0.18369977, 0.08610934;
  -0.35922748, 0.15591399, -0.12322257, 0.021955293, 0.083288617, -0.04083987, -0.039016448, -0.15785579, 0.013399275, -0.046454784;
  -0.349516, 0.19168916, -0.09298718, 0.052524354, 0.24329662, 0.0023507609, -0.080741368, 0.15548021, 0.16814229, -0.078275174;
  -0.33895287, 0.18687227, -0.12334844, 0.065791108, 0.11277544, -0.17229919, -0.1147643, -0.080447353, 0.011594044, -0.0085905734;
  -0.46383485, -0.011992776, -0.096607283, -0.044715904, 0.16798118, 0.14406244, -0.0077002626, 0.13704211, -0.038861815, 0.012095497;
  -0.28114355, 0.068542533, 0.087053865, 0.01738725, 0.14562494, 0.11534344, 0.30594331, -0.17727263, -0.0057374127, -0.04931628;
  -0.55577743, -0.64644992, 0.27143639, -0.013037571, 0.42108282, -0.22939326, -0.032375552, 0.059828546, 0.012556804, 0.070608303;
  -0.38099661, 0.072080597, 0.15006877, -0.15849125, -0.057078391, 0.065146409, 0.056182496, 0.06537617, 0.067446761, 0.03207254;
  -0.37185472, -0.22945181, 0.071925819, -0.0081629809, 0.17340228, 0.12287501, 0.14778097, 0.074326955, -0.12896644, 0.06069186;
  -0.45456418, -0.0051321615, 0.24215715, -0.28683984, -0.21712284, 0.0033201023, -0.068021119, 0.072545633, 0.10646731, 0.050413352;
  -0.22755839, -0.020246813, 0.10506118, 0.12054848, 0.25571722, -0.048068792, 0.15219332, 0.1929214, 0.083401926, -0.047187895;
  -0.43387467, 0.02906228, -0.076043621, -0.02210369, 0.20415424, 0.15093964, 0.040547673, 0.15177542, -0.0064719608, -0.0066082319;
  -0.38767877, -0.52258432, 0.23703499, -0.19754519, -0.069116466, 0.0096555641, 0.044805322, -0.17321248, -0.04586307, 0.015644221;
  -0.38929904, 0.11988559, 0.019574659, -0.14751628, -0.1567376, 0.033182684, -0.041165672, -0.033489484, 0.050255917, 0.0087109236;
  -0.52371085, -0.66590065, 0.29735082, -0.18782902, -0.058321632, -0.14977719, -0.052613772, -0.0086799376, -0.08339905, 0.093182638;
  -0.17220302, 0.22167355, 0.28194103, -0.084007181, -0.12008321, -0.045841422, 0.1805422, 0.036378935, 0.14128673, 0.012826581;
  -0.52964777, -0.8511833, 0.36929911, -0.056258738, 0.37656975, -0.089293905, 0.090896577, 0.21637908, 0.0080566481, 0.037226748;
  -0.32156813, 0.12280758, 0.0179238, -0.043560278, 0.035826392, -0.02212311, -0.068586662, 0.013869897, 0.10564405, -0.032337569;
  -0.18733798, 0.18321344, 0.042654499, 0.071959533, 0.14545813, 0.14026237, 0.36044696, -0.30460891, -0.013454625, -0.098941684;
  -0.50189298, -0.23228851, 0.23747343, -0.28245685, -0.1846174, 0.0066325017, -0.061848402, 0.0077591706, 0.055879857, 0.055789422;
  -0.15738104, 0.29764134, -0.025245646, 0.11769981, 0.22719508, 0.094733588, 0.15959638, 0.23790342, 0.050115615, -0.043730777;
  -0.35910004, 0.11157444, -0.059813287, -0.023627769, 0.11061104, 0.19816774, 0.18315396, -0.16648406, -0.049413987, -0.034941908;
  -0.30390361, 0.15308242, -0.044314925, 0.0640966, 0.24039224, 0.094529763, 0.10151096, 0.2731072, 0.041036602, -0.029209476;
  -0.43804103, -0.068007439, 0.19110242, -0.24933681, -0.22411872, 0.0096431738, -0.056037381, -0.00095239596, 0.065690748, 0.03373576;
  -0.48209408, -0.013418248, -0.067970797, -0.096636564, 0.082645096, 0.061735768, -0.11697282, 0.034322351, 0.057441276, -0.025120849;
  -0.45899549, -0.47304937, 0.27140701, -0.10318318, 0.17587219, 0.025035609, 0.13182278, 0.1549551, -0.027709963, 0.056133945;
  -0.36604109, 0.020743158, 0.0091069331, 0.0059011518, 0.21048467, 0.17404166, 0.20935673, 0.0168449, -0.074653752, 0.026499247;
  -0.47786516, -0.15596391, -0.059966721, -0.059299003, -0.020404, -0.10631756, -0.062094573, -0.12090486, -0.2243681, 0.089728095;
  -0.44136882, 0.070689157, -0.1359165, -0.042317368, 0.13795297, 0.17656925, -0.0039877738, 0.11275306, -0.04178692, 0.0033356615;
  -0.25334087, -0.13950504, -0.042302243, -0.12138807, -0.04612406, 0.11687086, 0.040551655, -0.2099687, -0.045825802, -0.034685887;
  -0.47814494, -0.15283902, -0.011517115, -0.095371343, 0.12771715, 0.18052141, 0.10847262, -0.2296008, -0.060679473, -0.03571948;
  -0.36845931, 0.12603095, -0.11520928, 0.019127157, 0.1306911, -0.002060326, -0.076685242, -0.0086997859, 0.030332005, -0.02362309;
  -0.40329161, 0.13283406, -0.086116374, -0.062863126, 0.027919171, 0.070239194, -0.020695055, -0.097314082, 0.031568728, -0.040091917;
  -0.46076885, 0.028911328, -0.05965184, -0.11143916, 0.0096272193, 0.08818087, -0.060650997, 0.051508728, 0.018388987, -0.0068210531;
  -0.23237121, 0.1135289, 0.0284808, 0.10806755, 0.22086069, 0.072981313, 0.23560572, 0.17568518, -0.030817006, -0.0043197251;
  -0.34416622, 0.081692137, 0.091423839, -0.09611959, 0.022657286, 0.13602732, 0.13575028, -0.18468778, -0.0086654443, -0.052372783;
  -0.46601376, 0.077305049, -0.14578629, -0.076497771, 0.10595375, 0.20480019, 0.0077710575, -0.077870585, -0.044685956, -0.01313692;
  -0.51259214, -0.15859929, 0.11454442, -0.17031218, 0.091478653, 0.13137943, 0.064513385, -0.053019699, 0.019195562, 0.021214714;
  -0.42829931, 0.12537269, -0.15881035, 0.0012717173, 0.11994024, -0.13132769, -0.22175545, -0.087428749, 0.043373145, -0.012831567;
  -0.31084895, 0.21531206, -0.073861025, 0.035817195, 0.11507519, -0.071970962, -0.15578589, 0.024259135, 0.083830759, -0.079787865;
  -0.54134184, -0.28738999, 0.16484956, -0.19565673, 0.057612155, 0.061294101, -0.019606225, 0.047887146, 0.021172684, 0.045758098;
  -0.23947939, 0.10781746, 0.2847268, -0.16867684, -0.18432167, -0.026457625, 0.036138378, 0.0012831923, 0.11042812, 0.025360914;
  1.2461268, -0.13482183, -0.056864198, -0.19242048, 0.15214702, -0.027252007, 0.006154363, 0.0025522781, -0.012980497, 0.011807746;
  1.2688167, -0.15504695, -0.050278716, -0.19871166, 0.15749961, -0.027896203, 0.0044243806, -0.0054421877, -0.014111524, 0.014698506;
  1.1314819, -0.13753901, -0.070838377, -0.15430145, 0.10621991, -0.018976782, 0.0084153404, -0.0013337788, -0.0083989622, 0.024015758;
  1.1810079, -0.13381374, -0.076136075, -0.1884581, 0.13677028, -0.01646203, -0.0073324312, 0.0036020938, -0.015232969, -0.0051553408;
  1.2325606, -0.11801904, -0.074552722, -0.18328361, 0.1390579, -0.018186284, 0.0022764672, -0.0040467386, -0.0081932591, 0.0018239266;
  1.2905786, -0.07184498, -0.091600411, -0.2071294, 0.16247489, -0.009970976, -0.017078981, 0.00011326324, -0.010449315, -0.011614106;
  1.1280655, -0.17569108, -0.045951609, -0.15743345, 0.13472521, -0.033679098, 0.013738716, 0.013737527, -0.0084121516, 0.0067141899;
  1.1413376, -0.12684184, -0.084445797, -0.17490855, 0.12754905, -0.011062078, -0.0080633815, 0.0069303862, -0.010609125, -0.0057783108;
  1.1759143, -0.14987333, -0.068070643, -0.17694195, 0.12147541, -0.022553988, 0.0019520851, -0.0035018404, -0.013040449, 0.0047529098;
  1.1781934, -0.1469577, -0.049882479, -0.17038828, 0.099730127, -0.026387604, -0.0018535745, -0.011212768, -0.0091923969, -0.003566605;
  1.1856496, -0.16358961, -0.05518033, -0.17081514, 0.13007176, -0.026027605, 0.010855773, 0.0034984462, -0.0066109663, -0.0037622985;
  1.222573, -0.12128258, -0.077829301, -0.19073957, 0.13393724, -0.018908473, 0.0010176012, -0.0018944934, -0.010936597, 0.0070116576;
  1.1746305, -0.15704066, -0.051898479, -0.16956851, 0.11192406, -0.02921786, 0.0028622535, -0.0023662874, -0.01350828, -0.0046295393;
  1.2613403, -0.14720756, -0.041113794, -0.21452853, 0.13210256, -0.032389738, -0.0057103299, -0.016954282, -0.014481981, -0.011369689;
  1.240081, -0.24197628, 0.01291083, -0.1827099, 0.16610314, -0.054569084, 0.025513152, 0.0052623427, -0.020085398, 0.0023651922;
  1.1992664, -0.15028226, -0.053676933, -0.1725609, 0.14352275, -0.024581552, 0.0024787844, 0.0063630389, -0.0097696511, -0.006601389;
  1.2200108, -0.1542407, -0.050207715, -0.18814538, 0.14875598, -0.027109515, 0.0010264026, 0.00241521, -0.012830713, -0.0096394792;
  1.2078505, -0.14781973, -0.04892436, -0.17152916, 0.14056137, -0.024257435, 0.0021821996, 0.0033203841, -0.0066306931, -0.012556423;
  1.1454135, -0.090643577, -0.083474919, -0.16149119, 0.094532385, -0.013858296, -0.0061590131, -0.0046646888, -0.0034859099, 0.026180271;
  1.1559223, -0.12803318, -0.06607537, -0.16786429, 0.10818813, -0.021485243, -0.0042494931, 0.0014296237, -0.0049818945, -0.015794283;
  1.2651786, -0.10861811, -0.063098975, -0.20691878, 0.14392534, -0.02353932, -0.0058730794, -0.0071233637, -0.0066058878, -0.0026906712;
  1.309487, -0.15112887, -0.043239046, -0.2149785, 0.18547863, -0.028947432, -0.0010997689, 0.0025424471, -0.016488474, 0.00041371954;
  1.2400087, -0.10356755, -0.070827775, -0.18252017, 0.15242752, -0.01791063, -0.0060453708, 0.0042452598, -0.0064210445, -0.004817117;
  1.2458388, -0.14133544, -0.055273548, -0.19444679, 0.15802281, -0.026011763, 0.00082944246, 0.0036809186, -0.012552063, -0.0026658897;
  0.71040779, -0.23821248, -0.036753532, 0.016989667, -0.039822228, -0.036819041, 0.059790201, 0.026948834, -0.0047342652, -0.0066793761;
  -0.49100974, -0.3576929, 0.12650573, -0.048449505, 0.2556743, -0.062453017, -0.056370411, 0.12847511, 0.071486294, -0.00051935448;
  0.14059696, 0.037127834, -0.013272504, 0.16356973, -0.036988817, -0.22763142, 0.18745269, -0.0070751077, -0.15947092, 0.046077825;
  0.28946215, -0.092511497, -0.039882183, 0.28296429, -0.16901588, -0.071697347, 0.21201822, 0.09215232, 0.015315436, -0.026253857;
  0.60135013, -0.24396874, -0.022740325, 0.028362639, -0.094505504, -0.05153228, 0.070695512, 0.012873284, -0.014039325, -0.0143602;
  -0.35894144, -0.19072671, 0.027791822, -0.010116717, 0.00068738445, -0.1099465, -0.012094994, 0.034613341, -0.13376766, 0.069199204;
  0.84021044, -0.25859872, -0.03592154, -0.094633184, -0.020766133, -0.031416163, 0.0050163367, -0.010960695, -0.0090070525, 0.0051947627;
  0.64022732, -0.30951428, -0.0097149769, 0.0013716284, -0.074209645, -0.057200503, 0.060638111, 0.017254638, -0.021723997, -0.016732002;
  -0.15796825, -0.14325704, -0.055685755, -0.074770093, -0.059851017, -0.019981407, -0.02831937, -0.024837324, -0.066090517, 0.011302914;
  1.0190531, -0.2973707, -0.0069441977, -0.15046047, 0.039342273, -0.051793795, 0.010683876, -0.023336859, -0.023669261, -0.0053637479;
  -0.19409378, -0.18995222, -0.01270079, -0.13429287, 0.0010665433, 0.056057863, 0.00013255532, -0.033908483, -0.019231234, -0.02227979;
  0.60462296, -0.27676266, 0.01674865, 0.072162412, -0.062728986, -0.063380055, 0.10319659, 0.040270995, -0.0068713152, -0.0036936633;
  0.74111164, -0.31111884, 0.022076391, -0.010947819, -0.024739223, -0.07402084, 0.081816472, 0.027492821, -0.01461948, -0.007736857;
  0.45121139, -0.23360762, 0.0095091406, 0.16401105, -0.088483371, -0.091713741, 0.18355007, 0.085436113, 0.00092139299, -0.0022352638;
  0.24316382, -0.082171626, -0.039493207, 0.31582606, -0.1424813, -0.064534575, 0.22566535, 0.11823206, 0.019178959, -0.023517553;
  0.29367116, -0.15530021, -0.026039528, 0.25890043, -0.15464485, -0.070215024, 0.19586091, 0.095197938, 0.013063209, -0.023224002;
  0.25143698, -0.10464092, -0.075702257, 0.24745989, -0.14302936, -0.046535101, 0.17078839, 0.10248781, 0.007031505, -0.016866444;
  0.17211503, -0.091653094, -0.023520686, 0.24225284, -0.12426472, -0.11893204, 0.19320506, 0.068104535, -0.048169736, 0.0034006333;
  0.80607259, -0.12958454, -0.068146542, -0.0056582149, -0.017581152, -0.046007052, 0.077538632, 0.038374752, 0.001865341, -0.029752709;
  0.3180739, -0.03550699, -0.029639876, 0.29958102, -0.16376433, -0.05197385, 0.1930566, 0.087172247, 0.022109512, -0.026398242;
  0.32035694, -0.025222627, -0.017069524, 0.32118583, -0.14792177, -0.060877886, 0.21427947, 0.095761955, 0.023728006, -0.024344737;
  0.46431729, 0.10889762, -0.091497943, 0.26404029, -0.1120398, -0.0027043603, 0.13728558, 0.063084222, 0.034279048, -0.022328513;
  0.76755589, -0.13429691, -0.080235176, -0.026110983, -0.030922057, -0.040786147, 0.05760162, 0.035757132, -0.0069588418, -0.028085293;
  1.0979363, -0.22935888, -0.022278067, -0.1497774, 0.08441671, -0.0431448, 0.024408288, -0.0071594468, -0.008922101, 0.033217713;
  0.725124, -0.24884625, 0.00078011287, -0.010885533, -0.062138259, -0.05428873, 0.057934493, 0.010940919, -0.0035574737, 0.010388736;
  -0.30835286, -0.24774456, 0.26946124, -0.16790973, -0.22097041, -0.12058176, -0.026551908, -0.014405011, 0.070263468, 0.050438087;
  0.45493835, -0.19458883, -0.054318435, 0.11099647, -0.12174767, -0.034958087, 0.092481345, 0.046805989, 0.0023917563, 0.0061699916;
  -0.21429121, -0.084149115, 0.20497838, -0.24778131, -0.2073203, -0.049731281, -0.004035085, 0.020432251, 0.077846602, 0.028884295;
  0.67024493, -0.20484109, -0.028233405, 0.048645757, -0.048081517, -0.051744461, 0.096798643, 0.037351064, -0.0014426688, -0.013148979;
  -0.16683298, -0.079904757, 0.047809675, -0.17370139, -0.12941915, 0.046006601, 0.0050763749, -0.040044017, 0.0019186543, 0.039704062;
  0.34582993, -0.084532425, 0.0087674605, 0.32105047, -0.11310639, -0.064444289, 0.22274682, 0.10501277, 0.019661764, -0.010997333;
  -0.14141138, 0.02001648, 0.14308247, -0.17665027, -0.15787978, -0.0045058727, 0.091005228, -0.10197308, 0.068282247, -0.0069780364;
  0.10210997, -0.074952871, -0.024906129, 0.20301171, -0.069229737, -0.15596454, 0.17328537, 0.049267761, -0.10137764, 0.039079767;
  -0.27227163, -0.07610146, 0.1839001, -0.16072376, -0.13570409, 0.0060581891, 0.09908279, -0.11634979, 0.055715621, 0.01276155;
  0.66816515, -0.12408064, -0.071326718, 0.029374357, 0.011269429, -0.057679929, 0.091215916, 0.055129822, -0.023637444, -0.0072809863;
  0.22880863, -0.068641521, -0.043525189, 0.27389869, -0.10976849, -0.085457221, 0.20971145, 0.096994057, -0.011967326, -0.0050308164;
  -0.27768654, 0.009100453, 0.18433006, -0.14649071, -0.14150909, 0.0058001862, 0.11750976, -0.10273318, 0.07886041, 0.0057559689;
  0.15491527, -0.045283888, -0.053002995, 0.24365917, -0.075111426, -0.10993943, 0.19101031, 0.087733626, -0.052702677, 0.011030196;
  0.14996131, -0.061422128, -0.044281147, 0.23530918, -0.081706941, -0.11963551, 0.18329868, 0.075684607, -0.062842384, 0.013726968;
  0.23582381, -0.088184245, -0.04499384, 0.21848172, -0.085866183, -0.10209624, 0.18452628, 0.088616073, -0.037457343, 0.0037156341;
  -0.20386992, 0.046852611, 0.28788161, -0.17087668, -0.22104053, -0.076244131, 0.12158072, -0.015728993, 0.12527667, 0.0220071;
  0.23843332, -0.081917867, -0.067760356, 0.27372751, -0.13008144, -0.054722916, 0.19260409, 0.11216758, 0.0095016779, -0.012085628;
  -0.29948133, 0.0070823058, 0.22779356, -0.15601406, -0.14582892, -0.011784403, 0.13207257, -0.082929522, 0.091591842, 0.00065506203;
  0.75543463, -0.17923471, -0.076509066, -0.023330705, -0.019565638, -0.024314839, 0.043750834, 0.019312482, -0.012785277, -0.016369978;
  0.43345365, 0.023832023, -0.10711334, 0.22269771, -0.14241773, -0.025855282, 0.14643824, 0.069373481, 0.028882772, 0.018403456;
  0.32628426, -0.18378676, -0.087359287, -0.038324248, -0.15100694, 0.015171411, -0.0098852962, 0.0085548889, -0.0093069505, 0.024075497;
  -0.28996757, -0.16918047, 0.23711921, -0.22436555, -0.29028925, -0.078204401, -0.024668748, 7.7021694e-05, 0.062080108, 0.045684166;
  0.29194787, -0.00024905891, 0.12572207, -0.2531361, -0.18058045, -0.071165398, 0.041109752, -0.030230718, 0.081012323, 0.014754595;
  0.35469034, 0.052142773, -0.099834204, -0.070907995, 0.018707758, 0.026245179, 0.072325714, -0.14330022, 0.0069020092, -0.011900647;
  0.43011439, 0.072424389, -0.10265394, -0.10175565, 0.046591375, 0.022023784, 0.06229515, -0.15093835, 0.0077066687, -0.048430298;
  0.34164056, -0.054946702, -0.06523709, 0.065254241, -0.06591475, -0.10976749, 0.090782978, 0.0267263, -0.072371654, 0.025477355;
  -0.490556, -0.18507151, 0.094501942, -0.12996882, 0.11579849, 0.11220054, 0.05094406, 0.038172033, -0.0051784632, 0.026266463;
  -0.41187772, -0.13541725, 0.041278206, -0.12280181, -0.13171251, 0.014000673, -0.039111868, -0.072885767, -0.036983348, 0.028644325;
  -0.44802114, -0.1270228, -0.036184758, -0.018957524, 0.11967451, -0.11950643, -0.14670417, -0.036289636, 0.025552984, 0.0015965212;
  0.4319602, -0.10262383, -0.13655704, -0.11838234, -0.05365283, 0.0079360027, -0.068490267, 0.014389719, 0.0053650565, -0.0093529876;
  0.21710943, -0.29290852, -0.095577151, -0.039859179, -0.078251295, 0.026491463, -0.041868012, 0.025793433, -0.038103931, 0.020072335;
  -0.090206809, -0.15952946, -0.0031573097, -0.12720239, -0.1360624, 0.033260178, -0.029010991, -0.02842919, -0.011687323, 0.027470067;
  0.14295597, -0.15247296, -0.11820926, -0.023348376, -0.084061496, 0.037095591, -0.039982546, 0.0042271009, 0.0052960841, 0.010950274;
  0.470094, -0.037214804, 0.013359961, -0.14004053, 0.037514094, 0.020664476, 0.17916611, -0.28852108, -0.02595344, -0.08623562;
  0.63189179, -0.11071521, 0.17492583, -0.27455196, -0.11025394, -0.11897457, 0.042512983, -0.040255949, 0.04573581, -0.0073794029;
  0.47997251, -0.024347035, -0.13120069, -0.080116235, 0.024768021, 0.042320792, -0.016591595, -0.011357895, -0.0099348128, 0.0062018619;
  0.56627661, -0.0018155212, 0.032836195, -0.19802505, -0.053234987, -0.036731269, 0.071587399, -0.08527983, 0.025855172, -0.030508174;
  0.44079891, -0.0090513183, 0.20338924, -0.2467882, -0.16149656, -0.10941034, 0.069073029, -0.033201393, 0.081899971, 0.012011779;
  0.37898374, -0.046481494, -0.10783193, -0.05419391, 0.0049383696, -0.051340353, -0.041138139, 0.0025343567, -0.0070639877, 0.021184804;
  0.43360332, 0.021351473, 0.21736394, -0.23231502, -0.16781126, -0.11797617, 0.092986576, -0.038795941, 0.089458965, -0.0060629486;
  0.48283505, 0.054234017, 0.080393404, -0.15156014, -0.083595246, -0.048677899, 0.11716206, -0.10066009, 0.048421957, -0.032054879;
  0.52088171, -0.069217853, 0.18804196, -0.24855323, -0.12431353, -0.11514098, 0.070546441, -0.030789912, 0.0569341, -0.0067281467;
  0.50576591, -0.045522291, 0.1934468, -0.23893614, -0.13811575, -0.11587659, 0.075087547, -0.035057522, 0.068178326, -0.0051408275;
  0.61398125, -0.078866206, 0.1375421, -0.24256544, -0.096548565, -0.10196309, 0.048425246, -0.030942347, 0.042651549, -0.010916451;
  0.42409045, -0.14065155, 0.20746729, -0.18190126, -0.16470756, -0.1163997, 0.096594959, -0.055029273, 0.060434323, 0.047341667;
  0.54724944, -0.14927977, 0.20604669, -0.22790593, -0.10822005, -0.12947328, 0.084073521, -0.041434497, 0.039003693, -0.0025722804;
  0.64112848, 0.023393929, 0.12506005, -0.23064907, -0.10884742, -0.092135884, 0.060161155, -0.025671097, 0.073461555, 0.022438718;
  -0.31770685, -0.08289919, -0.12005638, -0.068308555, -0.04783478, -0.00066106219, -0.0927018, -0.034569252, -0.13621663, 0.067174993;
  -0.29897818, -0.14014499, -0.05512527, -0.052708179, 0.039862256, -0.10591809, -0.10493408, -0.053465087, -0.097193554, 0.050017733;
  0.18537965, 0.10615867, -0.16059546, -0.046612233, 0.062709637, -0.087087274, -0.053224664, -0.056411095, 0.013555784, -0.039547235;
  1.1800447, -0.27100748, 0.026828013, -0.20466529, 0.089380875, -0.071282059, 0.018402247, -0.018907541, -0.023251951, 0.0073495889;
  0.64111578, 0.14669777, -0.26615003, -0.0077871699, -0.0081754271, 0.017794788, -0.011143704, 0.056964379, -0.00149066, -0.029943179;
  -0.32359105, 0.017787741, -0.17810276, 0.058466684, -0.099451907, 0.034864035, -0.098381557, 0.017596129, -0.02258371, -0.0067270268;
  -0.45506513, -0.00089815556, -0.15952474, -0.051906046, 0.025579257, 0.079139806, -0.1037216, -0.14006184, 0.00222489, -0.042211708;
  0.19711715, 0.64038646, 0.48888424, -0.018390724, -0.19627668, -0.020327777, 0.014413145, 0.090159625, -0.069001816, -0.085614786;
  0.43906522, -0.047534261, -0.21723573, 0.017237391, -0.066384763, 0.048594087, -0.03123988, 0.053384397, -0.0033122941, 0.03724784;
  0.49412143, -0.071663499, -0.17953745, 0.03244127, -0.028551025, 0.033751812, -0.017589072, 0.053807203, 0.01649398, 0.04332073;
  0.58147985, 0.76652277, 0.86396545, -0.022314133, -0.040552154, 0.12007039, -0.24264431, 0.099796176, -0.38876501, -0.12047487;
  1.0321167, 0.20181066, -0.18705712, -0.22869146, 0.062179759, 0.044845652, -0.045328721, -0.002902451, -0.0024426221, -0.042796217;
  0.80970675, 0.081454463, -0.23533762, -0.162025, 0.045819428, 0.073384047, -0.027841013, -0.026638905, -0.018344685, -0.039134398;
  -0.14963445, 0.24571826, -0.19090256, 0.21307848, -0.062226698, -0.091459967, -0.0090718288, 0.020436639, 0.016827911, -0.027498946;
  -0.11416477, -0.017143263, -0.17371038, 0.00051039906, -0.0092710741, -0.037349083, -0.092829324, -0.056318648, 0.01187634, -0.031122843;
  0.37051964, -0.22219312, -0.12476048, 0.036494296, -0.043245014, 0.018664643, -0.0043807025, 0.064811729, -0.0020439872, 0.079495952;
  1.0749031, 0.091742016, -0.17456745, -0.22176617, 0.071155407, 0.009820506, -0.056381237, 0.011137486, -0.0015345302, -0.028540265;
  -0.37774679, 0.18470487, -0.11450759, -0.042080805, 0.044584151, 0.16689117, 0.071782634, -0.028735971, -0.061452035, 0.0098540578;
  -0.001365753, -0.20755698, -0.12134294, 0.19856067, -0.16740958, 0.033278964, -0.0079833735, 0.054781456, 0.0086202025, 0.039470516;
  -0.31207645, -0.11828373, 0.29947838, -0.19959188, -0.28272572, -0.086829893, -0.0036417714, 0.021095864, 0.093472354, 0.051641393;
  -0.32386225, 0.018913237, -0.018516105, 0.063210018, 0.11901726, -0.21377164, -0.063003078, -0.15195587, -0.0081934603, -0.0044865743;
  0.078745134, 0.047305193, -0.21203133, -0.025121907, 0.017604759, 0.0049362513, -0.11465142, 0.046559002, 0.046468325, -0.038838893;
  0.0055744112, -0.26962221, -0.048135769, 0.033273198, -0.2091565, -0.032233171, -0.018920101, 0.039998706, -0.03919778, 0.023182828;
  -0.49302021, 0.0084354151, -0.11814041, -0.05688788, 0.12848866, -0.033554111, -0.20557091, 0.020864563, 0.070118226, -0.019000364;
  0.88551968, -0.033642702, -0.17292783, -0.17138481, 0.027762283, 0.017115403, -0.043674424, 0.0091020213, -0.0060473713, -0.019628195;
  -0.42576528, 0.045815989, -0.10091172, -0.0098181218, 0.13144708, -0.029129418, -0.1145255, 0.0068189944, 0.067916602, -0.040710889;
  -0.38501129, 0.1129349, 0.032147814, -0.11036284, -0.024228692, 0.065497808, 0.007777167, 0.093026198, 0.073300242, -0.0047004642;
  -0.4076544, -0.091874085, 0.12677057, -0.10727587, 0.023129918, -0.046668749, -0.055528533, 0.080825157, 0.12853782, -0.015309268;
  -0.43488282, -0.12873404, -0.010164699, -0.069809698, -0.029538484, -0.033370573, -0.032826044, -0.073547609, -0.085097849, 0.033904132;
  -0.16541611, -0.077490956, -0.11857253, 0.13186787, -0.20671618, 0.049486056, -0.080638863, 0.0352295, 0.026572177, 0.028667096;
  0.3224653, 0.050786853, 0.43191656, 0.11040801, 0.35938084, 0.20517798, 0.21106794, -0.52172571, -0.023205914, -0.027628936;
  0.92603993, -0.083302855, -0.17494284, -0.13009532, 0.026974188, 0.017188067, -0.036425576, 0.0193849, -0.0093792304, -0.012821147;
  -0.28347754, 0.14107776, -0.037104003, 0.099337719, 0.20626301, -0.20607612, -0.11044618, -0.062240329, 0.086622909, -0.026917687;
  -0.059704084, 0.044388991, -0.14111391, 0.22610426, -0.14110292, 0.056617443, 0.043307237, 0.020978903, 0.010689509, -0.023154756;
  0.18402383, -0.08231698, -0.19249542, 0.084468029, -0.12500368, 0.022853369, 0.0098558515, 0.06187889, -0.0037609155, -0.012797331;
  -0.32670891, 0.23525891, -0.14530818, 0.055508673, 0.11892685, 0.0055884412, -0.039026588, 0.12698217, 0.047310177, -0.04569044;
  -0.39696941, -0.15844643, 0.062425587, -0.029363254, 0.096129321, -0.056053583, -0.042100456, 0.10728669, 0.061294246, -0.016787499;
  -0.28272408, -0.23215102, 0.015779896, 0.037111517, -0.16091929, -0.091500543, -0.020821754, 0.0042241123, -0.057761963, 0.035481956;
  -0.39968154, 0.10191834, -0.0035008539, -0.089546554, 0.00058068975, 0.044228114, -0.044606123, 0.09094356, 0.073389545, -0.015534363;
  -0.035646658, 0.19648285, 0.095385492, 0.11521234, 0.31763884, -0.011187044, -0.13664834, 0.045459781, 0.17152841, -0.048248146;
  -0.49842918, -0.07971669, -0.12677452, -0.065799393, 0.036232483, 0.0063526756, -0.1076079, -0.093772814, -0.10665494, 0.03174223;
  -0.052121613, 0.13437796, 0.12320048, 0.1108029, 0.33571976, -0.0073567876, -0.11709774, 0.064935856, 0.16734499, -0.04335089;
  -0.16177246, 0.26895228, -0.01642305, 0.21361539, 0.11659456, -0.29846403, 0.16179132, -0.019482151, -0.21710578, 0.090838492;
  1.6950054, 0.1526015, -0.15360716, -0.29913974, 0.32807335, 0.033425309, -0.064711086, -0.010623113, 0.0010975146, -0.0075556785;
  -0.40837449, 0.11510649, -0.14174622, 0.0229271, 0.12694794, -0.16696323, -0.21508349, -0.11347833, 0.053115498, -0.013776053;
  0.24273485, -0.1541246, 0.17312497, 0.37376374, -0.17411757, 0.12774479, -0.17918912, -0.075130977, 0.068989918, -0.18536915;
  0.21346866, -0.19919044, 0.1867872, 0.353854, -0.176238, 0.11434884, -0.17184775, -0.06954626, 0.054413125, -0.17672814;
  0.47594348, -0.26247713, 0.32134107, 0.56017196, -0.005440617, 0.18437754, -0.19481419, -0.095506571, 0.08376763, -0.25681928;
  0.40765211, -0.3480652, 0.30960169, 0.51501334, -0.037956275, 0.1562645, -0.17965047, -0.087774254, 0.074915424, -0.23060429;
  0.17780773, -0.65890014, 0.32766536, 0.38803497, -0.072398648, 0.043901607, -0.06821125, -0.026337344, 0.0058177183, -0.12174108;
  0.17152427, -0.34673053, 0.25922543, 0.29778162, -0.22401464, 0.044001125, -0.1254236, -0.078397647, 0.043348853, -0.15318999;
  0.24029276, -0.41694528, 0.28016782, 0.36274371, -0.20567341, 0.079222441, -0.14022096, -0.077583633, 0.03727816, -0.17339748;
  0.50027108, -0.54737681, 0.48509416, 0.57615405, 0.032358088, 0.13599418, -0.12614745, -0.083126917, 0.070356518, -0.24174301;
  0.50910091, -0.32874253, 0.34779403, 0.57919788, -0.022796847, 0.20524998, -0.18677364, -0.086885095, 0.091292538, -0.25968242;
  0.20407382, -0.43552831, 0.23339495, 0.41502851, -0.052743752, 0.1087658, -0.12208658, -0.023425283, 0.051068217, -0.1491906;
  0.16781975, -0.32120535, 0.16070433, 0.38161814, -0.095823228, 0.09683159, -0.16223663, -0.059881408, 0.046130009, -0.16873105;
  0.21756983, -0.50554568, 0.30599579, 0.45455435, 0.031973336, 0.11343122, -0.066809453, 0.020159787, 0.049850952, -0.14413959;
  0.30602005, -0.20316842, 0.28243861, 0.37262517, -0.18371046, 0.10416356, -0.18883424, -0.11420906, 0.085232638, -0.21159677;
  0.1589199, -0.77665812, 0.33351389, 0.35047236, -0.17546678, 0.03540187, -0.083827116, -0.077520162, -0.011614828, -0.1214922;
  0.4380137, -0.33921984, 0.31125402, 0.53113151, -0.062425405, 0.16811717, -0.18115078, -0.09306787, 0.067689814, -0.23830599;
  0.27014631, -0.76450658, 0.42900524, 0.44786984, -0.064169027, 0.042407073, -0.046854351, -0.036234491, 0.02362626, -0.1369589;
  0.15099771, -0.56179005, 0.2599743, 0.3757472, -0.081453279, 0.068922959, -0.10819444, -0.025632763, 0.02796158, -0.14088666;
  0.28592768, -0.55261123, 0.35625514, 0.47681463, -0.0010166593, 0.10096126, -0.067929141, -0.010295406, 0.055353839, -0.1487288;
  0.56671399, -0.35740712, -0.020250842, -0.0031150198, 0.026486665, -0.042063057, 0.057170488, 0.072675332, -0.0064890329, 0.016839208;
  0.317038, 0.0095835254, -0.2604346, 0.042429965, -0.10575953, 0.078890078, -0.060132142, 0.047735322, 0.014163413, 0.015201282;
  -0.33794519, 0.12163727, -0.10192574, 0.04568826, 0.089113437, -0.20583166, -0.17095411, -0.15357167, 0.054115042, -0.022245532;
  -0.33559746, 0.15953168, -0.096471712, 0.039113846, 0.096587174, -0.1858325, -0.15340821, -0.16051587, 0.076054528, -0.037260026;
  -0.38594165, 0.057819888, -0.093452692, 0.01640173, 0.046547633, -0.093646087, -0.035694648, 0.044190291, -0.1121983, 0.043431412;
  -0.37107033, 0.028444126, -0.05116412, 0.025970882, 0.15977854, -0.077891938, -0.11102225, 0.020970328, 0.12221872, -0.062533148;
  1.0258297, 0.42424414, 0.255559, 0.51958579, 0.048226878, 0.41080868, -0.27409992, -0.22560152, 0.185809, 0.95961934;
  1.643083, 0.18567783, -0.17646256, -0.27963799, 0.27579442, 0.033315212, -0.057826646, -0.023135412, 0.0032297228, -0.012345377;
  -0.30882818, 0.14790726, 0.081453755, -0.10552805, -0.14976196, -0.038488403, -0.021061808, 0.036067434, 0.04802724, 0.026346315;
  -0.27943295, 0.31177804, -0.15611966, 0.095514312, 0.091766454, -0.16418593, -0.13133071, -0.070136473, 0.10638113, -0.064490184;
  -0.43865073, 0.10257649, -0.038096204, -0.14517672, -0.038936965, 0.13704745, 0.022006111, -0.19064444, 0.026182301, -0.030840743;
  -0.28966391, 0.12001282, 0.14385037, -0.1190895, -0.14379722, -0.0034035721, 0.056293499, -0.034773387, 0.10042915, -0.0093632536;
  1.8472569, 0.22442159, -0.14425074, -0.32727534, 0.38711193, 0.04057461, -0.065311641, -0.025193008, -0.002381752, -0.0021259075;
  -0.10929736, 0.26245049, -0.12988925, 0.2067192, -0.11089648, -0.12661766, 0.11281582, -0.012697751, -0.13011847, 0.032298181;
  -0.45648637, 0.040840033, -0.12434807, -0.047290847, 0.13119024, 0.088485092, -0.086422257, 0.016312918, 0.057266768, -0.05285864;
  1.2098926, -0.11768195, -0.064355083, -0.1645952, 0.24145496, -0.0036746708, 0.020211244, 0.0513051, 0.0050276667, 0.0091729602;
  -0.43007663, -0.026234154, -0.097540669, -0.060945299, -0.04475785, 0.010449835, -0.16626556, 0.027019862, 0.065412097, -0.015528996;
  0.34769821, 0.020985296, -0.18440285, 0.14262685, -0.12577611, 0.048205685, -0.021382682, 0.028109802, 0.045048159, -0.099863276;
  -0.37718254, -0.10433102, -0.0062318514, 0.028839279, 0.12249243, -0.1464691, -0.04512376, -0.076140903, -0.054531146, 0.029765798;
  -0.44467318, -0.076034732, -0.057959769, -0.10005174, -0.11632282, 0.015411329, -0.092977881, -0.061329499, -0.051963996, 0.030943841;
  0.75309527, -0.13698609, -0.098180905, -0.098084919, -0.035736885, -0.021780811, -0.0012347223, 0.012545683, -0.0016074124, 0.0037903243;
  0.23394574, -0.1020305, 0.041049715, 0.31488457, -0.10285775, 0.17681703, -0.11664812, -0.063724965, 0.049031258, 0.40089223;
  -0.39759439, 0.045646034, -0.17149833, -0.026940307, -0.035194386, 0.13900743, -0.057641704, 0.057591237, -0.025563011, -0.00013143237;
  0.19689295, 0.4955515, 0.62736529, -0.1044898, -0.14777012, 0.06620308, -0.17371807, 0.093414575, -0.24204819, -0.087841466;
  -0.37109482, -0.22640637, -0.093715921, 0.043713033, -0.018179482, 0.036529593, -0.051671643, 0.066462219, -0.076975092, 0.049808647;
  -0.25539061, 0.32488966, -0.1304367, 0.11043043, 0.081698477, -0.14960073, -0.032981325, -0.0093578696, 0.055793453, -0.05061594;
  -0.21144961, 0.25992095, -0.086715303, 0.058177639, 0.15731694, 0.087692678, -0.040775638, 0.085922986, 0.054264165, -0.040864166;
  -0.18415917, 0.0032091141, -0.14591222, 0.17219166, -0.1028225, 0.061819129, -0.10635382, -0.0208795, 0.0156602, -0.048875287;
  -0.29650453, 0.20205812, -0.065686435, 0.035671711, 0.082562678, -0.047467582, -0.054699142, 0.037698869, 0.13812183, -0.076284945;
  -0.40530193, 0.0024729846, -0.014794862, -0.042206135, 0.10510062, 0.047540043, -0.010484221, 0.066240057, 0.062276635, -0.028900364;
  -0.32605872, 0.30236554, -0.11495096, -0.0086443201, 0.026053686, 0.029414466, -0.046426423, 0.085458562, 0.11599898, -0.061329722;
  0.2153891, -0.32631353, -0.014410295, -0.11016637, -0.10181745, -0.083087556, -0.053291, -0.032393731, -0.024362624, -0.0012828229;
  0.37192363, 0.051666405, -0.21313106, 0.012141577, -0.0046006339, -0.026191898, -0.04806992, 0.010916767, 0.029208627, 0.02231566;
  0.46592954, 0.29183879, 0.085585415, 0.22223729, -0.14968643, 0.14846109, -0.013622873, -0.10628935, 0.13825838, 0.40230802;
  -0.47079548, -0.0028991231, -0.13823, -0.05098787, 0.077658653, 0.084445998, -0.067655534, 0.057978831, -0.10970905, 0.046310529;
  -0.20811144, 0.076088376, -0.038282651, 0.13846371, -0.091945656, -0.21866086, 0.08062917, -0.022271968, -0.20580071, 0.079189509;
  0.59762985, 0.043439906, -0.19454506, -0.061257139, -0.071091756, 0.028880881, -0.016660638, 0.012650149, 0.015452377, -0.021783693;
  1.1662903, 0.022390593, -0.16149488, -0.19907188, 0.16053922, 0.0075095561, -0.034437794, -0.012054265, -0.0088626891, -0.018919371;
  1.1153466, 0.10213204, -0.18175133, -0.087380439, 0.096874431, 0.037378453, -0.0077984054, 0.007790497, 0.027120449, 0.061950173;
  0.83394802, 0.2064866, 0.21932554, 0.5368154, 0.049158238, 0.34988067, -0.2150322, -0.15765569, 0.15203382, 0.82366478;
  -0.34324729, 0.033948321, 0.005090036, 0.063165531, 0.20185465, -0.21146646, -0.10317703, -0.043738086, 0.1097035, -0.034113362]