200	2	6
0	1	0.06284 0.73622 2473.81372 0.01740 0.50242 6.96773 
1	1	0.20599 0.82260 1333.05676 0.07666 0.69584 5.07803 
2	1	0.13408 0.78551 853.63684 0.06631 0.69595 5.17863 
3	1	0.24222 0.92719 686.83038 0.09731 0.72380 4.56540 
4	1	0.14866 0.73712 1332.06860 0.04960 0.60452 5.66521 
5	1	0.10602 0.91138 553.60510 0.04639 0.69586 5.42803 
6	1	0.11324 0.80432 1628.10583 0.04940 0.67098 5.66160 
7	1	0.09134 0.64100 2637.57397 0.03017 0.52654 6.50939 
8	1	0.21125 0.77345 1169.14014 0.06251 0.53806 5.58029 
9	1	0.24418 0.81897 2057.85571 0.07495 0.53682 5.69616 
10	1	0.13870 0.66820 1918.03625 0.03849 0.53542 6.25895 
11	1	0.14257 0.88702 744.14166 0.04556 0.65853 5.81930 
12	1	0.13440 0.92694 565.77356 0.04107 0.68193 5.71492 
13	1	0.09642 0.75658 1514.89905 0.03203 0.46222 5.95690 
14	1	0.11400 0.86237 1736.64673 0.03072 0.47949 6.21836 
15	1	0.12282 0.90065 1102.78357 0.04419 0.62034 5.60176 
16	1	0.17311 0.74709 1718.33325 0.05104 0.56485 5.86106 
17	1	0.13419 0.76764 1930.49182 0.05334 0.58430 5.70580 
18	1	0.11973 0.77148 1612.86865 0.04987 0.56968 5.70560 
19	1	0.09569 0.84680 1624.33960 0.04741 0.61184 5.42378 
20	1	0.19250 0.84674 829.40741 0.07074 0.68290 5.00743 
21	1	0.28480 0.83962 1383.58789 0.12170 0.68281 4.54039 
22	1	0.13847 0.77662 1576.77954 0.04083 0.55726 5.94524 
23	1	0.46108 0.84382 693.41290 0.22332 0.71429 4.11709 
24	1	0.17454 0.91243 1008.11517 0.06564 0.62891 5.38509 
25	1	0.17520 0.89242 650.63446 0.05874 0.67246 5.27666 
26	1	0.16277 0.91171 228.08215 0.07821 0.82024 4.49111 
27	1	0.22703 0.82485 606.38031 0.11645 0.70275 4.43337 
28	1	0.23470 0.83755 1410.49390 0.07647 0.61311 5.42492 
29	1	0.17951 0.84059 1041.46545 0.05965 0.58360 5.41223 
30	1	0.27009 0.86617 766.87073 0.12370 0.71460 4.44559 
31	1	0.33632 0.94685 317.61990 0.15043 0.79672 3.98976 
32	1	0.09844 0.85640 1029.00427 0.03647 0.60521 5.79989 
33	1	0.10672 0.88819 704.18091 0.04399 0.63423 5.40844 
34	1	0.07947 0.75806 1323.40857 0.02815 0.45952 6.01805 
35	1	0.17855 0.88073 734.53613 0.08321 0.68830 4.91655 
36	1	0.10493 0.80189 994.03204 0.04431 0.65941 5.62822 
37	1	0.38452 0.80528 919.04126 0.16457 0.75590 4.50516 
38	1	0.24316 0.81538 512.43890 0.11542 0.76256 4.61610 
39	1	0.18779 0.73688 1564.03540 0.06929 0.54411 5.25850 
40	1	0.11036 0.74866 2806.40674 0.03220 0.49242 6.26634 
41	1	0.16571 0.84701 1009.89093 0.06895 0.65082 5.35097 
42	1	0.14059 0.82431 1080.63904 0.05315 0.62190 5.70362 
43	1	0.15308 0.93861 311.24182 0.07925 0.78921 4.51133 
44	1	0.20293 0.86477 1563.29688 0.06003 0.51550 5.43071 
45	1	0.23404 0.90513 608.10132 0.09527 0.66537 4.50883 
46	1	0.21859 0.87618 660.04596 0.08303 0.66693 4.63197 
47	1	0.06382 0.74322 1546.44897 0.02381 0.51641 6.37061 
48	1	0.13352 0.87241 968.06696 0.05800 0.64912 5.04133 
49	1	0.16956 0.77504 781.63977 0.08748 0.70611 4.69655 
50	1	0.24009 0.81943 1156.79822 0.07824 0.65400 5.23022 
51	1	0.27828 0.74680 921.80078 0.10141 0.65684 4.84536 
52	1	0.52549 0.90373 273.23572 0.32086 0.80801 2.75801 
53	1	0.07628 0.78375 1784.96375 0.02825 0.44071 6.03746 
54	1	0.17779 0.87249 1071.73022 0.06593 0.62801 5.13091 
55	1	0.18756 0.82469 666.64545 0.08544 0.68335 4.59712 
56	1	0.35705 0.73701 1014.00269 0.15095 0.70406 4.59311 
57	1	0.11059 0.82122 833.31549 0.05760 0.69150 5.12330 
58	1	0.30129 0.77934 1439.18884 0.11240 0.60865 4.89242 
59	1	0.18019 0.82285 996.40405 0.07528 0.63993 5.08821 
60	1	0.11537 0.86617 1753.61792 0.03984 0.50995 5.84023 
61	1	0.31912 0.74388 387.42603 0.16095 0.77811 4.12452 
62	1	0.08927 0.90778 678.13660 0.03893 0.74293 5.64603 
63	1	0.18654 0.84111 740.21704 0.08135 0.67034 4.78605 
64	1	0.21823 0.75481 1561.86572 0.06949 0.51964 5.26451 
65	1	0.17807 0.80937 1251.49048 0.08084 0.66238 5.03596 
66	1	0.20710 0.81268 1238.84131 0.07009 0.63970 5.29634 
67	1	0.12552 0.88358 933.18768 0.04648 0.53683 5.69367 
68	1	0.18786 0.87650 872.03857 0.07255 0.65027 4.81917 
69	1	0.22418 0.84896 1172.97620 0.07503 0.65492 5.21870 
70	1	0.10297 0.78902 1424.27563 0.03251 0.49049 5.85384 
71	1	0.09918 0.73050 1327.89868 0.03510 0.54491 5.83844 
72	1	0.13757 0.63631 1621.67932 0.04647 0.53589 6.15516 
73	1	0.33718 0.89112 678.77203 0.14336 0.72145 4.51470 
74	1	0.11628 0.65428 1758.66028 0.03948 0.52334 5.95911 
75	1	0.07497 0.78998 1588.40125 0.02466 0.50251 6.24007 
76	1	0.21090 0.75383 1306.00281 0.06414 0.58471 5.48662 
77	1	0.18749 0.82112 1011.57385 0.07891 0.66907 4.96173 
78	1	0.17897 0.83347 1593.53638 0.05297 0.60397 5.64509 
79	1	0.12497 0.88468 717.68951 0.05313 0.64093 5.37129 
80	1	0.22564 0.81023 698.20776 0.09351 0.72632 4.82004 
81	1	0.34851 0.77713 1390.82495 0.14014 0.66645 4.97822 
82	1	0.23616 0.82506 1380.66943 0.07670 0.55839 5.27790 
83	1	0.20490 0.78309 793.62921 0.09343 0.68412 4.87684 
84	1	0.21821 0.61773 1589.57104 0.07608 0.63679 5.46986 
85	1	0.11930 0.81721 1317.78711 0.04565 0.58737 5.45251 
86	1	0.20938 0.83801 523.29767 0.09415 0.75961 4.54440 
87	1	0.13515 0.89827 773.99286 0.06424 0.70110 4.90489 
88	1	0.12074 0.89074 862.86456 0.05815 0.68383 4.89642 
89	1	0.35018 0.92714 561.48883 0.14682 0.75011 4.35966 
90	1	0.14706 0.90429 877.39557 0.05410 0.64672 5.38795 
91	1	0.37819 0.60922 1530.84973 0.16412 0.66865 4.67008 
92	1	0.40994 0.74066 1057.07214 0.17984 0.68198 4.53331 
93	1	0.08720 0.69035 3284.51294 0.02461 0.44303 6.72857 
94	1	0.29690 0.82005 1075.71680 0.12361 0.74632 4.78247 
95	1	0.21581 0.73616 1090.79443 0.08044 0.67597 5.06014 
96	1	0.06933 0.70865 3518.75317 0.02003 0.40473 6.74805 
97	1	0.20639 0.86375 824.29022 0.07909 0.69438 4.91609 
98	1	0.17915 0.82730 1131.93298 0.08536 0.68994 4.82511 
99	1	0.23291 0.93410 411.18362 0.09674 0.78237 4.27503 
100	2	0.10559 0.80567 2279.16113 0.03379 0.54664 6.34350 
101	2	0.20138 0.84746 2151.94385 0.06430 0.57481 5.63011 
102	2	0.14769 0.88107 1277.67432 0.04339 0.53415 5.53320 
103	2	0.10530 0.90329 837.61566 0.03943 0.56216 5.60115 
104	2	0.26740 0.81088 1432.42834 0.10250 0.66648 4.85859 
105	2	0.12430 0.82324 1183.54175 0.04231 0.58723 5.69550 
106	2	0.07469 0.90348 967.23535 0.03018 0.58602 5.80757 
107	2	0.28096 0.93523 518.19781 0.11478 0.74983 4.47553 
108	2	0.28487 0.96291 476.83322 0.12991 0.76772 4.14611 
109	2	0.27483 0.75596 2061.61890 0.09375 0.58196 5.39339 
110	2	0.53126 0.96081 393.06299 0.30604 0.84390 3.12373 
111	2	0.33319 0.93802 606.48810 0.14866 0.77586 4.20697 
112	2	0.16642 0.82085 999.00171 0.06518 0.62900 5.28157 
113	2	0.12080 0.83799 1162.56189 0.04173 0.57459 5.66591 
114	2	0.11262 0.90413 1268.39343 0.04785 0.61710 5.31293 
115	2	0.14726 0.82685 1930.12036 0.05951 0.62287 5.35033 
116	2	0.20816 0.94296 676.63025 0.10184 0.73071 4.50155 
117	2	0.30595 0.83223 1460.10828 0.13890 0.67060 4.61716 
118	2	0.14648 0.91729 1241.35901 0.03872 0.57026 6.03998 
119	2	0.35357 0.55437 3522.03247 0.13724 0.55311 5.03625 
120	2	0.29471 0.92752 535.84271 0.13227 0.76081 4.11219 
121	2	0.16303 0.91833 953.62964 0.06158 0.64663 5.09269 
122	2	0.11190 0.91996 968.60492 0.04303 0.67640 5.70531 
123	2	0.11598 0.84777 991.85364 0.04208 0.60087 5.68054 
124	2	0.10722 0.90954 1023.88007 0.03883 0.60955 5.68086 
125	2	0.26295 0.95056 581.50012 0.09066 0.67937 4.84848 
126	2	0.14909 0.92641 996.95276 0.05583 0.65841 5.25202 
127	2	0.22272 0.91759 1176.82910 0.09538 0.70718 4.65493 
128	2	0.25499 0.79456 1557.94470 0.10740 0.70936 4.63277 
129	2	0.16609 0.93206 789.73297 0.05920 0.64924 5.14499 
130	2	0.09952 0.81909 942.44342 0.03689 0.55351 5.65332 
131	2	0.21118 0.97706 362.98450 0.10711 0.85815 4.11323 
132	2	0.27876 0.87487 1590.69714 0.10259 0.68450 4.98188 
133	2	0.18546 0.90436 801.93384 0.08926 0.73943 4.62253 
134	2	0.20070 0.86180 1087.48926 0.07128 0.72066 5.18546 
135	2	0.18102 0.92888 819.91876 0.06203 0.71733 5.31168 
136	2	0.18047 0.95781 652.50378 0.06707 0.65626 4.86229 
137	2	0.15572 0.76262 1477.07886 0.05827 0.54284 5.13284 
138	2	0.18490 0.88782 1563.56543 0.05708 0.61920 5.41692 
139	2	0.31505 0.87610 1113.10510 0.15281 0.70986 4.04038 
140	2	0.12587 0.85079 1870.14465 0.03854 0.57271 5.99478 
141	2	0.16667 0.79910 3472.55884 0.05230 0.57230 5.74076 
142	2	0.21691 0.94282 467.74243 0.09611 0.74004 4.37031 
143	2	0.16077 0.95364 705.99847 0.08550 0.73005 4.40697 
144	2	0.31810 0.85403 1408.45044 0.11820 0.67553 5.12588 
145	2	0.14731 0.84822 1005.47302 0.05796 0.55768 5.36358 
146	2	0.31209 0.89376 493.91229 0.13931 0.77403 4.28046 
147	2	0.22598 0.88311 1452.38171 0.07815 0.64525 5.06007 
148	2	0.15790 0.87725 940.69727 0.07108 0.64013 4.84925 
149	2	0.12468 0.83024 2415.49927 0.04232 0.57603 5.81485 
150	2	0.25200 0.96689 334.51028 0.09354 0.72468 4.47607 
151	2	0.15707 0.90174 1445.36243 0.05480 0.57945 5.38235 
152	2	0.20850 0.96284 607.37903 0.09481 0.79556 4.40475 
153	2	0.32104 0.89795 823.01282 0.12722 0.70324 4.59777 
154	2	0.18128 0.83300 1964.30249 0.05477 0.56550 5.56395 
155	2	0.11564 0.84335 1986.42322 0.04133 0.55243 5.91632 
156	2	0.24752 0.88130 848.31360 0.08866 0.68217 5.14572 
157	2	0.28505 0.93976 868.01971 0.13090 0.72381 4.29960 
158	2	0.12206 0.80038 1876.34802 0.04295 0.57190 5.67979 
159	2	0.07365 0.82104 2026.93298 0.02171 0.56427 6.63405 
160	2	0.09558 0.86713 1183.15784 0.03534 0.55103 5.85022 
161	2	0.16166 0.89326 996.64423 0.06101 0.66063 5.39978 
162	2	0.12337 0.84279 1269.54858 0.04323 0.58463 5.56027 
163	2	0.24196 0.87163 965.04865 0.09115 0.66923 4.59425 
164	2	0.08194 0.84252 1592.90857 0.02770 0.51728 6.17961 
165	2	0.45862 0.96869 289.64880 0.24431 0.79576 3.30722 
166	2	0.27503 0.92252 930.88550 0.09266 0.62740 5.16232 
167	2	0.36297 0.96582 351.39053 0.20637 0.81310 3.10149 
168	2	0.26725 0.95130 700.69122 0.13611 0.78227 4.18705 
169	2	0.19071 0.89804 1607.56409 0.07545 0.56274 5.04327 
170	2	0.15121 0.85034 1016.05176 0.05890 0.59110 5.33922 
171	2	0.10074 0.88057 787.15601 0.04392 0.72823 5.43463 
172	2	0.15821 0.81169 1974.13892 0.04869 0.52819 5.61182 
173	2	0.14377 0.89810 1202.60315 0.04826 0.62799 5.54570 
174	2	0.12604 0.91443 827.32324 0.05393 0.61248 5.22722 
175	2	0.15002 0.71746 1386.97253 0.04954 0.57121 5.62277 
176	2	0.28345 0.83987 1132.89795 0.11036 0.70599 4.78828 
177	2	0.18868 0.82034 1950.67944 0.06107 0.60818 5.26925 
178	2	0.11773 0.82639 1082.04077 0.04913 0.61139 5.45316 
179	2	0.09257 0.82344 2026.82361 0.03760 0.56456 6.00315 
180	2	0.13990 0.76041 2212.44556 0.05560 0.61359 5.60080 
181	2	0.10670 0.88299 1045.20996 0.05169 0.68669 5.18419 
182	2	0.17478 0.70334 1375.60364 0.05580 0.51267 5.43474 
183	2	0.09643 0.77028 1491.28442 0.03038 0.50913 6.14663 
184	2	0.15097 0.98438 227.58304 0.08438 0.83372 4.27984 
185	2	0.15318 0.77138 3664.36182 0.04153 0.48935 5.86118 
186	2	0.18456 0.91069 532.32330 0.06973 0.67251 5.12261 
187	2	0.14329 0.88267 1549.34485 0.04622 0.50508 5.79055 
188	2	0.23004 0.93142 182.21091 0.09965 0.77703 4.18546 
189	2	0.13392 0.78443 1507.83215 0.04516 0.59503 5.52846 
190	2	0.15990 0.92663 1150.21179 0.05586 0.62550 5.29228 
191	2	0.10335 0.82714 1350.95410 0.03938 0.53493 5.78054 
192	2	0.19417 0.79603 1043.91504 0.08845 0.64769 4.61495 
193	2	0.25904 0.87287 1535.37170 0.08088 0.62284 5.49194 
194	2	0.12778 0.87945 810.25958 0.05542 0.67300 5.21529 
195	2	0.06602 0.83432 1265.01282 0.02446 0.50334 6.21547 
196	2	0.13789 0.84741 1636.22595 0.03261 0.49792 6.21192 
197	2	0.21195 0.80489 898.65692 0.11575 0.73042 4.43789 
198	2	0.11814 0.82600 1315.42334 0.03547 0.50163 5.94783 
199	2	0.11090 0.87370 1056.62744 0.03957 0.55587 5.58339 
