[1.4842552, 0.18415065, 0, 0, 1.0909185, 5.7883463, 3.4798951, 4.699276, 5.7991076, 2.5849626;
  1.0484282, 0.14736508, 0, 0, 2.1409705, 5.5645542, 3.0815883, 5.4380612, 5.6041594, 2.5849626;
  1.4651314, 0.11055713, 0, 0, 0.89792299, 5.7697015, 4.0292792, 3.4212697, 5.7875576, 2.5849626;
  1.9054247, 0.14736508, 0, 0, 0.11055713, 5.8980761, 3.9840529, 3.3684142, 5.9156389, 2.5849626;
  1.799193, 0.14736508, 0, 0, 0.14736508, 5.781795, 3.8292706, 3.2959063, 5.7843533, 2.5849626;
  1.3840576, 0.21310128, 0, 0, 1.1223826, 5.4509168, 3.6533315, 4.3050928, 5.5007458, 2.5849626;
  1.7257802, 0.14736508, 0, 0, 1.327831, 5.3564968, 2.7415481, 4.7267509, 5.3995495, 2.5849626;
  1.8461224, 0.21310128, 0, 0, 0.036874507, 5.8207192, 3.9911647, 3.1532557, 5.8056316, 2.5849626;
  1.3543324, 0.21310128, 0, 0, 1.0923611, 5.7084122, 3.6662805, 4.008594, 5.7500334, 2.5849626;
  0.89406949, 0.11055713, 0, 0, 1.2132465, 5.6322794, 4.077703, 3.662703, 5.5995045, 2.5849626;
  1.4591939, 0.14736508, 0, 0, 1.0972248, 5.8497891, 3.8040428, 4.2686172, 5.894886, 2.5849626;
  1.0818409, 0.24984187, 0, 0, 2.0142503, 5.2581596, 2.9667969, 5.3492799, 5.2786484, 2.5849626;
  1.3753924, 0.18415065, 0, 0, 1.3596098, 5.7032619, 3.3636632, 4.4877386, 5.7215929, 2.5849626;
  1.0685267, 0.21310128, 0, 0, 2.0658095, 5.4771962, 2.9549072, 5.47613, 5.4627061, 2.5849626;
  1.7018691, 0.14736508, 0, 0, 0.35643986, 5.7425556, 4.418776, 2.9158247, 5.7547407, 2.5849626;
  1.3474602, 0.21310128, 0, 0, 1.195776, 5.0032039, 3.2508123, 4.3236957, 5.0139623, 2.5849626;
  1.6912035, 0.14736508, 0, 0, 0.1287913, 5.8628554, 4.1501436, 3.065891, 5.8571215, 2.5849626;
  1.9499505, 0.14736508, 0, 0, 0.14736508, 5.7405386, 4.0096364, 3.091882, 5.7483511, 2.5849626;
  1.3535837, 0.14736508, 0, 0, 1.6790323, 5.8183355, 3.5987825, 4.748198, 5.9188805, 2.5849626;
  1.5852793, 0.21310128, 0, 0, 0.80908811, 5.6119027, 3.5294898, 4.2823849, 5.652389, 2.5849626;
  1.7859747, 0.14736508, 0, 0, 0.24202937, 5.658803, 3.5538669, 4.0038328, 5.6768122, 2.5849626;
  1.7687669, 0.14736508, 0, 0, 0.63089353, 5.716383, 3.825562, 3.9563823, 5.7267489, 2.5849626;
  1.0874588, 0.14736508, 0, 0, 2.4641387, 5.8032598, 3.6986723, 5.4975591, 5.8052664, 2.5849626;
  1.16457, 0.21310128, 0, 0, 0.77144957, 5.8948817, 3.5862408, 4.4008231, 5.9085917, 2.5849626;
  1.1138769, 0.14736508, 0, 0, 2.2553897, 5.7839456, 3.7811, 5.3616071, 5.9117308, 2.5849626;
  1.753216, 0.23908059, 0, 0, 1.0733875, 5.5640497, 3.7186356, 4.1421161, 5.623105, 2.5849626;
  1.8446455, 0.24984187, 0, 0, 0.84065324, 5.6319046, 3.7674298, 4.0077095, 5.7031717, 2.5849626;
  1.3234043, 0.21310128, 0, 0, 0.86360443, 5.8522573, 3.7167208, 4.2330127, 5.8344636, 2.5849626;
  1.3349307, 0.14736508, 0, 0, 0.52065027, 5.8065968, 3.7450516, 3.9875345, 5.8037109, 2.5849626;
  1.6404791, 0.21310128, 0, 0, 0.60196555, 5.7265873, 3.76794, 3.8505116, 5.7071028, 2.5849626;
  0.89519864, 0.21310128, 0, 0, 1.8219806, 5.1707668, 3.3641002, 4.6083074, 5.2317638, 2.5849626;
  1.855521, 0.24984187, 0, 0, 0.18415065, 5.9082179, 3.8677835, 3.7889717, 5.9093528, 2.5849626;
  1.1202722, 0.18415065, 0, 0, 0.67290479, 5.7014003, 3.6963956, 4.1437035, 5.7107377, 2.5849626;
  1.8876817, 0.14736508, 0, 0, 0.74321729, 5.537724, 3.6311584, 3.9641082, 5.5897412, 2.5849626;
  1.6922891, 0.14736508, 0, 0, 0.35456568, 5.5424166, 4.0947938, 3.0806806, 5.5478692, 2.5849626;
  1.3003538, 0.21310128, 0, 0, 0.91938299, 5.6617632, 4.0045342, 4.0395384, 5.706058, 2.5849626;
  0.93793058, 0.11055713, 0, 0, 1.0751487, 5.1711965, 4.2044787, 3.2254033, 5.177094, 2.5849626;
  0.93003625, 0.14736508, 0, 0, 0.22091378, 4.9769788, 2.6216111, 3.5846653, 4.9662175, 2.5849626;
  1.6781996, 0.18415065, 0, 0, 1.2146761, 5.7225614, 3.4248838, 4.607389, 5.74683, 2.5849626;
  1.8549267, 0.18415065, 0, 0, 1.1704675, 5.7481408, 3.6476636, 4.3286085, 5.8995357, 2.5849626;
  1.1494395, 0.11055713, 0, 0, 0.71756345, 5.561697, 3.5802088, 3.7299321, 5.6011772, 2.5849626;
  1.9123915, 0.23908059, 0, 0, 0.11055713, 5.8338766, 3.426245, 4.0265598, 5.8283691, 2.5849626;
  0.83182973, 0.14736508, 0, 0, 1.7163321, 5.5611448, 2.9721963, 5.3834519, 5.5870509, 2.5849626;
  1.4645545, 0.14736508, 0, 0, 0.83964223, 5.4654989, 2.9747775, 4.4432631, 5.5123882, 2.5849626;
  1.7803999, 0.14736508, 0, 0, 1.1385612, 5.7919106, 3.5533195, 4.2083588, 5.7873006, 2.5849626;
  1.4190921, 0.14736508, 0, 0, 0.56789798, 5.5097909, 3.6652613, 3.658601, 5.5132418, 2.5849626;
  1.4786435, 0.14736508, 0, 0, 0.57947755, 5.404098, 3.8418777, 3.1714244, 5.4103856, 2.5849626;
  1.5180389, 0.11055713, 0, 0, 0.39657697, 5.6981826, 3.9061983, 3.4264743, 5.6966577, 2.5849626;
  0.71756345, 0.14736508, 0, 0, 1.0884358, 4.5263333, 3.1583774, 3.8718116, 4.5794959, 2.5849626;
  1.7153244, 0.18415065, 0, 0, 0.62122411, 5.6212339, 3.5687413, 3.9446256, 5.6574101, 2.5849626;
  1.7610767, 0.24984187, 0, 0, 0.87003952, 5.6102715, 3.7102027, 4.1638637, 5.6396275, 2.5849626;
  1.4621826, 0.21310128, 0, 0, 0.81537575, 5.6593223, 3.4801145, 4.2854047, 5.6859622, 2.5849626;
  1.327831, 0.18415065, 0, 0, 0.39657697, 5.093514, 3.4073038, 3.7400596, 5.093514, 2.5849626;
  1.2115639, 0.22091378, 0, 0, 0.98384267, 5.5810022, 3.5192888, 4.0317659, 5.5854759, 2.5849626;
  1.4959912, 0.14736508, 0, 0, 0.073726915, 5.6823549, 3.2957304, 3.7083774, 5.6745424, 2.5849626;
  1.3177227, 0.18415065, 0, 0, 1.6096498, 5.6020069, 2.9430439, 5.1211724, 5.6484919, 2.5849626;
  1.1610658, 0.24984187, 0, 0, 0.75315714, 5.7971807, 3.9099264, 4.0840263, 5.7531862, 2.5849626;
  1.7583539, 0.18415065, 0, 0, 0.11055713, 5.2489996, 3.7110054, 3.1753924, 5.2337022, 2.5849626;
  1.1303711, 0.14736508, 0, 0, 0.85614359, 5.5665078, 3.9255252, 3.9135301, 5.5598574, 2.5849626;
  1.1456349, 0.14736508, 0, 0, 1.5567882, 5.216682, 3.0588968, 4.7258615, 5.211338, 2.5849626;
  1.6057166, 0.14736508, 0, 0, 1.0342962, 5.7195969, 3.2616506, 4.6784821, 5.7571344, 2.5849626;
  1.2770096, 0.18415065, 0, 0, 1.4536489, 5.5000587, 3.5703959, 4.5004849, 5.4669948, 2.5849626;
  1.7257636, 0.18415065, 0, 0, 0.073726915, 5.5901294, 3.5901275, 3.7467451, 5.5948563, 2.5849626;
  1.5046397, 0.18415065, 0, 0, 0.64460361, 5.6939421, 3.8175492, 3.8922167, 5.7024341, 2.5849626;
  1.1437097, 0.18415065, 0, 0, 0.8857888, 5.9634423, 3.7302969, 4.391397, 5.9018097, 2.5849626;
  1.4308927, 0.18415065, 0, 0, 1.2979342, 5.6006455, 2.7741938, 4.6893435, 5.6211052, 2.5849626;
  1.2062199, 0.23908059, 0, 0, 1.4367824, 5.3280563, 2.7595835, 4.8818946, 5.4099202, 2.5849626;
  1.3741173, 0.14736508, 0, 0, 0.70579362, 5.7260036, 3.8974147, 3.3345993, 5.7431531, 2.5849626;
  1.1497821, 0.14736508, 0, 0, 1.0483963, 5.7339158, 3.2985566, 4.5037303, 5.7678614, 2.5849626;
  1.3583288, 0.14736508, 0, 0, 1.0982519, 5.7995787, 3.4489095, 4.5156393, 5.779191, 2.5849626;
  0.74835849, 0.11055713, 0, 0, 0.70975095, 4.4992476, 2.8800917, 3.609941, 4.5100088, 2.5849626;
  0.6081751, 0.14736508, 0, 0, 1.038612, 4.8389521, 3.3317001, 3.6030219, 4.8809633, 2.5849626;
  1.3721194, 0.21310128, 0, 0, 1.2474452, 5.5648794, 3.0614552, 4.6570792, 5.618711, 2.5849626;
  1.5782777, 0.14736508, 0, 0, 1.1999745, 5.6622596, 3.8772027, 4.0724158, 5.7533097, 2.5849626;
  0.76943064, 0.036874507, 0, 0, 0.69674939, 4.4894819, 2.9931641, 3.1758773, 4.50562, 2.5849626;
  1.9689869, 0.24984187, 0, 0, 0.11055713, 5.6653385, 3.18643, 3.8702953, 5.6682873, 2.5849626;
  1.9759263, 0.18415065, 0, 0, 0.24984187, 5.6497679, 3.7833376, 3.1417286, 5.6390066, 2.5849626;
  1.6821212, 0.14736508, 0, 0, 0.54822755, 5.4579816, 3.4822683, 3.8973553, 5.4719915, 2.5849626;
  1.7597643, 0.21310128, 0, 0, 0.39657697, 5.6085601, 3.6808088, 3.8371413, 5.6241851, 2.5849626;
  1.6035117, 0.24984187, 0, 0, 0.30468127, 5.828052, 3.4050665, 3.9771261, 5.829967, 2.5849626;
  1.8244882, 0.14736508, 0, 0, 0.28124377, 5.6991944, 3.9950454, 3.0037158, 5.6910434, 2.5849626;
  1.3725524, 0.18415065, 0, 0, 0.67493123, 5.756988, 3.8110814, 4.2061672, 5.7533345, 2.5849626;
  1.8456668, 0.14736508, 0, 0, 0.73195297, 5.7204633, 3.5995486, 4.1460757, 5.6944776, 2.5849626;
  2.1018271, 0.23908059, 0, 0, 0.47218832, 5.9801502, 3.5687115, 4.0626078, 5.9853306, 2.5849626;
  1.4204249, 0.21310128, 0, 0, 0.94808102, 5.6076007, 3.0787392, 4.723968, 5.5607257, 2.5849626;
  1.1392361, 0.18415065, 0, 0, 0.61305219, 5.3757191, 3.6080797, 3.8498969, 5.3790579, 2.5849626;
  2.0734644, 0.23908059, 0, 0, 0.22640437, 5.9334664, 3.7458587, 4.0492525, 5.9665074, 2.5849626;
  1.4842873, 0.18415065, 0, 0, 1.5528213, 5.7091885, 4.3443947, 4.3066955, 5.7561646, 2.5849626;
  1.2253501, 0.21310128, 0, 0, 0.9648788, 5.6980343, 3.9101794, 4.0939441, 5.7427516, 2.5849626;
  1.3048156, 0.14736508, 0, 0, 2.2272291, 5.7198758, 3.3449717, 5.3901987, 5.8016944, 2.5849626;
  1.4870822, 0.21310128, 0, 0, 1.2001013, 5.6725755, 3.4405093, 4.6851578, 5.7556705, 2.5849626;
  1.716774, 0.14736508, 0, 0, 0.11055713, 5.9036455, 3.7510977, 3.3174529, 5.8913593, 2.5849626;
  1.747761, 0.18415065, 0, 0, 0.40101922, 5.7348943, 3.6835668, 4.1480751, 5.7671995, 2.5849626;
  1.8024708, 0.14736508, 0, 0, 0.30381602, 5.6459537, 3.5749924, 4.0516095, 5.6339211, 2.5849626;
  1.8267425, 0.21310128, 0, 0, 0.86155337, 5.8100381, 3.4596367, 4.4713068, 5.8461518, 2.5849626;
  1.5558927, 0.14736508, 0, 0, 0.86519957, 5.8569336, 3.8514481, 3.8540459, 5.9291916, 2.5849626;
  1.8499619, 0.21310128, 0, 0, 0.87717837, 5.5567679, 3.5092349, 3.9796467, 5.6031251, 2.5849626;
  2.1626451, 0.21310128, 0, 0, 0.75617099, 5.5704818, 3.39695, 4.0976701, 5.5793858, 2.5849626;
  1.9293207, 0.24984187, 0, 0, 0.95322239, 5.7612419, 3.885359, 4.3379135, 5.7209191, 2.5849626;
  1.0088868, 0.11055713, 0, 0, 0.14736508, 4.7835321, 3.5211549, 2.901896, 4.7835321, 2.5849626;
  1.5842485, 0.21310128, 0, 0, 0.32325506, 5.568347, 3.7285151, 3.6888552, 5.5630145, 2.5849626;
  1.6822693, 0.25765437, 0, 0, 1.6530607, 5.7623539, 3.3396969, 4.6784029, 5.8780165, 2.5849626;
  2.3660853, 0.21310128, 0, 0, 0.17633815, 6.1503024, 4.0303469, 3.3973901, 6.1306949, 2.5849626;
  1.0102534, 0.25765437, 0, 0, 1.2055035, 5.4343719, 3.2465389, 4.4134998, 5.4406595, 2.5849626;
  1.5872028, 0.11055713, 0, 0, 0.11055713, 5.2056818, 3.2778082, 3.4729648, 5.2056818, 2.5849626;
  0.98595035, 0.11055713, 0, 0, 0.54294401, 5.111197, 2.8435581, 3.6849046, 5.1190095, 2.5849626;
  1.1532134, 0.11055713, 0, 0, 0.11055713, 5.115725, 3.2219145, 3.2835479, 5.115725, 2.5849626;
  1.6843044, 0, 0, 0, 1.1961024, 4.2935114, 4.055057, 1.485321, 4.3373365, 2.5849626;
  2.1737964, 0.25765437, 0, 0, 0, 5.7947884, 3.0108688, 3.6615582, 5.8026009, 2.5849626;
  3.9029076, 0.073726915, 0, 0, 0, 5.9378743, 3.6665535, 3.4964271, 5.9378743, 2.5849626;
  2.5116246, 0.24984187, 0, 0, 0.17633815, 5.6385322, 3.5116439, 3.6117759, 5.6448202, 2.5849626;
  2.3219385, 0.24984187, 0, 0, 1.2535925, 6.0052733, 3.348161, 4.8273945, 6.0394659, 2.5849626;
  0.73639739, 0.21310128, 0, 0, 0.18415065, 4.8871603, 3.2604978, 3.3709996, 4.8715353, 2.5849626;
  1.5805987, 0.10274463, 0, 0, 1.0753253, 5.9724412, 5.060627, 2.7738445, 5.9404111, 2.5849626;
  1.1266711, 0, 0, 0, 0.53513151, 4.9476137, 4.3984194, 1.3827541, 4.9349375, 2.5849626;
  2.2457461, 0.23908059, 0, 0, 0.60209244, 6.0320034, 3.4911869, 4.4151487, 6.0406613, 2.5849626;
  1.8403077, 0.036874507, 0, 0, 0.61156332, 5.8069553, 4.0909896, 3.2408774, 5.8075089, 2.5849626;
  1.2830285, 0.14736508, 0, 0, 0.47761938, 5.0057912, 4.1626868, 2.5613973, 5.02284, 2.5849626;
  2.1597195, 0.24984187, 0, 0, 1.5625694, 5.8152113, 3.8526053, 4.7534175, 5.8641949, 2.5849626;
  2.9740779, 0.28655982, 0, 0, 0.8421284, 5.5968385, 3.8774354, 3.9696271, 5.66396, 2.5849626;
  1.8275183, 0.14736508, 0, 0, 0.11055713, 5.7032371, 2.994061, 3.7550626, 5.6825848, 2.5849626;
  3.0331283, 0.24984187, 0, 0, 0.50366384, 5.5932326, 3.904887, 3.8101017, 5.6452203, 2.5849626;
  1.6036488, 0.23908059, 0, 0, 1.562305, 5.5477595, 3.5292215, 4.329639, 5.6606264, 2.5849626;
  2.9879894, 0.24984187, 0, 0, 0.091983356, 5.947454, 4.1845093, 3.4168847, 5.9363027, 2.5849626;
  1.1735516, 0.20528878, 0, 0, 0.11055713, 4.8433547, 3.5892711, 3.2639163, 4.842411, 2.5849626;
  1.2979071, 0.14736508, 0, 0, 0.14736508, 5.3382692, 3.7793841, 3.0654714, 5.3319817, 2.5849626;
  1.7647049, 0.21310128, 0, 0, 1.3446625, 5.6151776, 3.5651245, 4.4902177, 5.6653914, 2.5849626;
  3.2111726, 0.24984187, 0, 0, 0.036874507, 5.5035667, 3.1835475, 3.7574444, 5.5016518, 2.5849626;
  2.0631824, 0.18415065, 0, 0, 0.52437025, 5.4385972, 4.0453467, 3.433758, 5.4385972, 2.5849626;
  2.1779547, 0.21310128, 0, 0, 1.3141744, 5.7553692, 5.0234952, 3.2369583, 5.7636237, 2.5849626;
  2.7854593, 0.24984187, 0, 0, 0.23908059, 5.5066857, 3.6841094, 3.6104193, 5.5052619, 2.5849626;
  1.3983145, 0.22091378, 0, 0, 0.77474475, 5.265645, 2.8161197, 3.8949461, 5.3043175, 2.5849626;
  1.3743631, 0.1287913, 0, 0, 1.1099011, 5.533299, 3.0898249, 4.3926592, 5.5309315, 2.5849626;
  1.330029, 0, 0, 0, 0.27343127, 4.2174497, 3.7583044, 0.98887694, 4.1940122, 2.5849626;
  2.3408563, 0.25765437, 0, 0, 0.40826437, 6.1375027, 3.8432367, 3.956079, 6.1335092, 2.5849626;
  1.7878058, 0, 0, 0, 0.61496711, 5.5640221, 4.1317539, 2.9470749, 5.5597119, 2.5849626;
  1.3318352, 0.14736508, 0, 0, 1.8329281, 5.7538877, 4.4303026, 4.58251, 5.7463813, 2.5849626;
  0.99173701, 0, 0, 0, 0.21310128, 4.7698879, 3.9696188, 2.1261322, 4.7777004, 2.5849626;
  1.3331522, 0.11055713, 0, 0, 0.14736508, 5.31775, 3.6985013, 2.9248047, 5.31775, 2.5849626;
  0.5520637, 0, 0, 0, 0.50638711, 4.9748578, 3.8828576, 2.5570254, 4.9748578, 2.5849626;
  1.9397608, 0.21310128, 0, 0, 0.81968594, 5.2088761, 3.1047411, 3.6951013, 5.2184401, 2.5849626;
  1.0058315, 0.20234001, 0, 0, 0.18415065, 5.4332037, 3.9439268, 3.0119324, 5.4253912, 2.5849626;
  1.2238927, 0.14736508, 0, 0, 0.80424142, 5.1781669, 2.8103113, 4.1012945, 5.1743093, 2.5849626;
  1.524965, 0.14736508, 0, 0, 1.7630936, 5.8966165, 4.5667877, 4.4527822, 5.8820424, 2.5849626;
  1.8203018, 0.036874507, 0, 0, 0.34135368, 5.8089223, 4.1809249, 3.0162761, 5.8059735, 2.5849626;
  2.6020334, 0.24984187, 0, 0, 0.62903661, 5.7945604, 4.0269341, 3.4784391, 5.835238, 2.5849626;
  2.2188971, 0.21310128, 0, 0, 0.21230422, 5.767262, 3.9169793, 3.7613201, 5.7884073, 2.5849626;
  2.5105186, 0.25765437, 0, 0, 0.48235896, 5.5234528, 3.8503366, 3.6314564, 5.5337338, 2.5849626;
  1.7219615, 0.24984187, 0, 0, 0.94275856, 5.3919754, 3.4442039, 4.4343052, 5.4276195, 2.5849626;
  1.7371733, 0, 0, 0, 1.1850147, 5.2884436, 3.3284392, 3.8177567, 5.27876, 2.5849626;
  1.3560159, 0.20234001, 0, 0, 0.14736508, 5.0125751, 3.1546435, 3.1914551, 5.0125751, 2.5849626;
  2.1730781, 0.23908059, 0, 0, 0.42539099, 5.5040789, 3.794312, 3.7348633, 5.510304, 2.5849626;
  3.0600953, 0.18415065, 0, 0, 0, 5.886332, 3.6520083, 3.5853131, 5.886332, 2.5849626;
  3.1939263, 0.10274463, 0, 0, 0.16557688, 5.756052, 3.4362662, 3.7781961, 5.7618251, 2.5849626;
  2.4849491, 0.22091378, 0, 0, 0.62101334, 6.0857201, 4.0397463, 3.8293202, 6.0587912, 2.5849626;
  1.7734113, 0.25765437, 0, 0, 0.94343805, 5.7236056, 3.4981627, 4.5500178, 5.7166653, 2.5849626;
  1.4340736, 0.21310128, 0, 0, 0.78472555, 5.3138833, 4.4177809, 2.7507639, 5.2953095, 2.5849626;
  2.3936386, 0.24984187, 0, 0, 0.24902217, 5.7883987, 3.518671, 4.0801587, 5.809814, 2.5849626;
  1.0834522, 0.21310128, 0, 0, 0.20234001, 4.6160636, 2.7944686, 2.5729477, 4.6072173, 2.5849626;
  1.9741156, 0.24984187, 0, 0, 0.33106756, 5.5032706, 2.875082, 4.1553268, 5.5110831, 2.5849626;
  1.6769454, 0, 0, 0, 0.83620095, 5.2726569, 2.9499104, 3.5208983, 5.2834182, 2.5849626;
  2.9709327, 0.25765437, 0, 0, 0.97861338, 5.4193611, 4.3259983, 3.4378877, 5.4943523, 2.5849626;
  2.700845, 0.25765437, 0, 0, 0, 5.8042378, 3.3107841, 3.9722195, 5.7930408, 2.5849626;
  1.8578477, 0, 0, 0, 0.37800318, 5.4641957, 3.8191462, 2.5762715, 5.4563832, 2.5849626;
  1.0215441, 0, 0, 0, 0.54822755, 4.7587752, 3.7455351, 2.197896, 4.7494378, 2.5849626;
  1.7068396, 0.22091378, 0, 0, 0.80249465, 5.9207287, 3.6960349, 4.1806922, 5.9104095, 2.5849626;
  1.8656393, 0.25765437, 0, 0, 1.3789958, 5.6488886, 3.4213703, 4.8971453, 5.6653776, 2.5849626;
  1.8022581, 0.24984187, 0, 0, 1.355155, 5.4857759, 3.4259846, 4.4603672, 5.5122633, 2.5849626;
  1.7880101, 0.25765437, 0, 0, 0.58407652, 5.116221, 3.1135907, 4.0737252, 5.1058497, 2.5849626;
  1.9847929, 0.25765437, 0, 0, 0.25530982, 5.9234529, 3.7014232, 3.7877886, 5.9234529, 2.5849626;
  1.456216, 0.24984187, 0, 0, 0.14736508, 4.5168433, 3.0265138, 3.1642845, 4.5168433, 2.5849626;
  1.5335289, 0.11055713, 0, 0, 0.6003626, 5.4083056, 3.7864206, 3.1257889, 5.4375672, 2.5849626;
  2.8906834, 0.23908059, 0, 0, 0.065914415, 5.9756193, 3.6817424, 3.6074748, 5.9772067, 2.5849626;
  0.29437232, 0.14736508, 0, 0, 0.35211498, 4.6117897, 3.0840979, 3.0647531, 4.6010284, 2.5849626;
  2.6021898, 0.18415065, 0, 0, 0.29200506, 5.9725971, 3.7647958, 3.8153343, 5.9955544, 2.5849626;
  1.5487952, 0.14736508, 0, 0, 0.18415065, 5.2291055, 3.3248191, 3.2077036, 5.2283525, 2.5849626;
  1.820331, 0.21310128, 0, 0, 0.34430248, 6.0013976, 3.8749168, 3.9505801, 5.9769258, 2.5849626;
  2.6090844, 0.25765437, 0, 0, 0.54320002, 5.0884943, 3.2129743, 4.1420484, 5.0758805, 2.5849626;
  1.4936781, 0, 0, 0, 0.81597555, 5.0883203, 4.1102667, 2.6262608, 5.1004834, 2.5849626;
  1.7946739, 0.23908059, 0, 0, 0.11055713, 4.9068174, 3.0542555, 3.1871421, 4.9068174, 2.5849626;
  3.0985544, 0.25765437, 0, 0, 0.37019068, 5.7784491, 3.3876224, 3.6338553, 5.7621856, 2.5849626;
  1.9198351, 0, 0, 0, 0.036874507, 5.1610889, 3.2309225, 2.4861207, 5.1692915, 2.5849626;
  3.1208117, 0.28655982, 0, 0, 0.37709203, 5.8112783, 3.6225808, 3.6805444, 5.8083758, 2.5849626;
  2.3086028, 0.073726915, 0, 0, 0.37910655, 5.6992388, 3.6221964, 3.645334, 5.7385111, 2.5849626;
  0.78958929, 0, 0, 0, 0.32325506, 4.5036716, 4.2151775, 1.4530216, 4.5306115, 2.5849626;
  1.5868988, 0.17633815, 0, 0, 0.18415065, 5.1703939, 3.5425217, 3.4451745, 5.1577177, 2.5849626;
  1.488559, 0, 0, 0, 1.2196581, 5.6277256, 3.3386738, 4.2450495, 5.6418257, 2.5849626;
  0.9084112, 0.22091378, 0, 0, 0.18415065, 5.3533792, 3.6582417, 3.9433901, 5.342618, 2.5849626;
  1.7783641, 0.065914415, 0, 0, 0.14736508, 5.2600775, 3.6623068, 3.101855, 5.2600775, 2.5849626;
  1.0907823, 0.14736508, 0, 0, 0.24984187, 5.4182119, 3.8237317, 3.4595003, 5.4055357, 2.5849626;
  1.952826, 0.21310128, 0, 0, 0.36773998, 5.242949, 3.7506657, 3.2949753, 5.2537103, 2.5849626;
  1.5333363, 0.14736508, 0, 0, 0.13955258, 5.4687595, 3.4553239, 3.1577203, 5.4687595, 2.5849626;
  2.1257343, 0.24984187, 0, 0, 0.36773998, 5.7335119, 4.0405583, 3.2704594, 5.7603889, 2.5849626;
  2.3420694, 0.24984187, 0, 0, 0.34430248, 5.6493769, 3.6123605, 3.4320798, 5.6336551, 2.5849626;
  1.6744587, 0.22091378, 0, 0, 0.56871629, 5.0735674, 3.0693791, 3.4680882, 5.0847421, 2.5849626;
  1.3224812, 0.21310128, 0, 0, 0.95633721, 5.7772183, 3.2929823, 4.5213146, 5.7815008, 2.5849626;
  1.6366961, 0, 0, 0, 0.17633815, 4.5221782, 3.1559484, 2.2982433, 4.5197935, 2.5849626;
  2.1690183, 0.25765437, 0, 0, 0.29437232, 5.880075, 3.7077036, 4.1067533, 5.9013705, 2.5849626;
  2.0910263, 0.24984187, 0, 0, 0.73425829, 5.1508203, 3.0327251, 4.2619247, 5.1254678, 2.5849626;
  1.8961595, 0.18415065, 0, 0, 0.21310128, 5.1955204, 3.0815668, 3.3817811, 5.2033329, 2.5849626;
  0.70162803, 0.13955258, 0, 0, 0.64206189, 4.6325359, 4.1571312, 2.5218611, 4.6257572, 2.5849626;
  0.67489791, 0.10274463, 0, 0, 0.14736508, 4.134861, 3.1237719, 2.2024574, 4.134861, 2.5849626;
  1.4731089, 0.14736508, 0, 0, 0.48000082, 5.4294119, 4.2683539, 2.8236542, 5.4245481, 2.5849626;
  1.0622572, 0.25765437, 0, 0, 1.5114295, 5.22366, 3.3004158, 4.638104, 5.2158475, 2.5849626;
  0.91489154, 0, 0, 0, 0.11055713, 4.0912256, 2.7742982, 2.344403, 4.0912256, 2.5849626;
  0.47513708, 0, 0, 0, 0.21310128, 4.3381233, 3.4475763, 1.7667342, 4.3381233, 2.5849626;
  2.0629854, 0.17633815, 0, 0, 1.1835213, 5.8690486, 3.2065871, 4.6181817, 5.883945, 2.5849626;
  2.0776358, 0.073726915, 0, 0, 1.6248945, 6.0763311, 3.7312217, 4.9806676, 6.1228786, 2.5849626;
  2.0288546, 0.16852565, 0, 0, 1.2715455, 6.0259914, 4.0590272, 4.2922091, 6.0904584, 2.5849626;
  2.345861, 0.23126809, 0, 0, 0.57166505, 5.4379563, 3.8494091, 3.2817509, 5.4468532, 2.5849626;
  1.2486509, 0.39566582, 0, 0, 0.14736508, 5.187871, 2.3293657, 3.7597265, 5.187871, 2.5849626;
  1.0339235, 0.25765437, 0, 0, 0.14736508, 4.9395561, 3.2194498, 3.0838671, 4.9392037, 2.5849626;
  2.46718, 0.24984187, 0, 0, 0.32086498, 6.0656948, 3.6135459, 4.0593424, 6.0521374, 2.5849626;
  1.8377244, 0.036874507, 0, 0, 0.52631491, 5.4941349, 4.0539222, 2.5785277, 5.4833736, 2.5849626;
  1.2806087, 0.25765437, 0, 0, 1.9899011, 5.7807393, 3.1695633, 5.586062, 5.8260894, 2.5849626;
  1.8686488, 0.21310128, 0, 0, 0.79363614, 5.8016667, 3.3439672, 4.4719706, 5.798718, 2.5849626;
  2.3148556, 0.35992748, 0, 0, 0.073726915, 5.5821934, 4.0315185, 3.3050787, 5.5715828, 2.5849626;
  1.1178337, 0.22091378, 0, 0, 0.14736508, 4.6505122, 2.8014512, 3.3773198, 4.6505122, 2.5849626;
  2.5713205, 0.35992748, 0, 0, 0.16557688, 5.7725692, 3.6487515, 3.5935967, 5.776732, 2.5849626;
  0.64055175, 0, 0, 0, 0.94262719, 4.7315736, 4.0799527, 3.0120356, 4.7081361, 2.5849626;
  1.961568, 0.11055713, 0, 0, 0.33265305, 5.9686451, 4.0909944, 3.1272714, 5.9756775, 2.5849626;
  3.3796756, 0.43320349, 0, 0, 0.036874507, 5.4353871, 3.5852637, 3.4843912, 5.4275746, 2.5849626;
  0.55501246, 0.11055713, 0, 0, 0.38581568, 4.1384821, 3.5208964, 2.0074744, 4.1384821, 2.5849626;
  2.3144169, 0.24984187, 0, 0, 0.36532697, 5.5977888, 3.9756048, 3.8355675, 5.6000304, 2.5849626;
  1.5117272, 0, 0, 0, 1.3835524, 5.1072063, 3.1236916, 4.0213428, 5.1227522, 2.5849626;
  1.3139759, 0.23908059, 0, 0, 1.0358709, 5.7481871, 2.7254109, 4.8780637, 5.7369351, 2.5849626;
  0.47902009, 0.14736508, 0, 0, 0.49562582, 3.929966, 3.3204699, 2.8000977, 3.945591, 2.5849626;
  1.8059748, 0.24984187, 0, 0, 0.32238981, 5.3550987, 3.0789609, 4.3788271, 5.3585386, 2.5849626;
  1.8466393, 0.14736508, 0, 0, 0.70824325, 5.5996485, 4.4919124, 2.6528788, 5.6328135, 2.5849626;
  1.7942593, 0.14736508, 0, 0, 2.1389468, 5.5842466, 5.1560245, 3.6471918, 5.5667067, 2.5849626;
  1.5252846, 0.073726915, 0, 0, 1.1157986, 5.8108296, 3.5080764, 4.2821269, 5.8250308, 2.5849626;
  1.52835, 0.10274463, 0, 0, 0.56958628, 5.8364959, 4.5095773, 2.7589948, 5.8443084, 2.5849626;
  1.2181102, 0.25765437, 0, 0, 0.63911313, 5.6533055, 2.7491477, 4.5054936, 5.6689305, 2.5849626;
  2.86731, 0.22091378, 0, 0, 0.14736508, 5.7562695, 3.5929921, 4.1603556, 5.7553258, 2.5849626;
  2.1708808, 0.24984187, 0, 0, 0.80044287, 5.7043591, 2.8770823, 4.4892054, 5.7091951, 2.5849626;
  1.5955076, 0.11611508, 0, 0, 0.59432715, 5.2661557, 3.9760797, 3.3623793, 5.2505307, 2.5849626;
  1.6571428, 0.25765437, 0, 0, 1.5954244, 5.2979231, 2.3944302, 4.9813628, 5.3007283, 2.5849626;
  0.7284044, 0.13955258, 0, 0, 1.227026, 4.7526956, 4.3644943, 2.8626921, 4.7605081, 2.5849626;
  2.0360987, 0.24984187, 0, 0, 0.21310128, 5.390223, 4.0024981, 3.6915109, 5.4169993, 2.5849626;
  2.5564485, 0.17633815, 0, 0, 0.17633815, 5.7465506, 3.7948656, 3.622998, 5.7394552, 2.5849626;
  1.806476, 0.11055713, 0, 0, 0.11055713, 5.7821307, 4.2634315, 3.5793898, 5.7821307, 2.5849626;
  0.43504077, 0.11055713, 0, 0, 0.77062541, 4.8869796, 3.2941966, 3.3923419, 4.8687315, 2.5849626;
  2.0972402, 0.25765437, 0, 0, 0.32523063, 5.9008336, 3.6313322, 3.6195414, 5.9179835, 2.5849626;
  0.74877846, 0.23908059, 0, 0, 0.47454646, 4.7437687, 3.1545606, 3.2178676, 4.7554436, 2.5849626;
  1.5213248, 0.18415065, 0, 0, 0.62608784, 4.9684467, 3.5762076, 3.2487535, 4.9606342, 2.5849626;
  1.8295454, 0.22091378, 0, 0, 1.2149657, 5.9178276, 5.1806102, 2.9342272, 5.9325714, 2.5849626;
  2.0389695, 0.25765437, 0, 0, 1.5314305, 5.7720251, 3.8611715, 4.8668599, 5.8958278, 2.5849626;
  2.136837, 0.25765437, 0, 0, 0.36773998, 5.1470804, 4.0226831, 2.7120154, 5.1470804, 2.5849626;
  1.6873016, 0.11055713, 0, 0, 1.6952548, 5.8581285, 5.51791, 3.1868284, 5.9788184, 2.5849626;
  1.5913917, 0.036874507, 0, 0, 1.56945, 5.6736784, 5.0870342, 2.9814031, 5.7217975, 2.5849626;
  2.2961428, 0.17633815, 0, 0, 0, 5.9152174, 3.6922963, 3.6048882, 5.9226398, 2.5849626;
  0.69672036, 0.036874507, 0, 0, 0.40438947, 4.6143451, 3.9998116, 1.8506725, 4.6143451, 2.5849626;
  1.3176191, 0, 0, 0, 2.0287952, 5.1818218, 3.3420599, 4.1457133, 5.2438173, 2.5849626;
  2.1748981, 0.29437232, 0, 0, 0.14736508, 6.17735, 3.1601, 4.1199551, 6.2056513, 2.5849626;
  1.6758887, 0.13955258, 0, 0, 0.48430362, 5.4755559, 3.8390481, 3.0872676, 5.4911809, 2.5849626;
  1.4856201, 0.036874507, 0, 0, 0.31457731, 4.8641486, 3.6123993, 2.1738667, 4.8563361, 2.5849626;
  1.8937366, 0.23908059, 0, 0, 0.86638379, 5.8861685, 4.366714, 3.7731421, 5.9158936, 2.5849626;
  1.2622992, 0.17633815, 0, 0, 0.14736508, 4.6074419, 3.2533429, 3.0799747, 4.6074419, 2.5849626;
  0.94210285, 0.036874507, 0, 0, 0.14736508, 4.5958791, 2.7457619, 2.8587439, 4.5958791, 2.5849626;
  1.2073139, 0.091983356, 0, 0, 0.67036313, 4.934546, 4.4485288, 1.4355587, 4.9472222, 2.5849626;
  2.4015193, 0.18415065, 0, 0, 0.44754618, 5.7178898, 2.9846807, 4.2738333, 5.7090435, 2.5849626;
  0.72566533, 0, 0, 0, 0.17633815, 3.9366775, 2.3803947, 2.5528948, 3.9366775, 2.5849626;
  0.81374222, 0.21310128, 0, 0, 1.8815169, 5.4820166, 2.5495551, 5.6324611, 5.5328226, 2.5849626;
  1.7158154, 0.11055713, 0, 0, 0.10274463, 5.5454731, 3.5748549, 3.1789153, 5.5161381, 2.5849626;
  1.6740195, 0.25765437, 0, 0, 0.36927953, 5.5095463, 4.0811939, 3.3594348, 5.522285, 2.5849626;
  2.328485, 0.25765437, 0, 0, 0.036874507, 5.9365683, 3.5532613, 3.6959152, 5.9705133, 2.5849626;
  1.001231, 0.21310128, 0, 0, 0.43320349, 4.6329603, 3.3111737, 3.2448304, 4.6329603, 2.5849626;
  1.2209771, 0.24984187, 0, 0, 1.3559335, 5.1135168, 2.359293, 4.804709, 5.1272268, 2.5849626;
  0.83843577, 0.065914415, 0, 0, 0.22091378, 4.1746283, 1.6226271, 3.2586589, 4.1746283, 2.5849626;
  1.4178613, 0.24984187, 0, 0, 0.93078804, 5.3691173, 4.3979864, 2.9095855, 5.3475947, 2.5849626;
  1.3320019, 0.24984187, 0, 0, 1.0186712, 5.3232155, 4.0062227, 3.0935254, 5.3031168, 2.5849626;
  1.2089013, 0.20528878, 0, 0, 1.6513367, 4.4748421, 3.8544526, 2.93466, 4.4797058, 2.5849626;
  1.6345297, 0.23421687, 0, 0, 1.2354342, 4.9352608, 3.8341184, 2.8764958, 4.8999271, 2.5849626;
  0.80281746, 0.21310128, 0, 0, 0.22091378, 3.577687, 1.9856008, 2.3075886, 3.577687, 2.5849626;
  1.1711401, 0.25765437, 0, 0, 1.4614935, 4.7268004, 1.5260677, 4.8507929, 4.7052779, 2.5849626;
  1.8090254, 0.14736508, 0, 0, 0.28316385, 5.585813, 4.3599424, 2.6149733, 5.5630193, 2.5849626;
  1.5541433, 0.13955258, 0, 0, 1.5592263, 5.6300917, 3.1378584, 4.8542738, 5.6512241, 2.5849626;
  1.4147922, 0.10274463, 0, 0, 1.5273004, 5.5307732, 5.1593347, 2.905833, 5.5864944, 2.5849626;
  1.7764421, 0.32325506, 0, 0, 0, 5.6863966, 2.6969724, 4.0091848, 5.6815329, 2.5849626;
  1.828709, 0.11055713, 0, 0, 0, 5.1214204, 3.7444303, 2.6937382, 5.1214204, 2.5849626;
  1.8222187, 0.19452751, 0, 0, 0.5925501, 5.5237145, 4.2127519, 3.0009418, 5.5266633, 2.5849626;
  2.1687074, 0.24984187, 0, 0, 0.24202937, 5.9529409, 3.1409178, 3.8515725, 5.9626679, 2.5849626;
  1.2466612, 0.23908059, 0, 0, 2.0830219, 5.792428, 2.6528454, 5.5586228, 5.8705425, 2.5849626;
  0.77218294, 0, 0, 0, 0.14736508, 4.6380401, 3.1010911, 2.8040757, 4.6380401, 2.5849626;
  1.2648901, 0.21310128, 0, 0, 1.2594409, 5.0067873, 4.3654413, 2.6045346, 4.9634399, 2.5849626;
  3.2980597, 0.073726915, 0, 0, 0, 5.9799237, 3.5236835, 3.9665568, 5.9877362, 2.5849626;
  2.0764019, 0.14736508, 0, 0, 1.7138034, 5.8144617, 4.9194722, 3.8723187, 5.8955355, 2.5849626;
  1.1047648, 0.18415065, 0, 0, 3.1210992, 5.4560513, 2.7777202, 5.8716974, 5.531064, 2.5849626;
  1.7786069, 0.21310128, 0, 0, 1.0140208, 5.6923499, 4.2810225, 3.3328447, 5.7087197, 2.5849626;
  1.8797022, 0.13955258, 0, 0, 1.683391, 5.8267417, 3.4076042, 5.1704655, 5.884378, 2.5849626;
  1.5425403, 0.11055713, 0, 0, 1.3778223, 5.4663687, 3.8685226, 4.1023774, 5.4790449, 2.5849626;
  1.2607409, 0.10274463, 0, 0, 0.2700924, 5.0614028, 3.9802985, 2.4624, 5.0506415, 2.5849626;
  1.2318261, 0.18415065, 0, 0, 2.5655019, 5.7279134, 3.4866838, 5.5227895, 5.7835269, 2.5849626;
  2.3067131, 0.24984187, 0, 0, 0.4973762, 5.7486796, 4.3974752, 3.1653414, 5.7682872, 2.5849626;
  1.6582499, 0.13955258, 0, 0, 0.10274463, 5.1705971, 2.3366735, 3.5113115, 5.1676483, 2.5849626;
  2.0654325, 0.24984187, 0, 0, 1.9036041, 5.8615379, 3.2872584, 5.49262, 5.8902922, 2.5849626;
  2.264101, 0.29437232, 0, 0, 0.34341431, 5.8284974, 3.3866801, 4.1155548, 5.8006873, 2.5849626;
  1.2745049, 0.11055713, 0, 0, 2.407341, 5.1031876, 4.4735398, 3.9485216, 5.1782632, 2.5849626;
  1.2704626, 0.11055713, 0, 0, 1.9169471, 5.4285417, 5.083962, 2.7931378, 5.4578772, 2.5849626;
  1.2628745, 0.1388005, 0, 0, 1.5614991, 5.0054111, 4.4748311, 2.9255764, 5.0054111, 2.5849626;
  1.6283054, 0.18415065, 0, 0, 1.5337212, 5.8132925, 3.285754, 4.854733, 5.9143643, 2.5849626;
  2.6940041, 0.17633815, 0, 0, 0, 5.8884234, 2.9934299, 4.0579967, 5.8884234, 2.5849626;
  1.4128517, 0, 0, 0, 0.69263715, 5.2197375, 4.1151834, 2.8873763, 5.2197375, 2.5849626;
  1.9872268, 0.036874507, 0, 0, 1.707619, 5.8915801, 5.2211208, 3.0401268, 5.9348626, 2.5849626;
  2.0755205, 0.25765437, 0, 0, 0.56871629, 5.6949749, 4.0517979, 3.5842357, 5.6906023, 2.5849626;
  1.9607552, 0.14736508, 0, 0, 0.69577926, 6.1322155, 4.160305, 3.852531, 6.1357703, 2.5849626;
  2.4660728, 0.25765437, 0, 0, 0.11055713, 5.1655316, 3.7765093, 3.1692502, 5.1733441, 2.5849626;
  1.85181, 0.16557688, 0, 0, 0.28655982, 5.0069313, 3.3348744, 3.0522199, 5.0128722, 2.5849626;
  1.770237, 0.036874507, 0, 0, 0.56282496, 5.909605, 4.3837647, 3.0311196, 5.9156036, 2.5849626;
  4.290689, 0.39657697, 0, 0, 0, 5.6513324, 3.9227042, 2.88042, 5.6513324, 2.5849626;
  1.7433703, 0.25765437, 0, 0, 0.52731901, 5.1628332, 4.2284913, 2.8726008, 5.181407, 2.5849626;
  2.9587424, 0.24984187, 0, 0, 0, 6.0576558, 3.7896841, 3.6000621, 6.0557408, 2.5849626;
  3.3062484, 0.25765437, 0, 0, 0, 5.7822518, 3.3211572, 3.6445999, 5.7822518, 2.5849626;
  1.8304493, 0.17633815, 0, 0, 0.87614691, 5.5513229, 4.9064946, 2.4876392, 5.5981979, 2.5849626;
  1.8061775, 0.13955258, 0, 0, 0.79818225, 5.5563564, 4.2586923, 2.7748048, 5.5690327, 2.5849626;
  1.1897138, 0.21310128, 0, 0, 0.68099475, 4.9988818, 4.1891742, 2.5943432, 5.0276527, 2.5849626;
  1.7665445, 0.18415065, 0, 0, 1.2448325, 5.8640494, 4.1001225, 4.2697835, 5.8984394, 2.5849626;
  3.069288, 0.25765437, 0, 0, 0, 5.5351329, 3.4916775, 3.7278092, 5.5243716, 2.5849626;
  2.218812, 0.21310128, 0, 0, 0.13955258, 5.8127842, 3.5824955, 3.0653603, 5.8249693, 2.5849626;
  0.93550432, 0.11055713, 0, 0, 0.14736508, 4.9445143, 3.5555458, 2.8280139, 4.9552755, 2.5849626;
  1.5581603, 0.14736508, 0, 0, 0.13955258, 5.8480372, 4.0180311, 3.2542818, 5.8640523, 2.5849626;
  2.2087593, 0.24984187, 0, 0, 0.23421687, 5.6679335, 3.2800403, 3.7853401, 5.7011504, 2.5849626;
  1.7508786, 0.14736508, 0, 0, 0.18415065, 5.0808239, 3.3128769, 3.5209424, 5.0808239, 2.5849626;
  1.6596112, 0.14736508, 0, 0, 0.14736508, 5.3743043, 3.4273806, 3.3523846, 5.3743043, 2.5849626;
  1.7455708, 0.25765437, 0, 0, 0.76398349, 5.8635855, 3.6525977, 3.6205688, 5.8246241, 2.5849626;
  1.3065057, 0.036874507, 0, 0, 1.3086954, 5.5564551, 4.1948938, 3.3129165, 5.5678601, 2.5849626;
  2.9220099, 0.22640437, 0, 0, 0.036874507, 5.7595754, 3.5847454, 3.747927, 5.758214, 2.5849626;
  2.2545063, 0.16557688, 0, 0, 0.22050682, 5.8548751, 3.2046368, 3.8345816, 5.8295226, 2.5849626;
  1.6295874, 0.14736508, 0, 0, 0.11055713, 5.351656, 2.9985633, 3.7697022, 5.351656, 2.5849626;
  1.4778003, 0.28655982, 0, 0, 0.39657697, 5.4050112, 2.6304264, 4.2602673, 5.4050112, 2.5849626;
  2.451798, 0.073726915, 0, 0, 0.11055713, 5.5843024, 3.3255944, 2.9837048, 5.5594301, 2.5849626;
  1.9318682, 0.073726915, 0, 0, 0.61736232, 5.1370668, 3.4793456, 2.7376313, 5.1419306, 2.5849626;
  2.3801391, 0.24984187, 0, 0, 0, 5.9516578, 3.5742819, 3.8000367, 5.9301353, 2.5849626;
  0.97604799, 0.10274463, 0, 0, 0.72272861, 5.1079407, 4.45051, 2.3266881, 5.1157532, 2.5849626;
  1.7449499, 0.23908059, 0, 0, 1.3163322, 5.7264986, 4.6231136, 3.2213874, 5.6962824, 2.5849626;
  1.7865168, 0, 0, 0, 1.2391174, 4.9120874, 3.0106189, 3.5564075, 4.9721189, 2.5849626;
  1.8146088, 0.13174008, 0, 0, 1.3437634, 5.6808214, 3.5264056, 4.183403, 5.6993952, 2.5849626;
  2.3154814, 0.23126809, 0, 0, 0.71756345, 5.9271264, 4.2867327, 3.061734, 5.9271264, 2.5849626;
  1.5529352, 0.19452751, 0, 0, 0.68071729, 5.5467658, 4.4449019, 2.7253704, 5.5274119, 2.5849626;
  2.2825389, 0.20234001, 0, 0, 0.43017703, 5.8451285, 3.2078872, 3.9994209, 5.8430376, 2.5849626;
  2.0687149, 0.036874507, 0, 0, 0.13955258, 5.8836832, 3.8749056, 3.3114958, 5.8807344, 2.5849626;
  3.022366, 0.25765437, 0, 0, 0, 5.720993, 3.1955702, 3.6807399, 5.720993, 2.2516291;
  1.3163174, 0.065914415, 0, 0, 1.3815426, 5.1783013, 5.1211863, 2.0659347, 5.1831651, 2.5849626;
  1.6563721, 0.14736508, 0, 0, 1.4426142, 5.7044549, 5.1640997, 3.4029593, 5.7073026, 2.5849626;
  2.5164864, 0.17633815, 0, 0, 0, 5.8127141, 3.2944453, 3.6262822, 5.8116803, 2.5849626;
  1.4574789, 0, 0, 0, 0.46700731, 5.5996771, 3.952095, 2.895107, 5.6090145, 2.5849626;
  0.57166505, 0, 0, 0, 1.038612, 4.6073313, 4.3428869, 2.1305504, 4.6187472, 2.5849626;
  1.3346909, 0.18415065, 0, 0, 2.6812446, 5.622232, 4.9518499, 4.3066754, 5.7564163, 2.5849626;
  3.9130909, 0.073726915, 0, 0, 0, 5.9441981, 3.7568278, 3.2242329, 5.9441981, 2.5849626;
  2.3060293, 0.24202937, 0, 0, 0.78177679, 5.8935413, 4.3940787, 3.5123899, 5.8701038, 2.5849626;
  2.1416433, 0.16557688, 0, 0, 1.0626359, 5.795383, 4.6269336, 3.4126129, 5.7380004, 2.5849626;
  3.1409879, 0.25765437, 0, 0, 0.11055713, 5.8135376, 3.9627309, 3.3472772, 5.8276381, 2.5849626;
  1.2313049, 0.091983356, 0, 0, 0.47415638, 5.3653684, 4.3726635, 2.4194641, 5.3791795, 2.5849626;
  1.6964782, 0.22091378, 0, 0, 0.18415065, 5.5471835, 3.6285517, 3.4230337, 5.5471835, 2.5849626;
  0.77840871, 0.091983356, 0, 0, 0.6081751, 4.3592696, 4.0387549, 1.8063667, 4.3670821, 2.5849626;
  1.5805196, 0.036874507, 0, 0, 0.22091378, 5.2867045, 3.8834341, 2.1412151, 5.294517, 2.5849626;
  1.9895587, 0.13955258, 0, 0, 0.54527879, 5.8424993, 3.9271317, 3.1623471, 5.845448, 2.5849626;
  2.0065951, 0.10274463, 0, 0, 0, 5.6364217, 3.928231, 2.904747, 5.6364217, 2.5849626;
  3.346128, 0.29437232, 0, 0, 0, 5.844605, 3.7877505, 3.7765718, 5.8411026, 2.5849626;
  1.9246008, 0.24984187, 0, 0, 2.0270531, 5.7368746, 3.8634362, 4.7335844, 5.7914338, 2.5849626;
  0.94428337, 0, 0, 0, 0.10274463, 3.801204, 2.2920401, 1.7815248, 3.785579, 2.5849626;
  1.8043059, 0.073726915, 0, 0, 1.6143302, 5.2781558, 2.9479597, 4.4059749, 5.3282232, 2.5849626;
  2.6024127, 0.25765437, 0, 0, 0.70284712, 5.837028, 4.2058678, 3.4052119, 5.9122043, 2.5849626;
  1.2458724, 0.036874507, 0, 0, 1.6613579, 5.3214822, 5.1074328, 2.6242998, 5.3176522, 2.5849626;
  2.6426749, 0.35992748, 0, 0, 0, 5.8118272, 3.032357, 4.1140862, 5.8118272, 2.5849626;
  1.2151613, 0, 0, 0, 0.21310128, 5.2620358, 3.9570854, 2.222393, 5.2542233, 2.5849626;
  1.6349642, 0.25765437, 0, 0, 0.76982075, 5.7313232, 4.2013969, 3.1374624, 5.7346621, 2.5849626;
  2.0553474, 0.036874507, 0, 0, 0.065914415, 5.4973235, 3.3546028, 3.1531551, 5.4973235, 2.5849626;
  1.575369, 0.21310128, 0, 0, 1.491426, 5.3690381, 3.8669829, 3.6646769, 5.3817143, 2.5849626;
  1.9194456, 0, 0, 0, 0.30381602, 5.7523246, 3.9658396, 2.8742123, 5.7733045, 2.5849626;
  2.8236058, 0.24984187, 0, 0, 0.11055713, 5.9661231, 3.9671733, 3.2542899, 5.9661231, 2.5849626;
  2.1486065, 0.25765437, 0, 0, 0.35992748, 5.4645586, 3.6689079, 3.2630866, 5.4713049, 2.5849626;
  4.0764608, 0.35992748, 0, 0, 0, 5.3645377, 3.1518848, 3.3938482, 5.3645377, 2.2516291;
  0.95656127, 0.073726915, 0, 0, 1.7814606, 4.9826164, 5.0388231, 2.3272657, 5.0838242, 2.5849626;
  3.2927322, 0.27579856, 0, 0, 0.073726915, 5.7906556, 3.8256466, 3.562701, 5.8062806, 2.5849626;
  2.0721834, 0.13955258, 0, 0, 0.42293188, 5.8366222, 3.7027833, 3.6916721, 5.849525, 2.5849626;
  0.78604072, 0, 0, 0, 0.93289971, 4.5113077, 4.3167658, 1.7292945, 4.4800577, 2.5849626;
  2.4993324, 0.32325506, 0, 0, 0.036874507, 5.4063148, 3.9684904, 2.6010196, 5.3906898, 2.5849626;
  0.90839505, 0, 0, 0, 0.46980688, 3.4907613, 2.714916, 1.3770808, 3.4907613, 2.5849626;
  1.33685, 0.18415065, 0, 0, 0.95556593, 5.1790433, 4.5255575, 2.3631725, 5.1819921, 2.5849626;
  1.3172759, 0.036874507, 0, 0, 1.2744967, 4.2775841, 3.5306237, 2.2958736, 4.2775841, 2.5849626;
  2.2111533, 0.25765437, 0, 0, 0.25765437, 5.4733701, 3.9444091, 2.9596186, 5.4685063, 2.5849626;
  2.283227, 0, 0, 0, 0.3990047, 5.5022235, 3.4546008, 3.2172446, 5.5066972, 2.5849626;
  1.795745, 0.10274463, 0, 0, 0.29391998, 5.8430462, 4.1562252, 3.0471036, 5.8485646, 2.5849626;
  1.7172207, 0, 0, 0, 1.5255238, 5.6006632, 4.9168992, 2.4194372, 5.6162882, 2.5849626;
  2.5238256, 0.25765437, 0, 0, 0, 6.0430651, 3.7764821, 3.6713083, 6.0430651, 2.5849626;
  2.0599387, 0.17633815, 0, 0, 0.32325506, 5.8487263, 3.9248188, 3.1657937, 5.882925, 2.5849626;
  2.0802901, 0.21310128, 0, 0, 0.036874507, 5.7133384, 4.0668211, 3.3154161, 5.7211509, 2.5849626;
  2.8195212, 0.21230422, 0, 0, 0.58855015, 5.9928756, 4.2128663, 3.4907453, 6.0241256, 2.5849626;
  2.082763, 0.21310128, 0, 0, 0.62608784, 5.8002858, 3.4018126, 3.8653996, 5.8567872, 2.5849626;
  2.1493373, 0.073726915, 0, 0, 1.1220033, 5.8399253, 3.7233655, 4.0150681, 5.871809, 2.5849626;
  2.4799716, 0.24984187, 0, 0, 0.96228206, 6.00248, 4.3460865, 3.6909606, 6.0345101, 2.5849626;
  1.39545, 0.23126809, 0, 0, 2.2904019, 5.1737814, 5.1092196, 2.7583621, 5.2244158, 2.5849626;
  1.5586696, 0.091983356, 0, 0, 1.0298544, 5.6109929, 4.9119725, 2.6544173, 5.6120267, 2.5849626;
  2.2323151, 0, 0, 0, 0.073726915, 5.3698163, 3.5556505, 2.2749233, 5.3345838, 2.5849626;
  2.4770854, 0, 0, 0, 0.13955258, 5.8957133, 4.0892558, 2.6994891, 5.9075084, 2.5849626;
  2.2888265, 0.073726915, 0, 0, 0, 5.6935873, 3.4142058, 3.5719273, 5.6969261, 2.5849626;
  1.7469248, 0, 0, 0, 0.82959384, 5.5380669, 3.4965169, 3.4828703, 5.5570307, 2.5849626;
  3.6854243, 0.036874507, 0, 0, 0, 5.9781017, 3.6424258, 2.9842136, 5.9810505, 2.5849626;
  1.7263403, 0.14736508, 0, 0, 0.24984187, 5.4333987, 3.7333794, 3.1674836, 5.4255862, 2.5849626;
  0.88510078, 0.14736508, 0, 0, 0.11055713, 3.8200905, 2.8315487, 3.0372012, 3.8200905, 2.5849626;
  0.87391412, 0.14736508, 0, 0, 0.11055713, 4.1403203, 3.0453818, 3.0769045, 4.1403203, 2.5849626;
  1.1315438, 0.14736508, 0, 0, 0.11055713, 4.1092491, 2.9050887, 2.9723954, 4.1092491, 2.5849626;
  1.0434184, 0.14736508, 0, 0, 0.11055713, 4.0329256, 2.666194, 2.9893422, 4.0329256, 2.5849626;
  0.90367448, 0.14736508, 0, 0, 0.11055713, 4.1395526, 2.9958668, 2.9905164, 4.1395526, 2.5849626;
  0.87144762, 0.14736508, 0, 0, 0.11055713, 3.7261257, 2.7035971, 3.0075316, 3.7261257, 2.5849626;
  0.83413327, 0.14736508, 0, 0, 0.11055713, 4.2661409, 2.7033734, 3.4498346, 4.2661409, 2.5849626;
  0.998712, 0.14736508, 0, 0, 0.11055713, 3.8450663, 2.7495277, 3.1556752, 3.8450663, 2.5849626;
  1.0250982, 0.14736508, 0, 0, 0.11055713, 4.2406564, 2.9718196, 2.9503853, 4.2406564, 2.5849626;
  0.88970256, 0.14736508, 0, 0, 0.10274463, 4.5818276, 3.0967729, 2.9330146, 4.5818276, 2.5849626;
  0.79356515, 0.14736508, 0, 0, 0.11055713, 4.1296344, 2.9035594, 3.1851799, 4.1296344, 2.5849626;
  1.0566753, 0.14736508, 0, 0, 0.14736508, 4.2636561, 2.9525599, 3.0020893, 4.2636561, 2.5849626;
  0.83617961, 0.14736508, 0, 0, 0.11055713, 4.2498097, 3.082454, 3.1938639, 4.2498097, 2.5849626;
  0.74260551, 0.14736508, 0, 0, 0.11055713, 4.5374508, 3.2422628, 2.9851613, 4.5374508, 2.5849626;
  0.57063746, 0.14736508, 0, 0, 0.11055713, 4.3170667, 2.6968164, 3.2695677, 4.3170667, 2.5849626;
  0.80184621, 0.21310128, 0, 0, 0.11055713, 4.0272126, 2.7099216, 3.1849041, 4.0272126, 2.5849626;
  0.92224157, 0.14736508, 0, 0, 0.11055713, 4.1130466, 2.977098, 3.1282957, 4.1130466, 2.5849626;
  0.77315485, 0.14736508, 0, 0, 0.11055713, 4.2062736, 2.9353442, 3.1446264, 4.2062736, 2.5849626;
  0.84119606, 0.14736508, 0, 0, 0.14736508, 4.4090686, 3.1273298, 3.1279931, 4.4090686, 2.5849626;
  0.78707457, 0.14736508, 0, 0, 0.14736508, 3.9053237, 2.9180295, 3.0409219, 3.9053237, 2.5849626;
  0.74907362, 0.14736508, 0, 0, 0.11055713, 4.2521272, 3.0789361, 3.0825746, 4.2521272, 2.5849626;
  0.74517375, 0.14736508, 0, 0, 0.11055713, 3.9460535, 2.814647, 3.0629549, 3.9460535, 2.5849626;
  0.90673751, 0.14736508, 0, 0, 0.11055713, 4.2064447, 2.8533835, 3.1844192, 4.2064447, 2.5849626;
  0.77659464, 0.14736508, 0, 0, 0.11055713, 4.1462908, 2.8961351, 3.215703, 4.1462908, 2.5849626;
  1.0327201, 0.14736508, 0, 0, 0.29437232, 4.3374605, 2.9732726, 3.1273522, 4.3374605, 2.5849626;
  2.1114929, 0.19452751, 0, 0, 0.13955258, 5.8187919, 3.4393046, 3.55286, 5.7972693, 2.5849626;
  1.0151745, 0.22091378, 0, 0, 1.0480062, 5.1244831, 3.2908478, 4.3527732, 5.1190386, 2.5849626;
  0.70901853, 0.21310128, 0, 0, 0.6238001, 4.7876353, 3.2447371, 3.8785968, 4.7954478, 2.5849626;
  0.94964385, 0.14736508, 0, 0, 0.29437232, 4.7442675, 3.3855844, 3.1915812, 4.7442675, 2.5849626;
  2.1754394, 0.25765437, 0, 0, 0.35211498, 5.6279497, 3.4724407, 4.1319904, 5.6328135, 2.5849626;
  0.96142501, 0.14736508, 0, 0, 0.14736508, 4.7914219, 3.4789739, 3.1648245, 4.8021832, 2.5849626;
  0.85407984, 0.14736508, 0, 0, 0.35992748, 4.7444572, 3.3144565, 3.376843, 4.7444572, 2.5849626;
  2.3195789, 0.24984187, 0, 0, 0.57921284, 5.4582481, 3.4410751, 3.920001, 5.5071526, 2.5849626;
  0.84424573, 0.14736508, 0, 0, 0.11055713, 4.7403159, 3.527837, 2.9959071, 4.7403159, 2.5849626;
  2.5640142, 0.14736508, 0, 0, 0.036874507, 5.7507405, 3.7143254, 3.2814753, 5.7542429, 2.5849626;
  0.93354714, 0.21310128, 0, 0, 0.29437232, 4.9368963, 3.3355184, 3.5849614, 4.9368963, 2.5849626;
  0.89144003, 0.14736508, 0, 0, 0.46980688, 4.2334032, 3.0264313, 3.3916531, 4.2334032, 2.5849626;
  0.84385747, 0.21310128, 0, 0, 0.72537595, 4.4766164, 2.9504209, 3.9137797, 4.4766164, 2.5849626;
  0.68722212, 0.21310128, 0, 0, 0.64466161, 4.5462918, 3.0111871, 3.8893974, 4.5462918, 2.5849626;
  0.70365179, 0.21310128, 0, 0, 0.75397861, 4.3166528, 2.8781142, 3.828321, 4.3244653, 2.5849626;
  0.92332578, 0.22091378, 0, 0, 0.65247411, 4.7902126, 3.1904466, 3.9234726, 4.7824001, 2.5849626;
  0.97747338, 0.22091378, 0, 0, 0.78255725, 4.8989921, 3.1332901, 4.1391554, 4.9068046, 2.5849626;
  0.69033211, 0.21310128, 0, 0, 0.74321729, 4.5887671, 3.159169, 3.7134912, 4.5809546, 2.5849626;
  0.73451167, 0.14736508, 0, 0, 0.32325506, 4.3587475, 2.8937407, 3.3634458, 4.3587475, 2.5849626;
  0.95600772, 0.14736508, 0, 0, 0.43320349, 4.2914605, 2.9250576, 3.4752507, 4.2871504, 2.5849626;
  0.83669347, 0.14736508, 0, 0, 0.33106756, 4.3753524, 3.0218701, 3.5547936, 4.3753524, 2.5849626;
  0.95066369, 0.14736508, 0, 0, 0.36773998, 4.7615342, 3.2788568, 3.5443785, 4.750773, 2.5849626;
  0.81691766, 0.14736508, 0, 0, 0.11055713, 4.4348717, 3.1808879, 3.0282886, 4.4348717, 2.5849626;
  0.82862073, 0.14736508, 0, 0, 0.35992748, 4.7143245, 3.3588078, 3.3464987, 4.7143245, 2.5849626;
  1.6432045, 0.21310128, 0, 0, 0.26798606, 5.5850906, 3.715328, 3.6668639, 5.5950608, 2.5849626;
  0.91941369, 0.14736508, 0, 0, 0.42539099, 5.0314884, 3.4227474, 3.7695494, 5.0393009, 2.5849626;
  1.772294, 0.14736508, 0, 0, 0.35992748, 5.7253766, 3.788893, 3.3171554, 5.7331891, 2.5849626;
  1.0551825, 0.14736508, 0, 0, 0.29437232, 4.7402496, 3.2945373, 3.5528667, 4.7402496, 2.5849626;
  2.0775437, 0.21310128, 0, 0, 0.17633815, 5.58917, 3.9488828, 2.7673566, 5.5832725, 2.5849626;
  0.6881994, 0.20234001, 0, 0, 0.51419961, 4.3602314, 2.9277973, 3.6459336, 4.3602314, 2.5849626;
  1.4712323, 0.14736508, 0, 0, 0.62796175, 5.104702, 4.3332324, 2.5943456, 5.104702, 2.5849626;
  1.0735084, 0.22091378, 0, 0, 1.2162647, 4.7832499, 2.9479759, 4.5183845, 4.7724886, 2.5849626;
  1.5689403, 0.21310128, 0, 0, 0.72517431, 5.277658, 4.4447198, 2.6812634, 5.2727942, 2.5849626;
  0.82346964, 0.22091378, 0, 0, 0.71756345, 4.6959009, 2.9724245, 4.1622872, 4.6802759, 2.5849626;
  0.76576167, 0.22091378, 0, 0, 1.0493733, 4.864069, 3.1611383, 4.2292867, 4.8689327, 2.5849626;
  1.2211874, 0.14736508, 0, 0, 0.87717837, 4.9937449, 4.426631, 2.5616417, 5.0308924, 2.5849626;
  0.83923501, 0.22091378, 0, 0, 1.2708827, 4.9834394, 2.9226494, 4.4730797, 4.9713163, 2.5849626;
  0.81754857, 0.22091378, 0, 0, 1.3149374, 4.8841386, 2.9933445, 4.63024, 4.8767161, 2.5849626;
  0.84098607, 0.22091378, 0, 0, 1.0718338, 4.4271488, 2.724478, 4.3230538, 4.4115238, 2.5849626;
  0.89676464, 0.14736508, 0, 0, 0.80735838, 4.9437199, 4.2803411, 2.6196649, 4.9437199, 2.5849626;
  0.86116332, 0.22091378, 0, 0, 0.90721083, 4.843821, 3.0402141, 4.3532109, 4.8660502, 2.5849626;
  1.1773652, 0.11055713, 0, 0, 1.0327473, 4.8393593, 4.4689312, 2.5394437, 4.812973, 2.5849626;
  1.0187097, 0.14736508, 0, 0, 0.44101599, 4.7284279, 3.3152201, 3.4219899, 4.7206154, 2.5849626;
  1.0059949, 0.21310128, 0, 0, 0.65247411, 4.7358522, 3.1663654, 3.8070121, 4.7573233, 2.5849626;
  1.3502309, 0.14736508, 0, 0, 0.18415065, 5.4164815, 3.7819159, 3.1876445, 5.4192777, 2.5849626;
  1.6959207, 0.25765437, 0, 0, 0.36773998, 5.327837, 3.7873518, 3.5904644, 5.327837, 2.5849626;
  0.95658123, 0.14736508, 0, 0, 0.43855688, 4.6317396, 3.8611228, 2.5501697, 4.6395521, 2.5849626;
  1.7279993, 0.14736508, 0, 0, 1.0235667, 5.349648, 4.1830359, 3.3178682, 5.3856659, 2.5849626;
  1.6256768, 0.14736508, 0, 0, 0.96821767, 5.3362589, 3.9752843, 3.5050521, 5.3659434, 2.5849626;
  0.99621058, 0.22091378, 0, 0, 1.2858198, 5.1233854, 3.2021682, 4.6015105, 5.1360617, 2.5849626;
  2.4734082, 0.13955258, 0, 0, 0.11055713, 5.6822896, 3.7431269, 2.9681835, 5.6713648, 2.5849626;
  2.8133037, 0.29437232, 0, 0, 0.17633815, 5.8637071, 3.9313276, 3.7263768, 5.8605485, 2.5849626;
  2.1901312, 0.21310128, 0, 0, 0.71840483, 6.0841765, 3.7830868, 4.2596192, 6.0718789, 2.5849626;
  2.1989524, 0.18415065, 0, 0, 0.11055713, 5.390717, 3.2592957, 3.7237678, 5.390717, 2.5849626;
  2.1134748, 0.25765437, 0, 0, 0.073726915, 5.2950144, 3.6380637, 3.319422, 5.2950144, 2.5849626;
  2.1951609, 0.22091378, 0, 0, 0.20528878, 5.7018628, 3.7637939, 3.208792, 5.7359991, 2.5849626;
  2.5304165, 0.14736508, 0, 0, 0.073726915, 5.653482, 3.568728, 3.6780789, 5.6612945, 2.5849626;
  1.2448092, 0.11055713, 0, 0, 0.51950651, 4.8080502, 3.7703791, 2.4399786, 4.8158627, 2.5849626;
  1.2689831, 0.14736508, 0, 0, 0.57166505, 4.9591279, 3.9812229, 2.5066597, 4.9669404, 2.5849626;
  1.8208492, 0.14736508, 0, 0, 0.26798606, 5.5722771, 3.4356153, 3.1949499, 5.5849533, 2.5849626;
  1.5002259, 0.17633815, 0, 0, 0.45123309, 5.3171501, 4.173512, 2.5408595, 5.3376389, 2.5849626;
  1.1259125, 0.11055713, 0, 0, 0.77062541, 5.1208177, 4.2313247, 2.0861027, 5.1286302, 2.5849626;
  1.8619666, 0.21310128, 0, 0, 0.33648998, 5.4940691, 3.2684479, 3.8958449, 5.4712472, 2.5849626;
  0.90293944, 0.11055713, 0, 0, 0.50638711, 4.7443781, 4.098928, 1.9671328, 4.7492414, 2.5849626;
  1.3296744, 0.11055713, 0, 0, 0.47761938, 4.5164423, 3.9780555, 1.6614853, 4.5398798, 2.5849626;
  1.3328497, 0.20234001, 0, 0, 0.43320349, 5.0058956, 3.9998538, 2.6820157, 5.0029469, 2.5849626;
  1.2135208, 0.14736508, 0, 0, 0.50638711, 5.0251079, 3.9443545, 2.7227817, 5.0329204, 2.5849626;
  1.4032021, 0.14736508, 0, 0, 0.39657697, 4.9309411, 3.8794055, 2.6632011, 4.9309411, 2.5849626;
  1.265898, 0.17633815, 0, 0, 0.55604005, 5.005517, 3.9403222, 2.675596, 5.005517, 2.5849626;
  1.6309334, 0.20234001, 0, 0, 0.52437025, 5.0721416, 3.9569387, 2.7730844, 5.0643291, 2.5849626;
  1.1618162, 0.11055713, 0, 0, 0.66255063, 4.8395829, 3.9408164, 2.5507812, 4.8395829, 2.5849626;
  2.0903497, 0.25765437, 0, 0, 0.073726915, 5.7777152, 3.5895057, 3.8850343, 5.7833867, 2.5849626;
  2.1675944, 0.18415065, 0, 0, 0.073726915, 5.8429823, 3.4748774, 3.7966988, 5.8429823, 2.5849626;
  2.1653788, 0.24984187, 0, 0, 0.54272634, 5.8280087, 3.7253079, 4.0765591, 5.8530335, 2.5849626;
  0.43855688, 0.11055713, 0, 0, 0.14736508, 4.3389592, 3.1521308, 2.963516, 4.3389592, 2.5849626;
  1.0453023, 0.18415065, 0, 0, 1.0297985, 5.286212, 2.2891953, 4.4098535, 5.2944145, 2.5849626;
  2.4396102, 0.23908059, 0, 0, 0.68763667, 5.5467911, 3.6883767, 4.2014122, 5.5424705, 2.5849626;
  2.52601, 0.33106756, 0, 0, 0.073726915, 5.9766889, 3.5328918, 3.747818, 5.9766889, 2.5849626;
  1.0562088, 0.14736508, 0, 0, 0.39657697, 4.3708324, 3.3802018, 3.1177659, 4.3762498, 2.5849626;
  1.5481956, 0.25765437, 0, 0, 0.31249377, 5.149034, 2.9462197, 3.6566176, 5.1609302, 2.5849626;
  1.5505006, 0.25765437, 0, 0, 0.32325506, 5.526392, 3.0523033, 3.8513458, 5.5316458, 2.5849626;
  0.54233003, 0.14736508, 0, 0, 0.46199438, 3.8446481, 3.0297852, 2.4455733, 3.8602731, 2.5849626;
  1.1773621, 0.11055713, 0, 0, 0.22091378, 4.7676539, 3.7590938, 2.5494328, 4.7676539, 2.5849626;
  1.2864449, 0.11055713, 0, 0, 0.14736508, 4.9752336, 3.8499234, 2.6299641, 4.9752336, 2.5849626;
  1.3052206, 0.25765437, 0, 0, 2.3078194, 5.5540071, 2.4546509, 5.8405256, 5.6110263, 2.5849626;
  2.2736969, 0.25765437, 0, 0, 0.99523365, 5.8887272, 3.5293851, 4.456193, 5.8971834, 2.5849626;
  1.6786463, 0.25765437, 0, 0, 0.14736508, 5.4343305, 3.2788689, 3.5243351, 5.4343305, 2.5849626;
  1.095011, 0.18415065, 0, 0, 0.22091378, 4.6922889, 3.095962, 3.431798, 4.6922889, 2.5849626;
  1.9742118, 0.1287913, 0, 0, 0.92039067, 6.0037441, 4.8143301, 2.9276581, 5.9972763, 2.5849626;
  1.9305108, 0.25765437, 0, 0, 0.34916618, 5.4652104, 3.176002, 3.986717, 5.4785304, 2.5849626;
  1.6677961, 0.32325506, 0, 0, 0.47761938, 4.8729692, 3.6523242, 3.1988351, 4.8651567, 2.5849626;
  2.3950555, 0.25765437, 0, 0, 0.69412595, 5.4799066, 3.3776193, 4.1781726, 5.4877191, 2.5849626;
  1.8737637, 0.18415065, 0, 0, 0.22091378, 5.7654433, 3.4971898, 4.1499095, 5.8029809, 2.5849626;
  1.3015777, 0.25765437, 0, 0, 0.28655982, 5.383667, 3.1319444, 4.0012589, 5.383667, 2.5849626;
  2.552753, 0.17633815, 0, 0, 0, 6.0255175, 3.5832751, 3.6951122, 6.011807, 2.5849626;
  1.4925652, 0.14736508, 0, 0, 0.29391998, 4.863122, 3.3359246, 3.279279, 4.847497, 2.5849626;
  1.9776902, 0.21310128, 0, 0, 0.10274463, 6.0032196, 3.7139821, 3.6388903, 6.025342, 2.5849626;
  2.0543511, 0.10274463, 0, 0, 0.19452751, 5.5002871, 4.1421251, 2.5125709, 5.4768496, 2.5849626;
  2.0593042, 0.11055713, 0, 0, 0.13955258, 5.5922399, 3.7814403, 2.976804, 5.5844274, 2.5849626;
  2.4275818, 0.24984187, 0, 0, 0.40101922, 5.567245, 3.6969807, 3.82181, 5.585145, 2.5849626;
  1.7957859, 0.24984187, 0, 0, 0.77905715, 5.5014009, 3.7756324, 4.0432258, 5.5307927, 2.5849626;
  1.1271513, 0.10274463, 0, 0, 0.14736508, 4.7791328, 3.5076592, 3.0374749, 4.7869453, 2.5849626;
  0.65658826, 0.21310128, 0, 0, 0.25765437, 4.6755557, 3.0870485, 3.4439058, 4.6755557, 2.5849626;
  1.6655207, 0.19452751, 0, 0, 0.85280472, 5.7449679, 2.9862146, 4.3710337, 5.7612367, 2.5849626;
  1.9714631, 0.23908059, 0, 0, 0.76103467, 5.4611254, 3.4722118, 4.2491465, 5.4421616, 2.5849626;
  1.6481788, 0.25765437, 0, 0, 0.42445672, 5.5634618, 3.7200158, 4.1009364, 5.5839157, 2.5849626;
  1.6279712, 0.13955258, 0, 0, 1.6609056, 5.7943759, 3.449909, 4.6357484, 5.8102846, 2.5849626;
  1.9966416, 0.25765437, 0, 0, 0.44388708, 5.6571469, 3.80077, 3.6500089, 5.6840978, 2.5849626;
  2.0401599, 0.24984187, 0, 0, 1.2459055, 5.5825191, 3.7781398, 4.6530867, 5.6149673, 2.5849626;
  1.8956175, 0.1287913, 0, 0, 0.26312232, 5.8875704, 4.0339041, 3.2981422, 5.9022517, 2.5849626;
  2.1200774, 0.25765437, 0, 0, 0.14736508, 5.6572313, 3.2694306, 3.7470551, 5.6553164, 2.5849626;
  2.9754455, 0.25765437, 0, 0, 0, 5.9269114, 3.4391575, 3.9243817, 5.9269114, 2.5849626;
  2.2753181, 0.25765437, 0, 0, 0.20234001, 5.6841841, 3.4464061, 3.9015923, 5.6841841, 2.5849626;
  1.2378279, 0.23126809, 0, 0, 0.99258232, 5.2183175, 1.9067297, 4.654563, 5.2379251, 2.5849626;
  0.78425837, 0.14736508, 0, 0, 0.11055713, 4.2935681, 2.6817479, 3.1387584, 4.2935681, 2.5849626;
  2.1413083, 0.18415065, 0, 0, 0.18966378, 5.6583295, 3.2418463, 3.6555424, 5.6784282, 2.5849626;
  1.4251825, 0.24984187, 0, 0, 0.24984187, 5.2505693, 3.1758583, 3.3575983, 5.2505693, 2.5849626;
  1.8147298, 0.25765437, 0, 0, 0.11055713, 5.5427785, 3.328146, 3.6649506, 5.5427785, 2.5849626;
  1.1116397, 0.24984187, 0, 0, 0.14736508, 5.1537271, 2.7941008, 3.5374486, 5.1537271, 2.5849626;
  1.5638082, 0.24984187, 0, 0, 0.13955258, 5.1889825, 3.0171001, 3.640168, 5.1889825, 2.5849626;
  1.9024764, 0.42539099, 0, 0, 0.18415065, 5.525311, 3.1259742, 3.7903707, 5.525311, 2.5849626;
  1.5620615, 0.22091378, 0, 0, 0.29437232, 5.4535937, 3.3543274, 3.5824442, 5.4432225, 2.5849626;
  1.5467429, 0.35211498, 0, 0, 0.28655982, 5.2299495, 3.2213545, 3.402142, 5.2299495, 2.5849626;
  1.0069529, 0.25765437, 0, 0, 0.14736508, 4.8773422, 2.3746355, 3.7834017, 4.8851547, 2.5849626;
  0.70382828, 0.29437232, 0, 0, 0.11055713, 4.934957, 2.9508197, 3.5380931, 4.934957, 2.5849626;
  1.8445172, 0.35992748, 0, 0, 0.073726915, 5.613977, 3.1699755, 3.7329311, 5.613977, 2.5849626;
  2.0364056, 0.24984187, 0, 0, 0.18415065, 5.1843238, 2.730814, 3.8035235, 5.1843238, 2.5849626;
  1.0900663, 0.35992748, 0, 0, 0.073726915, 5.570868, 2.8570058, 3.9373784, 5.570868, 2.5849626;
  1.2109281, 0.18415065, 0, 0, 0.25765437, 5.2314076, 3.1967716, 3.5438714, 5.2392201, 2.5849626;
  1.6451944, 0.32325506, 0, 0, 0.14736508, 5.0006418, 3.3037362, 3.5712631, 4.9957781, 2.5849626;
  1.4419104, 0.24984187, 0, 0, 0.11055713, 4.9877934, 3.1711307, 3.2979379, 4.9877934, 2.5849626;
  1.1255673, 0.39566582, 0, 0, 0.11055713, 5.4914069, 3.0372133, 3.8595486, 5.4914069, 2.5849626;
  1.9058025, 0.28655982, 0, 0, 0.14736508, 5.4376259, 3.1924288, 3.4549491, 5.4376259, 2.5849626;
  1.4655578, 0.35992748, 0, 0, 0.14736508, 5.5370817, 2.9520493, 3.9010062, 5.5370817, 2.5849626;
  1.1811659, 0.29437232, 0, 0, 0.25765437, 5.2274609, 2.7155313, 3.7809901, 5.2274609, 2.5849626;
  1.9030476, 0.25765437, 0, 0, 0.18415065, 4.7941861, 2.8925674, 3.3846602, 4.7941861, 2.5849626;
  1.7885154, 0.14736508, 0, 0, 1.0507783, 5.8551164, 3.4759881, 4.5140491, 5.8766389, 2.5849626;
  1.5828506, 0.11055713, 0, 0, 0.6003626, 5.7729459, 3.5734363, 3.9816551, 5.7884073, 2.5849626;
  2.0012257, 0.18415065, 0, 0, 1.0664189, 6.0475488, 3.837292, 4.5907254, 6.087697, 2.5849626;
  2.2671735, 0.18415065, 0, 0, 1.0611111, 5.9803324, 3.5663629, 4.5204797, 6.0365448, 2.5849626;
  0.63794965, 0.11055713, 0, 0, 0.14736508, 4.3277049, 3.3037164, 2.5809796, 4.3277049, 2.5849626;
  0.83118123, 0.14736508, 0, 0, 0.14736508, 3.8081081, 2.931927, 2.7194548, 3.8081081, 2.5849626;
  2.3612881, 0.18415065, 0, 0, 0.54822755, 5.8698668, 4.0420408, 3.7608292, 5.8859725, 2.5849626;
  2.0995135, 0.24984187, 0, 0, 1.2398956, 5.6773152, 3.1253459, 4.6748514, 5.727139, 2.5849626;
  2.1729414, 0.10274463, 0, 0, 0.036874507, 5.8795528, 4.1405034, 2.9966347, 5.8825016, 2.5849626;
  2.0338197, 0.14736508, 0, 0, 0.58960134, 5.8451753, 4.2205834, 3.6039791, 5.8392773, 2.5849626;
  0.54822755, 0.14736508, 0, 0, 0.21310128, 4.0516038, 2.3311956, 2.9187243, 4.0516038, 1.7924813;
  1.8079776, 0.14736508, 0, 0, 1.2912763, 5.4132423, 3.3134365, 4.2908311, 5.4604607, 2.5849626;
  2.3002751, 0.18415065, 0, 0, 0.11055713, 6.0225301, 3.7016521, 3.4571574, 5.9959555, 2.5849626;
  0.76356208, 0.24984187, 0, 0, 0.11055713, 4.8848586, 2.759865, 3.2540672, 4.8848586, 2.5849626;
  2.5186501, 0.24984187, 0, 0, 0.18966378, 5.8162179, 3.5763843, 3.8701141, 5.8242564, 2.5849626;
  2.0509803, 0.24984187, 0, 0, 0.29437232, 5.1084194, 3.3112023, 3.7047999, 5.1026521, 2.5849626;
  2.2362955, 0.21310128, 0, 0, 1.1166171, 6.1714425, 3.7670357, 4.7213006, 6.2013311, 2.5849626;
  3.3883829, 0.32325506, 0, 0, 0.065914415, 5.294333, 3.569582, 3.4728832, 5.2917171, 2.5849626;
  0.96884739, 0.24984187, 0, 0, 0.17633815, 5.2095261, 3.2986953, 3.627089, 5.2348785, 2.5849626;
  1.9513541, 0.25765437, 0, 0, 0.17633815, 5.4112158, 3.3857813, 3.5882847, 5.3955059, 2.5849626;
  2.3200557, 0.25765437, 0, 0, 0.30381602, 5.8006759, 3.9867837, 3.4107485, 5.8085508, 2.5849626;
  1.1832554, 0.13955258, 0, 0, 0.37313947, 4.6382065, 3.4823287, 2.9745326, 4.6317945, 2.5849626;
  2.495105, 0.32325506, 0, 0, 0.2857174, 5.6591229, 3.0992389, 3.845701, 5.6903729, 2.5849626;
  1.6238917, 0.1287913, 0, 0, 2.2356095, 5.5376291, 3.8374033, 5.1605654, 5.671576, 2.5849626;
  1.8160309, 0.21310128, 0, 0, 0.35903931, 5.8680053, 3.9076779, 3.4817226, 5.8491888, 2.5849626;
  2.1460145, 0.25765437, 0, 0, 0.93270963, 5.8803287, 3.7125432, 4.3490772, 5.8500853, 2.5849626;
  1.962961, 0.23908059, 0, 0, 1.0927415, 5.7188764, 3.8223686, 4.0627403, 5.752758, 2.5849626;
  2.0869467, 0.14736508, 0, 0, 0.70667225, 5.5894814, 3.8888631, 3.43081, 5.6142697, 2.5849626;
  1.769181, 0, 0, 0, 0.71218294, 5.568265, 4.3283648, 2.5288782, 5.5849237, 2.5849626;
  1.9740658, 0.23908059, 0, 0, 0.14736508, 5.407671, 3.5330343, 3.7138715, 5.4100661, 2.5849626;
  1.8278449, 0.18415065, 0, 0, 0.21310128, 5.6018295, 2.7293782, 4.1516223, 5.595932, 2.5849626;
  0.45904559, 0.11055713, 0, 0, 0.46923953, 4.4843597, 3.6984425, 2.2440846, 4.4911385, 2.5849626;
  2.9378939, 0.32325506, 0, 0, 0.036874507, 5.7309513, 3.6775134, 3.5970128, 5.7309513, 2.5849626;
  1.2550696, 0.22091378, 0, 0, 1.3951232, 5.2146149, 3.053643, 4.6522574, 5.2249861, 2.5849626;
  1.2172235, 0.25765437, 0, 0, 0.44342059, 5.3632498, 3.0451555, 3.6964748, 5.3554373, 2.5849626;
  1.144033, 0.24984187, 0, 0, 0.17633815, 5.0915465, 3.0662045, 3.6514225, 5.0944953, 2.5849626;
  1.4014595, 0.24984187, 0, 0, 0.18415065, 4.0242934, 2.8415735, 3.1135623, 4.0242934, 2.5849626;
  1.1143277, 0.18415065, 0, 0, 0.14736508, 4.6259604, 2.8868992, 3.297823, 4.6259604, 2.5849626;
  1.4510903, 0.073726915, 0, 0, 0.70281953, 5.7397666, 3.2270463, 4.0719337, 5.7754903, 2.5849626]