[1.4749146, 0.21310128, 0, 0, 1.1868602, 5.8821869, 3.4002321, 4.8492684, 5.8476591, 2.5849626;
  1.1187407, 0.14736508, 0, 0, 2.2859149, 5.6808224, 3.1444759, 5.6049027, 5.7198849, 2.5849626;
  1.5425675, 0.11055713, 0, 0, 0.92044753, 5.6644459, 3.9244394, 3.5659156, 5.696209, 2.5849626;
  1.9808291, 0.14736508, 0, 0, 0.17633815, 5.8579021, 3.8475113, 3.5609658, 5.8930721, 2.5849626;
  1.8325638, 0.14736508, 0, 0, 0.17633815, 5.7525887, 3.8716092, 3.2469897, 5.7452564, 2.5849626;
  1.5133104, 0.23908059, 0, 0, 1.166441, 5.546701, 3.6077468, 4.3703742, 5.5320749, 2.5849626;
  1.7786289, 0.14736508, 0, 0, 1.5128423, 5.455286, 2.8248081, 4.7326341, 5.4594321, 2.5849626;
  1.8562399, 0.21310128, 0, 0, 0.036874507, 5.8305259, 3.9729402, 3.0853264, 5.8469744, 2.5849626;
  1.3255687, 0.21310128, 0, 0, 1.0733972, 5.6866693, 3.6986105, 4.0566845, 5.6804442, 2.5849626;
  0.89676464, 0.11055713, 0, 0, 1.13332, 5.4507618, 3.9657586, 3.5676427, 5.4935536, 2.5849626;
  1.4230199, 0.14736508, 0, 0, 1.2444013, 5.8720975, 3.8683004, 4.2813969, 5.8997769, 2.5849626;
  1.055642, 0.23908059, 0, 0, 2.096375, 5.2406087, 2.9590533, 5.2964258, 5.2904325, 2.5849626;
  1.4647288, 0.18415065, 0, 0, 1.2976822, 5.7757378, 3.4220767, 4.3183293, 5.8292112, 2.5849626;
  1.0577655, 0.21310128, 0, 0, 2.2888286, 5.5264621, 2.9308591, 5.5719738, 5.5481997, 2.5849626;
  1.6174742, 0.14736508, 0, 0, 0.29200506, 5.757688, 4.3407698, 2.9165111, 5.7361655, 2.5849626;
  1.3268784, 0.21310128, 0, 0, 1.2552577, 5.0591354, 3.2828453, 4.3452291, 5.0534096, 2.5849626;
  1.6929584, 0.14736508, 0, 0, 0.17633815, 5.9935579, 4.0240011, 3.2426043, 5.9836674, 2.5849626;
  1.843843, 0.14736508, 0, 0, 0.13955258, 5.6845536, 4.0903201, 3.0680327, 5.6912313, 2.5849626;
  1.3815544, 0.21310128, 0, 0, 1.6754581, 5.7705355, 3.5464339, 4.6392527, 5.9376736, 2.5849626;
  1.5779868, 0.21310128, 0, 0, 0.94478017, 5.7026734, 3.6291282, 4.2831702, 5.6948609, 2.5849626;
  1.8052831, 0.14736508, 0, 0, 0.22640437, 5.6974378, 3.603925, 4.003294, 5.7143908, 2.5849626;
  1.7819489, 0.14736508, 0, 0, 0.66452926, 5.6831889, 3.7804654, 4.0938568, 5.750339, 2.5849626;
  1.0982201, 0.14736508, 0, 0, 2.8099296, 5.8542233, 3.6285081, 5.4928689, 5.8889475, 2.5849626;
  1.1928272, 0.21310128, 0, 0, 0.79468215, 5.873682, 3.5343111, 4.5083771, 5.8677845, 2.5849626;
  1.1844611, 0.14736508, 0, 0, 2.6184158, 5.8706684, 3.649646, 5.4858022, 5.9770842, 2.5849626;
  1.6610802, 0.23908059, 0, 0, 1.0799259, 5.690351, 3.8186419, 4.0951552, 5.6854606, 2.5849626;
  1.7647167, 0.24984187, 0, 0, 0.83925062, 5.745995, 3.8028224, 4.1513996, 5.7501755, 2.5849626;
  1.4295883, 0.21310128, 0, 0, 0.99382967, 5.8049707, 3.6878548, 4.3519521, 5.8321371, 2.5849626;
  1.1924371, 0.14736508, 0, 0, 0.78355998, 5.7724957, 3.819422, 4.0685401, 5.7418895, 2.5849626;
  1.7261227, 0.24984187, 0, 0, 0.59374595, 5.8276548, 3.877073, 3.926945, 5.8643956, 2.5849626;
  0.89101982, 0.21310128, 0, 0, 1.8526813, 5.1727128, 3.3491249, 4.5575404, 5.2106113, 2.5849626;
  1.9025185, 0.23908059, 0, 0, 0.14736508, 5.785367, 3.7749104, 3.751483, 5.8039408, 2.5849626;
  1.0874588, 0.14736508, 0, 0, 0.76343215, 5.7231722, 3.6935668, 4.2118154, 5.7595396, 2.5849626;
  1.9158385, 0.18415065, 0, 0, 0.80035055, 5.4855819, 3.6429784, 4.0900879, 5.5842609, 2.5849626;
  1.6380519, 0.14736508, 0, 0, 0.35751447, 5.5352268, 4.127924, 3.0739377, 5.5518565, 2.5849626;
  1.3609419, 0.21310128, 0, 0, 1.070609, 5.6490321, 4.0219736, 3.9466925, 5.6779432, 2.5849626;
  0.98571819, 0.11055713, 0, 0, 1.0360862, 5.0764513, 4.2073975, 3.1054175, 5.0597925, 2.5849626;
  0.81030715, 0.14736508, 0, 0, 0.25765437, 4.9690175, 2.6632686, 3.5689321, 4.9664588, 2.5849626;
  1.6885716, 0.14736508, 0, 0, 1.3387985, 5.7693028, 3.3685689, 4.734705, 5.8340697, 2.5849626;
  1.9139383, 0.14736508, 0, 0, 1.2162647, 5.727303, 3.6298845, 4.2849159, 5.818038, 2.5849626;
  1.1696403, 0.11055713, 0, 0, 0.73054111, 5.5811367, 3.6146195, 3.7889299, 5.5714827, 2.5849626;
  1.9702313, 0.23908059, 0, 0, 0.036874507, 5.7084684, 3.2760162, 3.9384537, 5.6977072, 2.5849626;
  0.87089223, 0.14736508, 0, 0, 2.1149385, 5.7102046, 3.1468456, 5.5930252, 5.7569156, 2.5849626;
  1.7114688, 0.18415065, 0, 0, 0.79818225, 5.5697861, 3.005415, 4.3970065, 5.5639224, 2.5849626;
  2.1513257, 0.18415065, 0, 0, 1.1570399, 5.8747234, 3.7175627, 4.3601327, 5.8541331, 2.5849626;
  1.4952701, 0.14736508, 0, 0, 0.80461448, 5.619853, 3.7774987, 3.9609179, 5.6358733, 2.5849626;
  1.4638889, 0.14736508, 0, 0, 0.6081751, 5.2708988, 3.842535, 3.2302935, 5.2913876, 2.5849626;
  1.5286652, 0.11055713, 0, 0, 0.43320349, 5.7548919, 3.9401705, 3.5549026, 5.7443585, 2.5849626;
  0.83669347, 0.21310128, 0, 0, 1.1685644, 4.7031932, 3.1151712, 3.9222565, 4.7196259, 2.5849626;
  1.6727837, 0.18415065, 0, 0, 0.5769251, 5.5932045, 3.4453626, 4.0027575, 5.6114264, 2.5849626;
  1.7747216, 0.23908059, 0, 0, 1.0639709, 5.6085052, 3.8378193, 4.2048345, 5.6515293, 2.5849626;
  1.5322453, 0.22091378, 0, 0, 1.0584587, 5.686851, 3.5636952, 4.4166441, 5.7077188, 2.5849626;
  1.3464048, 0.21310128, 0, 0, 0.40438947, 5.1254053, 3.2853363, 3.7820649, 5.1071086, 2.5849626;
  1.2411575, 0.21310128, 0, 0, 1.0576087, 5.7420802, 3.3745234, 4.2896271, 5.7361827, 2.5849626;
  1.4846532, 0.14736508, 0, 0, 0.073726915, 5.6029763, 3.2389033, 3.6272326, 5.60392, 2.5849626;
  1.2771761, 0.18415065, 0, 0, 1.7148522, 5.646862, 3.0287657, 5.1829705, 5.6701632, 2.5849626;
  1.0484282, 0.24984187, 0, 0, 0.81131816, 5.7538505, 4.1101065, 3.9907882, 5.754879, 2.5849626;
  1.7441913, 0.18415065, 0, 0, 0.10274463, 5.3617039, 3.7848942, 3.2229328, 5.3410807, 2.5849626;
  1.3083136, 0.14736508, 0, 0, 0.75617099, 5.6910696, 3.957494, 3.9970446, 5.7423549, 2.5849626;
  1.0484282, 0.14736508, 0, 0, 1.6520507, 5.2315855, 2.9452956, 4.922883, 5.2814093, 2.5849626;
  1.4603866, 0.14736508, 0, 0, 1.0542939, 5.8150935, 3.2678108, 4.6469417, 5.8441396, 2.5849626;
  1.2189864, 0.14736508, 0, 0, 1.3449093, 5.5290608, 3.5925581, 4.4323001, 5.6012421, 2.5849626;
  1.5831102, 0.14736508, 0, 0, 0.11055713, 5.6685138, 3.7123482, 3.6604085, 5.6601644, 2.5849626;
  1.5322453, 0.18415065, 0, 0, 0.66841942, 5.7419634, 3.8357329, 4.10149, 5.7439647, 2.5849626;
  1.1295019, 0.18415065, 0, 0, 1.1293687, 5.9217477, 3.7690749, 4.5345201, 5.899303, 2.5849626;
  1.4663904, 0.18415065, 0, 0, 1.3194568, 5.6415105, 2.7668099, 4.9318867, 5.7455311, 2.5849626;
  1.2929238, 0.23908059, 0, 0, 1.3116443, 5.2492609, 2.7203572, 4.7694039, 5.2682252, 2.5849626;
  1.3760321, 0.14736508, 0, 0, 0.82489359, 5.8118339, 3.9428656, 3.6851592, 5.8036313, 2.5849626;
  1.1846402, 0.14736508, 0, 0, 1.0826269, 5.8409152, 3.3488376, 4.4446878, 5.8966475, 2.5849626;
  1.3827248, 0.21310128, 0, 0, 1.1816758, 5.784214, 3.2459607, 4.5710793, 5.8354616, 2.5849626;
  0.75617099, 0.11055713, 0, 0, 0.68893689, 4.4559889, 2.8417962, 3.4215729, 4.4634695, 2.5849626;
  0.82673681, 0.21310128, 0, 0, 1.0288028, 4.8308043, 3.2034473, 3.4856544, 4.8568006, 2.5849626;
  1.3109735, 0.18415065, 0, 0, 1.1987687, 5.6965623, 3.1222289, 4.6831136, 5.7653499, 2.5849626;
  1.5264733, 0.14736508, 0, 0, 1.2564363, 5.6999736, 3.9273217, 4.1276546, 5.8215728, 2.5849626;
  0.91286993, 0.036874507, 0, 0, 0.72537595, 4.4509854, 2.9054749, 3.1415331, 4.4988942, 2.5849626;
  1.9446753, 0.24984187, 0, 0, 0.11055713, 5.6661143, 3.2602904, 3.7655306, 5.6688204, 2.5849626;
  1.9943104, 0.18415065, 0, 0, 0.33354118, 5.679141, 3.9502523, 3.2242246, 5.6816998, 2.5849626;
  1.68532, 0.14736508, 0, 0, 0.63616437, 5.6037054, 3.6371896, 3.9601808, 5.5958295, 2.5849626;
  1.8455393, 0.21310128, 0, 0, 0.38876447, 5.6247873, 3.6890345, 3.8019123, 5.6247873, 2.5849626;
  1.554889, 0.24984187, 0, 0, 0.35992748, 5.8145299, 3.3889687, 3.9835629, 5.8429947, 2.5849626;
  1.8430715, 0.14736508, 0, 0, 0.22640437, 5.772469, 4.0386395, 3.1358049, 5.7665524, 2.5849626;
  1.4515241, 0.21310128, 0, 0, 0.74211448, 5.799202, 3.8314159, 4.172864, 5.8079581, 2.5849626;
  1.8760736, 0.14736508, 0, 0, 0.78583437, 5.6695046, 3.6277506, 4.1612639, 5.7248988, 2.5849626;
  2.0997763, 0.25765437, 0, 0, 0.56550276, 5.9854617, 3.6103055, 4.0962243, 5.996223, 2.5849626;
  1.378718, 0.21310128, 0, 0, 1.0711975, 5.5084043, 2.9639077, 4.8156772, 5.5112, 2.5849626;
  1.3008829, 0.14736508, 0, 0, 0.68501794, 5.5703726, 3.6425619, 4.0497255, 5.5616164, 2.5849626;
  2.0861723, 0.21310128, 0, 0, 0.32897192, 5.9610853, 3.6189442, 4.2052798, 5.9508204, 2.5849626;
  1.468573, 0.18415065, 0, 0, 1.5516709, 5.6328211, 4.2015233, 4.4617386, 5.6683979, 2.5849626;
  1.249706, 0.21310128, 0, 0, 1.1079861, 5.7434826, 4.0094099, 4.0838718, 5.7953744, 2.5849626;
  1.2887685, 0.14736508, 0, 0, 2.503653, 5.7042441, 3.5071959, 5.4414725, 5.8865638, 2.5849626;
  1.6670772, 0.22091378, 0, 0, 1.3346474, 5.6481895, 3.4418759, 4.6886373, 5.7186661, 2.5849626;
  1.7192794, 0.14736508, 0, 0, 0.21230422, 5.9030271, 3.756145, 3.3337102, 5.9123645, 2.5849626;
  1.6850437, 0.21310128, 0, 0, 0.61373168, 5.8226538, 3.727021, 4.2564569, 5.8470349, 2.5849626;
  1.7952259, 0.18415065, 0, 0, 0.49195269, 5.7852902, 3.5947866, 4.1112967, 5.7798729, 2.5849626;
  1.9123651, 0.22091378, 0, 0, 0.89368123, 5.8706689, 3.4877007, 4.4419408, 5.8706689, 2.5849626;
  1.5783265, 0.14736508, 0, 0, 0.84816766, 5.9272227, 3.921886, 3.8183603, 5.9405212, 2.5849626;
  1.9103769, 0.21310128, 0, 0, 0.99365193, 5.5653868, 3.5414801, 4.0552168, 5.6523008, 2.5849626;
  2.196517, 0.21310128, 0, 0, 0.83669347, 5.6581883, 3.3168814, 4.2292519, 5.6859756, 2.5849626;
  2.0159431, 0.24984187, 0, 0, 1.0467956, 5.6713963, 3.8993003, 4.2648945, 5.7345123, 2.5849626;
  1.007362, 0.11055713, 0, 0, 0.18415065, 4.796618, 3.4787285, 2.8948131, 4.796618, 2.5849626;
  1.5176681, 0.21310128, 0, 0, 0.32325506, 5.5657444, 3.650687, 3.7694743, 5.5563059, 2.5849626;
  1.6737657, 0.24984187, 0, 0, 1.597255, 5.7752924, 3.3374927, 4.5692873, 5.8074527, 2.5849626;
  2.4251456, 0.21310128, 0, 0, 0.29934242, 6.0214963, 4.2652102, 3.2777045, 6.0399799, 2.5849626;
  0.92829859, 0.25765437, 0, 0, 1.197691, 5.4481416, 3.2649791, 4.3790126, 5.4439788, 2.5849626;
  1.4635092, 0.11055713, 0, 0, 0.11055713, 5.194838, 3.2154758, 3.4154346, 5.194838, 2.5849626;
  0.99845833, 0.11055713, 0, 0, 0.58729005, 5.1598969, 2.9047935, 3.8760312, 5.1598969, 2.5849626;
  1.1341257, 0.11055713, 0, 0, 0.14736508, 5.0948749, 3.2208936, 3.2357855, 5.0948749, 2.5849626;
  1.7337683, 0, 0, 0, 1.1136683, 4.2066569, 4.1939807, 1.3147138, 4.2334332, 2.5849626;
  2.4240258, 0.25765437, 0, 0, 0, 5.7717681, 3.1168935, 3.5609343, 5.786902, 2.5849626;
  3.8652968, 0.11055713, 0, 0, 0, 5.7224007, 3.5558538, 3.3161967, 5.7224007, 2.5849626;
  2.6719458, 0.23421687, 0, 0, 0.24202937, 5.5471268, 3.4071853, 3.4238284, 5.5567174, 2.5849626;
  2.3360848, 0.24984187, 0, 0, 1.3225415, 5.9676485, 3.335839, 4.9285803, 5.9920573, 2.5849626;
  0.81579751, 0.21310128, 0, 0, 0.23908059, 4.8494806, 3.3397124, 3.376389, 4.8651056, 2.5849626;
  1.5572376, 0.10274463, 0, 0, 1.3004344, 5.907948, 5.3650327, 2.7353916, 5.9206243, 2.5849626;
  1.1473125, 0, 0, 0, 0.64916587, 5.1790872, 4.396359, 1.8214308, 5.1868997, 2.5849626;
  2.260457, 0.24984187, 0, 0, 0.76622736, 6.0242186, 3.4196892, 4.6498885, 6.0165424, 2.5849626;
  1.8165233, 0.036874507, 0, 0, 0.7147153, 5.7301798, 4.2417274, 3.1062937, 5.7572322, 2.5849626;
  1.4407158, 0.14736508, 0, 0, 0.46884945, 5.3232665, 4.0840983, 2.7505062, 5.3294749, 2.5849626;
  2.1743751, 0.24984187, 0, 0, 1.5647717, 5.7225962, 3.6827471, 4.6447673, 5.7367544, 2.5849626;
  2.9090459, 0.29437232, 0, 0, 0.99140716, 5.5536275, 3.9196191, 3.9806385, 5.6424179, 2.5849626;
  1.9063786, 0.14736508, 0, 0, 0.11055713, 5.7528915, 3.0043814, 3.7697439, 5.7421303, 2.5849626;
  3.0591791, 0.27874732, 0, 0, 0.54043686, 5.6427193, 3.8257256, 4.0161505, 5.6212029, 2.5849626;
  1.5461818, 0.23908059, 0, 0, 1.7350332, 5.4428577, 3.3841934, 4.4232774, 5.5057478, 2.5849626;
  2.9868941, 0.25765437, 0, 0, 0.1287913, 5.9035501, 4.0837903, 3.4034796, 5.88592, 2.5849626;
  1.1467464, 0.17633815, 0, 0, 0.14736508, 4.8504176, 3.5917423, 3.1210482, 4.8377414, 2.5849626;
  1.4173415, 0.14736508, 0, 0, 0.18415065, 5.2335773, 3.7129018, 3.0018423, 5.220901, 2.5849626;
  1.6468676, 0.21310128, 0, 0, 1.3380306, 5.6444058, 3.5000501, 4.5359101, 5.7266774, 2.5849626;
  3.2518804, 0.25765437, 0, 0, 0.036874507, 5.6363878, 3.3759027, 3.711947, 5.6374221, 2.5849626;
  2.1235394, 0.18415065, 0, 0, 0.48294958, 5.4827914, 4.0688281, 3.4490836, 5.4671664, 2.5849626;
  2.1334996, 0.20234001, 0, 0, 1.5492939, 5.6547689, 5.0952721, 3.194958, 5.7434244, 2.5849626;
  2.8377419, 0.23908059, 0, 0, 0.28655982, 5.4160619, 3.6076896, 3.5697916, 5.4160619, 2.5849626;
  1.464655, 0.24984187, 0, 0, 0.80035055, 5.3650832, 2.9065986, 3.9615922, 5.3851819, 2.5849626;
  1.3703912, 0.073726915, 0, 0, 1.1928272, 5.6093526, 3.2565393, 4.3799062, 5.6239438, 2.5849626;
  1.3834808, 0, 0, 0, 0.28316385, 4.2749801, 3.5088441, 1.2475569, 4.2214274, 2.5849626;
  2.3760266, 0.24984187, 0, 0, 0.44541195, 6.0484085, 3.8424571, 3.87992, 6.0345349, 2.5849626;
  1.7501483, 0.036874507, 0, 0, 0.78942686, 5.3620615, 3.3764739, 3.6766834, 5.354249, 2.5849626;
  1.3555149, 0.14736508, 0, 0, 1.9798398, 5.6861496, 4.4685292, 4.7597198, 5.7152305, 2.5849626;
  0.98544931, 0, 0, 0, 0.11055713, 4.6539841, 3.9038312, 2.1023669, 4.6539841, 2.5849626;
  1.3542846, 0.11055713, 0, 0, 0.14736508, 5.3315449, 3.7034659, 2.938457, 5.3364086, 2.5849626;
  0.5520637, 0, 0, 0, 0.46980688, 4.9682503, 3.937571, 2.5380421, 4.9682503, 2.5849626;
  1.9077713, 0.18415065, 0, 0, 0.86745095, 5.2680154, 3.2170379, 3.8674901, 5.2767715, 2.5849626;
  0.95267451, 0.20234001, 0, 0, 0.22091378, 5.2441087, 3.7871504, 2.9824402, 5.2470574, 2.5849626;
  1.3032063, 0.24984187, 0, 0, 0.80406094, 5.1188831, 2.8767939, 3.9947131, 5.125752, 2.5849626;
  1.5470411, 0.14736508, 0, 0, 1.9764568, 5.9964328, 4.8123899, 4.5253258, 6.0190277, 2.5849626;
  1.674875, 0.073726915, 0, 0, 0.37313947, 5.8330612, 4.3938966, 2.837476, 5.8174362, 2.5849626;
  2.5579422, 0.24984187, 0, 0, 0.6081751, 5.8113737, 4.0033088, 3.5754046, 5.8420534, 2.5849626;
  2.2626722, 0.24984187, 0, 0, 0.21230422, 5.8743467, 3.9776652, 3.8582227, 5.8777037, 2.5849626;
  2.4853296, 0.25765437, 0, 0, 0.41664422, 5.5309715, 3.8515065, 3.5157089, 5.540525, 2.5849626;
  1.7420602, 0.24984187, 0, 0, 1.0513451, 5.3266697, 3.4329851, 4.4695396, 5.3698845, 2.5849626;
  1.7031788, 0, 0, 0, 1.4129548, 5.3610787, 3.3724389, 3.9826677, 5.4309168, 2.5849626;
  1.3160434, 0.20234001, 0, 0, 0.14736508, 5.0583692, 3.2760837, 3.133414, 5.0583692, 2.5849626;
  2.1847186, 0.23908059, 0, 0, 0.42539099, 5.4461026, 3.7799556, 3.7209978, 5.4503851, 2.5849626;
  2.9832997, 0.14736508, 0, 0, 0, 6.018621, 3.7744198, 3.5777569, 6.018621, 2.5849626;
  3.1543441, 0.11055713, 0, 0, 0.073726915, 5.7333307, 3.4607768, 3.5749218, 5.7487297, 2.5849626;
  2.4617801, 0.18415065, 0, 0, 0.81892908, 6.1023979, 4.1897631, 3.9448843, 6.1148472, 2.5849626;
  1.7601161, 0.25765437, 0, 0, 1.0970095, 5.7592087, 3.5326035, 4.7238154, 5.7691588, 2.5849626;
  1.374132, 0.21310128, 0, 0, 0.86519957, 5.396934, 4.5017757, 2.8153551, 5.412559, 2.5849626;
  2.3814807, 0.18415065, 0, 0, 0.32523063, 5.8685331, 3.556999, 4.1156921, 5.8952684, 2.5849626;
  1.1054658, 0.21310128, 0, 0, 0.31457731, 4.6089406, 2.8822339, 2.4993024, 4.6012135, 2.5849626;
  1.9436103, 0.24984187, 0, 0, 0.33106756, 5.475934, 2.7886531, 4.0771637, 5.4729853, 2.5849626;
  1.7405353, 0, 0, 0, 0.96326667, 5.5327992, 3.2460454, 3.8325036, 5.535358, 2.5849626;
  2.9911284, 0.25765437, 0, 0, 1.0482196, 5.6724801, 4.4220853, 3.5382082, 5.7302566, 2.5849626;
  2.7901983, 0.25765437, 0, 0, 0.036874507, 5.8187466, 3.3912728, 3.8874171, 5.8080592, 2.5849626;
  1.880895, 0, 0, 0, 0.39657697, 5.422122, 3.9796424, 2.4459178, 5.406497, 2.5849626;
  0.95364434, 0, 0, 0, 0.5847376, 4.7543178, 3.8468106, 2.2002046, 4.776947, 2.5849626;
  1.6604586, 0.21310128, 0, 0, 0.97564006, 5.913239, 3.7410736, 4.3134727, 5.9141369, 2.5849626;
  1.8715039, 0.25765437, 0, 0, 1.3026074, 5.6986437, 3.4251652, 4.9628439, 5.722918, 2.5849626;
  1.7829796, 0.24984187, 0, 0, 1.4337956, 5.6509409, 3.610317, 4.5474272, 5.6758022, 2.5849626;
  1.7861338, 0.24984187, 0, 0, 0.75347555, 4.8583469, 2.9114187, 4.103178, 4.8710232, 2.5849626;
  1.9620731, 0.24984187, 0, 0, 0.30676481, 5.9581189, 3.7623541, 3.7435555, 5.9346814, 2.5849626;
  1.4529414, 0.24984187, 0, 0, 0.13955258, 4.6897326, 3.0278866, 3.2528162, 4.6897326, 2.5849626;
  1.5198189, 0.11055713, 0, 0, 0.59741384, 5.3383551, 3.6994181, 3.1744719, 5.420383, 2.5849626;
  2.9767222, 0.18415065, 0, 0, 0, 5.9702835, 3.6394768, 3.6211183, 5.9726787, 2.5849626;
  0.33106756, 0.14736508, 0, 0, 0.49076208, 4.5264559, 3.0236766, 3.1214197, 4.5439959, 2.5849626;
  2.6270156, 0.24984187, 0, 0, 0.32778931, 5.8721266, 3.6895185, 3.8583205, 5.8706012, 2.5849626;
  1.4194821, 0.14736508, 0, 0, 0.18415065, 5.2967935, 3.4329457, 3.2378125, 5.2967935, 2.5849626;
  2.0047917, 0.24984187, 0, 0, 0.45853138, 5.9018841, 3.7714393, 3.9861338, 5.940783, 2.5849626;
  2.5522909, 0.25765437, 0, 0, 0.4604463, 5.2198653, 3.3305094, 4.0840106, 5.2516432, 2.5849626;
  1.7275109, 0, 0, 0, 0.79740179, 4.900023, 4.0817037, 2.6747293, 4.9128995, 2.5849626;
  1.7683533, 0.23908059, 0, 0, 0.14736508, 4.8698716, 3.0991876, 3.1112385, 4.8698716, 2.5849626;
  3.0401156, 0.25765437, 0, 0, 0.31544256, 5.9029222, 3.5111709, 3.6039748, 5.8983479, 2.5849626;
  1.9184111, 0, 0, 0, 0.19452751, 5.0642433, 3.1996667, 2.5438058, 5.0775738, 2.5849626;
  3.0686665, 0.25765437, 0, 0, 0.28655982, 5.8858876, 3.7389674, 3.7194784, 5.9145164, 2.5849626;
  2.255662, 0.073726915, 0, 0, 0.51339132, 5.6455684, 3.4653602, 3.8326702, 5.6931391, 2.5849626;
  0.82593215, 0, 0, 0, 0.32325506, 4.4225435, 4.3761406, 1.1592457, 4.4398627, 2.5849626;
  1.5871278, 0.17633815, 0, 0, 0.24984187, 5.2024255, 3.5038855, 3.449759, 5.1994767, 2.5849626;
  1.3605343, 0, 0, 0, 1.3834749, 5.6218076, 3.2846563, 4.3371792, 5.6196432, 2.5849626;
  0.95570523, 0.24984187, 0, 0, 0.17633815, 5.3403773, 3.386059, 4.2320008, 5.3325648, 2.5849626;
  1.9384725, 0.036874507, 0, 0, 0.18415065, 5.3186831, 3.633209, 3.0172889, 5.3186831, 2.5849626;
  1.0329107, 0.14736508, 0, 0, 0.25765437, 5.3895607, 3.7395494, 3.4952209, 5.3698297, 2.5849626;
  1.9679745, 0.21310128, 0, 0, 0.43320349, 5.2727118, 3.7251492, 3.4384904, 5.2566967, 2.5849626;
  1.5236089, 0.14736508, 0, 0, 0.14736508, 5.4284992, 3.49793, 3.1012056, 5.4386787, 2.5849626;
  2.2003908, 0.24984187, 0, 0, 0.48781332, 5.7814455, 3.9855707, 3.4543014, 5.8180227, 2.5849626;
  2.2811668, 0.24984187, 0, 0, 0.38785332, 5.5783963, 3.6219759, 3.3894482, 5.6060815, 2.5849626;
  1.8421234, 0.22091378, 0, 0, 0.57166505, 4.711308, 2.8165975, 3.5807033, 4.7191205, 2.5849626;
  1.2979219, 0.21310128, 0, 0, 0.86225075, 5.810564, 3.359762, 4.5154595, 5.7840519, 2.5849626;
  1.6490448, 0, 0, 0, 0.21310128, 4.7950597, 3.366097, 2.3744736, 4.7950597, 2.5849626;
  2.1512372, 0.25765437, 0, 0, 0.36532697, 5.8983865, 3.673141, 4.016892, 5.9044204, 2.5849626;
  2.0868747, 0.24984187, 0, 0, 0.79173338, 5.067956, 2.8763525, 4.4193115, 5.1021547, 2.5849626;
  1.5049812, 0.17633815, 0, 0, 0.25765437, 5.2868891, 3.1956701, 3.4800978, 5.2947016, 2.5849626;
  0.85789067, 0.13955258, 0, 0, 0.64358675, 4.7055268, 4.1495843, 2.521199, 4.6977143, 2.5849626;
  0.69911814, 0.10274463, 0, 0, 0.14736508, 4.1712708, 3.1470568, 2.1969538, 4.1712708, 2.5849626;
  1.6587825, 0.14736508, 0, 0, 0.55309129, 5.6253715, 4.3628912, 2.9614012, 5.6365228, 2.5849626;
  0.81672472, 0.25765437, 0, 0, 1.4618835, 5.1901751, 3.2450762, 4.6147971, 5.2028513, 2.5849626;
  0.85182595, 0, 0, 0, 0.14736508, 4.2365947, 2.7619157, 2.4503651, 4.2365947, 2.5849626;
  0.42539099, 0, 0, 0, 0.14736508, 4.3546505, 3.3321726, 1.8421574, 4.3546505, 2.5849626;
  2.029608, 0.17633815, 0, 0, 1.2237293, 5.7584081, 3.0357459, 4.6102228, 5.7867589, 2.5849626;
  2.1999462, 0.073726915, 0, 0, 1.7719902, 6.093123, 3.623162, 5.0930915, 6.1659503, 2.5849626;
  1.9568098, 0.17633815, 0, 0, 1.421962, 5.9773898, 3.6849499, 4.6738811, 6.0056911, 2.5849626;
  2.3970397, 0.23126809, 0, 0, 0.69898969, 5.5439129, 4.0848198, 3.2080405, 5.5428734, 2.5849626;
  1.2583638, 0.39566582, 0, 0, 0.14736508, 5.2405643, 2.2476075, 3.8651807, 5.2405643, 2.5849626;
  1.0290598, 0.25765437, 0, 0, 0.14736508, 4.9742398, 3.2079768, 3.0990016, 4.9742398, 2.5849626;
  2.5786285, 0.24984187, 0, 0, 0.23908059, 6.1140304, 3.6207983, 4.0607157, 6.0827804, 2.5849626;
  1.8796661, 0.036874507, 0, 0, 0.62122411, 5.6333494, 4.0658183, 2.7495425, 5.6304007, 2.5849626;
  1.275216, 0.25765437, 0, 0, 2.1698399, 5.7275748, 3.1918304, 5.5058599, 5.7528262, 2.5849626;
  1.7745111, 0.21310128, 0, 0, 0.90505743, 5.8002815, 3.2388153, 4.5603929, 5.8002815, 2.5849626;
  2.524559, 0.36773998, 0, 0, 0.073726915, 5.8826151, 4.0010448, 3.3923047, 5.8865981, 2.5849626;
  1.4158264, 0.25765437, 0, 0, 0.14736508, 4.8491988, 2.7980599, 3.3867478, 4.8491988, 2.5849626;
  2.4156868, 0.35992748, 0, 0, 0.1287913, 5.858119, 3.4814956, 3.6488965, 5.9083328, 2.5849626;
  0.71960539, 0, 0, 0, 1.0621064, 4.8075428, 4.2294669, 3.0701401, 4.8153553, 2.5849626;
  1.9664317, 0.11055713, 0, 0, 0.35643986, 5.8921967, 3.9580605, 3.2605052, 5.9288373, 2.5849626;
  3.3361609, 0.44101599, 0, 0, 0, 5.5107999, 3.6198881, 3.4815326, 5.5107999, 2.5849626;
  0.60436082, 0.10274463, 0, 0, 0.50638711, 4.2268376, 3.6048057, 2.1483481, 4.2268376, 2.5849626;
  2.2659538, 0.24984187, 0, 0, 0.49290258, 5.6395292, 4.0350161, 3.712194, 5.6608362, 2.5849626;
  1.4825791, 0, 0, 0, 1.4087061, 5.2346449, 3.1932991, 3.9884653, 5.2587261, 2.5849626;
  1.3487391, 0.24984187, 0, 0, 1.1547908, 5.8016839, 2.7137034, 4.9559412, 5.8196139, 2.5849626;
  0.5286262, 0.14736508, 0, 0, 0.46980688, 3.9704621, 3.3408689, 2.7163119, 3.9626496, 2.5849626;
  1.7884382, 0.24984187, 0, 0, 0.2857174, 5.4332805, 3.2492938, 4.2751131, 5.4409294, 2.5849626;
  1.900561, 0.14736508, 0, 0, 0.9700008, 5.7988448, 4.6630912, 2.9073682, 5.7948623, 2.5849626;
  1.8736531, 0.14736508, 0, 0, 2.3000891, 5.62254, 5.3458996, 3.5023115, 5.6128125, 2.5849626;
  1.530488, 0.073726915, 0, 0, 1.1772022, 5.8753171, 3.4706914, 4.373816, 5.8202395, 2.5849626;
  1.8094916, 0.10274463, 0, 0, 0.68660283, 5.9022331, 4.5192099, 2.8506312, 5.9267044, 2.5849626;
  1.2317251, 0.25765437, 0, 0, 0.66255063, 5.7430463, 2.7918661, 4.5295429, 5.7039838, 2.5849626;
  2.7532694, 0.24984187, 0, 0, 0.18415065, 5.7598634, 3.4298484, 4.1269755, 5.7598634, 2.5849626;
  2.0869267, 0.24984187, 0, 0, 0.91230327, 5.6216712, 2.7575219, 4.5951085, 5.6301899, 2.5849626;
  1.589161, 0.091983356, 0, 0, 0.8152793, 5.2407298, 4.0677266, 3.406534, 5.2280536, 2.5849626;
  1.5247437, 0.24984187, 0, 0, 1.6804563, 5.2623715, 2.3251035, 4.9995003, 5.2852445, 2.5849626;
  0.68673956, 0.13955258, 0, 0, 1.2582065, 4.7568369, 4.289844, 2.9201083, 4.7880869, 2.5849626;
  2.0360987, 0.24984187, 0, 0, 0.21310128, 5.390223, 4.0024981, 3.6915109, 5.4169993, 2.5849626;
  2.4612875, 0.18415065, 0, 0, 0.14736508, 5.7199206, 3.7575965, 3.6377254, 5.688128, 2.5849626;
  1.9280021, 0.11055713, 0, 0, 0.23908059, 5.8855834, 4.347064, 3.5272617, 5.8816009, 2.5849626;
  0.48572758, 0.11055713, 0, 0, 0.82401723, 4.9242682, 3.3548732, 3.4488914, 4.9242682, 2.5849626;
  2.1346555, 0.25765437, 0, 0, 0.28124377, 6.1318836, 3.7078562, 3.7940981, 6.1008811, 2.5849626;
  0.61217332, 0.24984187, 0, 0, 0.45904559, 4.7719646, 3.1314874, 3.2748091, 4.7703533, 2.5849626;
  1.5213248, 0.18415065, 0, 0, 0.62608784, 4.9684467, 3.5762076, 3.2487535, 4.9606342, 2.5849626;
  1.8769267, 0.24984187, 0, 0, 1.4826784, 5.9886098, 5.3829846, 2.9996324, 5.9624562, 2.5849626;
  2.0687981, 0.24984187, 0, 0, 1.8115088, 5.807394, 4.0562291, 4.8466363, 5.9762745, 2.5849626;
  2.1392617, 0.24984187, 0, 0, 0.35992748, 5.1310964, 4.0334911, 2.6931474, 5.1389089, 2.5849626;
  1.7926635, 0.14736508, 0, 0, 1.7401482, 5.9155769, 5.3993139, 3.4736376, 6.0215125, 2.5849626;
  1.9852012, 0.036874507, 0, 0, 1.6369965, 5.5729733, 4.9925494, 2.9208233, 5.6248021, 2.5849626;
  2.470185, 0.18415065, 0, 0, 0, 5.8977208, 3.6651022, 3.5577431, 5.9118209, 2.5849626;
  0.80942458, 0.036874507, 0, 0, 0.50638711, 4.7676997, 4.0735755, 1.9858335, 4.7739873, 2.5849626;
  1.2790079, 0, 0, 0, 2.0389924, 5.2110624, 3.3924282, 4.2720938, 5.2621913, 2.5849626;
  2.2230253, 0.32325506, 0, 0, 0.30381602, 6.0831132, 2.9370942, 4.2256207, 6.0772157, 2.5849626;
  1.5112903, 0.13955258, 0, 0, 0.61600095, 5.4719281, 3.8638577, 3.1625133, 5.4875531, 2.5849626;
  1.7074527, 0.036874507, 0, 0, 0.37019068, 4.9626536, 3.6255405, 2.1893716, 4.9704661, 2.5849626;
  1.7808421, 0.23126809, 0, 0, 0.99390179, 6.0173373, 4.4059901, 3.7867417, 6.0560722, 2.5849626;
  1.2837958, 0.17633815, 0, 0, 0.18415065, 4.7230043, 3.2285075, 3.0916502, 4.7230043, 2.5849626;
  0.97790569, 0.036874507, 0, 0, 0.11055713, 4.6765971, 2.7734807, 3.0155783, 4.6951709, 2.5849626;
  1.2438085, 0.091983356, 0, 0, 0.72492099, 5.103827, 4.5956445, 1.5598691, 5.0930657, 2.5849626;
  2.4616151, 0.18415065, 0, 0, 0.44034767, 5.6750731, 2.9460359, 4.243113, 5.6535501, 2.5849626;
  0.72573107, 0, 0, 0, 0.14736508, 3.9434443, 2.3724611, 2.6251934, 3.9434443, 2.5849626;
  0.71259904, 0.21310128, 0, 0, 2.1127496, 5.3710318, 2.3679087, 5.6437378, 5.3428316, 2.5849626;
  1.7130697, 0.11055713, 0, 0, 0.11611508, 5.4351487, 3.5720506, 3.228792, 5.44591, 2.5849626;
  1.6790997, 0.25765437, 0, 0, 0.39701208, 5.6046214, 4.1480861, 3.4868927, 5.6092243, 2.5849626;
  2.2540014, 0.25765437, 0, 0, 0, 5.9298286, 3.4750125, 3.6014483, 5.9452734, 2.5849626;
  1.0123056, 0.23908059, 0, 0, 0.43320349, 4.6867418, 3.441952, 3.2547486, 4.6867418, 2.5849626;
  1.2071592, 0.24984187, 0, 0, 1.4413948, 5.1829958, 2.4231703, 4.871119, 5.1722345, 2.5849626;
  0.72310668, 0.11611508, 0, 0, 0.22091378, 4.1591969, 1.5403987, 3.2549119, 4.1591969, 2.5849626;
  1.4531755, 0.25765437, 0, 0, 1.0471858, 5.2857699, 4.3300924, 2.967468, 5.2671962, 2.5849626;
  1.2611706, 0.24984187, 0, 0, 1.0796849, 5.2931857, 3.9402678, 3.0786569, 5.3117599, 2.5849626;
  1.133767, 0.11055713, 0, 0, 1.9336613, 4.3792868, 3.887974, 3.0832906, 4.4320593, 2.5849626;
  1.5643815, 0.22091378, 0, 0, 1.1928272, 4.8151231, 3.6892824, 2.7504163, 4.7790198, 2.5849626;
  0.7686187, 0.21310128, 0, 0, 0.34916618, 3.6155484, 1.9769708, 2.39922, 3.5891621, 2.5849626;
  1.1711401, 0.25765437, 0, 0, 1.4504924, 4.7159057, 1.5102941, 4.8332424, 4.7178206, 2.5849626;
  1.8670197, 0.14736508, 0, 0, 0.39846054, 5.5127511, 4.2937136, 2.6570833, 5.5309348, 2.5849626;
  1.5756687, 0.17633815, 0, 0, 1.5362798, 5.5757041, 3.1015954, 4.8788414, 5.6246634, 2.5849626;
  1.3352677, 0.10274463, 0, 0, 1.6609983, 5.5750155, 5.4009552, 2.8844166, 5.6513047, 2.5849626;
  1.6638533, 0.32325506, 0, 0, 0, 5.6129613, 2.5992594, 3.9902208, 5.6129613, 2.5849626;
  1.8398087, 0.11055713, 0, 0, 0, 5.1223564, 3.8093965, 2.643899, 5.1223564, 2.5849626;
  1.8431318, 0.20234001, 0, 0, 0.7628786, 5.5620089, 4.4584584, 3.0081475, 5.5438251, 2.5849626;
  2.0632448, 0.25765437, 0, 0, 0.29600352, 6.0657873, 3.2033753, 3.9347842, 6.0542455, 2.5849626;
  1.2675276, 0.23908059, 0, 0, 2.0233691, 5.7128372, 2.5955102, 5.3994842, 5.7795467, 2.5849626;
  0.79801494, 0, 0, 0, 0.14736508, 4.6100373, 3.2503235, 2.7326119, 4.6100373, 2.5849626;
  1.3257173, 0.21310128, 0, 0, 1.4506814, 5.1390405, 4.5377231, 2.5694184, 5.1508989, 2.5849626;
  3.3792009, 0.073726915, 0, 0, 0, 5.9477687, 3.5586498, 3.89556, 5.9477687, 2.5849626;
  1.9999465, 0.13955258, 0, 0, 2.0345285, 5.9136667, 5.1446218, 3.881021, 5.9459615, 2.5849626;
  1.1652426, 0.21310128, 0, 0, 3.4108315, 5.4557223, 2.8307078, 5.8136826, 5.5155272, 2.5849626;
  1.7018746, 0.21310128, 0, 0, 1.2439129, 5.7928576, 4.1802368, 3.556457, 5.788147, 2.5849626;
  2.0521002, 0.17633815, 0, 0, 1.8390474, 5.8307905, 3.1839368, 5.3462124, 5.8649893, 2.5849626;
  1.570375, 0.11055713, 0, 0, 1.4446555, 5.6259003, 3.8682253, 4.3347607, 5.6073265, 2.5849626;
  1.5196263, 0.11055713, 0, 0, 0.32628664, 5.1524773, 3.5395694, 2.7651715, 5.1524773, 2.5849626;
  1.2206688, 0.18415065, 0, 0, 2.4737225, 5.804203, 3.3655255, 5.5800018, 5.8731923, 2.5849626;
  2.3696966, 0.24202937, 0, 0, 0.59878856, 5.7334027, 4.2743144, 3.1478019, 5.7207265, 2.5849626;
  1.4638889, 0.18415065, 0, 0, 0.073726915, 5.0742216, 2.194597, 3.5849304, 5.0839491, 2.5849626;
  1.9781055, 0.25765437, 0, 0, 2.3117523, 5.7498636, 3.4350023, 5.4768577, 5.7888813, 2.5849626;
  2.1962585, 0.34916618, 0, 0, 0.29934242, 5.8404083, 3.4637146, 4.1648993, 5.8099384, 2.5849626;
  1.26456, 0.11055713, 0, 0, 2.6758394, 5.0719166, 4.4865437, 3.9052296, 5.2398605, 2.5849626;
  1.3108636, 0.11055713, 0, 0, 2.0543032, 5.365181, 5.3243594, 2.8072917, 5.3550634, 2.5849626;
  1.2790645, 0.15290065, 0, 0, 1.5927491, 4.9496989, 4.3893447, 2.8725407, 4.9653239, 2.5849626;
  1.4827623, 0.10274463, 0, 0, 1.1138769, 5.4654474, 3.7739997, 3.5613174, 5.4464836, 2.5849626;
  2.9410937, 0.16557688, 0, 0, 0, 5.8606839, 3.1274817, 3.8817735, 5.8606839, 2.5849626;
  1.3239063, 0, 0, 0, 0.85873598, 5.1476431, 4.2298427, 2.7695119, 5.1554556, 2.5849626;
  1.7904298, 0.036874507, 0, 0, 1.5691633, 5.7296381, 5.1371598, 2.7248931, 5.8208294, 2.5849626;
  2.1199639, 0.25765437, 0, 0, 0.71196729, 5.5869927, 3.9167979, 3.675808, 5.615294, 2.5849626;
  1.9067867, 0.11055713, 0, 0, 0.74672067, 6.1111612, 4.1754961, 3.8425772, 6.1206622, 2.5849626;
  2.3432407, 0.25765437, 0, 0, 0.11055713, 5.029705, 3.67062, 3.1446505, 5.029705, 2.5849626;
  1.7185271, 0.17633815, 0, 0, 0.35992748, 4.9471197, 3.2369101, 2.9408889, 4.9607, 2.5849626;
  1.7631323, 0.073726915, 0, 0, 0.53682882, 5.9076185, 4.4493823, 2.9219263, 5.8964672, 2.5849626;
  4.2449598, 0.31249377, 0, 0, 0, 5.7905579, 3.8469746, 3.0876317, 5.7905579, 2.5849626;
  1.6416956, 0.22091378, 0, 0, 0.6003626, 5.47789, 4.3306026, 3.0585752, 5.4857025, 2.5849626;
  3.0077128, 0.24984187, 0, 0, 0, 6.0490274, 3.7085476, 3.5840826, 6.0479202, 2.5849626;
  3.287637, 0.25765437, 0, 0, 0, 5.7549591, 3.2779853, 3.6497571, 5.7549591, 2.5849626;
  1.771716, 0.23126809, 0, 0, 0.99493563, 5.3961768, 4.7931809, 2.4853668, 5.4012036, 2.5849626;
  1.8380027, 0.1287913, 0, 0, 0.79818225, 5.586844, 4.3447418, 2.7107012, 5.5956903, 2.5849626;
  1.0827346, 0.21310128, 0, 0, 0.74135607, 4.9303493, 4.2472868, 2.5493536, 4.9438434, 2.5849626;
  1.7767522, 0.14736508, 0, 0, 1.4696265, 5.913249, 4.324666, 4.057467, 5.9658141, 2.5849626;
  3.0172319, 0.25765437, 0, 0, 0, 5.6218848, 3.4105036, 3.6783593, 5.6339068, 2.5849626;
  2.2634785, 0.22091378, 0, 0, 0.18415065, 5.7716165, 3.5594783, 3.0200679, 5.7745652, 2.5849626;
  0.92580229, 0.11055713, 0, 0, 0.20234001, 4.9981709, 3.5761435, 2.8613629, 5.0059834, 2.5849626;
  1.5593325, 0.14736508, 0, 0, 0.073726915, 5.856617, 4.1201472, 3.2076819, 5.8785295, 2.5849626;
  2.0561781, 0.25765437, 0, 0, 0.32086498, 5.7298317, 3.566371, 3.6898513, 5.7137265, 2.5849626;
  1.7134514, 0.14736508, 0, 0, 0.22091378, 5.1957979, 3.233788, 3.5193126, 5.1957979, 2.5849626;
  1.752177, 0.14736508, 0, 0, 0.22091378, 5.4802184, 3.3701563, 3.4985805, 5.4802184, 2.5849626;
  1.8009237, 0.24984187, 0, 0, 0.68112439, 5.8078532, 3.8379376, 3.433598, 5.826427, 2.5849626;
  1.1851777, 0, 0, 0, 0.93569255, 5.4017563, 3.9496334, 3.1358271, 5.4017563, 2.5849626;
  2.9090962, 0.16557688, 0, 0, 0.073726915, 5.7338743, 3.5288606, 3.723465, 5.7465615, 2.5849626;
  2.2433333, 0.23126809, 0, 0, 0.28858113, 5.8604012, 3.3622599, 3.807936, 5.8893461, 2.5849626;
  1.6452124, 0.14736508, 0, 0, 0.11055713, 5.2824898, 2.9689391, 3.6884019, 5.2824898, 2.5849626;
  1.6491945, 0.26312232, 0, 0, 0.35992748, 5.5015354, 2.6863804, 4.5146999, 5.5093479, 2.5849626;
  2.4587924, 0.073726915, 0, 0, 0.073726915, 5.5765638, 3.575593, 2.8582201, 5.5996113, 2.5849626;
  2.1561484, 0.073726915, 0, 0, 0.69519579, 5.0799246, 3.6341105, 2.6936147, 5.0843978, 2.5849626;
  2.376003, 0.25765437, 0, 0, 0, 5.9250126, 3.4474499, 3.8884509, 5.9313002, 2.5849626;
  1.023945, 0.091983356, 0, 0, 0.73540479, 5.0318251, 4.4489336, 2.2996953, 5.0582113, 2.5849626;
  1.6807892, 0.23908059, 0, 0, 1.4421232, 5.6825762, 4.7310119, 3.0002327, 5.6591387, 2.5849626;
  1.7846018, 0, 0, 0, 1.258725, 4.9495869, 2.9892123, 3.4345071, 5.0438275, 2.5849626;
  1.9501166, 0.13955258, 0, 0, 1.3208783, 5.6594858, 4.2124357, 3.5456269, 5.6799746, 2.5849626;
  2.3530109, 0.10274463, 0, 0, 0.58960134, 5.8677535, 4.1713519, 2.9384961, 5.844316, 2.5849626;
  1.5219556, 0.21310128, 0, 0, 0.75714451, 5.453444, 4.6202207, 2.531621, 5.4735427, 2.5849626;
  2.2258506, 0.19452751, 0, 0, 0.58468837, 5.9260392, 3.395757, 4.0402293, 5.9217181, 2.5849626;
  1.9316984, 0.036874507, 0, 0, 0.14736508, 5.8494844, 3.8676887, 3.1368501, 5.8572969, 2.5849626;
  2.91857, 0.18415065, 0, 0, 0, 5.5867462, 3.1115875, 3.3799839, 5.5867462, 2.2516291;
  1.3540186, 0.036874507, 0, 0, 0.76774234, 4.88341, 4.555356, 2.0935488, 4.8736825, 2.5849626;
  1.6590737, 0.14736508, 0, 0, 1.3823026, 5.7568383, 5.0866442, 3.3620484, 5.7813096, 2.5849626;
  2.43135, 0.17633815, 0, 0, 0, 5.7044067, 3.3100703, 3.3826468, 5.6903067, 2.5849626;
  1.248875, 0, 0, 0, 0.40482458, 5.3073621, 3.9271967, 2.6302791, 5.3372507, 2.5849626;
  1.0010743, 0, 0, 0, 0.86814833, 4.5007038, 4.1611938, 1.8746815, 4.5036526, 2.5849626;
  1.1934311, 0.14736508, 0, 0, 2.5635841, 5.6663742, 5.3457923, 3.6772521, 5.7571754, 2.5849626;
  3.9451349, 0.073726915, 0, 0, 0, 5.8292456, 3.559047, 3.4407337, 5.8292456, 2.2516291;
  2.0340006, 0.13955258, 0, 0, 0.77179599, 5.8918066, 4.3889985, 3.3426921, 5.9146905, 2.5849626;
  1.7801813, 0.10274463, 0, 0, 0.97603017, 5.7456751, 4.6080427, 3.2052383, 5.735693, 2.5849626;
  3.0410137, 0.25765437, 0, 0, 0.11055713, 5.9722133, 3.9858792, 3.3304565, 5.9688745, 2.5849626;
  1.2505299, 0.10274463, 0, 0, 0.42779559, 5.3396816, 4.4451098, 2.3555219, 5.3060365, 2.5849626;
  1.8019317, 0.21310128, 0, 0, 0.18415065, 5.5512528, 3.5682039, 3.4207811, 5.5590653, 2.5849626;
  0.75041801, 0.10274463, 0, 0, 0.66028661, 4.4119353, 4.1172543, 1.9026875, 4.4089866, 2.5849626;
  1.5792458, 0, 0, 0, 0.18415065, 5.2027144, 3.7161236, 2.1002345, 5.2027144, 2.5849626;
  1.87649, 0.036874507, 0, 0, 0.62608784, 5.8100286, 3.9847691, 3.0104535, 5.8081141, 2.5849626;
  2.0353384, 0.10274463, 0, 0, 0, 5.6566763, 3.9640367, 2.9097774, 5.6582012, 2.5849626;
  3.4360344, 0.29437232, 0, 0, 0, 5.7943277, 3.7905357, 3.6842842, 5.7906618, 2.5849626;
  1.8265034, 0.23908059, 0, 0, 1.9699243, 5.698112, 4.0010624, 4.5747433, 5.8101707, 2.5849626;
  1.1060644, 0, 0, 0, 0.19706932, 3.5616758, 2.5148141, 1.423941, 3.5929258, 2.5849626;
  1.6431117, 0, 0, 0, 1.4381683, 4.7118134, 3.0631914, 3.5318058, 4.7772622, 2.5849626;
  2.4986498, 0.18966378, 0, 0, 0.65099216, 5.9057188, 4.2130346, 3.2013412, 5.9018888, 2.5849626;
  1.1787692, 0, 0, 0, 1.4647412, 5.1479864, 4.9830666, 2.3336451, 5.1450377, 2.5849626;
  2.7669957, 0.35211498, 0, 0, 0, 5.9062018, 3.1769526, 4.0027962, 5.9062018, 2.5849626;
  1.2224886, 0, 0, 0, 0.14736508, 5.1710391, 3.8646088, 2.2547181, 5.1710391, 2.5849626;
  1.6988988, 0.25765437, 0, 0, 0.81498569, 5.7679687, 4.1609907, 3.1928785, 5.7626143, 2.5849626;
  2.1304109, 0.036874507, 0, 0, 0.073726915, 5.5660262, 3.3985004, 3.0897648, 5.5582137, 2.5849626;
  1.7397666, 0.24984187, 0, 0, 1.2694424, 5.2242565, 3.8867373, 3.3426733, 5.247694, 2.5849626;
  1.9343224, 0, 0, 0, 0.38283554, 5.89463, 3.9937234, 3.1014061, 5.87709, 2.5849626;
  2.7827487, 0.24984187, 0, 0, 0.073726915, 5.987514, 4.0090213, 3.2546108, 5.987514, 2.5849626;
  2.1537938, 0.25765437, 0, 0, 0.38095197, 5.4167933, 3.7367222, 3.1799936, 5.4161658, 2.5849626;
  4.0818334, 0.36773998, 0, 0, 0, 5.3332248, 3.1575861, 3.4368432, 5.3332248, 2.2516291;
  0.80298096, 0.036874507, 0, 0, 1.8847713, 4.8138905, 5.0257964, 2.3584766, 4.8403773, 2.5849626;
  2.9872243, 0.21859187, 0, 0, 0.23378727, 5.8131571, 4.0759406, 3.1967111, 5.7975321, 2.5849626;
  2.0644214, 0.11055713, 0, 0, 0.5406003, 5.8281302, 3.5592437, 3.8246343, 5.8586359, 2.5849626;
  0.89870095, 0, 0, 0, 1.3993835, 4.6423955, 4.4955153, 1.913543, 4.634583, 2.5849626;
  2.3888681, 0.29437232, 0, 0, 0.036874507, 5.4289246, 3.9897594, 2.6425726, 5.4289246, 2.5849626;
  0.83118123, 0, 0, 0, 0.35992748, 2.9376075, 2.533699, 0.86551464, 2.9376075, 2.5849626;
  1.2555329, 0.14736508, 0, 0, 0.95266885, 5.007473, 4.4366632, 2.2840924, 5.0621605, 2.5849626;
  0.85668969, 0, 0, 0, 1.1236111, 3.7014158, 3.2460277, 1.7406613, 3.7014158, 2.5849626;
  2.2816966, 0.24984187, 0, 0, 0.32277992, 5.505765, 4.0179052, 2.9367747, 5.5448275, 2.5849626;
  2.3724325, 0, 0, 0, 0.42445672, 5.4304967, 3.7308862, 2.7476947, 5.4078393, 2.5849626;
  1.6194181, 0.11055713, 0, 0, 0.40241992, 5.7315917, 4.306911, 2.7952781, 5.6887999, 2.5849626;
  1.8348548, 0, 0, 0, 1.3918223, 5.2562881, 4.6878734, 2.1900806, 5.2982993, 2.5849626;
  2.4187629, 0.17633815, 0, 0, 0, 6.1709414, 3.8029802, 3.7836599, 6.1787539, 2.5849626;
  1.956715, 0.14736508, 0, 0, 0.41664422, 5.8201709, 4.0018854, 3.092696, 5.8275933, 2.5849626;
  1.9578644, 0.22091378, 0, 0, 0.036874507, 5.5829268, 3.9608231, 3.288249, 5.5721655, 2.5849626;
  2.7022152, 0.1287913, 0, 0, 0.585787, 6.0202823, 4.2220955, 3.3394423, 6.0534468, 2.5849626;
  1.9443064, 0.22091378, 0, 0, 0.68002576, 5.7658358, 3.4022651, 3.8166769, 5.7507019, 2.5849626;
  2.0773637, 0.036874507, 0, 0, 1.3405652, 5.9128556, 4.1222286, 3.7303908, 5.9603744, 2.5849626;
  2.4144707, 0.24984187, 0, 0, 0.88933027, 5.9782243, 4.4144087, 3.4128325, 6.0214052, 2.5849626;
  1.2438025, 0, 0, 0, 2.0641813, 5.1426253, 5.1148634, 2.4350948, 5.1991901, 2.5849626;
  1.458421, 0.091983356, 0, 0, 0.9703722, 5.6066957, 4.7556624, 2.6201873, 5.5811906, 2.5849626;
  2.2699535, 0, 0, 0, 0.091983356, 5.1430435, 3.4732339, 2.1242628, 5.135231, 2.5849626;
  2.4933434, 0, 0, 0, 0.13955258, 5.8327026, 4.054956, 2.6044824, 5.8297539, 2.5849626;
  2.0248172, 0.073726915, 0, 0, 0.036874507, 5.7341161, 3.3572366, 3.5976918, 5.7252698, 2.5849626;
  1.8055047, 0, 0, 0, 0.8873266, 5.3929048, 4.0955415, 2.6811669, 5.4229841, 2.5849626;
  3.7186952, 0.073726915, 0, 0, 0, 5.9197121, 3.583818, 3.0069282, 5.9197121, 2.5849626;
  1.7308352, 0.17633815, 0, 0, 0.29437232, 5.4857593, 3.9569218, 3.2418578, 5.4828105, 2.5849626;
  0.84401345, 0.14736508, 0, 0, 0.14736508, 3.8069324, 2.79603, 3.0777233, 3.8069324, 2.5849626;
  0.92318636, 0.14736508, 0, 0, 0.11055713, 4.169651, 2.9885297, 3.099941, 4.169651, 2.5849626;
  1.0487438, 0.14736508, 0, 0, 0.14736508, 4.0362253, 2.878948, 2.9167874, 4.0362253, 2.5849626;
  1.0687523, 0.14736508, 0, 0, 0.11055713, 3.9954729, 2.5968008, 2.978653, 3.9954729, 2.5849626;
  0.88150638, 0.14736508, 0, 0, 0.11055713, 4.0885792, 2.9750671, 2.9594343, 4.0885792, 2.5849626;
  0.87002373, 0.14736508, 0, 0, 0.11055713, 3.7238476, 2.7202771, 2.9909379, 3.7238476, 2.5849626;
  0.85205823, 0.14736508, 0, 0, 0.11055713, 4.3045311, 2.7480443, 3.4585226, 4.3045311, 2.5849626;
  1.0362978, 0.14736508, 0, 0, 0.11055713, 3.7901332, 2.758395, 3.0939102, 3.7901332, 2.5849626;
  1.0455683, 0.14736508, 0, 0, 0.11055713, 4.2176661, 2.873981, 2.9736915, 4.2176661, 2.5849626;
  0.94370693, 0.14736508, 0, 0, 0.11055713, 4.5872703, 3.144876, 2.9092662, 4.5872703, 2.5849626;
  0.8001585, 0.14736508, 0, 0, 0.11055713, 4.119493, 2.8925583, 3.1372044, 4.119493, 2.5849626;
  1.0644878, 0.14736508, 0, 0, 0.14736508, 4.278821, 2.9628093, 3.0062451, 4.278821, 2.5849626;
  0.83617961, 0.14736508, 0, 0, 0.11055713, 4.2897944, 3.0673082, 3.2181098, 4.2897944, 2.5849626;
  0.75096083, 0.14736508, 0, 0, 0.11055713, 4.5109553, 3.213726, 2.97293, 4.5109553, 2.5849626;
  0.57844996, 0.14736508, 0, 0, 0.11055713, 4.2845383, 2.6741302, 3.2378845, 4.2845383, 2.5849626;
  0.80042225, 0.21310128, 0, 0, 0.11055713, 4.0893903, 2.7842662, 3.1885021, 4.0893903, 2.5849626;
  0.92097038, 0.14736508, 0, 0, 0.11055713, 4.0441775, 2.9106307, 3.1248238, 4.0441775, 2.5849626;
  0.77315485, 0.14736508, 0, 0, 0.11055713, 4.2248292, 2.9705613, 3.1473846, 4.2248292, 2.5849626;
  0.884067, 0.14736508, 0, 0, 0.14736508, 4.3312778, 3.1514063, 3.1350491, 4.3312778, 2.5849626;
  0.78707457, 0.14736508, 0, 0, 0.14736508, 4.0075765, 2.9716039, 3.0611036, 4.0075765, 2.5849626;
  0.7585634, 0.14736508, 0, 0, 0.11055713, 4.2937922, 3.0687373, 3.0854475, 4.2937922, 2.5849626;
  0.75432414, 0.14736508, 0, 0, 0.11055713, 3.8920448, 2.79987, 3.0452561, 3.8920448, 2.5849626;
  0.87100065, 0.14736508, 0, 0, 0.11055713, 4.2156525, 2.8055902, 3.1843572, 4.2156525, 2.5849626;
  0.81672472, 0.14736508, 0, 0, 0.14736508, 4.0623403, 2.8904061, 3.1914306, 4.0623403, 2.5849626;
  1.0561979, 0.14736508, 0, 0, 0.29437232, 4.3712549, 2.9970033, 3.1861506, 4.3712549, 2.5849626;
  2.3560922, 0.23126809, 0, 0, 0.073726915, 5.8896985, 3.365654, 3.6872315, 5.8398747, 2.5849626;
  0.99954951, 0.21310128, 0, 0, 1.1206623, 5.1305623, 3.338794, 4.3834157, 5.1445999, 2.5849626;
  0.77396429, 0.21310128, 0, 0, 0.6159876, 4.8312488, 3.29285, 3.9222071, 4.8234363, 2.5849626;
  0.94087934, 0.14736508, 0, 0, 0.29437232, 4.6901345, 3.2988503, 3.206311, 4.6901345, 2.5849626;
  2.3018522, 0.25765437, 0, 0, 0.4068172, 5.5354209, 3.339184, 4.242517, 5.5305572, 2.5849626;
  0.98897785, 0.14736508, 0, 0, 0.18415065, 4.8125753, 3.5024221, 3.1206813, 4.8233366, 2.5849626;
  0.85824257, 0.14736508, 0, 0, 0.36773998, 4.6805782, 3.3173668, 3.3120935, 4.6805782, 2.5849626;
  2.2704504, 0.24984187, 0, 0, 0.51068991, 5.4715114, 3.7592456, 3.999346, 5.53058, 2.5849626;
  0.88905883, 0.14736508, 0, 0, 0.14736508, 4.6279821, 3.4182689, 2.9498503, 4.6279821, 2.5849626;
  2.5674834, 0.18415065, 0, 0, 0.073726915, 5.777369, 3.7133193, 3.4782798, 5.7827864, 2.5849626;
  0.91147101, 0.21310128, 0, 0, 0.25765437, 4.7998796, 3.3333135, 3.5769451, 4.7998796, 2.5849626;
  0.92544401, 0.14736508, 0, 0, 0.44101599, 4.1543365, 3.0247343, 3.3110898, 4.1543365, 2.5849626;
  0.77571827, 0.22091378, 0, 0, 0.68112439, 4.4461226, 2.9430962, 3.8875031, 4.4383101, 2.5849626;
  0.62421578, 0.21310128, 0, 0, 0.6238001, 4.5899997, 3.0297561, 3.8744786, 4.5821872, 2.5849626;
  0.66956592, 0.21310128, 0, 0, 0.76960361, 4.3889351, 2.9627695, 3.7859836, 4.3889351, 2.5849626;
  0.92917299, 0.22091378, 0, 0, 0.68893689, 4.7740617, 3.1556118, 3.9077783, 4.7740617, 2.5849626;
  0.90364999, 0.22091378, 0, 0, 0.83454931, 4.8514347, 3.1257136, 4.1077681, 4.8514347, 2.5849626;
  0.69033211, 0.21310128, 0, 0, 0.82673681, 4.5216875, 3.1389785, 3.7541499, 4.5402613, 2.5849626;
  0.8304348, 0.14736508, 0, 0, 0.35992748, 4.3041949, 2.9126506, 3.3514926, 4.2963824, 2.5849626;
  0.93895876, 0.14736508, 0, 0, 0.36773998, 4.2446499, 2.8924847, 3.4308205, 4.2446499, 2.5849626;
  0.91150856, 0.14736508, 0, 0, 0.36773998, 4.3217611, 2.9999447, 3.5182393, 4.3139486, 2.5849626;
  0.93115193, 0.14736508, 0, 0, 0.39657697, 4.5309343, 3.0993447, 3.4877546, 4.5543718, 2.5849626;
  0.79993123, 0.14736508, 0, 0, 0.11055713, 4.4356451, 3.1902449, 3.0325663, 4.4356451, 2.5849626;
  0.82862073, 0.14736508, 0, 0, 0.39657697, 4.8588929, 3.4154837, 3.4893858, 4.8588929, 2.5849626;
  1.7447227, 0.21310128, 0, 0, 0.27579856, 5.6477351, 3.7278833, 3.7512221, 5.6448493, 2.5849626;
  0.97121787, 0.14736508, 0, 0, 0.40438947, 5.0480237, 3.3948421, 3.8829393, 5.0480237, 2.5849626;
  1.8312235, 0.14736508, 0, 0, 0.35992748, 5.6341171, 3.9080882, 3.4493709, 5.6341171, 2.5849626;
  1.0452013, 0.14736508, 0, 0, 0.25765437, 4.7884622, 3.3126202, 3.6042733, 4.7992234, 2.5849626;
  2.1564913, 0.21310128, 0, 0, 0.17633815, 5.7080617, 3.9819469, 2.9217341, 5.7236867, 2.5849626;
  0.58666587, 0.20234001, 0, 0, 0.55075651, 4.2820268, 2.925164, 3.5963509, 4.2976518, 2.5849626;
  1.2676829, 0.14736508, 0, 0, 0.78604072, 5.0361753, 4.2948651, 2.5565307, 5.023499, 2.5849626;
  0.96437377, 0.22091378, 0, 0, 1.2425815, 4.6823964, 2.8824182, 4.4297123, 4.6667714, 2.5849626;
  1.4061824, 0.14736508, 0, 0, 0.86551464, 5.2074332, 4.4627786, 2.6834581, 5.2074332, 2.5849626;
  0.80422437, 0.22091378, 0, 0, 0.83454931, 4.7602844, 2.9998331, 4.1655884, 4.7446594, 2.5849626;
  0.63616437, 0.22091378, 0, 0, 0.98963356, 4.8566422, 3.1543605, 4.1386414, 4.874826, 2.5849626;
  0.99757725, 0.13955258, 0, 0, 1.0005193, 4.9220448, 4.3506813, 2.567857, 4.9565139, 2.5849626;
  0.80172062, 0.22091378, 0, 0, 1.3194568, 4.9792509, 2.858556, 4.5347795, 4.9929609, 2.5849626;
  0.78942686, 0.22091378, 0, 0, 1.3194568, 4.9204979, 3.0813568, 4.5420389, 4.9422579, 2.5849626;
  0.81550229, 0.22091378, 0, 0, 1.0288028, 4.3904133, 2.7516544, 4.2139063, 4.4060383, 2.5849626;
  0.85661107, 0.14736508, 0, 0, 0.78958929, 4.9135861, 4.2855606, 2.6034081, 4.9292111, 2.5849626;
  0.8238523, 0.21310128, 0, 0, 0.88863707, 4.9065595, 3.0982592, 4.3126788, 4.9135637, 2.5849626;
  0.97495693, 0.11055713, 0, 0, 1.1644623, 4.7447915, 4.5273008, 2.6115708, 4.7711778, 2.5849626;
  0.99957567, 0.14736508, 0, 0, 0.44101599, 4.7245965, 3.3323314, 3.4108534, 4.7402215, 2.5849626;
  1.0879698, 0.14736508, 0, 0, 0.73318845, 4.7522683, 3.1306415, 3.7487016, 4.7678933, 2.5849626;
  1.5215957, 0.21310128, 0, 0, 0.34916618, 5.3952837, 3.7980211, 3.2726634, 5.3681908, 2.5849626;
  1.6096387, 0.25765437, 0, 0, 0.35992748, 5.2046037, 3.6951585, 3.536685, 5.1967912, 2.5849626;
  1.0848558, 0.14736508, 0, 0, 0.36724192, 4.7963295, 3.8864524, 2.5934567, 4.788517, 2.5849626;
  1.7826512, 0.18415065, 0, 0, 0.96782756, 5.3979459, 4.2122941, 3.3095217, 5.392272, 2.5849626;
  1.6327809, 0.14736508, 0, 0, 0.92904848, 5.4062271, 4.0971599, 3.5906513, 5.4322629, 2.5849626;
  1.0264837, 0.22091378, 0, 0, 1.4286276, 5.2186465, 3.2265494, 4.8079143, 5.1985478, 2.5849626;
  2.4634507, 0.13955258, 0, 0, 0.20528878, 5.7384629, 3.852917, 3.0209169, 5.7767453, 2.5849626;
  2.6746402, 0.29437232, 0, 0, 0.13955258, 5.848321, 3.9225876, 3.8237948, 5.877656, 2.5849626;
  2.1391296, 0.21310128, 0, 0, 0.66880953, 5.9338918, 3.7107646, 4.2234502, 5.9531717, 2.5849626;
  2.108068, 0.24984187, 0, 0, 0.11055713, 5.3848529, 3.1975338, 3.7342324, 5.3692279, 2.5849626;
  2.150775, 0.29437232, 0, 0, 0.073726915, 5.1736259, 3.5053413, 3.4211755, 5.1710672, 2.5849626;
  2.1485329, 0.22091378, 0, 0, 0.17633815, 5.8195286, 3.7907178, 3.2005017, 5.8006272, 2.5849626;
  2.5961382, 0.13955258, 0, 0, 0.11055713, 5.643343, 3.3825784, 3.8284073, 5.643343, 2.5849626;
  1.2365682, 0.11055713, 0, 0, 0.57166505, 4.8539419, 3.7488525, 2.3954639, 4.8539419, 2.5849626;
  1.256356, 0.14736508, 0, 0, 0.54294401, 4.9964495, 3.9511514, 2.5530164, 4.9964495, 2.5849626;
  1.8279999, 0.14736508, 0, 0, 0.27048248, 5.5839372, 3.395129, 3.1409798, 5.5663972, 2.5849626;
  1.5792469, 0.17633815, 0, 0, 0.52670503, 5.3945513, 4.1797466, 2.6872749, 5.3789263, 2.5849626;
  1.305691, 0.11055713, 0, 0, 0.77691305, 5.1636872, 4.1029911, 2.2735741, 5.1558747, 2.5849626;
  1.896629, 0.23908059, 0, 0, 0.36425236, 5.4071307, 3.199053, 3.7652881, 5.3834395, 2.5849626;
  1.2087088, 0.14736508, 0, 0, 0.51419961, 4.8314767, 4.0903707, 2.0815961, 4.8236642, 2.5849626;
  1.4198403, 0.11055713, 0, 0, 0.50638711, 4.5248208, 3.8581522, 1.7233403, 4.5326333, 2.5849626;
  1.4069922, 0.20234001, 0, 0, 0.46980688, 4.9761491, 3.8664253, 2.8463101, 4.9737644, 2.5849626;
  1.2056342, 0.17633815, 0, 0, 0.55075651, 4.9980893, 4.0512257, 2.6808708, 4.9980893, 2.5849626;
  1.4497411, 0.14736508, 0, 0, 0.42539099, 4.8748226, 3.6634839, 2.6151497, 4.8670101, 2.5849626;
  1.2721231, 0.14736508, 0, 0, 0.6159876, 5.0280161, 3.9421315, 2.6639123, 5.0280161, 2.5849626;
  1.6354488, 0.21310128, 0, 0, 0.47761938, 5.0533018, 3.7132807, 2.8567617, 5.0533018, 2.5849626;
  1.1536137, 0.11055713, 0, 0, 0.66549939, 4.8415637, 3.9674275, 2.5009923, 4.8415637, 2.5849626;
  2.1814067, 0.24984187, 0, 0, 0.11055713, 5.7710495, 3.5697858, 3.9103484, 5.7915382, 2.5849626;
  2.1671665, 0.18415065, 0, 0, 0.11055713, 5.7521973, 3.4363163, 3.8480809, 5.7365723, 2.5849626;
  2.3481681, 0.18415065, 0, 0, 0.44541195, 5.9534993, 3.6658583, 3.9716098, 5.9872179, 2.5849626;
  0.43855688, 0.11055713, 0, 0, 0.11055713, 4.3287578, 3.1990435, 2.9238217, 4.3287578, 2.5849626;
  1.0519228, 0.18415065, 0, 0, 1.1381397, 5.1862869, 2.2219095, 4.4433866, 5.2043695, 2.5849626;
  2.4145679, 0.23908059, 0, 0, 0.7909196, 5.5305157, 3.6148732, 4.2441549, 5.5982089, 2.5849626;
  2.4722633, 0.32325506, 0, 0, 0.073726915, 5.9550977, 3.5029128, 3.7287092, 5.9550977, 2.5849626;
  1.0323812, 0.14736508, 0, 0, 0.44101599, 4.3436217, 3.4377625, 3.1227446, 4.3588567, 2.5849626;
  1.5465988, 0.25765437, 0, 0, 0.33648998, 5.1742954, 2.946094, 3.7844162, 5.2143917, 2.5849626;
  1.5385702, 0.25765437, 0, 0, 0.35211498, 5.5712266, 3.0912755, 3.8757765, 5.5872416, 2.5849626;
  0.53451753, 0.14736508, 0, 0, 0.57571048, 3.8392944, 3.0955491, 2.4219503, 3.8471069, 2.5849626;
  1.1833961, 0.11055713, 0, 0, 0.23908059, 4.8407001, 3.843492, 2.5582836, 4.8299389, 2.5849626;
  1.3128884, 0.11055713, 0, 0, 0.13955258, 5.0054059, 3.8079226, 2.5947812, 4.9975934, 2.5849626;
  1.2843623, 0.24984187, 0, 0, 2.4894149, 5.4138217, 2.4679148, 5.765449, 5.5779471, 2.5849626;
  2.2922292, 0.25765437, 0, 0, 0.95248598, 5.8531556, 3.5263503, 4.4166317, 5.9033694, 2.5849626;
  1.6805339, 0.25765437, 0, 0, 0.14736508, 5.5349889, 3.2819076, 3.727366, 5.5349889, 2.5849626;
  1.0871985, 0.18415065, 0, 0, 0.18415065, 4.4635477, 3.0067406, 3.2779288, 4.4635477, 2.5849626;
  1.8891473, 0.13955258, 0, 0, 0.98534274, 5.9765244, 4.9429145, 2.9358308, 5.9975038, 2.5849626;
  1.9400626, 0.29437232, 0, 0, 0.36773998, 5.4595037, 3.1758413, 4.0196958, 5.4735413, 2.5849626;
  1.7357837, 0.32325506, 0, 0, 0.40438947, 4.7679043, 3.5611, 3.0997102, 4.755228, 2.5849626;
  2.3615258, 0.25765437, 0, 0, 0.82888097, 5.4779577, 3.3669586, 4.3198323, 5.4876852, 2.5849626;
  1.9156891, 0.18415065, 0, 0, 0.32762587, 5.7892375, 3.5440822, 4.0741458, 5.7877126, 2.5849626;
  1.3640763, 0.25765437, 0, 0, 0.25765437, 5.3339057, 2.9122124, 3.9961658, 5.3387694, 2.5849626;
  2.5213394, 0.17633815, 0, 0, 0, 6.0523438, 3.5499747, 3.6710134, 6.0504289, 2.5849626;
  1.4759763, 0.14736508, 0, 0, 0.27874732, 4.8643327, 3.3781893, 3.3218095, 4.8956451, 2.5849626;
  2.0037472, 0.20234001, 0, 0, 0.18376623, 6.1254134, 3.7694588, 3.6812804, 6.1131272, 2.5849626;
  2.1033998, 0.10274463, 0, 0, 0.19452751, 5.5815153, 4.1734614, 2.6160493, 5.5551291, 2.5849626;
  1.9947652, 0.10274463, 0, 0, 0.10274463, 5.5741229, 3.7374704, 3.0436537, 5.5819354, 2.5849626;
  2.4340866, 0.24984187, 0, 0, 0.49673244, 5.5708799, 3.8595946, 3.7157252, 5.6048961, 2.5849626;
  1.7711329, 0.24984187, 0, 0, 0.77691305, 5.478014, 3.7830546, 4.0760012, 5.5016832, 2.5849626;
  1.1252413, 0.10274463, 0, 0, 0.18415065, 4.7836819, 3.543385, 3.0421805, 4.7914944, 2.5849626;
  0.6010049, 0.21310128, 0, 0, 0.22091378, 4.7032928, 3.0439787, 3.4571476, 4.7032928, 2.5849626;
  1.681601, 0.22050682, 0, 0, 0.76932973, 5.734808, 2.9701753, 4.2812424, 5.7693968, 2.5849626;
  2.034579, 0.24984187, 0, 0, 0.88252985, 5.3030009, 3.4696996, 4.1560583, 5.3264384, 2.5849626;
  1.5453573, 0.25765437, 0, 0, 0.40976599, 5.5116587, 3.6835818, 4.2265215, 5.5241141, 2.5849626;
  1.6610391, 0.14736508, 0, 0, 1.621655, 5.7186885, 3.5517771, 4.4893618, 5.7737556, 2.5849626;
  1.9163517, 0.24984187, 0, 0, 0.4068172, 5.7183814, 4.1009078, 3.3949652, 5.7142978, 2.5849626;
  2.0533426, 0.24984187, 0, 0, 1.3665571, 5.6263456, 3.8077962, 4.6578379, 5.6847892, 2.5849626;
  1.8948728, 0.13955258, 0, 0, 0.38386938, 5.8745251, 3.942533, 3.2753747, 5.821589, 2.5849626;
  2.1862295, 0.21859187, 0, 0, 0.14736508, 5.679184, 3.2712665, 3.7830162, 5.6684227, 2.5849626;
  2.9852483, 0.25765437, 0, 0, 0, 5.789782, 3.2546909, 3.8551333, 5.7868333, 2.5849626;
  2.3280215, 0.25765437, 0, 0, 0.18415065, 5.7036524, 3.4158325, 3.8581259, 5.7036524, 2.5849626;
  1.2550067, 0.24202937, 0, 0, 1.0209903, 5.1488152, 1.875711, 4.5928397, 5.1830139, 2.5849626;
  0.78405076, 0.14736508, 0, 0, 0.14736508, 4.2622914, 2.6353116, 3.1014025, 4.2622914, 2.5849626;
  2.3495395, 0.18415065, 0, 0, 0.18966378, 5.6806865, 3.2129283, 3.785886, 5.6782751, 2.5849626;
  1.3838305, 0.24984187, 0, 0, 0.28655982, 5.2495694, 3.1661913, 3.4844251, 5.2573819, 2.5849626;
  1.8309304, 0.25765437, 0, 0, 0.14736508, 5.5923157, 3.3625827, 3.877315, 5.5923157, 2.5849626;
  1.0815687, 0.23908059, 0, 0, 0.14736508, 5.3495288, 2.8212202, 3.6650827, 5.3495288, 2.5849626;
  1.5533774, 0.24984187, 0, 0, 0.14736508, 5.1885986, 3.0621917, 3.558398, 5.1807861, 2.5849626;
  1.9454244, 0.41757849, 0, 0, 0.18415065, 5.5987272, 3.0750763, 3.9053369, 5.5957785, 2.5849626;
  1.5092559, 0.22091378, 0, 0, 0.28655982, 5.4384246, 3.2544341, 3.6222408, 5.4306121, 2.5849626;
  1.5583282, 0.35992748, 0, 0, 0.31249377, 5.251472, 3.2642133, 3.4318085, 5.251472, 2.5849626;
  0.94909626, 0.25765437, 0, 0, 0.14736508, 5.0273404, 2.5306706, 3.8575289, 5.0273404, 2.5849626;
  0.67581558, 0.29437232, 0, 0, 0.18415065, 4.9894166, 2.973294, 3.6196623, 4.9894166, 2.5849626;
  1.7722186, 0.35992748, 0, 0, 0.14736508, 5.6483068, 3.1834621, 3.8428752, 5.6483068, 2.5849626;
  2.0014279, 0.28655982, 0, 0, 0.14736508, 5.1780043, 2.6525905, 3.728215, 5.1731405, 2.5849626;
  1.0618602, 0.35992748, 0, 0, 0.14736508, 5.5279117, 2.8590889, 3.9124432, 5.5279117, 2.5849626;
  1.2261864, 0.18415065, 0, 0, 0.24984187, 5.3966055, 3.2550244, 3.6626995, 5.3966055, 2.5849626;
  1.640558, 0.32325506, 0, 0, 0.14736508, 5.19278, 3.4481468, 3.5890567, 5.19278, 2.5849626;
  1.4348048, 0.24984187, 0, 0, 0.18415065, 5.0160241, 3.0932481, 3.446481, 5.0082116, 2.5849626;
  1.1134373, 0.39566582, 0, 0, 0.11055713, 5.4301429, 3.1662974, 3.894465, 5.4301429, 2.5849626;
  1.9457361, 0.29437232, 0, 0, 0.18415065, 5.3448572, 3.1203928, 3.4071207, 5.3448572, 2.5849626;
  1.4376217, 0.35992748, 0, 0, 0.11055713, 5.5018983, 3.0475152, 3.9320025, 5.5018983, 2.5849626;
  1.2000884, 0.34916618, 0, 0, 0.22091378, 5.2371793, 2.7384236, 3.8147354, 5.2371793, 2.5849626;
  1.962659, 0.24984187, 0, 0, 0.18415065, 4.9674373, 2.8209188, 3.4668536, 4.9674373, 2.5849626;
  1.7635123, 0.14736508, 0, 0, 1.1567664, 5.8869243, 3.4154553, 4.5642347, 5.921186, 2.5849626;
  1.5397249, 0.11055713, 0, 0, 0.70901853, 5.7437229, 3.5962679, 3.9156935, 5.7437229, 2.5849626;
  2.0215793, 0.18415065, 0, 0, 1.2703966, 6.0678167, 3.9169452, 4.7231669, 6.0959544, 2.5849626;
  2.2337053, 0.18415065, 0, 0, 1.1822715, 6.0257149, 3.5389125, 4.6504445, 6.0457125, 2.5849626;
  0.6665042, 0.11055713, 0, 0, 0.18415065, 4.3508954, 3.3280046, 2.5882308, 4.3538442, 2.5849626;
  0.79134327, 0.14736508, 0, 0, 0.14736508, 3.9727333, 2.8880386, 2.8193781, 3.9727333, 2.5849626;
  2.3490067, 0.18415065, 0, 0, 0.5847376, 5.8819704, 4.0721402, 3.7022195, 5.8470545, 2.5849626;
  2.1213415, 0.25765437, 0, 0, 1.2614157, 5.70152, 3.0662127, 4.859098, 5.6518326, 2.5849626;
  1.9958823, 0.10274463, 0, 0, 0.13174008, 5.9155645, 4.1972895, 2.980016, 5.9048033, 2.5849626;
  2.0542798, 0.18415065, 0, 0, 0.71491611, 5.8405247, 4.2623644, 3.6132815, 5.8952122, 2.5849626;
  0.54822755, 0.14736508, 0, 0, 0.21310128, 4.0950818, 2.3319337, 2.9370432, 4.0999451, 1.7924813;
  1.9270947, 0.21310128, 0, 0, 1.2912763, 5.3384447, 3.2275505, 4.3312092, 5.3747721, 2.5849626;
  2.3100741, 0.18415065, 0, 0, 0.14736508, 5.9904709, 3.7396624, 3.3982396, 5.9885559, 2.5849626;
  0.78638923, 0.24984187, 0, 0, 0.14736508, 4.7913218, 2.6930799, 3.2427042, 4.7913218, 2.5849626;
  2.4960067, 0.24984187, 0, 0, 0.23908059, 5.8572736, 3.4730427, 3.8988955, 5.8338361, 2.5849626;
  1.9995493, 0.24984187, 0, 0, 0.25765437, 5.0314012, 3.265661, 3.607702, 5.0314012, 2.5849626;
  2.2477632, 0.21310128, 0, 0, 1.1957065, 6.1453724, 3.7386904, 4.6475792, 6.1800513, 2.5849626;
  3.585232, 0.34916618, 0, 0, 0, 5.1207333, 3.3805678, 3.4815533, 5.1457305, 2.5849626;
  0.97179615, 0.24984187, 0, 0, 0.22091378, 5.1179514, 3.2133877, 3.6662133, 5.1042414, 2.5849626;
  1.7768168, 0.25765437, 0, 0, 0.20528878, 5.4545259, 3.3543186, 3.5815825, 5.4764385, 2.5849626;
  2.3525884, 0.25765437, 0, 0, 0.42368886, 5.883779, 4.1528411, 3.4589195, 5.8503494, 2.5849626;
  1.1705472, 0.13955258, 0, 0, 0.32325506, 4.5080194, 3.4122641, 3.0161161, 4.5128832, 2.5849626;
  2.5915434, 0.29437232, 0, 0, 0.30468127, 5.8127842, 3.1165717, 3.8857543, 5.8020229, 2.5849626;
  1.612447, 0.13955258, 0, 0, 2.3764172, 5.7256927, 3.9654627, 5.2315164, 5.7865667, 2.5849626;
  1.6110137, 0.20528878, 0, 0, 0.45752725, 5.6387825, 4.0135574, 3.0905921, 5.6544075, 2.5849626;
  2.1594746, 0.24984187, 0, 0, 1.1037066, 5.8210244, 3.7207339, 4.4992695, 5.8913889, 2.5849626;
  1.9636538, 0.23908059, 0, 0, 1.1335341, 5.5970988, 3.7298057, 4.1938128, 5.6512952, 2.5849626;
  2.0395093, 0.13955258, 0, 0, 0.77584815, 5.7416954, 3.8914502, 3.6310334, 5.7754607, 2.5849626;
  1.6871004, 0, 0, 0, 0.89875662, 5.4700079, 4.4933152, 2.5365844, 5.5057316, 2.5849626;
  1.9856851, 0.24984187, 0, 0, 0.14736508, 5.3549781, 3.3409288, 3.8630393, 5.356492, 2.5849626;
  1.8401257, 0.18415065, 0, 0, 0.38443679, 5.6047025, 2.7102678, 4.140861, 5.5977712, 2.5849626;
  0.46199438, 0.11055713, 0, 0, 0.50540638, 4.5263209, 3.8228998, 2.2852871, 4.4999347, 2.5849626;
  2.8145616, 0.29437232, 0, 0, 0, 5.8044829, 3.7135456, 3.6355884, 5.8044829, 2.5849626;
  1.1575196, 0.22091378, 0, 0, 1.3618311, 5.1008458, 3.0834641, 4.5631309, 5.1399083, 2.5849626;
  1.2176573, 0.25765437, 0, 0, 0.54759008, 5.3705206, 3.1273835, 3.6474249, 5.3840208, 2.5849626;
  1.1590775, 0.24984187, 0, 0, 0.18415065, 5.0493088, 3.090306, 3.6448405, 5.0653238, 2.5849626;
  1.3845764, 0.23908059, 0, 0, 0.18415065, 4.0373716, 2.7543294, 3.198633, 4.0373716, 2.5849626;
  1.0906523, 0.18415065, 0, 0, 0.18415065, 4.6346993, 2.8081245, 3.3565538, 4.6346993, 2.5849626;
  1.3749123, 0.073726915, 0, 0, 0.65847421, 5.6837754, 3.1852329, 3.8684704, 5.6345053, 2.5849626]