1400	14	6
0	1	0.46478 0.92894 0.04952 0.35028 0.93186 0.38708 
1	1	0.32841 0.76425 0.17566 0.25955 0.80309 0.51517 
2	1	0.22420 0.83734 0.20229 0.19524 0.77757 0.58075 
3	1	0.37347 0.66770 0.07474 0.36856 0.87905 0.38202 
4	1	0.42780 0.61540 0.06020 0.39377 0.89739 0.34588 
5	1	0.15510 0.89104 0.16098 0.17452 0.80935 0.57705 
6	1	0.34638 0.82212 0.11712 0.27282 0.86427 0.48500 
7	1	0.21353 0.88820 0.13375 0.20029 0.82721 0.54645 
8	1	0.31800 0.85976 0.12124 0.24409 0.85452 0.51703 
9	1	0.28335 0.82840 0.16553 0.23784 0.81204 0.52705 
10	1	0.19417 0.91691 0.12881 0.16735 0.82588 0.59168 
11	1	0.26765 0.93411 0.06825 0.22704 0.89372 0.50257 
12	1	0.25931 0.95471 0.06411 0.21227 0.90098 0.50863 
13	1	0.35919 0.94430 0.03531 0.33206 0.95018 0.38124 
14	1	0.31792 0.95444 0.05159 0.23812 0.90924 0.49261 
15	1	0.35139 0.92610 0.04720 0.28530 0.91072 0.46040 
16	1	0.38063 0.94241 0.06303 0.25514 0.89565 0.49948 
17	1	0.27167 0.93506 0.07028 0.22504 0.88806 0.51433 
18	1	0.27840 0.90469 0.10952 0.23459 0.86150 0.50835 
19	1	0.43312 0.76851 0.03802 0.38531 0.92243 0.35241 
20	1	0.25865 0.88743 0.13422 0.22013 0.83643 0.51788 
21	1	0.36652 0.84892 0.09650 0.29688 0.87548 0.45388 
22	1	0.28149 0.81358 0.20889 0.18922 0.75223 0.59457 
23	1	0.28652 0.80968 0.15939 0.22052 0.79578 0.55694 
24	1	0.24652 0.88073 0.12899 0.22301 0.85275 0.51960 
25	1	0.37306 0.69730 0.07715 0.33187 0.88288 0.41719 
26	1	0.37162 0.83116 0.12836 0.27341 0.83082 0.50161 
27	1	0.18567 0.88741 0.16719 0.16023 0.78523 0.60990 
28	1	0.26496 0.94428 0.04665 0.25205 0.92772 0.46866 
29	1	0.43779 0.62834 0.10884 0.34057 0.85185 0.43194 
30	1	0.27200 0.83061 0.12840 0.24301 0.84708 0.52005 
31	1	0.35685 0.82819 0.05745 0.37116 0.92634 0.35822 
32	1	0.46068 0.69545 0.02598 0.43038 0.94197 0.29154 
33	1	0.29460 0.90271 0.09670 0.26344 0.89118 0.46324 
34	1	0.25559 0.90270 0.10877 0.22326 0.86200 0.51630 
35	1	0.33432 0.80358 0.08711 0.32745 0.88970 0.42117 
36	1	0.33619 0.81536 0.07996 0.31819 0.88539 0.42858 
37	1	0.17582 0.84527 0.28011 0.09157 0.60138 0.75969 
38	1	0.06114 0.90771 0.17910 0.05887 0.71133 0.78208 
39	1	0.10079 0.80660 0.32507 0.06859 0.57221 0.79067 
40	1	0.36444 0.66256 0.14134 0.24775 0.53628 0.54825 
41	1	0.34976 0.88344 0.15000 0.17955 0.62003 0.68580 
42	1	0.10788 0.89632 0.24343 0.04682 0.57089 0.84963 
43	1	0.11073 0.82552 0.26358 0.06204 0.42632 0.81089 
44	1	0.25801 0.83019 0.18424 0.12384 0.27106 0.71674 
45	1	0.13331 0.90087 0.18696 0.08445 0.65735 0.78273 
46	1	0.16614 0.78989 0.34112 0.07019 0.48597 0.80102 
47	1	0.22569 0.87001 0.21351 0.11637 0.67286 0.71836 
48	1	0.17891 0.79647 0.29291 0.10395 0.62107 0.71685 
49	1	0.08615 0.83743 0.30517 0.06293 0.57919 0.80547 
50	1	0.05794 0.83879 0.28607 0.06588 0.62031 0.76760 
51	1	0.28924 0.85669 0.24465 0.15017 0.60994 0.70655 
52	1	0.24726 0.83495 0.31172 0.12485 0.58327 0.74030 
53	1	0.25487 0.91423 0.18428 0.12013 0.68688 0.73914 
54	1	0.31409 0.87729 0.09929 0.17672 0.50280 0.63051 
55	1	0.42782 0.71289 0.24643 0.27503 0.70232 0.53181 
56	1	0.22780 0.91641 0.13111 0.14047 0.79261 0.64452 
57	1	0.37342 0.65506 0.47353 0.24025 0.56222 0.54918 
58	1	0.13772 0.93607 0.13584 0.10092 0.76725 0.71334 
59	1	0.28852 0.84264 0.31885 0.13743 0.61808 0.72004 
60	1	0.17462 0.70738 0.44139 0.12579 0.49003 0.69795 
61	1	0.18671 0.61794 0.46504 0.13351 0.41364 0.65149 
62	1	0.52793 0.82555 0.23492 0.33790 0.71844 0.52510 
63	1	0.39522 0.88680 0.19626 0.23005 0.73243 0.60147 
64	1	0.09356 0.79353 0.31425 0.08670 0.60232 0.72940 
65	1	0.24611 0.86150 0.24211 0.14276 0.63866 0.69135 
66	1	0.30004 0.75742 0.38049 0.15750 0.52158 0.69582 
67	1	0.18199 0.81413 0.30719 0.13036 0.59198 0.69800 
68	1	0.27134 0.82203 0.27645 0.17651 0.68205 0.61114 
69	1	0.12537 0.87949 0.20956 0.08882 0.62921 0.75010 
70	1	0.25890 0.93302 0.13560 0.14272 0.75782 0.66723 
71	1	0.23191 0.89807 0.19607 0.14642 0.69939 0.67121 
72	1	0.12816 0.90646 0.21418 0.07293 0.62822 0.79669 
73	1	0.17082 0.84703 0.29629 0.09178 0.57644 0.76225 
74	1	0.14535 0.87964 0.25185 0.09350 0.62835 0.75839 
75	1	0.21487 0.75168 0.36993 0.14978 0.54887 0.64037 
76	1	0.16790 0.86179 0.24297 0.11440 0.61959 0.71773 
77	1	0.19705 0.81466 0.32242 0.11708 0.57618 0.72878 
78	1	0.26833 0.93050 0.14624 0.13605 0.68992 0.71437 
79	1	0.34096 0.95305 0.08563 0.17233 0.75288 0.67499 
80	1	0.14022 0.80819 0.32728 0.09797 0.57186 0.74008 
81	1	0.18030 0.91731 0.17083 0.10308 0.70669 0.73845 
82	1	0.18293 0.90648 0.17648 0.08799 0.60394 0.76395 
83	1	0.22225 0.79379 0.33802 0.15105 0.60066 0.66246 
84	1	0.14667 0.72324 0.42654 0.11528 0.55713 0.68489 
85	1	0.18440 0.75437 0.35920 0.12157 0.56190 0.69161 
86	1	0.24959 0.82461 0.29025 0.12489 0.53352 0.72661 
87	1	0.24178 0.92304 0.20885 0.09832 0.62265 0.80447 
88	1	0.06938 0.92714 0.19315 0.04747 0.62527 0.83134 
89	1	0.18501 0.90072 0.19434 0.10794 0.66618 0.72708 
90	1	0.13230 0.62737 0.53024 0.11773 0.42306 0.68875 
91	1	0.20996 0.88094 0.24105 0.10525 0.61196 0.76681 
92	1	0.30568 0.96617 0.06266 0.15511 0.77974 0.66680 
93	1	0.14884 0.93004 0.20108 0.06751 0.64844 0.82127 
94	1	0.19955 0.94094 0.13579 0.11861 0.71285 0.72530 
95	1	0.13186 0.92431 0.19800 0.06782 0.65038 0.81239 
96	1	0.07878 0.92137 0.16899 0.05430 0.65459 0.80743 
97	1	0.10323 0.92665 0.16988 0.06773 0.65451 0.78853 
98	1	0.10321 0.90565 0.18945 0.07100 0.67860 0.76477 
99	1	0.08594 0.93567 0.18368 0.03985 0.63524 0.84750 
100	2	0.33798 0.87249 0.08563 0.27967 0.78705 0.52310 
101	2	0.39186 0.86222 0.15685 0.23368 0.69024 0.63788 
102	2	0.34176 0.85861 0.15726 0.20602 0.68186 0.64863 
103	2	0.41526 0.85977 0.15106 0.25012 0.66959 0.62090 
104	2	0.35753 0.86216 0.10263 0.26993 0.76232 0.55845 
105	2	0.29831 0.87566 0.11599 0.19606 0.61280 0.64256 
106	2	0.21064 0.82430 0.24794 0.10401 0.52530 0.80476 
107	2	0.21864 0.86239 0.17099 0.12966 0.59057 0.74607 
108	2	0.37010 0.72687 0.22811 0.20799 0.58649 0.68442 
109	2	0.40577 0.70934 0.28262 0.23035 0.51991 0.68665 
110	2	0.42232 0.83262 0.16356 0.24732 0.71489 0.61592 
111	2	0.25777 0.86742 0.12873 0.14336 0.58378 0.70837 
112	2	0.40919 0.75668 0.22912 0.22106 0.57054 0.68049 
113	2	0.36313 0.67651 0.37487 0.17942 0.45120 0.74899 
114	2	0.26458 0.80137 0.20299 0.13770 0.48840 0.73749 
115	2	0.15159 0.77942 0.43532 0.04842 0.35215 0.89322 
116	2	0.23033 0.82197 0.29059 0.09503 0.47549 0.82838 
117	2	0.42622 0.82286 0.15870 0.24093 0.54613 0.65066 
118	2	0.15154 0.81474 0.38480 0.05027 0.40179 0.88979 
119	2	0.10765 0.76370 0.54209 0.04589 0.30642 0.89716 
120	2	0.19787 0.71223 0.52294 0.06228 0.30554 0.90890 
121	2	0.15168 0.70104 0.64095 0.04626 0.25555 0.90483 
122	2	0.15260 0.71481 0.50552 0.04936 0.33430 0.90349 
123	2	0.18803 0.71476 0.58960 0.06417 0.29045 0.88686 
124	2	0.17459 0.72012 0.58579 0.07362 0.31347 0.85434 
125	2	0.28872 0.72904 0.38521 0.12387 0.43577 0.81181 
126	2	0.32046 0.78991 0.24660 0.16028 0.56965 0.73431 
127	2	0.25787 0.67762 0.31089 0.14406 0.53742 0.73725 
128	2	0.10345 0.87260 0.27984 0.04366 0.49848 0.88139 
129	2	0.19267 0.83711 0.29341 0.08393 0.51883 0.82957 
130	2	0.11048 0.80020 0.29719 0.07387 0.48883 0.83342 
131	2	0.20787 0.84284 0.28172 0.08694 0.52029 0.83836 
132	2	0.22351 0.70017 0.32525 0.12216 0.47187 0.76826 
133	2	0.26259 0.76123 0.31030 0.12519 0.53339 0.77990 
134	2	0.21900 0.73088 0.37909 0.10125 0.51293 0.79617 
135	2	0.11356 0.76893 0.28255 0.07013 0.47512 0.83114 
136	2	0.13946 0.76052 0.28824 0.08680 0.48584 0.80535 
137	2	0.24324 0.69487 0.35123 0.12148 0.50946 0.76700 
138	2	0.23145 0.84802 0.16262 0.14209 0.65410 0.70401 
139	2	0.11538 0.94927 0.12542 0.08719 0.64435 0.75128 
140	2	0.13911 0.80231 0.37755 0.05682 0.40770 0.88422 
141	2	0.21682 0.74157 0.42695 0.07844 0.35892 0.87274 
142	2	0.23614 0.82760 0.34535 0.08808 0.47462 0.84599 
143	2	0.10630 0.81946 0.34645 0.04856 0.43999 0.89111 
144	2	0.16458 0.84785 0.32198 0.06719 0.45439 0.87300 
145	2	0.17764 0.85631 0.34241 0.07089 0.43241 0.85670 
146	2	0.45079 0.75981 0.27045 0.26007 0.52994 0.64684 
147	2	0.25611 0.79151 0.35713 0.09570 0.39294 0.85800 
148	2	0.22247 0.75057 0.46949 0.10944 0.38984 0.77381 
149	2	0.26386 0.79903 0.37865 0.12241 0.42207 0.78416 
150	2	0.14765 0.75600 0.51706 0.06251 0.32332 0.87099 
151	2	0.17009 0.72793 0.51349 0.09674 0.35459 0.79566 
152	2	0.36610 0.71746 0.45120 0.19776 0.41305 0.70032 
153	2	0.41143 0.74592 0.39426 0.23225 0.46943 0.67174 
154	2	0.47677 0.75701 0.29129 0.29266 0.58223 0.57594 
155	2	0.34586 0.74704 0.40026 0.18476 0.45581 0.70062 
156	2	0.18879 0.73129 0.48601 0.11060 0.39735 0.77622 
157	2	0.11398 0.77874 0.45412 0.08029 0.41498 0.82241 
158	2	0.12577 0.73495 0.55300 0.07630 0.31857 0.84020 
159	2	0.26354 0.72271 0.48520 0.12845 0.42452 0.76473 
160	2	0.36085 0.74759 0.41247 0.20456 0.53937 0.64580 
161	2	0.30208 0.67204 0.51865 0.16231 0.36542 0.71800 
162	2	0.19213 0.65005 0.70077 0.06880 0.20876 0.88268 
163	2	0.10231 0.71720 0.54977 0.06344 0.32255 0.85808 
164	2	0.19701 0.50583 0.69390 0.07396 0.08066 0.84592 
165	2	0.19708 0.71496 0.51832 0.11134 0.35944 0.76832 
166	2	0.37422 0.71849 0.32594 0.21365 0.46130 0.67080 
167	2	0.23191 0.72189 0.42963 0.11916 0.34651 0.79325 
168	2	0.50151 0.62679 0.29711 0.30414 0.39792 0.60663 
169	2	0.27838 0.72464 0.38098 0.15146 0.37098 0.75297 
170	2	0.50377 0.64052 0.36319 0.30064 0.40688 0.62730 
171	2	0.51231 0.72795 0.23823 0.32779 0.54077 0.56691 
172	2	0.42148 0.66197 0.30385 0.25884 0.45497 0.61711 
173	2	0.43529 0.63227 0.20467 0.29860 0.57119 0.53758 
174	2	0.37046 0.69755 0.29965 0.22689 0.50861 0.63514 
175	2	0.39418 0.68153 0.24287 0.25534 0.49068 0.60640 
176	2	0.40802 0.62648 0.26876 0.24942 0.42600 0.62490 
177	2	0.42876 0.73498 0.25936 0.26706 0.54497 0.59915 
178	2	0.30845 0.72835 0.25982 0.20489 0.45853 0.65312 
179	2	0.31823 0.71285 0.26100 0.20952 0.46219 0.64659 
180	2	0.33710 0.75029 0.24521 0.21974 0.56054 0.62510 
181	2	0.34893 0.71640 0.27442 0.21772 0.45858 0.64550 
182	2	0.38399 0.68973 0.28226 0.23968 0.51003 0.61726 
183	2	0.29152 0.77767 0.24311 0.19840 0.49370 0.65018 
184	2	0.46478 0.73025 0.20542 0.28219 0.45042 0.58807 
185	2	0.34659 0.69105 0.17223 0.23246 0.39157 0.60297 
186	2	0.49634 0.74596 0.18446 0.32649 0.56443 0.53791 
187	2	0.51394 0.74855 0.23730 0.32561 0.51285 0.55952 
188	2	0.49121 0.74777 0.20255 0.31436 0.53109 0.55849 
189	2	0.38257 0.74474 0.24821 0.22769 0.47068 0.65371 
190	2	0.37566 0.78014 0.24227 0.23001 0.49242 0.64273 
191	2	0.37240 0.77156 0.25820 0.23761 0.51072 0.62025 
192	2	0.23199 0.70171 0.27324 0.19077 0.41068 0.65846 
193	2	0.36439 0.75747 0.20658 0.23655 0.49472 0.61685 
194	2	0.41032 0.67706 0.21316 0.26710 0.49891 0.58544 
195	2	0.45233 0.68940 0.27048 0.27139 0.44771 0.63044 
196	2	0.14163 0.84518 0.34559 0.08745 0.42704 0.77776 
197	2	0.26152 0.79627 0.43185 0.12067 0.44347 0.75264 
198	2	0.22713 0.83058 0.41177 0.10484 0.49504 0.77756 
199	2	0.24776 0.87404 0.34412 0.11555 0.50327 0.76684 
200	3	0.22262 0.69027 0.47755 0.13052 0.54101 0.72241 
201	3	0.17967 0.45565 0.80995 0.10094 0.24739 0.78885 
202	3	0.14336 0.58097 0.63137 0.08286 0.37615 0.79310 
203	3	0.10949 0.63042 0.58896 0.07474 0.40917 0.81408 
204	3	0.20427 0.48173 0.74896 0.10155 0.31330 0.76931 
205	3	0.18760 0.72461 0.48412 0.12568 0.46127 0.76277 
206	3	0.16009 0.59505 0.63001 0.07548 0.35240 0.83743 
207	3	0.36125 0.43425 0.65661 0.17965 0.35663 0.73276 
208	3	0.39033 0.44105 0.60119 0.20433 0.42555 0.71588 
209	3	0.29780 0.38578 0.75095 0.13657 0.28304 0.77896 
210	3	0.22369 0.37449 0.72056 0.10660 0.30117 0.79617 
211	3	0.24540 0.43334 0.68525 0.12231 0.35536 0.75827 
212	3	0.20867 0.51236 0.67608 0.09308 0.29751 0.81852 
213	3	0.23320 0.50968 0.63605 0.11003 0.31998 0.79861 
214	3	0.25997 0.42199 0.73173 0.11845 0.30311 0.78237 
215	3	0.20433 0.46753 0.74881 0.09803 0.30050 0.79203 
216	3	0.13242 0.66483 0.57986 0.07777 0.38020 0.83589 
217	3	0.17657 0.50079 0.74854 0.08479 0.26801 0.82733 
218	3	0.12810 0.64709 0.52002 0.08490 0.44619 0.80018 
219	3	0.06204 0.67854 0.65862 0.02552 0.27429 0.93541 
220	3	0.15923 0.56978 0.72236 0.07526 0.27168 0.83086 
221	3	0.19158 0.80466 0.36203 0.10451 0.50924 0.80073 
222	3	0.21788 0.84117 0.30105 0.11181 0.55148 0.79153 
223	3	0.31164 0.90983 0.18869 0.14949 0.53359 0.76211 
224	3	0.18509 0.87206 0.24950 0.07793 0.43766 0.83502 
225	3	0.30934 0.91814 0.09227 0.22856 0.74445 0.61735 
226	3	0.33644 0.90053 0.13211 0.23617 0.72254 0.63238 
227	3	0.34755 0.89742 0.10227 0.25133 0.76925 0.58564 
228	3	0.46486 0.86062 0.11436 0.31900 0.76004 0.54623 
229	3	0.36154 0.73412 0.42325 0.17628 0.42505 0.77027 
230	3	0.27902 0.82844 0.31773 0.11516 0.47721 0.81886 
231	3	0.27030 0.81902 0.32276 0.10304 0.38585 0.84712 
232	3	0.19998 0.84161 0.31223 0.07014 0.40755 0.86364 
233	3	0.20057 0.88284 0.25329 0.07216 0.44096 0.85032 
234	3	0.35714 0.87015 0.23977 0.16315 0.41297 0.77966 
235	3	0.20578 0.87452 0.21736 0.08391 0.38674 0.83469 
236	3	0.15459 0.89613 0.16842 0.10802 0.39823 0.79274 
237	3	0.56059 0.83725 0.11199 0.36711 0.68179 0.55832 
238	3	0.39389 0.87227 0.10671 0.23767 0.71663 0.62512 
239	3	0.32175 0.90093 0.13487 0.19097 0.67322 0.69478 
240	3	0.30438 0.88621 0.15527 0.18072 0.65774 0.70911 
241	3	0.22408 0.87900 0.15474 0.13915 0.49600 0.73458 
242	3	0.34496 0.86225 0.19442 0.16943 0.36592 0.74078 
243	3	0.18304 0.87864 0.20088 0.08570 0.38623 0.81541 
244	3	0.16284 0.87805 0.23140 0.07281 0.39199 0.83859 
245	3	0.20872 0.88732 0.12467 0.15814 0.59389 0.70470 
246	3	0.21676 0.87495 0.18702 0.12108 0.42395 0.77768 
247	3	0.11871 0.91815 0.15300 0.08269 0.56064 0.80616 
248	3	0.20250 0.85985 0.21001 0.10207 0.47301 0.80461 
249	3	0.16857 0.85013 0.26394 0.10380 0.42385 0.81877 
250	3	0.23802 0.82869 0.22180 0.10875 0.35871 0.80022 
251	3	0.19994 0.84675 0.20408 0.09826 0.25447 0.80508 
252	3	0.16201 0.87982 0.18077 0.10757 0.42952 0.79397 
253	3	0.18342 0.87705 0.15091 0.12441 0.37482 0.76606 
254	3	0.20170 0.89364 0.17760 0.13665 0.48686 0.77505 
255	3	0.18759 0.87332 0.19047 0.13037 0.40072 0.79198 
256	3	0.22687 0.88553 0.18875 0.15339 0.61945 0.75649 
257	3	0.31538 0.86319 0.25481 0.17270 0.53373 0.77121 
258	3	0.33869 0.89327 0.13192 0.21325 0.73315 0.66436 
259	3	0.31249 0.90773 0.15575 0.18011 0.67600 0.71609 
260	3	0.30508 0.90684 0.10259 0.20721 0.76389 0.64857 
261	3	0.56870 0.88669 0.10091 0.38220 0.75989 0.54579 
262	3	0.46175 0.87245 0.09807 0.29004 0.72851 0.58079 
263	3	0.31812 0.90103 0.11420 0.18722 0.64880 0.68370 
264	3	0.29418 0.89390 0.13631 0.18052 0.59689 0.69244 
265	3	0.21997 0.89477 0.17278 0.12278 0.53690 0.76955 
266	3	0.37082 0.87212 0.09690 0.24192 0.72997 0.60577 
267	3	0.51175 0.89060 0.09351 0.32943 0.72563 0.56284 
268	3	0.46368 0.87047 0.08958 0.30109 0.75955 0.55243 
269	3	0.53487 0.86706 0.08165 0.35025 0.73720 0.53397 
270	3	0.63669 0.89562 0.04403 0.45500 0.78494 0.45374 
271	3	0.60931 0.90143 0.03820 0.42692 0.79923 0.45819 
272	3	0.29064 0.88602 0.03877 0.22862 0.68265 0.57062 
273	3	0.29778 0.91778 0.03960 0.21132 0.68797 0.59683 
274	3	0.30981 0.90541 0.03595 0.23254 0.77245 0.55664 
275	3	0.30220 0.85286 0.04899 0.24593 0.75300 0.55029 
276	3	0.26768 0.89562 0.03325 0.21560 0.69739 0.58583 
277	3	0.51269 0.87538 0.04719 0.31685 0.62930 0.56113 
278	3	0.25618 0.87741 0.03625 0.22152 0.76969 0.56478 
279	3	0.29813 0.89102 0.06532 0.21721 0.71949 0.59920 
280	3	0.23794 0.87863 0.05280 0.18743 0.60789 0.62725 
281	3	0.58379 0.90071 0.04248 0.39030 0.63011 0.51138 
282	3	0.64692 0.91426 0.03359 0.46508 0.76492 0.45072 
283	3	0.62720 0.89185 0.03464 0.44581 0.76224 0.44530 
284	3	0.63418 0.87148 0.05059 0.45467 0.79179 0.44270 
285	3	0.60810 0.88762 0.05335 0.41974 0.72984 0.49327 
286	3	0.65585 0.89370 0.04746 0.47366 0.73430 0.46058 
287	3	0.49159 0.88885 0.06954 0.32140 0.76103 0.53787 
288	3	0.41157 0.86653 0.09898 0.25323 0.72098 0.62499 
289	3	0.38837 0.85942 0.07801 0.24774 0.73567 0.59403 
290	3	0.56813 0.89333 0.06811 0.37975 0.71035 0.51529 
291	3	0.31374 0.91711 0.04079 0.21835 0.71190 0.59657 
292	3	0.65278 0.85473 0.05987 0.46611 0.67992 0.49606 
293	3	0.56606 0.83021 0.09099 0.37389 0.69425 0.54126 
294	3	0.35637 0.86720 0.10446 0.23135 0.73437 0.61393 
295	3	0.34967 0.82771 0.12201 0.21894 0.65533 0.65130 
296	3	0.31030 0.86580 0.12702 0.20426 0.67433 0.66155 
297	3	0.17346 0.86865 0.22735 0.12241 0.58302 0.79888 
298	3	0.51124 0.90608 0.08337 0.32550 0.75614 0.56743 
299	3	0.54429 0.91395 0.07047 0.35538 0.76870 0.54369 
300	4	0.48663 0.97411 0.04682 0.37374 0.87964 0.41167 
301	4	0.68046 0.96929 0.02450 0.55280 0.93968 0.26687 
302	4	0.42823 0.97644 0.08189 0.29306 0.80382 0.52882 
303	4	0.48762 0.98266 0.05788 0.34660 0.84285 0.45949 
304	4	0.50718 0.98927 0.03730 0.37319 0.93320 0.41884 
305	4	0.55163 0.98352 0.06283 0.38624 0.85670 0.45773 
306	4	0.65019 0.98108 0.04768 0.48515 0.88055 0.39737 
307	4	0.32371 0.98472 0.05321 0.30343 0.83723 0.47180 
308	4	0.28209 0.98559 0.06422 0.26201 0.83713 0.52832 
309	4	0.63408 0.98053 0.04314 0.47524 0.89056 0.37360 
310	4	0.75051 0.97660 0.01642 0.62919 0.95186 0.22679 
311	4	0.73519 0.97726 0.01996 0.61320 0.94952 0.22954 
312	4	0.73736 0.97847 0.02327 0.61071 0.94320 0.24520 
313	4	0.65185 0.97591 0.04094 0.49964 0.90123 0.35411 
314	4	0.67929 0.96973 0.03954 0.52752 0.90154 0.33220 
315	4	0.59237 0.98320 0.05345 0.43005 0.85712 0.42412 
316	4	0.48759 0.97427 0.04217 0.36730 0.85279 0.42721 
317	4	0.62573 0.97780 0.04839 0.46583 0.87826 0.38079 
318	4	0.60492 0.98198 0.04940 0.44889 0.86423 0.38215 
319	4	0.41536 0.97822 0.07080 0.31043 0.83874 0.49442 
320	4	0.59317 0.97871 0.05982 0.42696 0.87082 0.42880 
321	4	0.49293 0.98199 0.06288 0.34562 0.83458 0.47301 
322	4	0.47034 0.99128 0.08060 0.30030 0.83671 0.54574 
323	4	0.33425 0.98083 0.11163 0.22341 0.78220 0.61742 
324	4	0.48930 0.98107 0.04519 0.35995 0.87509 0.44916 
325	4	0.53325 0.97620 0.06198 0.38318 0.88688 0.44633 
326	4	0.60146 0.98035 0.05207 0.44306 0.87642 0.39574 
327	4	0.52994 0.98283 0.06550 0.36449 0.85856 0.47716 
328	4	0.66053 0.98112 0.05456 0.49880 0.88272 0.38222 
329	4	0.37822 0.97564 0.12219 0.23346 0.76116 0.61018 
330	4	0.78254 0.97522 0.07296 0.64427 0.88741 0.32021 
331	4	0.69236 0.98233 0.08953 0.52088 0.87716 0.40458 
332	4	0.73568 0.97757 0.06858 0.57766 0.85991 0.36835 
333	4	0.70649 0.98034 0.08811 0.53737 0.83878 0.40704 
334	4	0.62348 0.98331 0.10865 0.43136 0.82080 0.50862 
335	4	0.65234 0.97828 0.09084 0.46968 0.84145 0.45724 
336	4	0.43585 0.98795 0.07247 0.27683 0.86953 0.53337 
337	4	0.54952 0.98768 0.07024 0.37221 0.87075 0.47942 
338	4	0.54901 0.98440 0.06945 0.36462 0.87171 0.48951 
339	4	0.47929 0.98242 0.08624 0.30842 0.85372 0.52732 
340	4	0.60617 0.98468 0.08434 0.41970 0.85913 0.46583 
341	4	0.58193 0.98439 0.08571 0.39810 0.87064 0.47629 
342	4	0.49721 0.98547 0.10140 0.30729 0.82464 0.56958 
343	4	0.54751 0.98942 0.04728 0.37640 0.91295 0.43980 
344	4	0.54995 0.98509 0.08183 0.36628 0.84785 0.49888 
345	4	0.54695 0.98447 0.06843 0.37356 0.88459 0.44928 
346	4	0.62423 0.98046 0.07272 0.44928 0.86862 0.43017 
347	4	0.62184 0.98422 0.07901 0.43317 0.82563 0.46999 
348	4	0.58385 0.98442 0.06773 0.39666 0.87611 0.47114 
349	4	0.55234 0.98527 0.07275 0.36930 0.86516 0.47899 
350	4	0.52967 0.98388 0.10059 0.32788 0.82389 0.57736 
351	4	0.54288 0.97922 0.09937 0.34576 0.81266 0.54758 
352	4	0.49298 0.98889 0.05660 0.31393 0.86056 0.50624 
353	4	0.61709 0.98423 0.04743 0.43647 0.86253 0.42252 
354	4	0.53613 0.98374 0.06424 0.36073 0.86328 0.46942 
355	4	0.69112 0.98860 0.03272 0.53075 0.89093 0.33785 
356	4	0.63856 0.98345 0.08735 0.45085 0.80341 0.46861 
357	4	0.64568 0.97703 0.10395 0.46203 0.84098 0.45393 
358	4	0.70864 0.98068 0.06888 0.54112 0.84960 0.38875 
359	4	0.73352 0.97958 0.06736 0.57421 0.85020 0.37167 
360	4	0.70793 0.98582 0.06005 0.53984 0.86020 0.39571 
361	4	0.43991 0.98280 0.08131 0.28219 0.86669 0.53705 
362	4	0.70218 0.98030 0.06599 0.53173 0.83299 0.40699 
363	4	0.63642 0.97541 0.06686 0.45563 0.82612 0.45124 
364	4	0.70001 0.97234 0.08778 0.52965 0.81761 0.39844 
365	4	0.69746 0.97913 0.06853 0.52582 0.80869 0.41711 
366	4	0.72397 0.97944 0.06025 0.56011 0.84081 0.39550 
367	4	0.73879 0.97706 0.07552 0.58012 0.82311 0.38181 
368	4	0.68744 0.98183 0.06954 0.51278 0.84065 0.41743 
369	4	0.63317 0.97986 0.06483 0.44889 0.80449 0.45311 
370	4	0.65941 0.97234 0.07409 0.48072 0.81551 0.42603 
371	4	0.69401 0.98496 0.04645 0.52789 0.86258 0.36563 
372	4	0.65441 0.98995 0.03632 0.47955 0.85900 0.39694 
373	4	0.64244 0.98815 0.03997 0.46540 0.85948 0.40272 
374	4	0.60734 0.98960 0.03183 0.43206 0.86154 0.40469 
375	4	0.61554 0.98596 0.04320 0.43698 0.85331 0.40962 
376	4	0.66664 0.98790 0.03915 0.49579 0.85982 0.37528 
377	4	0.65874 0.99008 0.02954 0.48719 0.86688 0.37275 
378	4	0.69933 0.98651 0.05429 0.53176 0.86806 0.38254 
379	4	0.64797 0.99658 0.03392 0.47200 0.87686 0.39420 
380	4	0.53472 0.97958 0.08445 0.34589 0.81859 0.51657 
381	4	0.67163 0.98087 0.07110 0.49217 0.84629 0.44360 
382	4	0.71318 0.98233 0.06050 0.54811 0.88180 0.38701 
383	4	0.67785 0.98383 0.05911 0.50184 0.85862 0.41716 
384	4	0.67622 0.98109 0.05615 0.50224 0.85038 0.40230 
385	4	0.58285 0.98096 0.08897 0.39157 0.81251 0.50197 
386	4	0.38559 0.95560 0.16211 0.23951 0.76547 0.59816 
387	4	0.33951 0.96531 0.13700 0.19282 0.76883 0.65317 
388	4	0.53047 0.93825 0.17155 0.33345 0.72996 0.56780 
389	4	0.46206 0.95776 0.08317 0.30277 0.82884 0.48515 
390	4	0.23831 0.97218 0.11831 0.17057 0.79597 0.64920 
391	4	0.40051 0.97443 0.07483 0.26527 0.85564 0.51403 
392	4	0.43074 0.98739 0.07879 0.26613 0.83158 0.55084 
393	4	0.39720 0.98560 0.05395 0.28670 0.86634 0.48425 
394	4	0.44384 0.98628 0.08303 0.27568 0.84662 0.54524 
395	4	0.28390 0.98709 0.09089 0.17449 0.83058 0.61689 
396	4	0.27666 0.98785 0.08327 0.17581 0.85667 0.59816 
397	4	0.36532 0.98345 0.11120 0.19151 0.78084 0.66099 
398	4	0.54980 0.97520 0.09508 0.35294 0.79228 0.53468 
399	4	0.39690 0.97449 0.02563 0.36177 0.85682 0.37917 
400	5	0.35710 0.98084 0.12197 0.19141 0.64603 0.68235 
401	5	0.31006 0.96905 0.16002 0.16233 0.63430 0.70005 
402	5	0.36903 0.97353 0.17671 0.19851 0.68805 0.69599 
403	5	0.38713 0.98637 0.15211 0.24068 0.80364 0.61941 
404	5	0.39885 0.97287 0.18222 0.23013 0.75492 0.65882 
405	5	0.39180 0.97600 0.19394 0.21500 0.71501 0.70716 
406	5	0.52992 0.97128 0.10899 0.34546 0.71666 0.53301 
407	5	0.57572 0.97229 0.10146 0.39660 0.77351 0.48062 
408	5	0.66629 0.97694 0.09279 0.50837 0.87742 0.38303 
409	5	0.42016 0.94988 0.18490 0.30936 0.76717 0.50679 
410	5	0.45608 0.94741 0.17740 0.25110 0.71103 0.69019 
411	5	0.56622 0.91094 0.20268 0.38397 0.75159 0.50369 
412	5	0.40148 0.94897 0.22450 0.21822 0.69551 0.69025 
413	5	0.47270 0.94511 0.15697 0.32419 0.80206 0.50799 
414	5	0.42753 0.93778 0.20394 0.24819 0.72068 0.62807 
415	5	0.39053 0.91915 0.22118 0.22318 0.68302 0.63143 
416	5	0.39716 0.93451 0.17612 0.25903 0.75324 0.54986 
417	5	0.27478 0.93354 0.25467 0.13057 0.66446 0.75426 
418	5	0.26226 0.97247 0.19328 0.14085 0.72120 0.72985 
419	5	0.39693 0.95750 0.14457 0.29880 0.82113 0.50911 
420	5	0.36913 0.96785 0.13525 0.28297 0.83239 0.52283 
421	5	0.38857 0.96793 0.15577 0.24913 0.78977 0.60422 
422	5	0.38799 0.95611 0.17464 0.23752 0.76785 0.60848 
423	5	0.31442 0.96508 0.18225 0.17855 0.74028 0.70016 
424	5	0.46668 0.94587 0.14661 0.32642 0.81380 0.49511 
425	5	0.38277 0.95938 0.13846 0.28622 0.82246 0.52477 
426	5	0.39782 0.95373 0.15671 0.28297 0.80097 0.53666 
427	5	0.41201 0.95523 0.14395 0.27688 0.79064 0.54359 
428	5	0.38592 0.94629 0.23957 0.20158 0.67421 0.71309 
429	5	0.44688 0.94774 0.15169 0.30841 0.80744 0.51530 
430	5	0.41720 0.95240 0.15199 0.29670 0.80484 0.51129 
431	5	0.29422 0.96504 0.16100 0.21221 0.77847 0.61726 
432	5	0.24714 0.96235 0.17735 0.18776 0.74711 0.65731 
433	5	0.28414 0.96678 0.19118 0.18034 0.79158 0.67111 
434	5	0.42596 0.95851 0.14375 0.33528 0.86876 0.44496 
435	5	0.41571 0.95790 0.12979 0.33039 0.88165 0.43936 
436	5	0.34950 0.95020 0.14464 0.32581 0.87990 0.43798 
437	5	0.35031 0.96525 0.18933 0.22077 0.79864 0.61841 
438	5	0.50584 0.93725 0.17746 0.36750 0.84019 0.45003 
439	5	0.41643 0.94836 0.16360 0.33733 0.83654 0.45923 
440	5	0.41179 0.95859 0.17351 0.27927 0.83639 0.54997 
441	5	0.38244 0.96245 0.19772 0.24297 0.78765 0.60396 
442	5	0.37699 0.96944 0.16755 0.26919 0.80964 0.56560 
443	5	0.43624 0.95447 0.15470 0.34466 0.85459 0.45183 
444	5	0.19665 0.96946 0.22730 0.12807 0.72070 0.75480 
445	5	0.34574 0.95175 0.14719 0.31194 0.84645 0.47586 
446	5	0.39713 0.95192 0.14703 0.34130 0.87211 0.42300 
447	5	0.48007 0.95856 0.14197 0.36510 0.85956 0.44078 
448	5	0.21107 0.95541 0.22691 0.14834 0.72059 0.73810 
449	5	0.29924 0.96548 0.19720 0.17776 0.76453 0.68341 
450	5	0.39314 0.96369 0.21102 0.24330 0.77499 0.62765 
451	5	0.37478 0.94812 0.21170 0.26135 0.77659 0.56906 
452	5	0.48894 0.93974 0.18592 0.35995 0.82636 0.46586 
453	5	0.37534 0.95495 0.19639 0.27834 0.80527 0.54995 
454	5	0.35953 0.94542 0.17241 0.32732 0.84869 0.46482 
455	5	0.32004 0.96269 0.22753 0.20543 0.74118 0.66498 
456	5	0.29531 0.95849 0.21511 0.21197 0.76731 0.64044 
457	5	0.34520 0.95843 0.17981 0.27857 0.81269 0.54149 
458	5	0.39393 0.96112 0.17948 0.28037 0.82382 0.53902 
459	5	0.43212 0.96523 0.15607 0.30269 0.84712 0.50496 
460	5	0.33207 0.96133 0.16781 0.25815 0.81812 0.56527 
461	5	0.54497 0.98750 0.04424 0.39561 0.78637 0.42487 
462	5	0.65597 0.98402 0.07991 0.46921 0.76901 0.49561 
463	5	0.60177 0.99102 0.09215 0.40253 0.76839 0.56113 
464	5	0.57568 0.99020 0.04151 0.41435 0.76817 0.43721 
465	5	0.63714 0.97944 0.11070 0.44486 0.77693 0.52254 
466	5	0.51667 0.99231 0.10063 0.31468 0.79441 0.62136 
467	5	0.44903 0.99566 0.08729 0.26401 0.78590 0.63491 
468	5	0.48051 0.98495 0.04239 0.35557 0.77132 0.45181 
469	5	0.48017 0.98148 0.08620 0.30854 0.77201 0.57395 
470	5	0.44441 0.98442 0.04506 0.33655 0.77694 0.46214 
471	5	0.56585 0.98342 0.04640 0.40767 0.76622 0.42739 
472	5	0.60005 0.98340 0.08086 0.41158 0.76493 0.50345 
473	5	0.63730 0.99005 0.09606 0.44777 0.80147 0.49947 
474	5	0.68692 0.99225 0.09101 0.50813 0.83155 0.47610 
475	5	0.54608 0.98790 0.04097 0.39087 0.77021 0.44798 
476	5	0.65708 0.98284 0.05522 0.48435 0.74880 0.41792 
477	5	0.85588 0.97795 0.05968 0.75439 0.90504 0.24849 
478	5	0.66810 0.98845 0.04850 0.50165 0.78573 0.39488 
479	5	0.56071 0.98673 0.10263 0.35983 0.76703 0.59105 
480	5	0.56181 0.99562 0.06094 0.37827 0.80021 0.51740 
481	5	0.46700 0.99609 0.08756 0.27467 0.79498 0.63372 
482	5	0.29845 0.98529 0.09254 0.20113 0.76933 0.65573 
483	5	0.55561 0.98636 0.04082 0.41958 0.88345 0.40125 
484	5	0.28402 0.97805 0.06272 0.26672 0.81189 0.53945 
485	5	0.45447 0.98212 0.04102 0.36568 0.91052 0.42093 
486	5	0.43286 0.98404 0.06901 0.32482 0.85562 0.49390 
487	5	0.32026 0.98292 0.06416 0.26189 0.85150 0.54601 
488	5	0.28537 0.98849 0.10265 0.20898 0.81214 0.63978 
489	5	0.35002 0.99004 0.06178 0.27458 0.84323 0.53660 
490	5	0.56089 0.98239 0.04410 0.41838 0.85735 0.40714 
491	5	0.40330 0.99333 0.07091 0.27935 0.83264 0.57584 
492	5	0.33750 0.98112 0.10841 0.23313 0.81746 0.62727 
493	5	0.30111 0.98365 0.10406 0.20433 0.79288 0.65768 
494	5	0.36372 0.98771 0.10205 0.22400 0.77522 0.65524 
495	5	0.37791 0.98339 0.07984 0.25783 0.80741 0.57195 
496	5	0.40185 0.98721 0.07283 0.28604 0.79879 0.55069 
497	5	0.24321 0.98751 0.19390 0.08275 0.66248 0.89441 
498	5	0.26696 0.98201 0.21865 0.09591 0.64109 0.89513 
499	5	0.45973 0.99166 0.11966 0.25223 0.75900 0.69732 
500	6	0.26688 0.84124 0.27216 0.14272 0.47391 0.65859 
501	6	0.18219 0.94317 0.16966 0.14393 0.61058 0.66344 
502	6	0.22435 0.94412 0.16945 0.16227 0.66944 0.64269 
503	6	0.22695 0.94389 0.17072 0.16221 0.68292 0.64012 
504	6	0.23424 0.88797 0.16155 0.15713 0.54893 0.65115 
505	6	0.27299 0.75495 0.14579 0.20159 0.62663 0.56039 
506	6	0.20136 0.82979 0.16524 0.15877 0.60894 0.62399 
507	6	0.18907 0.83462 0.14825 0.15009 0.60124 0.64403 
508	6	0.13133 0.87329 0.17794 0.11138 0.55213 0.71160 
509	6	0.37780 0.80147 0.10531 0.27253 0.62705 0.50559 
510	6	0.47255 0.79764 0.09846 0.28537 0.44904 0.54328 
511	6	0.34991 0.84313 0.12040 0.20620 0.51321 0.59890 
512	6	0.39788 0.77906 0.14519 0.23364 0.46861 0.58676 
513	6	0.33901 0.82952 0.17443 0.20693 0.53611 0.60404 
514	6	0.26812 0.72582 0.06660 0.24288 0.70914 0.48721 
515	6	0.32950 0.70261 0.12559 0.31504 0.71153 0.44907 
516	6	0.50029 0.65347 0.07528 0.32741 0.46060 0.47192 
517	6	0.17916 0.68891 0.20610 0.13340 0.44549 0.66324 
518	6	0.30573 0.82338 0.13647 0.25356 0.63981 0.53825 
519	6	0.61749 0.81815 0.08826 0.43468 0.58639 0.43515 
520	6	0.21877 0.69274 0.24945 0.17550 0.56397 0.61539 
521	6	0.26109 0.70779 0.22554 0.22280 0.55570 0.57960 
522	6	0.23461 0.80660 0.19269 0.15611 0.54358 0.65476 
523	6	0.33631 0.77195 0.19217 0.19391 0.55926 0.61989 
524	6	0.17541 0.81921 0.17763 0.14264 0.55890 0.66046 
525	6	0.46280 0.75016 0.10438 0.31434 0.57541 0.49059 
526	6	0.35199 0.65709 0.08714 0.27280 0.61938 0.49078 
527	6	0.38016 0.70362 0.10772 0.22812 0.46675 0.55422 
528	6	0.07540 0.85438 0.33618 0.06274 0.42120 0.77128 
529	6	0.24404 0.85090 0.22151 0.14521 0.51311 0.65844 
530	6	0.36064 0.84221 0.17105 0.21014 0.61134 0.61149 
531	6	0.18945 0.83257 0.23770 0.15437 0.59248 0.64583 
532	6	0.26411 0.84303 0.13446 0.20127 0.62900 0.58198 
533	6	0.22038 0.82806 0.20348 0.17395 0.58123 0.65149 
534	6	0.18169 0.82070 0.19371 0.15201 0.60952 0.64796 
535	6	0.18082 0.69054 0.40764 0.13362 0.49566 0.67678 
536	6	0.28973 0.79650 0.21796 0.21670 0.64834 0.58575 
537	6	0.23449 0.65644 0.36567 0.19581 0.56895 0.60813 
538	6	0.17448 0.68935 0.51510 0.10096 0.35218 0.74806 
539	6	0.13335 0.79108 0.35880 0.08541 0.45457 0.73414 
540	6	0.30043 0.88709 0.15874 0.18266 0.55106 0.61738 
541	6	0.19729 0.85889 0.24581 0.11766 0.44345 0.69339 
542	6	0.14966 0.70631 0.47675 0.09139 0.41887 0.74539 
543	6	0.31284 0.75594 0.17405 0.18817 0.56661 0.61145 
544	6	0.42102 0.71709 0.05837 0.31236 0.57627 0.44996 
545	6	0.19486 0.64778 0.28675 0.16644 0.53783 0.63882 
546	6	0.19750 0.67806 0.34541 0.15593 0.52584 0.65170 
547	6	0.20670 0.80470 0.24828 0.16430 0.64208 0.63148 
548	6	0.24110 0.74916 0.12241 0.21678 0.62735 0.55470 
549	6	0.25893 0.70556 0.25264 0.22694 0.58996 0.57753 
550	6	0.44559 0.81958 0.17388 0.27697 0.63313 0.54311 
551	6	0.22125 0.80845 0.20201 0.18782 0.62044 0.62116 
552	6	0.19907 0.83933 0.21205 0.13536 0.56617 0.67665 
553	6	0.14605 0.84999 0.21729 0.10691 0.57198 0.69498 
554	6	0.24389 0.56140 0.33913 0.18498 0.52806 0.60614 
555	6	0.27862 0.50958 0.37646 0.21817 0.51192 0.57499 
556	6	0.20384 0.79013 0.18921 0.16638 0.62681 0.62070 
557	6	0.22849 0.73656 0.22741 0.18908 0.56195 0.58259 
558	6	0.27332 0.73596 0.21154 0.24128 0.65517 0.52138 
559	6	0.31964 0.84083 0.18308 0.21702 0.59659 0.57810 
560	6	0.31904 0.81211 0.07252 0.20231 0.47895 0.55804 
561	6	0.19749 0.80864 0.17516 0.15677 0.63629 0.61840 
562	6	0.19110 0.80568 0.20373 0.15260 0.60487 0.64004 
563	6	0.26441 0.66853 0.34179 0.16855 0.52628 0.64125 
564	6	0.14589 0.62879 0.26095 0.13974 0.49737 0.63813 
565	6	0.30232 0.76154 0.22038 0.21179 0.57464 0.58558 
566	6	0.24787 0.81281 0.15485 0.15081 0.51052 0.64557 
567	6	0.22559 0.73873 0.13764 0.18482 0.66770 0.57021 
568	6	0.29688 0.63114 0.20535 0.25012 0.60330 0.53684 
569	6	0.31128 0.82492 0.17828 0.23841 0.63916 0.54460 
570	6	0.12758 0.81143 0.30035 0.10572 0.48184 0.67282 
571	6	0.21717 0.70621 0.23239 0.18368 0.60973 0.59149 
572	6	0.19749 0.77047 0.19539 0.17180 0.60438 0.60740 
573	6	0.22473 0.72359 0.19244 0.18833 0.60359 0.58830 
574	6	0.22492 0.73410 0.19557 0.19685 0.58491 0.59492 
575	6	0.23003 0.69679 0.25371 0.19332 0.59866 0.60003 
576	6	0.19704 0.59505 0.45315 0.15075 0.48952 0.63539 
577	6	0.24018 0.77377 0.22355 0.17519 0.55936 0.61538 
578	6	0.22063 0.56955 0.49605 0.15362 0.38423 0.65109 
579	6	0.23373 0.80141 0.20234 0.18626 0.65774 0.59894 
580	6	0.30161 0.83849 0.18607 0.19695 0.58823 0.57622 
581	6	0.32019 0.81759 0.19350 0.22461 0.62171 0.56273 
582	6	0.31495 0.83058 0.23715 0.18981 0.51218 0.61203 
583	6	0.21592 0.83662 0.28179 0.11249 0.41384 0.69781 
584	6	0.31171 0.67273 0.27719 0.25184 0.64455 0.50923 
585	6	0.16583 0.61466 0.36201 0.10513 0.27681 0.68437 
586	6	0.30811 0.73511 0.09838 0.21250 0.47877 0.55724 
587	6	0.27844 0.71451 0.33631 0.19510 0.52924 0.58012 
588	6	0.33034 0.72986 0.30604 0.22672 0.59015 0.54627 
589	6	0.18430 0.75983 0.29603 0.14810 0.55477 0.64065 
590	6	0.11887 0.81962 0.31955 0.10097 0.56871 0.69826 
591	6	0.18087 0.68679 0.43315 0.13199 0.48233 0.66456 
592	6	0.22644 0.67724 0.29040 0.19161 0.60533 0.59018 
593	6	0.33906 0.82776 0.18880 0.23534 0.62997 0.54848 
594	6	0.21272 0.74580 0.36472 0.14100 0.42741 0.64936 
595	6	0.30438 0.79396 0.17244 0.26453 0.68673 0.50284 
596	6	0.23245 0.70714 0.33821 0.13790 0.54475 0.65135 
597	6	0.07923 0.80753 0.33164 0.07750 0.47056 0.73880 
598	6	0.24513 0.78208 0.23358 0.15616 0.53009 0.65125 
599	6	0.20020 0.73952 0.29200 0.15384 0.51234 0.65054 
600	7	0.37181 0.92968 0.12850 0.32798 0.86358 0.42453 
601	7	0.44562 0.98954 0.03381 0.33477 0.94802 0.40412 
602	7	0.58715 0.97889 0.04374 0.44723 0.95412 0.33194 
603	7	0.66924 0.97789 0.03046 0.51130 0.94839 0.31432 
604	7	0.53829 0.98613 0.03407 0.37304 0.94245 0.41731 
605	7	0.48341 0.97246 0.05172 0.33301 0.93438 0.43029 
606	7	0.59860 0.97513 0.03585 0.42809 0.94119 0.37790 
607	7	0.34024 0.98736 0.12021 0.19498 0.82074 0.61474 
608	7	0.24208 0.95589 0.27475 0.11979 0.68856 0.72107 
609	7	0.22435 0.94501 0.27448 0.10203 0.70197 0.74149 
610	7	0.20876 0.94052 0.27488 0.09985 0.68835 0.73481 
611	7	0.14608 0.93655 0.28250 0.10395 0.66677 0.71789 
612	7	0.44309 0.99519 0.09053 0.25779 0.87976 0.57038 
613	7	0.42540 0.98174 0.15056 0.24102 0.80061 0.61300 
614	7	0.30199 0.97979 0.17334 0.15750 0.78210 0.67701 
615	7	0.30611 0.97200 0.14536 0.17409 0.81165 0.64144 
616	7	0.31816 1.00000 0.06670 0.18591 0.89588 0.59444 
617	7	0.47003 0.99387 0.09220 0.27866 0.88456 0.56214 
618	7	0.48731 0.98905 0.10985 0.29291 0.85464 0.55790 
619	7	0.21389 0.96114 0.18898 0.12608 0.72776 0.69290 
620	7	0.23232 0.97983 0.14732 0.12201 0.79393 0.69697 
621	7	0.25346 0.96736 0.19464 0.12653 0.76520 0.71426 
622	7	0.30922 0.97836 0.15893 0.15813 0.79746 0.66688 
623	7	0.33972 0.97591 0.16645 0.17093 0.79839 0.67169 
624	7	0.46023 0.98018 0.13471 0.26865 0.83229 0.57635 
625	7	0.38746 0.94672 0.01772 0.37487 0.95336 0.34139 
626	7	0.63351 0.96703 0.03630 0.47120 0.94301 0.35575 
627	7	0.47358 0.94645 0.06150 0.33503 0.89787 0.44504 
628	7	0.30011 0.95610 0.05568 0.28672 0.90256 0.47230 
629	7	0.34073 0.93199 0.05331 0.31231 0.89589 0.43058 
630	7	0.40117 0.93533 0.06382 0.30869 0.89407 0.44781 
631	7	0.36541 0.94219 0.04356 0.33677 0.91624 0.39950 
632	7	0.33913 0.95590 0.04077 0.32459 0.92227 0.40953 
633	7	0.40108 0.98715 0.02174 0.33345 0.95742 0.40160 
634	7	0.36105 0.94898 0.07372 0.26731 0.85801 0.50702 
635	7	0.44463 0.94292 0.05926 0.33605 0.89285 0.43289 
636	7	0.36300 0.93793 0.05654 0.33632 0.89369 0.41581 
637	7	0.32823 0.92476 0.05745 0.33962 0.89057 0.41058 
638	7	0.43063 0.91704 0.02900 0.40845 0.93097 0.31857 
639	7	0.41930 0.97039 0.03530 0.34443 0.93663 0.40181 
640	7	0.35355 0.95964 0.03166 0.34537 0.94052 0.38106 
641	7	0.42474 0.91270 0.02945 0.39584 0.90761 0.33474 
642	7	0.37633 0.94580 0.08526 0.26516 0.86560 0.51741 
643	7	0.22904 0.96896 0.11826 0.11999 0.84135 0.67917 
644	7	0.08102 0.96294 0.15707 0.07448 0.79973 0.72386 
645	7	0.08094 0.97959 0.12125 0.08254 0.82313 0.70822 
646	7	0.03944 0.95965 0.15831 0.06732 0.76610 0.74659 
647	7	0.11299 0.96351 0.15556 0.08397 0.78403 0.72307 
648	7	0.12704 0.98982 0.07233 0.09389 0.90347 0.68354 
649	7	0.03394 0.95851 0.17279 0.06455 0.76585 0.74707 
650	7	0.05350 0.95796 0.16819 0.06417 0.79045 0.73691 
651	7	0.02657 0.98517 0.10130 0.05917 0.86004 0.73148 
652	7	0.05646 0.97299 0.13394 0.06854 0.81315 0.72870 
653	7	0.23772 0.99317 0.05721 0.14564 0.91525 0.62127 
654	7	0.20449 0.97686 0.09428 0.13232 0.84531 0.65296 
655	7	0.24539 0.96709 0.12462 0.13951 0.81084 0.66332 
656	7	0.20285 0.99150 0.05644 0.12566 0.91292 0.64935 
657	7	0.21151 0.99435 0.05745 0.12701 0.90669 0.64845 
658	7	0.26961 0.97445 0.09963 0.15376 0.85226 0.63083 
659	7	0.19315 0.98130 0.09371 0.10944 0.85846 0.67914 
660	7	0.26889 0.97560 0.08583 0.15582 0.86395 0.62706 
661	7	0.27619 0.97684 0.09878 0.15826 0.85492 0.62793 
662	7	0.26727 0.91863 0.10031 0.21380 0.76972 0.53291 
663	7	0.23855 0.89954 0.17154 0.13600 0.69207 0.66015 
664	7	0.32049 0.87281 0.20390 0.18621 0.72984 0.60949 
665	7	0.37062 0.81967 0.28795 0.22074 0.72601 0.56686 
666	7	0.39538 0.84845 0.24274 0.24786 0.75892 0.52989 
667	7	0.12393 0.72439 0.45090 0.11974 0.54757 0.66179 
668	7	0.25014 0.81871 0.30159 0.15178 0.66399 0.61576 
669	7	0.22680 0.75138 0.24538 0.18879 0.67434 0.61006 
670	7	0.31456 0.82965 0.28011 0.16973 0.65576 0.63072 
671	7	0.16822 0.79309 0.35368 0.14479 0.65093 0.63558 
672	7	0.25550 0.71208 0.45025 0.15826 0.61057 0.59947 
673	7	0.24017 0.41752 0.72734 0.14422 0.39969 0.60956 
674	7	0.42721 0.93511 0.07431 0.27015 0.82493 0.52981 
675	7	0.21667 0.91969 0.10466 0.16643 0.76506 0.61262 
676	7	0.36022 0.90882 0.10637 0.21127 0.76595 0.58821 
677	7	0.30979 0.92051 0.10229 0.20638 0.76517 0.57885 
678	7	0.34524 0.80652 0.17970 0.23516 0.73911 0.55263 
679	7	0.33186 0.78439 0.21532 0.21173 0.69839 0.59653 
680	7	0.25648 0.85946 0.16661 0.19430 0.71948 0.59446 
681	7	0.51816 0.76625 0.08762 0.35972 0.78819 0.44568 
682	7	0.25925 0.88508 0.11665 0.22759 0.76920 0.55096 
683	7	0.22196 0.88081 0.13517 0.19465 0.78515 0.58135 
684	7	0.18109 0.85475 0.18109 0.15108 0.72584 0.63353 
685	7	0.33583 0.84381 0.17459 0.19241 0.69392 0.61685 
686	7	0.49402 0.95310 0.03621 0.33892 0.84884 0.44520 
687	7	0.47761 0.95062 0.05362 0.31212 0.86224 0.48066 
688	7	0.50958 0.95512 0.03763 0.34061 0.86324 0.45375 
689	7	0.49888 0.92418 0.06366 0.32867 0.85523 0.47431 
690	7	0.40202 0.94097 0.04995 0.26273 0.82403 0.50773 
691	7	0.54093 0.97424 0.02163 0.38120 0.85805 0.41364 
692	7	0.47231 0.94067 0.05526 0.31244 0.82472 0.48007 
693	7	0.56670 0.96697 0.03614 0.40441 0.90765 0.40053 
694	7	0.60508 0.98821 0.01762 0.43542 0.90854 0.38972 
695	7	0.26455 0.92629 0.13883 0.13459 0.74390 0.71093 
696	7	0.43390 0.93229 0.06019 0.27848 0.82376 0.50598 
697	7	0.35166 0.95615 0.03569 0.27792 0.86355 0.47948 
698	7	0.36110 0.90189 0.08518 0.24097 0.78593 0.54546 
699	7	0.41669 0.96156 0.03575 0.27869 0.82348 0.49100 
700	8	0.49502 0.88450 0.11977 0.34045 0.62154 0.46895 
701	8	0.42235 0.86809 0.22263 0.25435 0.58499 0.57921 
702	8	0.37769 0.89252 0.19071 0.24495 0.60378 0.56402 
703	8	0.35887 0.91078 0.22523 0.23307 0.60064 0.60056 
704	8	0.33592 0.90425 0.19041 0.22767 0.62792 0.58228 
705	8	0.36223 0.90460 0.15304 0.26239 0.58875 0.54197 
706	8	0.40342 0.93123 0.15442 0.27583 0.65874 0.53798 
707	8	0.43205 0.87325 0.27507 0.25759 0.49663 0.59192 
708	8	0.35189 0.83909 0.35286 0.19946 0.41526 0.64974 
709	8	0.37537 0.85108 0.29870 0.20565 0.48734 0.62466 
710	8	0.33419 0.91372 0.26144 0.18275 0.51108 0.67567 
711	8	0.23792 0.82525 0.46559 0.13362 0.39151 0.71221 
712	8	0.31566 0.88045 0.29021 0.20800 0.53839 0.63527 
713	8	0.23301 0.91379 0.26567 0.17805 0.55948 0.67293 
714	8	0.29949 0.88234 0.24200 0.25928 0.67805 0.56888 
715	8	0.28242 0.91226 0.27595 0.21252 0.64196 0.63241 
716	8	0.26958 0.93434 0.20326 0.18414 0.51965 0.65283 
717	8	0.25337 0.93717 0.18926 0.19299 0.54428 0.63894 
718	8	0.22371 0.92027 0.24558 0.17492 0.53180 0.66825 
719	8	0.24667 0.91827 0.17883 0.20616 0.57217 0.59971 
720	8	0.25313 0.89149 0.20038 0.19430 0.56339 0.61452 
721	8	0.38912 0.90707 0.16952 0.26446 0.63537 0.54548 
722	8	0.20302 0.90919 0.27572 0.16946 0.58577 0.66360 
723	8	0.29011 0.90570 0.26417 0.21825 0.64604 0.60309 
724	8	0.29493 0.85538 0.25879 0.28063 0.66900 0.52436 
725	8	0.41459 0.88195 0.19168 0.30243 0.76559 0.49314 
726	8	0.38866 0.89751 0.21840 0.28323 0.72868 0.54021 
727	8	0.42646 0.87973 0.17673 0.31992 0.75694 0.49335 
728	8	0.36145 0.90274 0.16911 0.29160 0.78007 0.50751 
729	8	0.46848 0.90280 0.16953 0.34283 0.75462 0.48509 
730	8	0.43282 0.90844 0.18812 0.32279 0.72706 0.50727 
731	8	0.53728 0.89550 0.09858 0.41021 0.79324 0.39737 
732	8	0.45954 0.91155 0.15143 0.33436 0.75238 0.48937 
733	8	0.47046 0.92026 0.15510 0.34708 0.77416 0.47425 
734	8	0.46222 0.92366 0.11303 0.34414 0.77578 0.46475 
735	8	0.54060 0.84742 0.11342 0.34815 0.40333 0.52066 
736	8	0.48427 0.89079 0.12588 0.29459 0.39006 0.56795 
737	8	0.75938 0.81834 0.04936 0.61431 0.66182 0.30438 
738	8	0.65907 0.86932 0.07489 0.48184 0.63740 0.41511 
739	8	0.46842 0.90304 0.09434 0.29766 0.49265 0.53225 
740	8	0.39541 0.91995 0.10825 0.32765 0.80168 0.46491 
741	8	0.33880 0.91439 0.05770 0.33594 0.80116 0.42540 
742	8	0.42946 0.89141 0.10948 0.26944 0.55853 0.55595 
743	8	0.57835 0.91705 0.13138 0.38809 0.61126 0.51563 
744	8	0.69799 0.88408 0.09578 0.52985 0.67784 0.40233 
745	8	0.63476 0.91110 0.11338 0.45427 0.65065 0.46288 
746	8	0.68613 0.89276 0.05592 0.51554 0.66842 0.38731 
747	8	0.72783 0.91227 0.02630 0.57372 0.68797 0.31805 
748	8	0.66259 0.86931 0.09121 0.49002 0.66232 0.41058 
749	8	0.73075 0.82097 0.04504 0.57775 0.66813 0.32151 
750	8	0.67736 0.86523 0.04435 0.50852 0.61980 0.36760 
751	8	0.66367 0.82444 0.05409 0.49786 0.61298 0.36410 
752	8	0.50237 0.88276 0.12063 0.31920 0.52194 0.53595 
753	8	0.55176 0.87585 0.09310 0.36786 0.52971 0.48763 
754	8	0.70285 0.90117 0.12995 0.54130 0.77185 0.38689 
755	8	0.56852 0.90288 0.10337 0.37736 0.58004 0.50842 
756	8	0.58250 0.90492 0.09821 0.39100 0.59102 0.49995 
757	8	0.45305 0.85719 0.09722 0.31656 0.58057 0.49036 
758	8	0.49460 0.90874 0.06018 0.32418 0.63876 0.48906 
759	8	0.35574 0.90345 0.06551 0.31557 0.72493 0.45741 
760	8	0.39415 0.92645 0.05485 0.36244 0.84095 0.40069 
761	8	0.21132 0.83467 0.34077 0.13898 0.48587 0.67326 
762	8	0.12081 0.77036 0.54652 0.09098 0.32211 0.75077 
763	8	0.53955 0.43444 0.40469 0.37740 0.57396 0.47895 
764	8	0.62453 0.97123 0.03085 0.48725 0.93305 0.31426 
765	8	0.64401 0.86175 0.08237 0.49861 0.82651 0.33979 
766	8	0.55689 0.89899 0.11772 0.41050 0.81263 0.41073 
767	8	0.43136 0.88923 0.26878 0.25251 0.60804 0.60976 
768	8	0.56439 0.92029 0.17561 0.38314 0.73139 0.49144 
769	8	0.14937 0.72260 0.54524 0.09405 0.21995 0.73880 
770	8	0.44952 0.19717 0.96807 0.26285 0.13536 0.56799 
771	8	0.64654 0.14485 0.64840 0.46203 0.39486 0.44675 
772	8	0.59793 0.00000 0.81119 0.41071 0.30934 0.45105 
773	8	0.45194 0.47006 0.45928 0.29932 0.49614 0.55198 
774	8	0.37251 0.49973 0.76731 0.18862 0.20089 0.67472 
775	8	0.45021 0.89386 0.20175 0.26541 0.53625 0.57788 
776	8	0.55386 0.86822 0.07861 0.42945 0.80436 0.36396 
777	8	0.63314 0.87614 0.04065 0.50235 0.83875 0.29818 
778	8	0.47300 0.84461 0.09377 0.38280 0.80955 0.38632 
779	8	0.49938 0.87874 0.08354 0.39850 0.83429 0.37057 
780	8	0.61701 0.88553 0.04275 0.49058 0.85177 0.29970 
781	8	0.59598 0.82214 0.05648 0.47266 0.82965 0.31668 
782	8	0.50844 0.78014 0.08015 0.41378 0.80890 0.34770 
783	8	0.43204 0.71277 0.12505 0.35463 0.71093 0.40203 
784	8	0.39406 0.67179 0.25693 0.28794 0.57663 0.48483 
785	8	0.10379 0.84619 0.36168 0.07887 0.25893 0.74087 
786	8	0.09628 0.85851 0.37093 0.08231 0.26064 0.74022 
787	8	0.21525 0.72502 0.38413 0.14717 0.31039 0.61102 
788	8	0.15090 0.71255 0.42459 0.12676 0.27075 0.64183 
789	8	0.17487 0.59635 0.67198 0.13447 0.18634 0.66768 
790	8	0.21619 0.46984 1.00000 0.09633 0.00000 0.74638 
791	8	0.36981 0.44296 0.77938 0.18448 0.15566 0.70044 
792	8	0.45256 0.28330 0.77965 0.26080 0.21403 0.60911 
793	8	0.37931 0.50244 0.69724 0.20951 0.25998 0.66617 
794	8	0.09275 0.92144 0.24854 0.05990 0.47980 0.79020 
795	8	0.07900 0.88609 0.35182 0.03654 0.39548 0.82684 
796	8	0.03741 0.87534 0.37901 0.03094 0.35338 0.84800 
797	8	0.01700 0.87220 0.40162 0.03385 0.32852 0.85488 
798	8	0.14416 0.91876 0.25994 0.07909 0.43241 0.77125 
799	8	0.05894 0.89701 0.34365 0.04610 0.40865 0.81726 
800	9	0.87082 0.91607 0.02855 0.77961 0.91722 0.21189 
801	9	0.77268 0.90834 0.03908 0.63047 0.86203 0.33153 
802	9	0.71981 0.94481 0.08569 0.55324 0.80764 0.43650 
803	9	0.45644 0.86427 0.04358 0.37555 0.86128 0.40523 
804	9	0.70388 0.83756 0.03752 0.54371 0.79025 0.36222 
805	9	0.56525 0.93268 0.13103 0.37327 0.69781 0.57171 
806	9	0.65500 0.87774 0.08982 0.48141 0.76993 0.44330 
807	9	0.82711 0.87135 0.02122 0.71281 0.89508 0.24259 
808	9	0.84210 0.91975 0.05125 0.73295 0.87464 0.25818 
809	9	0.95889 0.83504 0.02309 0.92657 0.94645 0.08571 
810	9	0.47524 0.92047 0.03767 0.38347 0.82923 0.40438 
811	9	0.53129 0.81156 0.03132 0.43198 0.90337 0.34309 
812	9	0.52681 0.90942 0.08184 0.37390 0.79979 0.48183 
813	9	0.65281 0.92760 0.12326 0.46308 0.70371 0.53415 
814	9	0.44240 0.90153 0.09787 0.29967 0.77478 0.56359 
815	9	0.32001 0.89562 0.13168 0.24544 0.74084 0.61344 
816	9	0.52288 0.88206 0.04129 0.38292 0.85910 0.43273 
817	9	0.88818 0.88862 0.03499 0.80695 0.89912 0.19057 
818	9	0.76350 0.90302 0.03427 0.62241 0.87830 0.32091 
819	9	0.90256 0.96404 0.00410 0.83147 0.96631 0.14390 
820	9	0.85367 0.85513 0.01216 0.75387 0.89485 0.20819 
821	9	0.79843 0.92750 0.03122 0.66729 0.85438 0.30530 
822	9	0.96253 0.94359 0.00274 0.93304 0.96350 0.07037 
823	9	0.81355 0.93516 0.02200 0.68945 0.84961 0.28821 
824	9	0.80873 0.95184 0.02470 0.68186 0.86796 0.29678 
825	9	0.52639 0.94556 0.00293 0.44446 0.92409 0.29931 
826	9	0.81275 0.89331 0.06583 0.68678 0.79940 0.32020 
827	9	0.96446 0.87567 0.01325 0.93616 0.95478 0.07951 
828	9	0.96181 0.82564 0.01183 0.93165 0.94287 0.07914 
829	9	0.96939 0.88863 0.01861 0.94487 0.96818 0.07114 
830	9	0.69378 0.83348 0.04900 0.53656 0.83548 0.36479 
831	9	0.82575 0.85025 0.02240 0.72055 0.93440 0.19525 
832	9	0.63132 0.91460 0.06755 0.47201 0.85674 0.40661 
833	9	0.60520 0.97380 0.03320 0.45577 0.89856 0.38286 
834	9	0.74516 0.94996 0.03311 0.60727 0.91303 0.29317 
835	9	0.61956 0.95757 0.07076 0.45098 0.81575 0.43756 
836	9	0.52859 0.95359 0.06102 0.36043 0.80755 0.51044 
837	9	0.76402 0.86738 0.11508 0.61824 0.84417 0.34851 
838	9	0.76123 0.95608 0.04173 0.61490 0.88459 0.34640 
839	9	0.76697 0.91259 0.04350 0.63354 0.91829 0.28323 
840	9	0.92381 0.88582 0.04331 0.86652 0.93687 0.13776 
841	9	0.88021 0.83660 0.08833 0.79282 0.85524 0.23042 
842	9	0.70709 0.88830 0.01170 0.55812 0.80079 0.30499 
843	9	0.45459 0.86575 0.02556 0.40931 0.92858 0.33516 
844	9	0.94256 0.91215 0.00211 0.89883 0.96122 0.09116 
845	9	0.98145 0.98210 0.00039 0.96652 0.98988 0.03893 
846	9	0.94672 0.93944 0.00251 0.90584 0.97819 0.08489 
847	9	0.85208 0.95690 0.00170 0.75446 0.95486 0.17636 
848	9	0.84554 0.93688 0.01304 0.74188 0.92791 0.21514 
849	9	0.41196 0.83926 0.09183 0.32651 0.79367 0.47591 
850	9	0.60485 0.89579 0.05362 0.43603 0.77837 0.43307 
851	9	0.53151 0.81742 0.07003 0.37687 0.78121 0.45969 
852	9	0.42403 0.91818 0.02644 0.35817 0.84215 0.40499 
853	9	0.48589 0.88040 0.10003 0.31077 0.76486 0.56050 
854	9	0.46721 0.90682 0.11499 0.29776 0.74727 0.58561 
855	9	0.51635 0.85625 0.14661 0.32164 0.72500 0.58974 
856	9	0.40419 0.91683 0.12672 0.23582 0.70963 0.64063 
857	9	0.50093 0.88122 0.08466 0.36262 0.77888 0.46083 
858	9	0.53836 0.86124 0.04095 0.40533 0.78977 0.40067 
859	9	0.40954 0.88202 0.07946 0.28880 0.78684 0.52335 
860	9	0.40692 0.85660 0.14677 0.26103 0.68762 0.59771 
861	9	0.46590 0.87057 0.13624 0.28993 0.70863 0.59323 
862	9	0.35229 0.89207 0.12927 0.23427 0.71726 0.60699 
863	9	0.34938 0.89780 0.06399 0.32428 0.78649 0.46460 
864	9	0.54789 0.92279 0.10752 0.37546 0.77971 0.51314 
865	9	0.76785 0.88343 0.08198 0.62435 0.82229 0.34154 
866	9	0.77016 0.88904 0.06950 0.63497 0.88496 0.30319 
867	9	0.81137 0.85494 0.05696 0.69214 0.88802 0.25310 
868	9	0.41745 0.89146 0.11385 0.29884 0.77334 0.53672 
869	9	0.16314 0.73497 0.36576 0.14257 0.58043 0.66188 
870	9	0.12739 0.71515 0.44227 0.15861 0.55514 0.60920 
871	9	0.53749 0.87432 0.15064 0.36045 0.67334 0.50520 
872	9	0.28492 0.92964 0.20982 0.13762 0.58134 0.74089 
873	9	0.39689 0.94782 0.06747 0.32526 0.84479 0.45815 
874	9	0.41240 0.94608 0.07573 0.32078 0.84425 0.48057 
875	9	0.30318 0.53391 0.46512 0.19737 0.52383 0.63874 
876	9	0.34089 0.33846 0.19587 0.30267 0.75461 0.47629 
877	9	0.37523 0.85313 0.08422 0.29185 0.78839 0.52315 
878	9	0.43302 0.81349 0.06671 0.34821 0.81701 0.44224 
879	9	0.32139 0.66075 0.13518 0.28983 0.75996 0.51128 
880	9	0.38888 0.75476 0.13328 0.31241 0.75556 0.49670 
881	9	0.32810 0.86550 0.09814 0.29150 0.79255 0.51761 
882	9	0.22135 0.87541 0.21101 0.16005 0.64432 0.73177 
883	9	0.32245 0.69944 0.31459 0.21420 0.62180 0.66349 
884	9	0.78996 0.94059 0.05871 0.65610 0.86476 0.31422 
885	9	0.89492 0.97980 0.02023 0.81834 0.95383 0.17308 
886	9	0.88447 0.91427 0.04021 0.80043 0.90538 0.20741 
887	9	0.71752 0.92381 0.05398 0.55563 0.80022 0.38636 
888	9	0.67409 0.90784 0.06162 0.50947 0.81094 0.39990 
889	9	0.58123 0.89668 0.05207 0.42011 0.83890 0.43674 
890	9	0.35385 0.88073 0.12054 0.25794 0.72236 0.59625 
891	9	0.72848 0.91043 0.08125 0.56592 0.79209 0.40674 
892	9	0.90769 0.87911 0.04503 0.83890 0.92564 0.16896 
893	9	0.76470 0.95497 0.07093 0.61811 0.84863 0.35360 
894	9	0.66478 0.92169 0.09237 0.49548 0.81504 0.40957 
895	9	0.56788 0.95342 0.09353 0.37846 0.74048 0.51601 
896	9	0.40700 0.93473 0.12309 0.25911 0.72051 0.59410 
897	9	0.59898 0.92546 0.06596 0.44032 0.81847 0.42074 
898	9	0.55274 0.94010 0.06369 0.40479 0.85156 0.43890 
899	9	0.48452 0.87059 0.28929 0.29670 0.64029 0.59106 
900	10	0.05856 0.93493 0.30751 0.03736 0.37248 0.89035 
901	10	0.05653 0.95449 0.30741 0.02130 0.40544 0.92479 
902	10	0.06677 0.95285 0.34235 0.02553 0.37958 0.93284 
903	10	0.05742 0.96059 0.24368 0.03859 0.45446 0.87078 
904	10	0.17885 0.96661 0.14080 0.10720 0.63019 0.72030 
905	10	0.07266 0.95127 0.30590 0.02556 0.41720 0.92318 
906	10	0.06198 0.97051 0.21469 0.02702 0.42046 0.88715 
907	10	0.05495 0.95606 0.32233 0.02366 0.37629 0.92800 
908	10	0.04507 0.94578 0.36847 0.00747 0.31766 0.97828 
909	10	0.02522 0.94691 0.38526 0.01020 0.35979 0.97846 
910	10	0.05599 0.96039 0.28620 0.02916 0.43358 0.91302 
911	10	0.07817 0.94591 0.39570 0.01215 0.33492 0.97380 
912	10	0.08294 0.94014 0.41203 0.01749 0.32294 0.98333 
913	10	0.11621 0.92923 0.33625 0.04118 0.39964 0.90736 
914	10	0.12146 0.92590 0.22848 0.07661 0.55216 0.77871 
915	10	0.05731 0.93274 0.35598 0.02877 0.36450 0.92279 
916	10	0.17947 0.95107 0.31367 0.06100 0.41773 0.89222 
917	10	0.12429 0.93202 0.34448 0.06050 0.41412 0.89031 
918	10	0.16359 0.93872 0.35405 0.06678 0.40002 0.88726 
919	10	0.23514 0.96520 0.26830 0.08945 0.49203 0.85234 
920	10	0.02086 0.94375 0.29210 0.02004 0.53267 0.92742 
921	10	0.12711 0.94675 0.29239 0.06741 0.56254 0.83534 
922	10	0.21773 0.95022 0.14310 0.12940 0.66219 0.68649 
923	10	0.14970 0.95508 0.26564 0.05442 0.58564 0.87131 
924	10	0.29007 0.94117 0.30458 0.12609 0.57104 0.80760 
925	10	0.14335 0.94638 0.26491 0.06015 0.57672 0.85329 
926	10	0.06305 0.92631 0.28327 0.02911 0.52985 0.90237 
927	10	0.00099 0.91133 0.33012 0.01264 0.45709 0.92947 
928	10	0.02911 0.93086 0.29913 0.03807 0.52665 0.88623 
929	10	0.11468 0.94518 0.26284 0.05443 0.59069 0.84360 
930	10	0.09595 0.96201 0.29617 0.04341 0.56033 0.88434 
931	10	0.21622 0.95881 0.32384 0.07253 0.53185 0.89134 
932	10	0.19672 0.92025 0.28507 0.08157 0.51398 0.82192 
933	10	0.13599 0.92326 0.35931 0.06119 0.48474 0.86114 
934	10	0.14815 0.91107 0.24661 0.09950 0.61609 0.74409 
935	10	0.12957 0.89877 0.37618 0.07216 0.50936 0.82365 
936	10	0.19630 0.96044 0.18767 0.12311 0.65812 0.71837 
937	10	0.15457 0.96392 0.13457 0.11433 0.68607 0.71214 
938	10	0.17452 0.95344 0.17760 0.10819 0.65807 0.76033 
939	10	0.28969 0.92271 0.14853 0.13845 0.62252 0.74044 
940	10	0.25327 0.91973 0.13469 0.14814 0.72334 0.68737 
941	10	0.32319 0.93569 0.21965 0.16640 0.63101 0.72041 
942	10	0.24525 0.92550 0.22857 0.11089 0.58078 0.78725 
943	10	0.24739 0.93951 0.23921 0.09197 0.57840 0.84330 
944	10	0.20683 0.94203 0.22673 0.10106 0.62816 0.81653 
945	10	0.18526 0.93980 0.21891 0.08415 0.60797 0.82817 
946	10	0.21077 0.94918 0.18847 0.09721 0.61752 0.79578 
947	10	0.09347 0.95992 0.22378 0.05997 0.61658 0.86005 
948	10	0.14161 0.94328 0.21414 0.09180 0.63753 0.81617 
949	10	0.31674 0.92355 0.06620 0.25162 0.84846 0.51163 
950	10	0.29698 0.93044 0.07516 0.23798 0.84455 0.52383 
951	10	0.21618 0.95004 0.10117 0.17521 0.74398 0.60549 
952	10	0.27032 0.95877 0.15655 0.14919 0.68784 0.71023 
953	10	0.23692 0.91339 0.12441 0.17756 0.72868 0.64655 
954	10	0.09162 0.92774 0.20399 0.06477 0.58005 0.84644 
955	10	0.18721 0.91225 0.25851 0.08199 0.58339 0.83179 
956	10	0.10178 0.91338 0.35026 0.04196 0.45906 0.93061 
957	10	0.16800 0.94400 0.20388 0.09293 0.62998 0.80331 
958	10	0.24503 0.93796 0.22268 0.14502 0.64588 0.73774 
959	10	0.30558 0.94345 0.22081 0.14084 0.61232 0.78976 
960	10	0.10822 0.94623 0.29941 0.03226 0.44580 0.93987 
961	10	0.18901 0.92507 0.19258 0.08622 0.61104 0.80588 
962	10	0.26636 0.93598 0.23848 0.10691 0.54778 0.83584 
963	10	0.22670 0.93937 0.09068 0.14252 0.70824 0.65076 
964	10	0.23462 0.92535 0.14936 0.13631 0.67403 0.69772 
965	10	0.11063 0.89385 0.23160 0.08221 0.57326 0.79033 
966	10	0.15853 0.92680 0.11662 0.11475 0.70668 0.72495 
967	10	0.18536 0.94135 0.31704 0.05921 0.44548 0.90478 
968	10	0.39900 0.95095 0.26598 0.19547 0.58008 0.77390 
969	10	0.44581 0.94106 0.19347 0.26206 0.64329 0.65668 
970	10	0.12742 0.93414 0.22986 0.07726 0.56627 0.82044 
971	10	0.30934 0.92824 0.32569 0.13273 0.46080 0.83752 
972	10	0.30579 0.92900 0.39388 0.12966 0.41684 0.84093 
973	10	0.30559 0.95227 0.25843 0.13240 0.50177 0.80186 
974	10	0.30612 0.95559 0.25464 0.13556 0.51286 0.80025 
975	10	0.15909 0.95642 0.35629 0.04350 0.45724 0.95309 
976	10	0.00000 0.93234 0.39328 0.00000 0.37783 1.00000 
977	10	0.22333 0.94319 0.37548 0.07455 0.41464 0.89976 
978	10	0.30324 0.95953 0.26020 0.12814 0.51775 0.79330 
979	10	0.02609 0.92096 0.36965 0.01501 0.40310 0.95196 
980	10	0.08733 0.92363 0.30595 0.04634 0.50223 0.89045 
981	10	0.23732 0.95000 0.26946 0.08945 0.53114 0.87604 
982	10	0.26136 0.96661 0.21610 0.11890 0.60899 0.78985 
983	10	0.14180 0.94699 0.22649 0.06942 0.60325 0.82891 
984	10	0.11591 0.96656 0.21251 0.05303 0.62713 0.84139 
985	10	0.30344 0.97038 0.20108 0.13822 0.66447 0.76740 
986	10	0.31914 0.94663 0.20593 0.14739 0.64363 0.75637 
987	10	0.25171 0.94611 0.20822 0.10884 0.65960 0.79755 
988	10	0.35424 0.95321 0.18102 0.17483 0.70201 0.72195 
989	10	0.06154 0.91750 0.32861 0.03143 0.46127 0.89461 
990	10	0.25867 0.95668 0.25315 0.10574 0.60817 0.80467 
991	10	0.38826 0.96669 0.17873 0.19749 0.68484 0.70359 
992	10	0.19918 0.95324 0.29465 0.07421 0.54419 0.83952 
993	10	0.26248 0.92416 0.25019 0.11507 0.58356 0.79212 
994	10	0.20331 0.94453 0.10546 0.17578 0.79504 0.60237 
995	10	0.26752 0.94744 0.34729 0.10806 0.51253 0.82444 
996	10	0.11114 0.94124 0.26307 0.04399 0.54930 0.86889 
997	10	0.18899 0.96612 0.12103 0.14636 0.77059 0.65008 
998	10	0.23681 0.94232 0.27919 0.09651 0.58826 0.80680 
999	10	0.21150 0.94269 0.08656 0.18578 0.80074 0.58752 
1000	11	0.62014 0.99228 0.04916 0.47353 0.95285 0.34474 
1001	11	0.51348 0.97315 0.12514 0.35353 0.87963 0.46012 
1002	11	0.80700 0.96841 0.07828 0.67982 0.89520 0.29322 
1003	11	0.76049 0.97935 0.03577 0.62451 0.92385 0.29624 
1004	11	0.79456 0.97938 0.03380 0.66918 0.93306 0.27233 
1005	11	0.66862 0.96490 0.05170 0.51493 0.90808 0.36252 
1006	11	0.53701 0.97205 0.07110 0.38026 0.88527 0.46662 
1007	11	0.69566 0.96513 0.02838 0.56198 0.93723 0.29003 
1008	11	0.66395 0.96225 0.05187 0.50428 0.89086 0.38499 
1009	11	0.73604 0.96852 0.04954 0.59009 0.90033 0.33061 
1010	11	0.72981 0.97014 0.04193 0.58411 0.91690 0.32604 
1011	11	0.70210 0.96566 0.03667 0.56002 0.92584 0.31780 
1012	11	0.64712 0.96995 0.04876 0.49034 0.90475 0.38215 
1013	11	0.72493 0.96601 0.05177 0.57557 0.90134 0.34108 
1014	11	0.84424 0.96762 0.02648 0.74282 0.94360 0.21093 
1015	11	0.66386 0.96374 0.04354 0.51361 0.90617 0.35630 
1016	11	0.83778 0.95527 0.04741 0.72660 0.90774 0.26928 
1017	11	0.57646 0.95587 0.07020 0.38910 0.83761 0.51638 
1018	11	0.80172 0.95758 0.05759 0.67173 0.88669 0.31780 
1019	11	0.79886 0.94900 0.03089 0.66969 0.90369 0.29470 
1020	11	0.45462 0.92693 0.14338 0.28201 0.80643 0.56871 
1021	11	0.48057 0.92747 0.12507 0.30213 0.82332 0.54241 
1022	11	0.67423 0.96581 0.05926 0.51781 0.89341 0.36558 
1023	11	0.78372 0.95785 0.03842 0.65795 0.92844 0.26089 
1024	11	0.78545 0.95967 0.03222 0.65976 0.91753 0.25751 
1025	11	0.84880 0.97956 0.05863 0.74401 0.92493 0.23773 
1026	11	0.85627 0.97706 0.05667 0.75599 0.92598 0.22548 
1027	11	0.90914 0.96599 0.04309 0.84164 0.94813 0.15846 
1028	11	0.88588 0.97314 0.04909 0.80339 0.94213 0.18892 
1029	11	0.86230 0.97736 0.05879 0.76541 0.93107 0.21985 
1030	11	0.90050 0.97697 0.04722 0.82731 0.94688 0.16789 
1031	11	0.87256 0.97069 0.05129 0.78164 0.93346 0.20883 
1032	11	0.86191 0.97272 0.05838 0.76459 0.92274 0.22331 
1033	11	0.90713 0.96645 0.04946 0.83806 0.94120 0.16504 
1034	11	0.89149 0.97714 0.05341 0.81267 0.94036 0.17897 
1035	11	0.88995 0.97493 0.05055 0.81002 0.93857 0.18459 
1036	11	0.96789 0.96368 0.02367 0.94255 0.98111 0.06666 
1037	11	0.96935 0.96491 0.02385 0.94515 0.98039 0.06497 
1038	11	0.68619 0.98666 0.09004 0.51664 0.87799 0.38686 
1039	11	0.77656 0.98444 0.07251 0.63671 0.90849 0.30665 
1040	11	0.75992 0.97335 0.06547 0.61123 0.88432 0.34604 
1041	11	0.68618 0.98317 0.06463 0.51941 0.88590 0.39244 
1042	11	0.91254 0.97088 0.04233 0.84772 0.95532 0.14581 
1043	11	0.85756 0.95601 0.03834 0.75956 0.92994 0.22018 
1044	11	0.66882 0.96748 0.07695 0.49302 0.85400 0.44282 
1045	11	0.80354 0.97054 0.04206 0.67760 0.91351 0.28930 
1046	11	0.44606 0.96763 0.04539 0.36715 0.86184 0.41325 
1047	11	0.94193 0.96796 0.03192 0.89712 0.96017 0.11256 
1048	11	0.66286 0.98262 0.09289 0.48566 0.88085 0.42220 
1049	11	0.60053 0.97305 0.09525 0.42377 0.87817 0.42977 
1050	11	0.81391 0.97780 0.06764 0.69283 0.92351 0.26432 
1051	11	0.69275 0.96772 0.09952 0.53109 0.88787 0.37197 
1052	11	0.72327 0.97935 0.06959 0.56332 0.88208 0.37481 
1053	11	0.71015 0.95941 0.06824 0.55220 0.86209 0.37781 
1054	11	0.84954 0.95238 0.01841 0.75578 0.94913 0.17357 
1055	11	0.82627 0.95196 0.01763 0.72258 0.93783 0.19213 
1056	11	0.38462 0.96330 0.06633 0.32146 0.82803 0.47284 
1057	11	0.40952 0.98053 0.04700 0.34135 0.86223 0.44346 
1058	11	0.61623 0.94860 0.02056 0.49406 0.87652 0.30179 
1059	11	0.74055 0.98241 0.06247 0.58563 0.89998 0.35927 
1060	11	0.47697 0.97443 0.05062 0.36942 0.87435 0.42538 
1061	11	0.31751 0.96512 0.06419 0.30515 0.81743 0.49298 
1062	11	0.34695 0.97732 0.06583 0.29626 0.82544 0.50478 
1063	11	0.32225 0.97617 0.05999 0.30959 0.83534 0.47834 
1064	11	0.47624 0.97330 0.05288 0.36447 0.85477 0.43973 
1065	11	0.35025 0.97686 0.06497 0.29498 0.85384 0.50757 
1066	11	0.73680 0.96960 0.04976 0.58825 0.90105 0.33548 
1067	11	0.71976 0.97126 0.08057 0.55386 0.85472 0.41522 
1068	11	0.87009 0.94442 0.04036 0.77835 0.92552 0.21745 
1069	11	0.51238 0.93946 0.08869 0.35148 0.84376 0.50059 
1070	11	0.86472 0.96784 0.03834 0.76946 0.92672 0.22249 
1071	11	0.67385 0.95204 0.04694 0.52051 0.89306 0.35772 
1072	11	0.65083 0.97603 0.06843 0.48308 0.89288 0.40027 
1073	11	0.77621 0.96041 0.10060 0.63557 0.88766 0.32424 
1074	11	0.79004 0.98032 0.06408 0.65759 0.92389 0.29175 
1075	11	0.79403 0.97333 0.08513 0.66123 0.90305 0.30141 
1076	11	0.82465 0.96865 0.07713 0.70649 0.90245 0.27551 
1077	11	0.83127 0.97836 0.05916 0.71817 0.93041 0.24840 
1078	11	0.86023 0.97405 0.05893 0.76343 0.94108 0.21238 
1079	11	0.71562 0.95744 0.11392 0.56326 0.88740 0.33860 
1080	11	0.58411 0.96730 0.10485 0.42354 0.89266 0.40426 
1081	11	0.58365 0.95263 0.14727 0.41176 0.84267 0.45163 
1082	11	0.59426 0.97747 0.10315 0.42129 0.89458 0.42670 
1083	11	0.73326 0.97827 0.08669 0.57757 0.89436 0.35411 
1084	11	0.73447 0.96937 0.10130 0.57722 0.88511 0.36216 
1085	11	0.74408 0.95870 0.11141 0.59175 0.87264 0.34416 
1086	11	0.77652 0.97089 0.09165 0.63580 0.89141 0.32133 
1087	11	0.92951 0.94788 0.04777 0.87738 0.96148 0.11082 
1088	11	0.51286 0.99166 0.06282 0.35294 0.89519 0.46661 
1089	11	0.60515 0.99378 0.05264 0.42151 0.91299 0.44372 
1090	11	0.46270 0.98746 0.07971 0.30299 0.87362 0.51872 
1091	11	0.48551 0.98631 0.07461 0.31947 0.87103 0.51137 
1092	11	0.63185 0.99120 0.03725 0.47901 0.93695 0.35654 
1093	11	0.61689 0.98935 0.04405 0.46094 0.92589 0.37712 
1094	11	0.59684 0.99009 0.04859 0.43667 0.91515 0.40048 
1095	11	0.56205 0.98625 0.06679 0.39500 0.89434 0.44251 
1096	11	0.70463 0.97785 0.02224 0.57544 0.96051 0.26042 
1097	11	0.62462 0.96925 0.02334 0.51101 0.96417 0.27449 
1098	11	0.57381 0.98071 0.03177 0.45632 0.94652 0.33280 
1099	11	0.43748 0.97648 0.04430 0.37276 0.93508 0.39333 
1100	12	0.52388 0.91500 0.12876 0.34068 0.84707 0.51076 
1101	12	0.60416 0.90484 0.09531 0.41186 0.84114 0.49592 
1102	12	0.59755 0.92589 0.10700 0.40639 0.82746 0.50688 
1103	12	0.44948 0.93618 0.13497 0.24339 0.79116 0.69990 
1104	12	0.46826 0.93369 0.10947 0.28784 0.84831 0.57558 
1105	12	0.40033 0.94696 0.12171 0.24286 0.82778 0.59236 
1106	12	0.40301 0.94622 0.12179 0.29502 0.85675 0.51477 
1107	12	0.23499 0.96077 0.11713 0.18401 0.83309 0.63592 
1108	12	0.65499 0.93668 0.07210 0.47694 0.88051 0.42501 
1109	12	0.43098 0.95435 0.08469 0.25263 0.85589 0.59444 
1110	12	0.35087 0.95496 0.11169 0.22723 0.84611 0.60209 
1111	12	0.30982 0.95854 0.11080 0.23974 0.84555 0.58757 
1112	12	0.25680 0.95472 0.09716 0.20825 0.85321 0.59331 
1113	12	0.57449 0.96831 0.06730 0.39878 0.88787 0.46656 
1114	12	0.82672 0.95894 0.04827 0.71433 0.94143 0.23420 
1115	12	0.85173 0.96315 0.04571 0.74982 0.94335 0.22216 
1116	12	0.77663 0.95177 0.08351 0.63515 0.88084 0.34255 
1117	12	0.63467 0.96274 0.08850 0.45226 0.85750 0.45580 
1118	12	0.82958 0.96016 0.04340 0.71899 0.94665 0.22864 
1119	12	0.39866 0.95408 0.11069 0.28336 0.86627 0.53372 
1120	12	0.68205 0.94760 0.07527 0.50664 0.88399 0.43952 
1121	12	0.66127 0.95074 0.07497 0.48070 0.87369 0.44943 
1122	12	0.68550 0.94214 0.07811 0.51297 0.86572 0.42288 
1123	12	0.63146 0.95077 0.06887 0.44330 0.88442 0.47750 
1124	12	0.41489 0.95035 0.13094 0.21783 0.76457 0.69420 
1125	12	0.62151 0.93256 0.08030 0.44327 0.88326 0.42972 
1126	12	0.47089 0.93408 0.12380 0.33659 0.86429 0.46726 
1127	12	0.34446 0.95545 0.09909 0.19045 0.83858 0.65802 
1128	12	0.73990 0.87880 0.08063 0.58512 0.89735 0.35099 
1129	12	0.49893 0.93781 0.11910 0.29999 0.81107 0.60633 
1130	12	0.70453 0.93751 0.06309 0.53848 0.88557 0.39067 
1131	12	0.82901 0.96175 0.02759 0.71598 0.94487 0.23901 
1132	12	0.84139 0.95954 0.02926 0.73434 0.95154 0.22936 
1133	12	0.73302 0.97988 0.01122 0.59095 0.96363 0.27765 
1134	12	0.69347 0.97690 0.02027 0.53650 0.95475 0.31168 
1135	12	0.56623 0.84809 0.12082 0.37821 0.82030 0.48612 
1136	12	0.58761 0.88462 0.08050 0.40666 0.86226 0.45850 
1137	12	0.64038 0.81169 0.07504 0.46405 0.85627 0.41559 
1138	12	0.61394 0.96152 0.04231 0.43463 0.94908 0.39465 
1139	12	0.38050 0.92097 0.14328 0.24437 0.83087 0.54996 
1140	12	0.45799 0.93888 0.10322 0.29815 0.86401 0.50186 
1141	12	0.55390 0.93726 0.08591 0.37863 0.87010 0.44527 
1142	12	0.85830 0.87295 0.01380 0.76745 0.96662 0.16068 
1143	12	0.58167 0.86815 0.10097 0.39730 0.86138 0.45718 
1144	12	0.67660 0.80916 0.04480 0.51045 0.89826 0.36543 
1145	12	0.57736 0.87833 0.05109 0.41520 0.85714 0.40688 
1146	12	0.55928 0.88648 0.05772 0.40187 0.86597 0.42302 
1147	12	0.35887 0.93692 0.13382 0.21392 0.83055 0.56832 
1148	12	0.40322 0.95308 0.09310 0.23910 0.87221 0.58239 
1149	12	0.44985 0.95440 0.04900 0.33065 0.90252 0.43330 
1150	12	0.69559 0.94636 0.06333 0.52312 0.89147 0.40956 
1151	12	0.45679 0.96637 0.04080 0.32849 0.89266 0.46623 
1152	12	0.37484 0.92684 0.06682 0.28673 0.84987 0.49853 
1153	12	0.61818 0.92414 0.07182 0.44366 0.87359 0.43602 
1154	12	0.26242 0.96080 0.09619 0.23432 0.87994 0.53936 
1155	12	0.45926 0.93848 0.07646 0.29108 0.86152 0.51094 
1156	12	0.50064 0.96337 0.05063 0.33430 0.92059 0.44429 
1157	12	0.79804 0.92950 0.01879 0.67883 0.96699 0.21965 
1158	12	0.56689 0.96013 0.04749 0.39922 0.90944 0.40388 
1159	12	0.57913 0.93012 0.02669 0.42319 0.94657 0.36260 
1160	12	0.32687 0.92765 0.04427 0.30685 0.85797 0.43110 
1161	12	0.62557 0.95828 0.03318 0.45369 0.94373 0.38718 
1162	12	0.46602 0.94679 0.04061 0.31652 0.92405 0.45440 
1163	12	0.77748 0.92344 0.01358 0.65721 0.96373 0.21312 
1164	12	0.78292 0.91991 0.00924 0.67255 0.97416 0.17992 
1165	12	0.82240 0.88574 0.02363 0.71088 0.95480 0.20706 
1166	12	0.67880 0.93641 0.02441 0.54303 0.94289 0.27887 
1167	12	0.67313 0.91362 0.04563 0.51123 0.91390 0.35524 
1168	12	0.76097 0.98601 0.01904 0.62715 0.96988 0.24185 
1169	12	0.73123 0.97252 0.03386 0.58335 0.94645 0.29209 
1170	12	0.51891 0.98699 0.03921 0.38520 0.93935 0.37491 
1171	12	0.53058 0.97142 0.05816 0.36883 0.90531 0.43073 
1172	12	0.62755 0.99177 0.02978 0.50188 0.96753 0.28814 
1173	12	0.72500 0.98937 0.02387 0.59316 0.97118 0.24232 
1174	12	0.80832 0.93906 0.02952 0.68724 0.95005 0.23445 
1175	12	0.65904 0.96441 0.05423 0.52721 0.95103 0.26168 
1176	12	0.61737 0.92142 0.10046 0.47429 0.87713 0.31615 
1177	12	0.90384 0.80593 0.01250 0.84076 0.98674 0.08906 
1178	12	0.78222 0.83202 0.09413 0.65703 0.92222 0.21548 
1179	12	0.88741 0.75499 0.10607 0.81181 0.92160 0.12498 
1180	12	0.91941 0.75858 0.02798 0.86192 0.95044 0.09531 
1181	12	1.00000 0.85296 0.00884 1.00000 0.99152 0.00496 
1182	12	0.97888 0.74516 0.00701 0.96313 0.99098 0.02454 
1183	12	0.91719 0.78055 0.00440 0.86208 0.97741 0.07491 
1184	12	0.94294 0.72094 0.01179 0.90235 0.97914 0.06105 
1185	12	0.95428 0.93734 0.00008 0.92242 0.99650 0.03655 
1186	12	0.99455 0.90461 0.00000 0.99090 1.00000 0.00000 
1187	12	0.93609 0.91809 0.00575 0.89074 0.98282 0.06757 
1188	12	0.98726 0.92980 0.00463 0.97738 0.99500 0.01762 
1189	12	0.84181 0.95258 0.00031 0.75595 0.98608 0.11107 
1190	12	0.90721 0.82467 0.01833 0.84303 0.95315 0.10220 
1191	12	0.52048 0.94545 0.09543 0.43584 0.92551 0.30924 
1192	12	0.28371 0.94627 0.09503 0.27708 0.89215 0.42945 
1193	12	0.34857 0.69974 0.10895 0.34901 0.87388 0.37881 
1194	12	0.31885 0.94301 0.10060 0.28249 0.90185 0.41759 
1195	12	0.68905 0.94298 0.07442 0.53911 0.93354 0.28292 
1196	12	0.74166 0.95877 0.05109 0.60221 0.94778 0.25659 
1197	12	0.83414 0.94663 0.03982 0.73089 0.94993 0.18168 
1198	12	0.89990 0.95557 0.02715 0.83071 0.97698 0.11954 
1199	12	0.45628 0.89467 0.06088 0.36125 0.85372 0.40853 
1200	13	0.30544 0.96317 0.22708 0.14537 0.61879 0.76338 
1201	13	0.32846 0.95413 0.16160 0.18164 0.72234 0.67433 
1202	13	0.32155 0.96654 0.15486 0.17655 0.63949 0.69766 
1203	13	0.33235 0.96770 0.20041 0.16576 0.62022 0.73739 
1204	13	0.28009 0.96615 0.24369 0.12439 0.58701 0.79865 
1205	13	0.22883 0.96712 0.13261 0.19292 0.74174 0.62399 
1206	13	0.18669 0.95482 0.13026 0.14644 0.69140 0.66350 
1207	13	0.18809 0.96102 0.27113 0.09013 0.59739 0.82807 
1208	13	0.17899 0.95694 0.23541 0.09855 0.63280 0.78930 
1209	13	0.10132 0.96330 0.28299 0.06238 0.55751 0.86405 
1210	13	0.20240 0.96299 0.16401 0.14213 0.67880 0.70435 
1211	13	0.12633 0.95676 0.16105 0.12714 0.66573 0.70895 
1212	13	0.23303 0.97216 0.14762 0.13439 0.72634 0.71193 
1213	13	0.21207 0.95425 0.16369 0.13702 0.65027 0.71798 
1214	13	0.49580 0.97607 0.04841 0.36845 0.87109 0.41598 
1215	13	0.15107 0.97317 0.18992 0.08988 0.63146 0.79345 
1216	13	0.26217 0.97477 0.15849 0.14540 0.67939 0.71222 
1217	13	0.35088 0.95692 0.04471 0.30035 0.87450 0.44466 
1218	13	0.16278 0.96628 0.22492 0.09380 0.60500 0.79846 
1219	13	0.25678 0.97221 0.20577 0.12709 0.64633 0.76230 
1220	13	0.23641 0.96643 0.15226 0.14208 0.71322 0.70276 
1221	13	0.28253 0.97267 0.11982 0.19740 0.75687 0.62312 
1222	13	0.22817 0.95432 0.11870 0.17922 0.76037 0.62241 
1223	13	0.27281 0.97426 0.10910 0.18907 0.75380 0.62433 
1224	13	0.29601 0.95676 0.11980 0.21793 0.75429 0.59606 
1225	13	0.37775 0.96147 0.08122 0.27229 0.79512 0.52723 
1226	13	0.36911 0.96962 0.15440 0.21264 0.72820 0.66122 
1227	13	0.32635 0.96644 0.12238 0.22646 0.77358 0.60269 
1228	13	0.29043 0.97970 0.13292 0.18092 0.74270 0.67029 
1229	13	0.26300 0.96248 0.11101 0.22750 0.76988 0.57587 
1230	13	0.26642 0.97937 0.10144 0.20675 0.77771 0.60508 
1231	13	0.31920 0.96288 0.15717 0.20307 0.72323 0.63967 
1232	13	0.33697 0.97354 0.10151 0.23957 0.78470 0.57758 
1233	13	0.35991 0.98154 0.13185 0.20952 0.73384 0.64946 
1234	13	0.32038 0.96115 0.14051 0.20616 0.73112 0.63027 
1235	13	0.29644 0.97281 0.16957 0.18374 0.68000 0.67883 
1236	13	0.35782 0.96066 0.07628 0.30809 0.80503 0.47468 
1237	13	0.31330 0.96704 0.12278 0.22568 0.74094 0.61501 
1238	13	0.48473 0.88536 0.00501 0.39364 0.83802 0.33203 
1239	13	0.32237 0.97083 0.16888 0.18436 0.68296 0.68980 
1240	13	0.28590 0.96226 0.12345 0.24408 0.75798 0.56946 
1241	13	0.28134 0.96078 0.17913 0.19302 0.70093 0.65994 
1242	13	0.28124 0.95634 0.09947 0.23876 0.78040 0.55980 
1243	13	0.33073 0.96294 0.15233 0.23458 0.70412 0.60278 
1244	13	0.26294 0.96211 0.15028 0.16731 0.69786 0.67184 
1245	13	0.30686 0.96751 0.09673 0.22561 0.76443 0.58964 
1246	13	0.31793 0.96128 0.16499 0.19193 0.70136 0.66777 
1247	13	0.38965 0.96935 0.16735 0.23043 0.69219 0.65545 
1248	13	0.35777 0.94912 0.15150 0.22471 0.72690 0.62174 
1249	13	0.36444 0.96391 0.08491 0.27870 0.80057 0.51685 
1250	13	0.34190 0.95508 0.12513 0.22465 0.73570 0.60922 
1251	13	0.25578 0.96145 0.13175 0.21016 0.73631 0.62463 
1252	13	0.27162 0.96684 0.15091 0.18002 0.71032 0.66599 
1253	13	0.39175 0.96744 0.03920 0.34704 0.85904 0.41369 
1254	13	0.28141 0.95076 0.18679 0.17571 0.68269 0.67729 
1255	13	0.30337 0.95834 0.12673 0.23129 0.74922 0.58594 
1256	13	0.24091 0.96608 0.11957 0.18399 0.70967 0.63445 
1257	13	0.33435 0.97250 0.04800 0.32818 0.84225 0.43159 
1258	13	0.24043 0.96036 0.13695 0.19679 0.73257 0.62245 
1259	13	0.38698 0.97787 0.03561 0.33377 0.85503 0.42630 
1260	13	0.25592 0.96409 0.13709 0.21001 0.73868 0.62036 
1261	13	0.34834 0.93858 0.04511 0.34331 0.85758 0.41184 
1262	13	0.32782 0.95900 0.12276 0.24712 0.77237 0.56652 
1263	13	0.30948 0.96238 0.10245 0.23065 0.77595 0.58588 
1264	13	0.31374 0.95850 0.08927 0.30908 0.82223 0.46962 
1265	13	0.25768 0.96052 0.18465 0.17143 0.69312 0.68992 
1266	13	0.34610 0.97127 0.04477 0.33721 0.84272 0.42329 
1267	13	0.30614 0.94931 0.07567 0.29470 0.82398 0.49250 
1268	13	0.24354 0.94843 0.12308 0.21730 0.72690 0.60545 
1269	13	0.32345 0.95703 0.09330 0.22969 0.77123 0.57792 
1270	13	0.28634 0.96969 0.14336 0.16806 0.70554 0.69215 
1271	13	0.32458 0.95716 0.16330 0.19717 0.70437 0.66219 
1272	13	0.16266 0.96527 0.15448 0.12578 0.66486 0.72083 
1273	13	0.18612 0.95695 0.17289 0.13381 0.67106 0.71283 
1274	13	0.24021 0.95380 0.16943 0.16677 0.67194 0.68380 
1275	13	0.24589 0.95994 0.10944 0.19665 0.72708 0.61280 
1276	13	0.29853 0.95275 0.12896 0.20229 0.70060 0.62778 
1277	13	0.29610 0.95845 0.15081 0.19489 0.67460 0.64676 
1278	13	0.15461 0.95533 0.19965 0.13352 0.65299 0.71516 
1279	13	0.24972 0.95816 0.11980 0.21254 0.71521 0.60864 
1280	13	0.26033 0.94331 0.15725 0.17307 0.69414 0.66396 
1281	13	0.23705 0.96562 0.17032 0.15907 0.65899 0.69652 
1282	13	0.25228 0.96336 0.14428 0.19729 0.73919 0.64309 
1283	13	0.19489 0.96958 0.13983 0.15730 0.70307 0.67272 
1284	13	0.22371 0.96731 0.16106 0.15984 0.68404 0.68477 
1285	13	0.24949 0.97738 0.11149 0.19417 0.72625 0.62664 
1286	13	0.32871 0.96977 0.10048 0.21955 0.68669 0.60458 
1287	13	0.25633 0.97238 0.11809 0.21155 0.75530 0.61272 
1288	13	0.23199 0.96361 0.17221 0.17557 0.69227 0.67696 
1289	13	0.26185 0.96884 0.12174 0.21203 0.75176 0.61013 
1290	13	0.24017 0.95298 0.15494 0.20399 0.72977 0.62704 
1291	13	0.29515 0.96582 0.11735 0.20535 0.74959 0.61019 
1292	13	0.28477 0.97185 0.13510 0.18501 0.71981 0.64485 
1293	13	0.25853 0.95301 0.14366 0.18760 0.72733 0.63534 
1294	13	0.24523 0.96862 0.13448 0.16703 0.72748 0.65253 
1295	13	0.16059 0.95974 0.17757 0.11654 0.64676 0.73416 
1296	13	0.29438 0.96916 0.13541 0.18929 0.72701 0.65830 
1297	13	0.25973 0.96536 0.12964 0.21704 0.76450 0.60626 
1298	13	0.23989 0.96136 0.14034 0.19445 0.74193 0.62961 
1299	13	0.31000 0.95936 0.12085 0.24058 0.78081 0.57564 
1300	14	0.10896 0.96128 0.29185 0.08723 0.63801 0.76539 
1301	14	0.17539 0.96119 0.22925 0.08695 0.68236 0.76393 
1302	14	0.27505 0.95335 0.22103 0.14167 0.72964 0.70005 
1303	14	0.29895 0.96137 0.18875 0.16025 0.72628 0.67628 
1304	14	0.18465 0.96836 0.21085 0.07875 0.67253 0.78647 
1305	14	0.27259 0.94332 0.26955 0.13583 0.66311 0.72810 
1306	14	0.15313 0.95893 0.23517 0.08129 0.68158 0.76181 
1307	14	0.23511 0.95162 0.23562 0.11811 0.69108 0.72796 
1308	14	0.22945 0.98988 0.08056 0.11751 0.87197 0.67234 
1309	14	0.26448 0.94873 0.19797 0.13581 0.73759 0.70524 
1310	14	0.09749 0.98988 0.09283 0.06456 0.84800 0.72816 
1311	14	0.16176 0.95098 0.22992 0.08176 0.69792 0.75243 
1312	14	0.17205 0.95422 0.22723 0.07909 0.69461 0.77523 
1313	14	0.22822 0.93890 0.16326 0.20947 0.75704 0.57629 
1314	14	0.10814 0.94890 0.25592 0.06323 0.68313 0.78087 
1315	14	0.19227 0.94247 0.23252 0.09793 0.68661 0.74660 
1316	14	0.33760 0.93924 0.22430 0.17953 0.72642 0.66834 
1317	14	0.10435 0.95789 0.25316 0.06580 0.66973 0.77426 
1318	14	0.36377 0.94070 0.14890 0.24648 0.77333 0.55485 
1319	14	0.28740 0.97368 0.09382 0.19255 0.84941 0.59942 
1320	14	0.26323 0.98259 0.07256 0.19947 0.88541 0.56759 
1321	14	0.15729 0.91000 0.37851 0.09815 0.54693 0.77848 
1322	14	0.18275 0.92625 0.20943 0.12133 0.72941 0.69877 
1323	14	0.09472 0.91664 0.45812 0.05157 0.46541 0.85975 
1324	14	0.27328 0.96728 0.07128 0.21724 0.87121 0.55306 
1325	14	0.12615 0.94349 0.30354 0.08759 0.62658 0.75710 
1326	14	0.01519 0.95560 0.31115 0.03649 0.57042 0.84835 
1327	14	0.14649 0.93317 0.39872 0.07382 0.51685 0.81900 
1328	14	0.09573 0.97572 0.11765 0.08521 0.82554 0.69562 
1329	14	0.12789 0.92414 0.37608 0.08521 0.59681 0.76781 
1330	14	0.08841 0.93606 0.45127 0.04318 0.46033 0.87069 
1331	14	0.26817 0.94523 0.30873 0.13966 0.67342 0.71211 
1332	14	0.10667 0.94514 0.27867 0.07442 0.62950 0.77235 
1333	14	0.16049 0.93034 0.38948 0.07386 0.54345 0.82214 
1334	14	0.15969 0.95043 0.26308 0.07713 0.65888 0.78220 
1335	14	0.12064 0.94151 0.23346 0.08480 0.70183 0.74291 
1336	14	0.10400 0.92151 0.33533 0.08416 0.62094 0.77097 
1337	14	0.12692 0.93165 0.41082 0.06131 0.53153 0.83549 
1338	14	0.18553 0.92866 0.29188 0.09306 0.63234 0.75235 
1339	14	0.11312 0.92486 0.30857 0.08394 0.64619 0.75183 
1340	14	0.13253 0.92236 0.34884 0.07237 0.61375 0.79545 
1341	14	0.12935 0.94811 0.31129 0.07264 0.58328 0.80874 
1342	14	0.19355 0.90423 0.29992 0.12480 0.64689 0.72713 
1343	14	0.11867 0.97948 0.09764 0.10362 0.83743 0.67929 
1344	14	0.07851 0.91734 0.36967 0.06004 0.53869 0.83182 
1345	14	0.10216 0.94229 0.30909 0.07789 0.62866 0.78270 
1346	14	0.11587 0.94269 0.28579 0.07908 0.65688 0.78013 
1347	14	0.18800 0.88399 0.30438 0.13454 0.64093 0.72895 
1348	14	0.26125 0.88253 0.31047 0.13306 0.59436 0.73332 
1349	14	0.09281 0.94696 0.34184 0.05706 0.56967 0.84052 
1350	14	0.13047 0.92545 0.31169 0.06969 0.60882 0.78814 
1351	14	0.04139 0.99757 0.10011 0.05745 0.81959 0.76084 
1352	14	0.15021 0.93432 0.28445 0.09211 0.62697 0.75791 
1353	14	0.11812 0.94971 0.28428 0.08058 0.62402 0.77672 
1354	14	0.17008 0.88666 0.42472 0.06289 0.43754 0.83442 
1355	14	0.09214 0.93870 0.24234 0.08192 0.69145 0.75157 
1356	14	0.16497 0.93227 0.32659 0.07260 0.58375 0.80454 
1357	14	0.16101 0.91794 0.42843 0.08022 0.49654 0.82132 
1358	14	0.12539 0.91423 0.50027 0.06195 0.42672 0.85650 
1359	14	0.19351 0.98071 0.11353 0.10961 0.84190 0.66879 
1360	14	0.14787 0.93858 0.21187 0.10922 0.67689 0.73702 
1361	14	0.06369 0.95065 0.28467 0.04775 0.61063 0.81108 
1362	14	0.13452 0.92055 0.42184 0.06490 0.51158 0.81686 
1363	14	0.19771 0.98459 0.09882 0.12664 0.85410 0.64592 
1364	14	0.12722 0.95351 0.24302 0.06803 0.65586 0.79245 
1365	14	0.16308 0.94993 0.24327 0.08944 0.69444 0.75095 
1366	14	0.37823 0.95037 0.17310 0.21927 0.75978 0.60272 
1367	14	0.77888 0.81850 0.13456 0.64512 0.82701 0.28810 
1368	14	0.79746 0.76690 0.13978 0.67271 0.83733 0.26442 
1369	14	0.33717 0.89916 0.20988 0.17354 0.61260 0.70126 
1370	14	0.20048 0.92308 0.22164 0.11047 0.58241 0.77059 
1371	14	0.47952 0.93348 0.13276 0.28511 0.73736 0.60463 
1372	14	0.43458 0.83325 0.22561 0.24541 0.67183 0.63681 
1373	14	0.48889 0.86444 0.27844 0.28383 0.58444 0.66006 
1374	14	0.41249 0.91088 0.19628 0.22486 0.65459 0.65916 
1375	14	0.16809 0.92885 0.20795 0.10996 0.58958 0.78218 
1376	14	0.17714 0.90795 0.23516 0.10255 0.64189 0.77959 
1377	14	0.20106 0.91007 0.25420 0.10974 0.59620 0.77610 
1378	14	0.15359 0.93931 0.18339 0.10949 0.66310 0.76190 
1379	14	0.31157 0.86937 0.22207 0.18187 0.61440 0.67568 
1380	14	0.23998 0.87631 0.23940 0.17186 0.65256 0.67130 
1381	14	0.22130 0.87256 0.24518 0.17425 0.64730 0.66793 
1382	14	0.25753 0.83961 0.41413 0.13995 0.49571 0.77292 
1383	14	0.32729 0.81966 0.38460 0.18454 0.50574 0.70052 
1384	14	0.21669 0.84775 0.36358 0.12935 0.47621 0.79836 
1385	14	0.29205 0.87014 0.26055 0.18766 0.59257 0.67785 
1386	14	0.33357 0.82507 0.23714 0.22284 0.65323 0.62358 
1387	14	0.22500 0.87555 0.29830 0.13460 0.60525 0.75758 
1388	14	0.10472 0.90257 0.25621 0.06751 0.60192 0.82496 
1389	14	0.21036 0.87222 0.23326 0.13266 0.65373 0.72611 
1390	14	0.33546 0.85090 0.31448 0.18855 0.57434 0.71345 
1391	14	0.46257 0.60132 0.11393 0.32006 0.51589 0.47805 
1392	14	0.27876 0.87954 0.26838 0.14324 0.62114 0.75296 
1393	14	0.28787 0.82857 0.27674 0.20904 0.60246 0.64235 
1394	14	0.24691 0.91342 0.19219 0.17249 0.67079 0.67876 
1395	14	0.38551 0.82879 0.36736 0.20992 0.50613 0.70677 
1396	14	0.25320 0.89682 0.19284 0.18993 0.63987 0.65952 
1397	14	0.20925 0.85593 0.23636 0.16637 0.62175 0.68704 
1398	14	0.33343 0.85978 0.29813 0.17958 0.55179 0.71412 
1399	14	0.27605 0.82165 0.23701 0.19776 0.60845 0.64601 
