600	6	6
0	1	0.17689 0.91685 0.12641 0.08115 0.66609 0.63553 
1	1	0.16310 0.96921 0.06269 0.11955 0.91017 0.48374 
2	1	0.24058 0.94590 0.11085 0.10644 0.68772 0.57542 
3	1	0.09902 0.86581 0.19616 0.04459 0.47452 0.72037 
4	1	0.22507 0.91805 0.17287 0.08852 0.56605 0.64153 
5	1	0.23427 0.96043 0.13560 0.13960 0.78795 0.53080 
6	1	0.22101 0.91614 0.15093 0.11236 0.70983 0.60611 
7	1	0.09315 0.85998 0.23735 0.04059 0.44657 0.73031 
8	1	0.25894 0.95231 0.14727 0.11713 0.67725 0.59567 
9	1	0.23597 0.98622 0.09711 0.12207 0.75817 0.52445 
10	1	0.19455 0.97686 0.10412 0.10022 0.73081 0.59316 
11	1	0.24905 0.90654 0.08701 0.18863 0.93451 0.40131 
12	1	0.21597 0.94477 0.19329 0.09722 0.75481 0.58302 
13	1	0.17912 0.92572 0.09284 0.13051 0.90845 0.46825 
14	1	0.12698 0.83184 0.17318 0.05134 0.54045 0.70501 
15	1	0.23927 0.94854 0.13822 0.12904 0.75532 0.58400 
16	1	0.07657 0.86461 0.18684 0.04289 0.57142 0.70517 
17	1	0.10083 0.87125 0.17975 0.04120 0.53874 0.73404 
18	1	0.17683 0.97339 0.07668 0.10044 0.80965 0.57591 
19	1	0.30480 0.93033 0.22882 0.14360 0.71685 0.58633 
20	1	0.23475 0.93228 0.12208 0.08906 0.66332 0.65001 
21	1	0.22713 0.98723 0.08130 0.08172 0.67939 0.63944 
22	1	0.22203 0.94910 0.07697 0.11500 0.91658 0.51436 
23	1	0.22170 0.94392 0.10730 0.11516 0.75582 0.56400 
24	1	0.12948 0.92969 0.07118 0.09162 0.89221 0.54499 
25	1	0.16253 0.91230 0.25498 0.05710 0.59726 0.71873 
26	1	0.09723 0.89836 0.26857 0.04073 0.56333 0.74885 
27	1	0.17934 0.91518 0.20208 0.08250 0.68648 0.61959 
28	1	0.14447 0.92243 0.16784 0.07477 0.71671 0.61860 
29	1	0.21518 0.96230 0.15777 0.07742 0.65733 0.65133 
30	1	0.35896 0.98271 0.04031 0.26269 0.97242 0.33203 
31	1	0.23075 0.93915 0.21473 0.07502 0.55101 0.69929 
32	1	0.25031 0.96266 0.10081 0.13276 0.75064 0.54738 
33	1	0.28861 0.92907 0.18793 0.10281 0.58769 0.68597 
34	1	0.24234 0.90549 0.27417 0.08535 0.56683 0.69421 
35	1	0.25974 0.94761 0.20932 0.11219 0.76131 0.57905 
36	1	0.24596 0.99299 0.09251 0.14773 0.80431 0.46516 
37	1	0.78110 0.86130 0.14586 0.62140 0.85302 0.24517 
38	1	0.22694 0.92393 0.18466 0.09788 0.68453 0.64243 
39	1	0.15604 0.96060 0.10286 0.07237 0.67025 0.65722 
40	1	0.34428 0.96381 0.13706 0.16377 0.71467 0.55547 
41	1	0.20484 0.92549 0.11598 0.07464 0.59622 0.66308 
42	1	0.17884 0.97950 0.05051 0.11880 0.92518 0.46440 
43	1	0.30740 0.93545 0.08672 0.15085 0.73713 0.53543 
44	1	0.12446 0.93976 0.17319 0.05208 0.61400 0.70217 
45	1	0.38595 0.97662 0.10171 0.17503 0.72009 0.56403 
46	1	0.43333 0.97217 0.14877 0.21468 0.70188 0.53384 
47	1	0.31238 0.93339 0.18892 0.12907 0.63815 0.59322 
48	1	0.55421 0.97022 0.05488 0.42943 0.98690 0.23143 
49	1	0.27678 0.91328 0.17772 0.11092 0.65571 0.63763 
50	1	0.25299 0.95309 0.14677 0.09760 0.76195 0.60295 
51	1	0.27982 0.92681 0.19096 0.12005 0.65406 0.62695 
52	1	0.50916 0.90264 0.20085 0.28321 0.71007 0.49458 
53	1	0.19261 0.95126 0.06504 0.10376 0.74440 0.53501 
54	1	0.14270 0.82949 0.18748 0.05660 0.49081 0.67093 
55	1	0.33964 0.90443 0.06177 0.19577 0.87055 0.44853 
56	1	0.23535 0.92240 0.25771 0.10208 0.71865 0.61947 
57	1	0.23759 0.93863 0.20825 0.08639 0.60579 0.68222 
58	1	0.31902 0.96011 0.18473 0.16220 0.78132 0.52363 
59	1	0.32109 0.90376 0.07315 0.21110 0.89751 0.40948 
60	1	0.23593 0.92166 0.11421 0.12451 0.76671 0.56096 
61	1	0.23221 0.96053 0.11685 0.13467 0.79931 0.51842 
62	1	0.24589 0.95700 0.13248 0.09466 0.65092 0.65395 
63	1	0.24037 0.95829 0.12793 0.09407 0.69036 0.63089 
64	1	0.19477 0.95069 0.13058 0.07863 0.73201 0.62287 
65	1	0.12710 0.88237 0.16883 0.07524 0.65340 0.65512 
66	1	0.24481 0.93635 0.07986 0.15167 0.82431 0.50300 
67	1	0.27062 0.99384 0.07271 0.11154 0.71900 0.55471 
68	1	0.18888 0.97462 0.09825 0.09754 0.69889 0.61449 
69	1	0.26003 0.94810 0.12421 0.11538 0.69840 0.60043 
70	1	0.61193 0.94859 0.07561 0.47231 0.93740 0.23152 
71	1	0.49973 0.96457 0.09641 0.33460 0.92259 0.31620 
72	1	0.19837 0.87829 0.18139 0.12503 0.72964 0.57438 
73	1	0.19638 0.94723 0.14509 0.08682 0.67146 0.63605 
74	1	0.82906 0.95997 0.07375 0.69842 0.93969 0.17892 
75	1	0.15074 0.81680 0.26586 0.04100 0.45056 0.76981 
76	1	0.21525 0.94147 0.17709 0.06650 0.55205 0.72605 
77	1	0.49286 0.95279 0.15597 0.26078 0.69160 0.52967 
78	1	0.18261 0.89070 0.34499 0.07221 0.52760 0.71933 
79	1	0.21820 0.87063 0.26378 0.06897 0.47739 0.72378 
80	1	0.14079 0.86302 0.24347 0.05268 0.45762 0.70422 
81	1	0.27354 0.95055 0.16982 0.10390 0.69931 0.63065 
82	1	0.27849 0.93633 0.17557 0.10672 0.64134 0.64269 
83	1	0.11811 0.92451 0.15192 0.03867 0.53778 0.73865 
84	1	0.19492 0.92090 0.13480 0.09272 0.69930 0.61162 
85	1	0.31653 0.98916 0.10751 0.14104 0.74865 0.55868 
86	1	0.12835 0.93014 0.13497 0.04910 0.61064 0.70929 
87	1	0.29305 0.98936 0.08440 0.13287 0.78793 0.55232 
88	1	0.26543 0.93872 0.20473 0.11617 0.74748 0.59778 
89	1	0.12097 0.98983 0.02445 0.08370 0.88701 0.55707 
90	1	0.22908 0.88522 0.24782 0.09475 0.65305 0.65940 
91	1	0.14315 0.87143 0.09060 0.05900 0.62254 0.63675 
92	1	0.23917 0.90018 0.22383 0.08612 0.65536 0.67612 
93	1	0.22492 0.90812 0.17722 0.07806 0.63783 0.68262 
94	1	0.14549 0.91471 0.19272 0.06820 0.61609 0.67437 
95	1	0.14338 0.95205 0.09705 0.06425 0.64401 0.63796 
96	1	0.23119 0.94856 0.19386 0.08294 0.57981 0.69805 
97	1	0.19985 0.91393 0.23255 0.05981 0.50820 0.74523 
98	1	0.17376 0.94411 0.20595 0.05992 0.62510 0.71009 
99	1	0.79508 0.94907 0.13716 0.64222 0.88051 0.23674 
100	2	0.37023 0.91377 0.29017 0.15882 0.62669 0.62212 
101	2	0.21629 0.89730 0.11942 0.12947 0.69001 0.55860 
102	2	0.09393 0.74063 0.23180 0.03635 0.44181 0.73769 
103	2	0.30223 0.66055 0.38859 0.18413 0.62533 0.55253 
104	2	0.59774 0.85618 0.38791 0.36974 0.58105 0.49420 
105	2	0.38761 0.78676 0.35853 0.23877 0.65734 0.46544 
106	2	0.70251 0.84796 0.39392 0.50386 0.65580 0.39190 
107	2	0.21748 0.69520 0.15904 0.09362 0.63111 0.58644 
108	2	0.08519 0.81623 0.23318 0.02732 0.36959 0.76722 
109	2	0.03259 0.68212 0.26394 0.01832 0.37320 0.81307 
110	2	0.04089 0.87796 0.17872 0.01638 0.38274 0.81451 
111	2	0.10815 0.64534 0.29879 0.04242 0.45165 0.76514 
112	2	0.55303 0.68778 0.74163 0.32183 0.54227 0.53837 
113	2	0.15445 0.70594 0.16800 0.08291 0.63735 0.62241 
114	2	0.49276 0.41612 0.16820 0.28078 0.68293 0.42193 
115	2	0.07218 0.68714 0.29008 0.03229 0.52188 0.76819 
116	2	0.28928 0.89560 0.16310 0.12109 0.73596 0.59399 
117	2	0.38350 0.85051 0.14848 0.18380 0.59914 0.50310 
118	2	0.11546 0.87582 0.28970 0.04136 0.59974 0.73671 
119	2	0.03206 0.77335 0.39319 0.02035 0.49378 0.81621 
120	2	0.21673 0.88055 0.18295 0.06999 0.48112 0.68295 
121	2	0.04340 0.78342 0.42484 0.02185 0.49022 0.81511 
122	2	0.14979 0.87745 0.06440 0.06877 0.68937 0.62501 
123	2	0.03938 0.55807 0.49689 0.01204 0.21182 0.89546 
124	2	0.64885 0.75968 0.36624 0.43624 0.70244 0.40526 
125	2	0.51435 0.95642 0.22411 0.28466 0.64002 0.50115 
126	2	0.33207 0.91356 0.19297 0.18759 0.68664 0.53134 
127	2	0.01248 0.75810 0.30866 0.00958 0.29288 0.87482 
128	2	0.20100 0.63400 0.88667 0.10263 0.55980 0.60850 
129	2	0.12560 0.43038 0.56073 0.05205 0.44465 0.77424 
130	2	0.24378 0.89799 0.21081 0.07524 0.45779 0.73790 
131	2	0.30356 0.79210 0.16301 0.15203 0.65870 0.55858 
132	2	0.45432 0.76834 0.22119 0.24464 0.71253 0.48320 
133	2	0.21990 0.75371 0.01208 0.13198 0.71096 0.43726 
134	2	0.12606 0.70626 0.29772 0.03337 0.42974 0.79235 
135	2	0.26331 0.50296 0.19019 0.13985 0.66683 0.54882 
136	2	0.17911 0.84446 0.25491 0.07859 0.70749 0.66350 
137	2	0.59741 0.00000 0.46523 0.38013 0.64686 0.39428 
138	2	0.53674 0.89893 0.29631 0.30558 0.58880 0.49108 
139	2	0.66008 0.46138 0.41845 0.45455 0.66465 0.38065 
140	2	0.28450 0.93145 0.08904 0.10664 0.65659 0.61767 
141	2	0.16951 0.86875 0.51228 0.08220 0.48677 0.64485 
142	2	0.29896 0.98870 0.03456 0.12111 0.74977 0.56653 
143	2	0.14863 0.98795 0.06260 0.08739 0.81147 0.57510 
144	2	0.31352 0.75534 0.24521 0.13588 0.57006 0.62467 
145	2	0.07731 0.85087 0.35495 0.02822 0.33841 0.82244 
146	2	0.10679 0.73753 0.42944 0.03532 0.48604 0.77006 
147	2	0.05382 0.87301 0.29146 0.01758 0.32509 0.85315 
148	2	0.24258 0.88335 0.29233 0.12051 0.61187 0.65026 
149	2	0.28501 0.77730 0.23907 0.11872 0.58711 0.64030 
150	2	0.55380 0.86457 0.40302 0.32013 0.55987 0.54132 
151	2	0.11664 0.92506 0.19410 0.03367 0.47902 0.78476 
152	2	0.00833 0.68745 0.22652 0.01284 0.24901 0.82168 
153	2	0.00427 0.72934 0.25698 0.00952 0.25606 0.85004 
154	2	0.06896 0.72500 0.47002 0.01892 0.30085 0.85195 
155	2	0.26454 0.80624 0.40364 0.09871 0.55296 0.68444 
156	2	0.17352 0.67155 0.51116 0.07759 0.49889 0.71563 
157	2	0.06438 0.71672 0.52477 0.02186 0.28661 0.84947 
158	2	0.51670 0.93505 0.21019 0.29085 0.67875 0.47753 
159	2	0.29634 0.74354 0.41520 0.10760 0.47275 0.71201 
160	2	0.29651 0.80184 0.08619 0.13142 0.66072 0.56283 
161	2	0.04421 0.70520 0.37599 0.01498 0.33543 0.85205 
162	2	0.02981 0.64662 0.54071 0.01103 0.23501 0.89873 
163	2	0.22320 0.78343 0.11645 0.12643 0.59222 0.55914 
164	2	0.64956 0.84085 0.04417 0.44710 0.86352 0.30273 
165	2	0.20464 0.84838 0.27150 0.06824 0.56079 0.70111 
166	2	0.19616 0.90811 0.14986 0.10102 0.72925 0.62305 
167	2	0.37847 0.92292 0.22112 0.17132 0.69072 0.58387 
168	2	0.37111 0.87751 0.28609 0.16273 0.59095 0.64147 
169	2	0.14521 0.81800 0.32840 0.06249 0.41552 0.72960 
170	2	0.46422 0.63379 0.68445 0.22720 0.40868 0.66769 
171	2	0.10097 0.92614 0.17107 0.04014 0.49897 0.69346 
172	2	0.07581 0.61984 0.30276 0.02818 0.39193 0.79108 
173	2	0.71869 0.72159 0.44190 0.53345 0.75600 0.31331 
174	2	0.03524 0.87164 0.18173 0.01782 0.40435 0.80465 
175	2	0.58552 0.93972 0.23029 0.35720 0.68911 0.47266 
176	2	0.05449 0.86648 0.41728 0.02706 0.36941 0.81018 
177	2	0.04804 0.78154 0.49138 0.01520 0.33380 0.88641 
178	2	0.44485 0.90897 0.15926 0.24634 0.77646 0.44378 
179	2	0.56492 0.95158 0.15453 0.33283 0.64907 0.50428 
180	2	0.06574 0.75295 0.46153 0.01302 0.23119 0.88304 
181	2	0.02783 0.77304 0.20540 0.02051 0.41669 0.77875 
182	2	0.03522 0.66814 0.29783 0.01705 0.33358 0.82636 
183	2	0.08994 0.84387 0.23064 0.03279 0.51656 0.75522 
184	2	0.69712 0.83223 0.13150 0.50509 0.83387 0.27910 
185	2	0.44510 0.85598 0.46770 0.22699 0.61435 0.57427 
186	2	0.21872 0.77158 0.15057 0.11870 0.72018 0.56044 
187	2	0.53471 0.59229 0.58098 0.30612 0.58630 0.52411 
188	2	0.54394 0.82548 0.29322 0.31119 0.57930 0.52233 
189	2	0.32495 0.93443 0.32246 0.13979 0.57070 0.60493 
190	2	0.15756 0.90885 0.30719 0.05365 0.67328 0.68903 
191	2	0.52755 0.91147 0.21819 0.29849 0.64642 0.47578 
192	2	0.08072 0.96328 0.10520 0.03692 0.56839 0.72591 
193	2	0.05932 0.91824 0.14636 0.02219 0.48657 0.78577 
194	2	0.47599 0.89188 0.34506 0.24213 0.54539 0.59295 
195	2	0.33789 0.89391 0.14916 0.15933 0.64467 0.57201 
196	2	0.45630 0.74584 0.28801 0.22542 0.51863 0.57851 
197	2	0.26194 0.95348 0.15435 0.09167 0.61097 0.66725 
198	2	0.15276 0.83581 0.32572 0.05942 0.44767 0.75780 
199	2	0.51845 0.56035 0.45854 0.28604 0.51170 0.55456 
200	3	0.58325 0.64971 0.35097 0.35945 0.65072 0.46972 
201	3	0.92831 0.76827 0.12802 0.86527 0.92866 0.10636 
202	3	0.40739 0.92942 0.11724 0.20048 0.67232 0.51517 
203	3	0.36093 0.83424 0.28686 0.21774 0.79479 0.45599 
204	3	0.95047 0.88833 0.09101 0.90530 0.96219 0.07934 
205	3	0.90538 0.66668 0.11765 0.82409 0.88260 0.13169 
206	3	0.26917 0.84796 0.08797 0.12048 0.71494 0.57484 
207	3	0.12347 0.72235 0.40286 0.05717 0.56085 0.72538 
208	3	0.19725 0.73461 0.22441 0.09642 0.72597 0.58596 
209	3	0.19034 0.78894 0.29361 0.05983 0.53548 0.74571 
210	3	0.64408 0.79155 0.11618 0.43132 0.75872 0.37094 
211	3	0.61031 0.84295 0.45401 0.38507 0.60893 0.49171 
212	3	0.08469 0.84747 0.18107 0.03824 0.52552 0.73611 
213	3	0.27944 0.88361 0.08840 0.13059 0.69003 0.55129 
214	3	0.11665 0.74569 0.39751 0.08568 0.77413 0.60345 
215	3	0.22041 0.71762 0.13670 0.11141 0.64600 0.58964 
216	3	0.12330 0.87427 0.22587 0.04104 0.46287 0.76528 
217	3	0.69736 0.87141 0.11541 0.50315 0.80857 0.32451 
218	3	0.05612 0.60765 0.56873 0.01236 0.23266 0.89214 
219	3	0.34635 0.79901 0.26844 0.22896 0.67452 0.48862 
220	3	0.09451 0.81001 0.15590 0.04779 0.59534 0.67731 
221	3	0.03920 0.58262 0.94353 0.00630 0.15023 0.95494 
222	3	0.82438 0.83518 0.05972 0.69742 0.90194 0.14838 
223	3	0.05377 0.93985 0.16639 0.02685 0.54882 0.77493 
224	3	0.31838 0.57397 0.17698 0.20069 0.70922 0.48723 
225	3	0.27741 0.92208 0.08106 0.14066 0.83752 0.50043 
226	3	0.61281 0.88263 0.16897 0.42761 0.78602 0.27170 
227	3	0.32548 0.89029 0.38580 0.14621 0.72597 0.58593 
228	3	0.17198 0.81397 0.18269 0.07443 0.66276 0.62206 
229	3	0.12293 0.80655 0.09877 0.08723 0.76721 0.57812 
230	3	0.29039 0.82177 0.21307 0.12674 0.58683 0.59779 
231	3	0.29453 0.73250 0.19959 0.13073 0.53412 0.59995 
232	3	0.19158 0.59425 0.24450 0.10579 0.74514 0.54303 
233	3	0.12797 0.69250 0.47481 0.02715 0.28233 0.85824 
234	3	0.26515 0.87216 0.12748 0.11276 0.66458 0.60262 
235	3	0.24626 0.39758 0.19505 0.11162 0.56917 0.57092 
236	3	0.29913 0.79888 0.04841 0.18798 0.84313 0.44571 
237	3	0.36129 0.80183 0.22762 0.22659 0.70792 0.49351 
238	3	0.20700 0.91832 0.25242 0.07408 0.56011 0.70664 
239	3	0.11091 0.75888 0.18801 0.04347 0.57595 0.72396 
240	3	0.17071 0.92821 0.06622 0.06923 0.66802 0.59589 
241	3	0.47469 0.93514 0.19591 0.27179 0.72849 0.42458 
242	3	0.06799 0.85376 0.13992 0.04592 0.59471 0.69152 
243	3	0.76471 0.91282 0.21652 0.59718 0.85039 0.28201 
244	3	0.64997 0.86876 0.14209 0.43784 0.74756 0.38866 
245	3	0.17112 0.93511 0.05934 0.10287 0.80538 0.55928 
246	3	0.06300 0.80676 0.21499 0.04525 0.70011 0.70539 
247	3	0.30549 0.78224 0.38758 0.11235 0.44788 0.71874 
248	3	0.13240 0.87406 0.13175 0.07471 0.76582 0.61509 
249	3	0.39690 0.78931 0.12752 0.21357 0.79082 0.47450 
250	3	0.07491 0.84512 0.16004 0.03359 0.54764 0.73038 
251	3	0.39143 0.68732 0.11265 0.26018 0.68634 0.35741 
252	3	0.42019 0.92453 0.03517 0.24812 0.95585 0.36685 
253	3	0.09132 0.65034 0.25785 0.03640 0.41415 0.76115 
254	3	0.36663 0.62800 0.10918 0.19309 0.70310 0.48571 
255	3	0.26123 0.43777 0.13952 0.12999 0.53439 0.50745 
256	3	0.16959 0.62163 0.36514 0.07301 0.56556 0.69657 
257	3	0.74799 0.89654 0.18648 0.56977 0.79997 0.31546 
258	3	0.86061 0.63379 0.10762 0.74902 0.91794 0.15567 
259	3	0.52624 0.71145 0.06554 0.31048 0.73527 0.38403 
260	3	0.09792 0.31523 0.80183 0.02982 0.28148 0.86187 
261	3	1.00000 0.35749 0.00293 1.00000 0.99449 0.00000 
262	3	0.21262 0.88199 0.06755 0.12320 0.89452 0.48442 
263	3	0.20911 0.67634 0.16332 0.09967 0.64674 0.58627 
264	3	0.26197 0.84164 0.36115 0.11502 0.59782 0.63771 
265	3	0.07669 0.73361 0.21110 0.03637 0.47803 0.75181 
266	3	0.41987 0.98282 0.16975 0.30400 0.78577 0.39876 
267	3	0.40711 0.64494 0.08585 0.26535 0.78843 0.39528 
268	3	0.71625 0.69075 0.00000 0.54145 0.87506 0.20224 
269	3	0.31142 0.90266 0.24162 0.16378 0.69288 0.54953 
270	3	0.34031 0.92016 0.21111 0.19177 0.71257 0.51410 
271	3	0.42334 0.98913 0.01221 0.26053 0.97144 0.32281 
272	3	0.30576 0.99694 0.03211 0.19394 0.89595 0.43169 
273	3	0.89003 0.92806 0.08905 0.79792 0.90963 0.14415 
274	3	0.37879 0.58263 0.07380 0.21904 0.76572 0.42337 
275	3	0.08368 0.66854 0.22675 0.04202 0.48179 0.70528 
276	3	0.27554 0.68117 0.22546 0.14459 0.68713 0.55848 
277	3	0.34053 0.64777 0.21150 0.18628 0.78188 0.50646 
278	3	0.09624 0.69132 0.21912 0.05148 0.55511 0.67527 
279	3	0.10669 0.20304 0.18985 0.05743 0.30197 0.61256 
280	3	0.42312 0.68499 0.33881 0.19951 0.51899 0.61039 
281	3	0.06455 0.88384 0.10178 0.04317 0.61891 0.68122 
282	3	0.21442 0.84043 0.05990 0.12904 0.80627 0.51398 
283	3	0.66199 0.57647 0.37872 0.45681 0.67457 0.38110 
284	3	0.24956 0.67768 0.18807 0.16897 0.74532 0.48540 
285	3	0.09101 0.60968 0.27304 0.04031 0.47848 0.74513 
286	3	0.09792 0.95790 0.03071 0.06228 0.74602 0.60794 
287	3	0.13939 0.86243 0.12608 0.10016 0.87457 0.54253 
288	3	0.20757 0.85460 0.09517 0.10580 0.74644 0.55636 
289	3	0.26982 0.47517 0.22742 0.12860 0.65711 0.58742 
290	3	0.19103 0.81685 0.07075 0.13092 0.80603 0.49255 
291	3	0.36717 0.64760 0.05520 0.20060 0.70357 0.42225 
292	3	0.13211 0.78949 0.20388 0.09625 0.84095 0.56094 
293	3	0.14920 0.66980 0.35094 0.06017 0.55257 0.73141 
294	3	0.32295 0.63393 0.08804 0.16245 0.69087 0.47348 
295	3	0.16963 0.72889 0.22857 0.11140 0.79833 0.55860 
296	3	0.16330 0.81450 0.36855 0.07786 0.66880 0.64961 
297	3	0.12459 0.94537 0.04200 0.11563 0.90447 0.46791 
298	3	0.24358 0.97734 0.02233 0.16074 0.93358 0.41846 
299	3	0.31450 0.69098 0.17095 0.22261 0.78245 0.43406 
300	4	0.24500 0.91187 0.02728 0.11887 0.78160 0.53912 
301	4	0.06675 0.46524 0.54490 0.03128 0.19233 0.80334 
302	4	0.40327 0.16054 0.18109 0.22404 0.69304 0.44510 
303	4	0.12661 0.49444 0.25253 0.06266 0.54240 0.68178 
304	4	0.17110 0.92681 0.21469 0.07262 0.58772 0.69173 
305	4	0.17838 0.87881 0.15797 0.06139 0.62124 0.67564 
306	4	0.16594 0.67375 0.72892 0.04233 0.32767 0.84036 
307	4	0.37570 0.99280 0.03308 0.16399 0.72528 0.56328 
308	4	0.12708 0.69165 0.21312 0.06114 0.60605 0.66899 
309	4	0.01524 0.29911 0.94073 0.00581 0.01405 0.95310 
310	4	0.29290 0.58706 0.56243 0.10448 0.40411 0.74417 
311	4	0.03178 0.81495 0.19142 0.01690 0.37160 0.80857 
312	4	0.04213 0.44074 0.75866 0.00655 0.06601 0.93718 
313	4	0.20106 0.61142 0.24554 0.09910 0.58832 0.63922 
314	4	0.33434 0.77658 0.10121 0.19572 0.70037 0.48509 
315	4	0.26804 0.77509 0.18891 0.16564 0.68662 0.49133 
316	4	0.13124 0.88686 0.20949 0.05144 0.61974 0.70215 
317	4	0.00436 0.89047 0.13525 0.01018 0.34963 0.83088 
318	4	0.06866 0.57216 0.30390 0.03323 0.31912 0.75147 
319	4	0.72571 0.98543 0.10961 0.53975 0.80395 0.31107 
320	4	0.14704 0.89947 0.12037 0.06471 0.48245 0.64661 
321	4	0.10253 0.71425 0.20695 0.03899 0.46316 0.74650 
322	4	0.58231 0.87119 0.28274 0.35248 0.61830 0.50363 
323	4	0.46225 0.88695 0.34685 0.22896 0.51854 0.60456 
324	4	0.23715 0.69125 0.20731 0.08683 0.55062 0.67418 
325	4	0.26358 0.61023 0.14817 0.12140 0.71234 0.55116 
326	4	0.02254 0.81744 0.21054 0.01306 0.32934 0.83461 
327	4	0.10506 0.90387 0.10357 0.03902 0.54047 0.71907 
328	4	0.55904 0.77777 0.36732 0.32572 0.53697 0.51573 
329	4	0.31584 0.70462 0.25474 0.16644 0.57516 0.57006 
330	4	0.02346 0.75266 0.15973 0.02010 0.36310 0.76405 
331	4	0.18529 0.63101 0.28205 0.05766 0.44268 0.73213 
332	4	0.10741 0.58432 0.50957 0.03249 0.36180 0.81762 
333	4	0.50930 0.63811 0.20442 0.29790 0.72535 0.42569 
334	4	0.18108 0.60322 0.18842 0.07801 0.51497 0.64490 
335	4	0.18162 0.98343 0.05768 0.07142 0.77606 0.60728 
336	4	0.25185 0.72850 0.09225 0.14093 0.69545 0.53729 
337	4	0.28691 0.67336 0.17370 0.12035 0.53773 0.60695 
338	4	0.14100 0.69477 0.36829 0.06383 0.56868 0.70670 
339	4	0.12046 0.92463 0.08944 0.04484 0.57085 0.70092 
340	4	0.29075 0.76843 0.32882 0.10571 0.47772 0.68344 
341	4	0.01202 0.61171 0.23164 0.01437 0.24423 0.80515 
342	4	0.25448 0.79378 0.22372 0.11060 0.72998 0.53865 
343	4	0.13701 0.76955 0.39861 0.06203 0.58288 0.68499 
344	4	0.02754 0.74689 0.14386 0.02382 0.40911 0.74348 
345	4	0.26922 0.56233 0.19191 0.13076 0.64776 0.54688 
346	4	0.42824 0.50040 0.11227 0.33334 0.91622 0.29132 
347	4	0.10945 0.74334 0.41824 0.07928 0.85816 0.55511 
348	4	0.01122 0.55917 0.31279 0.01094 0.14318 0.83821 
349	4	0.16499 0.57204 0.38137 0.05888 0.46754 0.75704 
350	4	0.19754 0.65960 0.24887 0.08958 0.58260 0.67201 
351	4	0.06014 0.53198 0.49034 0.01676 0.22905 0.86153 
352	4	0.37277 0.46326 0.34550 0.16857 0.58912 0.56636 
353	4	0.35377 0.78563 0.64533 0.14189 0.43636 0.69534 
354	4	0.72537 0.79321 0.06212 0.55866 0.92244 0.21169 
355	4	0.32805 0.89553 0.06119 0.14395 0.64737 0.54218 
356	4	0.18991 0.65403 0.19178 0.06061 0.43039 0.70589 
357	4	0.13958 0.38462 0.26975 0.05972 0.42526 0.65928 
358	4	0.04178 0.71797 0.34313 0.01248 0.27629 0.86768 
359	4	0.10745 0.88111 0.11740 0.04661 0.60332 0.69049 
360	4	0.41590 0.67392 0.00269 0.25683 0.77894 0.31242 
361	4	0.18269 0.87308 0.09298 0.07670 0.66195 0.63342 
362	4	0.11295 0.71669 0.14950 0.04796 0.48329 0.70060 
363	4	0.27253 0.61705 0.16621 0.15853 0.75019 0.49850 
364	4	0.05372 0.03833 0.58492 0.02161 0.14380 0.82608 
365	4	0.16858 0.72075 0.18403 0.07592 0.63786 0.60196 
366	4	0.18841 0.58836 0.42949 0.09438 0.50011 0.68278 
367	4	0.17475 0.75389 0.29151 0.06747 0.35188 0.71655 
368	4	0.20743 0.57774 0.29551 0.13551 0.68888 0.55754 
369	4	0.11496 0.67180 0.10556 0.06333 0.59984 0.61671 
370	4	0.10986 0.61349 0.80887 0.02962 0.25340 0.83358 
371	4	0.21433 0.91622 0.18473 0.07195 0.58547 0.70084 
372	4	0.00000 0.46752 0.88800 0.00000 0.00000 1.00000 
373	4	0.26501 0.75740 0.19063 0.13937 0.77596 0.51552 
374	4	0.09238 0.03496 0.88271 0.02433 0.19485 0.89063 
375	4	0.19453 0.83031 0.17273 0.07815 0.62796 0.65394 
376	4	0.43728 0.70541 0.13368 0.28204 0.84548 0.32609 
377	4	0.06063 0.68009 0.48131 0.01860 0.18575 0.85877 
378	4	0.64554 0.77112 0.00904 0.44543 0.85247 0.28042 
379	4	0.18870 0.75500 0.09910 0.12186 0.72935 0.49378 
380	4	0.27420 0.69859 0.05977 0.14845 0.69538 0.48531 
381	4	0.10372 0.80006 0.37387 0.03774 0.37296 0.80699 
382	4	0.07243 0.77623 0.18699 0.02282 0.37261 0.77909 
383	4	0.08285 0.35137 0.61762 0.03947 0.45293 0.76255 
384	4	0.19046 0.59435 0.13526 0.09238 0.60987 0.59745 
385	4	0.09172 0.78697 0.37326 0.02992 0.35375 0.78917 
386	4	0.12247 0.79336 0.09578 0.05898 0.56294 0.64984 
387	4	0.11792 0.82810 0.38238 0.05262 0.45800 0.71982 
388	4	0.12632 0.63930 0.28728 0.04800 0.35719 0.76719 
389	4	0.19736 0.83156 0.10615 0.06750 0.56511 0.66282 
390	4	0.08041 0.87070 0.11945 0.04574 0.61297 0.69096 
391	4	0.09559 0.83199 0.19055 0.02905 0.46339 0.79007 
392	4	0.24025 0.66211 0.15532 0.14448 0.75865 0.53341 
393	4	0.19044 0.71933 0.16675 0.08866 0.62471 0.60198 
394	4	0.09133 0.80811 0.07767 0.04462 0.51053 0.65510 
395	4	0.07787 0.51172 0.23958 0.03677 0.32159 0.71826 
396	4	0.25836 0.87212 0.08974 0.10370 0.57496 0.59834 
397	4	0.15696 0.88007 0.09154 0.07458 0.66224 0.60740 
398	4	0.01834 0.49706 0.38762 0.00956 0.13834 0.85741 
399	4	0.33475 0.80045 0.29111 0.14200 0.55855 0.64182 
400	5	0.82239 0.78827 0.39576 0.68285 0.78188 0.27697 
401	5	0.82278 0.78617 0.41726 0.68342 0.77497 0.27712 
402	5	0.79019 0.80643 0.40056 0.63178 0.74490 0.31807 
403	5	0.79198 0.80238 0.38489 0.63452 0.73868 0.31733 
404	5	0.82186 0.81093 0.37594 0.68188 0.77245 0.27896 
405	5	0.82597 0.82908 0.32715 0.68854 0.77870 0.27325 
406	5	0.79545 0.75115 0.41445 0.64019 0.75078 0.30639 
407	5	0.77954 0.80104 0.36303 0.61546 0.73681 0.32823 
408	5	0.79092 0.80399 0.41263 0.63311 0.75413 0.31306 
409	5	0.80664 0.82426 0.43228 0.65796 0.75619 0.28730 
410	5	0.81485 0.78013 0.41188 0.67084 0.76018 0.28427 
411	5	0.81515 0.81474 0.38339 0.67125 0.77356 0.28096 
412	5	0.80167 0.80131 0.42747 0.64993 0.74586 0.29952 
413	5	0.81397 0.81888 0.43860 0.66995 0.77063 0.26996 
414	5	0.81478 0.71105 0.50649 0.67096 0.75577 0.27955 
415	5	0.80439 0.77525 0.39778 0.65416 0.75377 0.29810 
416	5	0.80152 0.77764 0.40930 0.64991 0.75610 0.29664 
417	5	0.81037 0.77917 0.40193 0.66375 0.76641 0.28832 
418	5	0.78729 0.84231 0.36511 0.62773 0.75043 0.30902 
419	5	0.79637 0.81336 0.38898 0.64169 0.74778 0.30570 
420	5	0.82185 0.82002 0.38628 0.68237 0.78548 0.26672 
421	5	0.82461 0.76796 0.40392 0.68641 0.77024 0.27492 
422	5	0.81116 0.80285 0.35445 0.66502 0.77408 0.28488 
423	5	0.82337 0.78100 0.39268 0.68442 0.77088 0.27500 
424	5	0.73502 0.77022 0.49401 0.54978 0.68286 0.37482 
425	5	0.10769 0.41936 0.46146 0.03957 0.38654 0.77615 
426	5	0.23183 0.79613 0.32056 0.15325 0.76866 0.49081 
427	5	0.63484 0.77667 0.38164 0.44417 0.77982 0.35394 
428	5	0.69226 0.80484 0.54013 0.49078 0.68697 0.39925 
429	5	0.14248 0.74937 0.46984 0.05864 0.48975 0.74782 
430	5	0.69572 0.80832 0.53532 0.49538 0.68015 0.40005 
431	5	0.67884 0.76603 0.58871 0.47351 0.66612 0.41045 
432	5	0.12972 0.83798 0.40696 0.03580 0.49635 0.80062 
433	5	0.73090 0.78378 0.58981 0.54463 0.70593 0.35854 
434	5	0.12355 0.77653 0.43268 0.03794 0.43849 0.77565 
435	5	0.43573 0.71904 0.55123 0.26654 0.63270 0.48345 
436	5	0.71242 0.72087 0.59025 0.51872 0.68050 0.39025 
437	5	0.45011 0.68679 0.49393 0.30417 0.72066 0.44324 
438	5	0.65510 0.73176 0.32743 0.45899 0.78330 0.35046 
439	5	0.38408 0.73838 0.42236 0.29633 0.71928 0.42277 
440	5	0.49759 0.76061 0.33140 0.30040 0.74340 0.43383 
441	5	0.39727 0.75359 0.37719 0.24322 0.75215 0.45225 
442	5	0.65659 0.80404 0.39619 0.46099 0.76233 0.35244 
443	5	0.64413 0.80251 0.34077 0.45443 0.77299 0.35881 
444	5	0.67264 0.78983 0.32519 0.48525 0.78575 0.34551 
445	5	0.42728 0.86924 0.18763 0.30144 0.76991 0.38688 
446	5	0.51326 0.82680 0.40007 0.33362 0.72745 0.43019 
447	5	0.79011 0.76943 0.51076 0.63199 0.73116 0.31331 
448	5	0.69176 0.78917 0.55214 0.49119 0.67977 0.39541 
449	5	0.09412 0.76025 0.64661 0.04255 0.43493 0.77170 
450	5	0.38657 0.79004 0.45087 0.26601 0.68504 0.46599 
451	5	0.24938 0.81794 0.45735 0.09979 0.51815 0.69197 
452	5	0.47528 0.75986 0.47280 0.30169 0.68548 0.44715 
453	5	0.17821 0.85432 0.39086 0.06233 0.49524 0.69160 
454	5	0.59932 0.72749 0.35541 0.40005 0.77732 0.37425 
455	5	0.22335 0.84468 0.35475 0.11813 0.59467 0.55497 
456	5	0.32436 0.72986 0.34592 0.19283 0.72585 0.50660 
457	5	0.17667 0.76731 0.42284 0.09342 0.52932 0.60743 
458	5	0.44616 0.74279 0.34743 0.26582 0.73026 0.45194 
459	5	0.36803 0.72316 0.31743 0.24366 0.77800 0.42744 
460	5	0.27928 0.77823 0.34137 0.13901 0.60722 0.53612 
461	5	0.32419 0.71357 0.27694 0.22643 0.77417 0.44614 
462	5	0.28777 0.72324 0.30682 0.20501 0.75774 0.46855 
463	5	0.30480 0.71899 0.33098 0.22049 0.75349 0.45697 
464	5	0.44889 0.79368 0.38566 0.23990 0.65087 0.48148 
465	5	0.46093 0.73873 0.30685 0.27861 0.77266 0.42810 
466	5	0.30477 0.74848 0.34959 0.15698 0.62253 0.51955 
467	5	0.67867 0.80588 0.43257 0.47373 0.69320 0.40168 
468	5	0.42009 0.86319 0.26000 0.30256 0.80487 0.39975 
469	5	0.42882 0.87880 0.45072 0.20472 0.59490 0.59098 
470	5	0.25159 0.82583 0.56138 0.08911 0.39570 0.76051 
471	5	0.34453 0.90724 0.41994 0.22883 0.70001 0.44086 
472	5	0.41163 0.91541 0.27972 0.20718 0.71383 0.53958 
473	5	0.42137 0.92428 0.26322 0.22243 0.74311 0.51265 
474	5	0.30261 0.81532 0.33595 0.17757 0.76475 0.49867 
475	5	0.05203 0.54447 0.30178 0.02645 0.37527 0.76742 
476	5	0.04257 0.81952 0.40775 0.02175 0.46812 0.81243 
477	5	0.12443 0.70743 0.31786 0.03570 0.43621 0.79407 
478	5	0.41047 0.88101 0.32943 0.18464 0.56579 0.63922 
479	5	0.34309 0.78796 0.48526 0.13167 0.45525 0.72351 
480	5	0.18242 0.85120 0.43339 0.05784 0.48195 0.76090 
481	5	0.39748 0.85050 0.37536 0.17287 0.47872 0.65772 
482	5	0.39498 0.88961 0.44670 0.33697 0.77245 0.32897 
483	5	0.47038 0.87915 0.57429 0.30705 0.71401 0.40038 
484	5	0.47341 0.90207 0.29372 0.24864 0.67144 0.51101 
485	5	0.44795 0.90855 0.39998 0.25857 0.73303 0.43851 
486	5	0.41455 0.89576 0.49699 0.28806 0.74186 0.39151 
487	5	0.45490 0.86364 0.31457 0.22600 0.64055 0.58215 
488	5	0.40184 0.90493 0.48600 0.24110 0.73074 0.40529 
489	5	0.41605 0.91514 0.38383 0.30399 0.78482 0.32923 
490	5	0.41788 0.87454 0.54245 0.27045 0.69548 0.44741 
491	5	0.42651 0.88219 0.52572 0.27431 0.71772 0.41865 
492	5	0.45792 0.87783 0.52418 0.27425 0.68832 0.46368 
493	5	0.42589 0.85161 0.63638 0.25441 0.67770 0.43430 
494	5	0.42198 0.84119 0.63202 0.23292 0.66284 0.49430 
495	5	0.50313 0.91305 0.43596 0.35255 0.79524 0.35054 
496	5	0.09483 0.86554 0.29522 0.02577 0.40374 0.81137 
497	5	0.10250 0.78007 0.37014 0.04075 0.42328 0.76326 
498	5	0.29566 0.91622 0.17798 0.13105 0.68230 0.59247 
499	5	0.79790 0.77453 0.59505 0.64519 0.75298 0.28524 
500	6	0.51927 0.92808 0.03899 0.30949 0.83513 0.39303 
501	6	0.06178 0.91038 0.17319 0.02893 0.57712 0.76518 
502	6	0.07294 0.86013 0.17636 0.02775 0.45733 0.76612 
503	6	0.82612 0.97666 0.04147 0.69267 0.96025 0.18744 
504	6	0.52418 0.86325 0.20218 0.29169 0.65700 0.51988 
505	6	0.54108 0.80705 0.22051 0.30902 0.65583 0.50861 
506	6	0.83604 0.92363 0.06056 0.72381 0.99032 0.11667 
507	6	0.65057 1.00000 0.08327 0.44706 0.84826 0.31571 
508	6	0.57199 0.96540 0.14981 0.35898 0.77750 0.38698 
509	6	0.11677 0.94233 0.02769 0.09206 0.89325 0.52285 
510	6	0.12422 0.86676 0.22075 0.04792 0.54461 0.73182 
511	6	0.49670 0.72398 0.35192 0.26211 0.57162 0.57157 
512	6	0.68267 0.94919 0.17222 0.48017 0.80676 0.37645 
513	6	0.19059 0.87972 0.06162 0.08692 0.70777 0.59134 
514	6	0.37064 0.77472 0.35017 0.15968 0.58991 0.63761 
515	6	0.18390 0.79589 0.53199 0.05930 0.41572 0.80140 
516	6	0.41075 0.75421 0.26080 0.18920 0.60226 0.60641 
517	6	0.29809 0.89864 0.14622 0.12106 0.67988 0.61464 
518	6	0.26050 0.80530 0.49031 0.10921 0.57454 0.63796 
519	6	0.05264 0.78003 0.15280 0.03392 0.44314 0.72168 
520	6	0.61450 0.90981 0.27562 0.39152 0.73637 0.45893 
521	6	0.10467 0.78907 0.16328 0.05198 0.65257 0.67985 
522	6	0.23920 0.80981 0.15098 0.10184 0.65419 0.58560 
523	6	0.24404 0.67802 0.35256 0.09744 0.56514 0.63286 
524	6	0.04523 0.78033 0.37128 0.01934 0.47942 0.83016 
525	6	0.23868 0.89863 0.29016 0.08110 0.56174 0.72080 
526	6	0.69717 0.62490 0.36661 0.49730 0.72934 0.38995 
527	6	0.65176 0.87524 0.29412 0.44003 0.71009 0.41808 
528	6	0.23560 0.74022 0.11371 0.11048 0.68107 0.57746 
529	6	0.24974 0.88058 0.17835 0.11940 0.65514 0.60252 
530	6	0.33610 0.86904 0.27305 0.15241 0.69825 0.58037 
531	6	0.15000 0.88831 0.04121 0.08989 0.77420 0.55533 
532	6	0.18338 0.66164 0.39756 0.08830 0.57104 0.68738 
533	6	0.12887 0.78408 0.50438 0.04560 0.58064 0.76779 
534	6	0.09621 0.82596 0.16421 0.05014 0.64889 0.68216 
535	6	0.41658 0.69405 0.09547 0.20125 0.63284 0.52579 
536	6	0.02663 0.80645 0.24707 0.01580 0.37571 0.82656 
537	6	0.46738 0.64385 0.13346 0.23937 0.64704 0.52672 
538	6	0.48615 0.74330 0.05135 0.28316 0.82182 0.39788 
539	6	0.92715 0.88688 0.09812 0.86215 0.93132 0.12686 
540	6	0.36854 0.84927 0.10070 0.16332 0.66833 0.56127 
541	6	0.48369 0.85101 0.41176 0.25270 0.64966 0.56461 
542	6	0.42369 0.82260 0.45090 0.19893 0.60864 0.61460 
543	6	0.60707 0.65509 0.42556 0.38238 0.68122 0.47030 
544	6	0.56081 0.64413 0.52106 0.32845 0.62283 0.53357 
545	6	0.43029 0.47729 0.80530 0.20056 0.48941 0.64753 
546	6	0.43740 0.79283 0.66793 0.21260 0.60625 0.59666 
547	6	0.47307 0.74775 0.69936 0.24271 0.57693 0.58791 
548	6	0.63141 0.45146 0.69740 0.41145 0.62892 0.46523 
549	6	0.63408 0.62465 0.48403 0.41485 0.63599 0.46092 
550	6	0.44743 0.57253 0.55188 0.21594 0.52045 0.62130 
551	6	0.41427 0.71124 0.49134 0.18925 0.57191 0.63981 
552	6	0.45071 0.39991 0.53975 0.22287 0.53350 0.57188 
553	6	0.50136 0.84269 0.52601 0.27434 0.66808 0.52403 
554	6	0.41029 0.56160 1.00000 0.18327 0.40986 0.68565 
555	6	0.58237 0.67033 0.53024 0.35270 0.66305 0.50981 
556	6	0.49507 0.40708 0.92721 0.26130 0.51450 0.58764 
557	6	0.39984 0.54953 0.70212 0.17453 0.48850 0.67943 
558	6	0.50130 0.42953 0.64998 0.26949 0.58523 0.54310 
559	6	0.56325 0.60593 0.50021 0.33486 0.66249 0.48826 
560	6	0.48190 0.92042 0.13997 0.24830 0.65433 0.55089 
561	6	0.25353 0.87369 0.16125 0.11771 0.64534 0.59864 
562	6	0.45905 0.88404 0.13396 0.23674 0.69421 0.50430 
563	6	0.16235 0.83152 0.19587 0.06569 0.61610 0.69149 
564	6	0.24665 0.74873 0.20866 0.09208 0.58108 0.67043 
565	6	0.87366 0.99438 0.06692 0.77048 0.92253 0.15062 
566	6	0.92827 0.94105 0.08866 0.86475 0.96429 0.11408 
567	6	0.28869 0.89436 0.19982 0.10624 0.60366 0.67056 
568	6	0.30652 0.95867 0.01447 0.15991 0.84672 0.49020 
569	6	0.15969 0.84713 0.11845 0.08006 0.56308 0.60937 
570	6	0.37895 0.83934 0.23620 0.17457 0.67306 0.58645 
571	6	0.97658 0.90635 0.05427 0.95440 1.00000 0.04983 
572	6	0.35021 0.96201 0.08880 0.17048 0.80757 0.52967 
573	6	0.10853 0.79551 0.13609 0.04631 0.54399 0.68706 
574	6	0.78761 0.66558 0.27664 0.62878 0.78452 0.28991 
575	6	0.05510 0.85762 0.23096 0.02319 0.45281 0.80051 
576	6	0.54503 0.92080 0.17345 0.31265 0.72927 0.50533 
577	6	0.13768 0.69967 0.33899 0.06076 0.58245 0.70590 
578	6	0.02310 0.85776 0.29850 0.01207 0.40987 0.86027 
579	6	0.62828 0.85143 0.39145 0.41136 0.73024 0.42450 
580	6	0.46578 0.80478 0.35046 0.23334 0.61654 0.58973 
581	6	0.05000 0.90587 0.15070 0.02862 0.56996 0.76408 
582	6	0.66649 0.89849 0.16199 0.45873 0.76846 0.39069 
583	6	0.03666 0.70666 0.34908 0.02211 0.46868 0.78984 
584	6	0.11548 0.94802 0.03116 0.09790 0.91511 0.52301 
585	6	0.28728 0.88163 0.03611 0.14196 0.79489 0.51610 
586	6	0.15965 0.90035 0.18477 0.05334 0.63412 0.71450 
587	6	0.32978 0.87498 0.11503 0.14135 0.74826 0.58029 
588	6	0.18781 0.73149 0.21443 0.06907 0.58930 0.68990 
589	6	0.14753 0.95754 0.01582 0.09417 0.80194 0.52925 
590	6	0.34089 0.79252 0.59123 0.13483 0.54532 0.69741 
591	6	0.47161 0.88174 0.14678 0.24893 0.70757 0.50861 
592	6	0.57689 0.99053 0.15047 0.38008 0.91292 0.29326 
593	6	0.13007 0.80836 0.17028 0.04805 0.42663 0.72883 
594	6	0.32462 0.85945 0.26537 0.19289 0.75258 0.51338 
595	6	0.50430 0.94007 0.18787 0.28898 0.75152 0.43671 
596	6	0.72458 0.86577 0.20746 0.53760 0.82211 0.32883 
597	6	0.79965 0.90403 0.14533 0.64715 0.84932 0.27788 
598	6	0.80353 0.84713 0.16391 0.65353 0.84262 0.26860 
599	6	0.20116 0.67286 0.20125 0.13026 0.69720 0.55703 
