600	6	6
0	1	0.12934 0.91453 0.12504 0.07782 0.67727 0.63928 
1	1	0.17792 0.96392 0.05874 0.12040 0.90766 0.49251 
2	1	0.23654 0.94305 0.10851 0.11705 0.68886 0.55556 
3	1	0.09386 0.86877 0.19940 0.03613 0.47303 0.74336 
4	1	0.21796 0.92486 0.17569 0.08262 0.56314 0.65519 
5	1	0.23202 0.95967 0.13451 0.12596 0.78847 0.54087 
6	1	0.21526 0.91359 0.14935 0.10462 0.70822 0.61680 
7	1	0.08613 0.86018 0.24274 0.04069 0.44277 0.73067 
8	1	0.25474 0.95549 0.14006 0.11705 0.68459 0.59566 
9	1	0.25745 0.98616 0.09785 0.13532 0.77060 0.51093 
10	1	0.18078 0.97878 0.10425 0.09611 0.72935 0.59928 
11	1	0.23584 0.90596 0.08907 0.17812 0.93416 0.40865 
12	1	0.21103 0.94400 0.19771 0.10289 0.75988 0.57261 
13	1	0.16567 0.92559 0.09307 0.12422 0.90590 0.47731 
14	1	0.12584 0.83545 0.16880 0.05995 0.56884 0.68174 
15	1	0.21778 0.95164 0.13628 0.12609 0.75509 0.58296 
16	1	0.09635 0.87520 0.19006 0.04339 0.57922 0.71090 
17	1	0.05367 0.87874 0.18405 0.03571 0.52821 0.74546 
18	1	0.17221 0.97364 0.07845 0.10429 0.81128 0.57459 
19	1	0.28979 0.93097 0.22951 0.13506 0.72591 0.59026 
20	1	0.22796 0.93398 0.12214 0.08694 0.65819 0.65264 
21	1	0.21980 0.98143 0.07303 0.07670 0.68164 0.65571 
22	1	0.21734 0.95023 0.07757 0.11107 0.91052 0.52401 
23	1	0.21681 0.94230 0.10582 0.11754 0.76108 0.56341 
24	1	0.13299 0.93029 0.07291 0.08971 0.88651 0.55134 
25	1	0.15708 0.91814 0.25759 0.05619 0.59396 0.72085 
26	1	0.09116 0.90507 0.26884 0.03948 0.55521 0.75377 
27	1	0.17271 0.92355 0.20097 0.08371 0.69822 0.61831 
28	1	0.13466 0.92826 0.16895 0.08249 0.73234 0.60369 
29	1	0.21085 0.96397 0.15581 0.08013 0.66282 0.64585 
30	1	0.37267 0.98351 0.04047 0.25762 0.97049 0.34612 
31	1	0.22573 0.94275 0.21389 0.07483 0.54917 0.70161 
32	1	0.24741 0.96297 0.10142 0.13159 0.74987 0.55037 
33	1	0.25169 0.92916 0.19128 0.08694 0.58244 0.70287 
34	1	0.23768 0.90606 0.27009 0.08778 0.58114 0.68242 
35	1	0.25414 0.95075 0.20434 0.10916 0.76123 0.58662 
36	1	0.30885 0.99453 0.09608 0.15759 0.77855 0.46496 
37	1	0.77149 0.87409 0.14753 0.60845 0.84818 0.25359 
38	1	0.21808 0.92019 0.18434 0.08922 0.68246 0.65595 
39	1	0.15052 0.96136 0.10661 0.07219 0.66392 0.66804 
40	1	0.34383 0.96553 0.13875 0.16307 0.71482 0.55950 
41	1	0.20167 0.92571 0.11099 0.07638 0.59685 0.65808 
42	1	0.13759 0.97890 0.05051 0.09945 0.91304 0.49702 
43	1	0.14542 0.93243 0.08563 0.09716 0.72785 0.57410 
44	1	0.08445 0.93498 0.17408 0.04191 0.59881 0.72697 
45	1	0.31242 0.97892 0.09560 0.13213 0.72267 0.59106 
46	1	0.42421 0.97223 0.15081 0.21032 0.70735 0.53438 
47	1	0.29606 0.92827 0.19040 0.12585 0.63652 0.58712 
48	1	0.56003 0.96319 0.04771 0.41745 0.99257 0.24329 
49	1	0.25703 0.91610 0.17743 0.10490 0.65918 0.64313 
50	1	0.24719 0.95551 0.14757 0.09615 0.76245 0.60585 
51	1	0.24724 0.92934 0.18351 0.10183 0.65242 0.64698 
52	1	0.48468 0.90923 0.19203 0.26167 0.70652 0.50814 
53	1	0.26103 0.94608 0.06377 0.12657 0.76698 0.51593 
54	1	0.13756 0.83363 0.18978 0.05467 0.48909 0.67868 
55	1	0.38369 0.90478 0.06162 0.20778 0.86879 0.44987 
56	1	0.23153 0.92501 0.26268 0.10210 0.70799 0.61765 
57	1	0.22656 0.94175 0.20720 0.08292 0.60986 0.68458 
58	1	0.31323 0.95301 0.17517 0.14719 0.76918 0.55958 
59	1	0.25714 0.90436 0.07342 0.18442 0.89117 0.42283 
60	1	0.23116 0.91972 0.11426 0.12604 0.74572 0.56742 
61	1	0.22773 0.95991 0.11707 0.13670 0.81093 0.51591 
62	1	0.23878 0.96095 0.13679 0.09250 0.64510 0.66111 
63	1	0.23483 0.95828 0.12932 0.09189 0.68925 0.63798 
64	1	0.19080 0.94821 0.13355 0.07744 0.72824 0.62811 
65	1	0.13203 0.87781 0.16948 0.06664 0.65083 0.66516 
66	1	0.25332 0.93501 0.08068 0.15192 0.83110 0.50267 
67	1	0.24933 0.99356 0.07354 0.10206 0.72145 0.56795 
68	1	0.18207 0.97520 0.09995 0.09645 0.69702 0.61850 
69	1	0.21198 0.94350 0.12051 0.09725 0.70303 0.60549 
70	1	0.84766 0.94635 0.07447 0.73158 0.94983 0.15866 
71	1	0.39414 0.96131 0.09564 0.29522 0.90848 0.32918 
72	1	0.24521 0.87742 0.18070 0.12734 0.72308 0.58315 
73	1	0.22215 0.94865 0.14232 0.10130 0.70534 0.61724 
74	1	0.57979 0.95191 0.07524 0.41122 0.89100 0.27096 
75	1	0.14608 0.82210 0.26488 0.04051 0.45405 0.77030 
76	1	0.20975 0.94380 0.17228 0.06765 0.56173 0.71856 
77	1	0.46853 0.95238 0.15796 0.23998 0.68503 0.54630 
78	1	0.22190 0.89355 0.34449 0.10573 0.56204 0.67560 
79	1	0.21289 0.87261 0.26220 0.06904 0.48390 0.72377 
80	1	0.13578 0.86613 0.24494 0.05108 0.44978 0.71149 
81	1	0.26715 0.95060 0.16959 0.09967 0.69660 0.64194 
82	1	0.26956 0.93956 0.17454 0.10372 0.64233 0.64741 
83	1	0.16760 0.92627 0.15097 0.05330 0.55492 0.72129 
84	1	0.19018 0.92208 0.13277 0.09057 0.69770 0.61798 
85	1	0.22704 0.98735 0.10334 0.10655 0.76423 0.57906 
86	1	0.12318 0.92920 0.13590 0.04799 0.61648 0.71176 
87	1	0.29450 0.98971 0.08463 0.13316 0.79073 0.55855 
88	1	0.26037 0.94294 0.20621 0.11656 0.74840 0.59878 
89	1	0.10455 0.99179 0.02389 0.07763 0.88732 0.56870 
90	1	0.22389 0.88013 0.24493 0.08875 0.65659 0.67268 
91	1	0.12240 0.87912 0.09121 0.05414 0.62153 0.64658 
92	1	0.23422 0.91103 0.20936 0.08491 0.65871 0.67406 
93	1	0.21972 0.91276 0.16188 0.07625 0.63930 0.68594 
94	1	0.13865 0.91537 0.18655 0.06937 0.61700 0.67843 
95	1	0.13926 0.95131 0.09759 0.06281 0.63639 0.64215 
96	1	0.21525 0.94694 0.19162 0.08040 0.58217 0.70111 
97	1	0.17315 0.91274 0.23179 0.05309 0.50988 0.75346 
98	1	0.16496 0.94278 0.20312 0.07008 0.63880 0.69376 
99	1	0.79138 0.95055 0.13784 0.63782 0.88020 0.23980 
100	2	0.36598 0.91619 0.29235 0.15708 0.62658 0.62790 
101	2	0.24682 0.90344 0.12079 0.13791 0.69271 0.55493 
102	2	0.08282 0.76106 0.23696 0.03420 0.44439 0.74929 
103	2	0.28212 0.69936 0.40384 0.18237 0.62397 0.55948 
104	2	0.58954 0.86918 0.39453 0.36225 0.57837 0.49917 
105	2	0.41373 0.79413 0.35307 0.24742 0.66037 0.46526 
106	2	0.69633 0.85891 0.39986 0.49727 0.65437 0.39426 
107	2	0.21047 0.70301 0.15954 0.08896 0.62762 0.59602 
108	2	0.06201 0.83509 0.23223 0.02628 0.37242 0.76376 
109	2	0.02461 0.70702 0.26044 0.01687 0.37295 0.81458 
110	2	0.07795 0.85219 0.18630 0.02222 0.38830 0.79351 
111	2	0.10886 0.66506 0.30014 0.04332 0.45525 0.76698 
112	2	0.54822 0.69229 0.74201 0.31957 0.55052 0.53719 
113	2	0.15783 0.72081 0.16838 0.08365 0.63924 0.62403 
114	2	0.49205 0.56368 0.17422 0.27958 0.68491 0.44309 
115	2	0.06468 0.70266 0.29182 0.03159 0.52065 0.77185 
116	2	0.28819 0.89481 0.16310 0.12057 0.73274 0.59498 
117	2	0.36894 0.86538 0.16569 0.16812 0.58442 0.55556 
118	2	0.14100 0.87963 0.29045 0.04636 0.59652 0.73929 
119	2	0.05159 0.78200 0.39626 0.02253 0.50067 0.81498 
120	2	0.20486 0.88840 0.18956 0.06519 0.47682 0.69624 
121	2	0.06124 0.79148 0.42311 0.02273 0.49673 0.81541 
122	2	0.13607 0.87693 0.06646 0.06614 0.68172 0.63316 
123	2	0.04733 0.57177 0.49975 0.01191 0.21133 0.89849 
124	2	0.64785 0.74851 0.36175 0.43687 0.70610 0.40193 
125	2	0.50880 0.95668 0.22262 0.28075 0.64244 0.50795 
126	2	0.31084 0.92248 0.19551 0.18287 0.68797 0.53618 
127	2	0.00371 0.77348 0.31203 0.00870 0.29529 0.88007 
128	2	0.19605 0.65106 0.89294 0.09784 0.56106 0.61733 
129	2	0.13721 0.44884 0.55673 0.05314 0.44374 0.77377 
130	2	0.23870 0.90714 0.21213 0.07381 0.45652 0.74391 
131	2	0.46976 0.82054 0.16301 0.24855 0.66412 0.51116 
132	2	0.39274 0.78808 0.22744 0.20726 0.69838 0.50350 
133	2	0.20439 0.78968 0.01311 0.11430 0.70053 0.45725 
134	2	0.11707 0.71978 0.30185 0.03250 0.42782 0.79660 
135	2	0.28684 0.62164 0.19362 0.16396 0.66055 0.54331 
136	2	0.17826 0.85446 0.25665 0.07882 0.70494 0.66642 
137	2	0.58217 0.00000 0.46337 0.36406 0.65804 0.40687 
138	2	0.53025 0.90623 0.29707 0.30092 0.58920 0.49457 
139	2	0.66216 0.48143 0.42184 0.45861 0.66698 0.37952 
140	2	0.26139 0.93438 0.08919 0.09689 0.65462 0.62624 
141	2	0.18920 0.87399 0.51645 0.08627 0.49486 0.64108 
142	2	0.28619 0.98424 0.04169 0.11609 0.73332 0.57565 
143	2	0.10263 0.97887 0.06081 0.06455 0.81046 0.61371 
144	2	0.29465 0.73045 0.24634 0.12597 0.55672 0.62342 
145	2	0.07638 0.85666 0.35758 0.02927 0.33888 0.82150 
146	2	0.10474 0.74090 0.42968 0.03605 0.49156 0.76861 
147	2	0.06709 0.87918 0.29384 0.01867 0.32512 0.85352 
148	2	0.24535 0.88944 0.29408 0.12384 0.61006 0.64945 
149	2	0.26253 0.78954 0.24362 0.10844 0.58337 0.65338 
150	2	0.54574 0.87578 0.40897 0.31362 0.56017 0.54493 
151	2	0.10688 0.93140 0.19668 0.03203 0.47497 0.79102 
152	2	0.00833 0.69427 0.22854 0.01293 0.24921 0.82276 
153	2	0.00071 0.74200 0.25835 0.00946 0.25482 0.85106 
154	2	0.06996 0.73459 0.47862 0.01936 0.30555 0.85112 
155	2	0.24665 0.81600 0.40777 0.09546 0.55936 0.68618 
156	2	0.17607 0.69381 0.50576 0.07803 0.50680 0.72090 
157	2	0.04042 0.71025 0.52458 0.01993 0.28572 0.85479 
158	2	0.51388 0.93736 0.21191 0.28985 0.68100 0.47985 
159	2	0.28990 0.77085 0.41692 0.10546 0.47481 0.71876 
160	2	0.25105 0.83486 0.07767 0.11035 0.67179 0.57953 
161	2	0.04465 0.70278 0.37700 0.01473 0.33648 0.85402 
162	2	0.02609 0.66091 0.54490 0.00995 0.23429 0.90400 
163	2	0.22620 0.78998 0.11189 0.12083 0.59503 0.56284 
164	2	0.64727 0.85551 0.04611 0.44503 0.85751 0.30989 
165	2	0.23293 0.85591 0.27445 0.07982 0.56747 0.69758 
166	2	0.20010 0.91244 0.15113 0.10487 0.73218 0.61992 
167	2	0.35064 0.92770 0.22037 0.15352 0.68451 0.59797 
168	2	0.34912 0.88616 0.28855 0.14935 0.58662 0.65488 
169	2	0.16207 0.82877 0.33244 0.06446 0.42187 0.73084 
170	2	0.46010 0.66051 0.69095 0.22535 0.40901 0.67231 
171	2	0.09101 0.92774 0.17276 0.03782 0.49787 0.70000 
172	2	0.06845 0.65415 0.30483 0.02506 0.39224 0.80608 
173	2	0.71370 0.73285 0.44284 0.53017 0.76570 0.30815 
174	2	0.03459 0.87448 0.18156 0.01673 0.40829 0.81204 
175	2	0.58151 0.94288 0.23147 0.35494 0.69245 0.47102 
176	2	0.10232 0.86631 0.40703 0.03891 0.40556 0.79839 
177	2	0.05929 0.80223 0.48750 0.01555 0.33443 0.88857 
178	2	0.28865 0.90904 0.15936 0.17999 0.76464 0.47375 
179	2	0.55754 0.95586 0.15518 0.32668 0.64677 0.51100 
180	2	0.06102 0.77169 0.46524 0.01271 0.23566 0.88455 
181	2	0.02226 0.78829 0.20673 0.01964 0.41167 0.78371 
182	2	0.03043 0.65080 0.29864 0.01685 0.33373 0.82480 
183	2	0.10194 0.84697 0.23692 0.03551 0.52598 0.75661 
184	2	0.71003 0.84067 0.12501 0.52325 0.84682 0.26410 
185	2	0.44437 0.87283 0.46774 0.22396 0.61080 0.58276 
186	2	0.27155 0.79192 0.15333 0.13036 0.71630 0.56220 
187	2	0.54324 0.61889 0.57273 0.31723 0.59869 0.51910 
188	2	0.49347 0.81742 0.30497 0.26242 0.55630 0.56113 
189	2	0.32045 0.93832 0.32643 0.13767 0.56790 0.60824 
190	2	0.15616 0.91373 0.31079 0.05372 0.67463 0.69174 
191	2	0.52354 0.91689 0.22000 0.29736 0.64965 0.47525 
192	2	0.07497 0.96589 0.10602 0.03599 0.56864 0.73138 
193	2	0.03232 0.92829 0.14962 0.02012 0.48963 0.79290 
194	2	0.41107 0.89657 0.34897 0.19123 0.52686 0.62910 
195	2	0.31849 0.90030 0.15321 0.15342 0.64335 0.57322 
196	2	0.43489 0.76331 0.28554 0.20880 0.51722 0.59281 
197	2	0.25875 0.95659 0.16155 0.09323 0.61206 0.66048 
198	2	0.15770 0.83729 0.32445 0.06729 0.44142 0.74973 
199	2	0.45765 0.61083 0.44455 0.22975 0.48069 0.59566 
200	3	0.64868 0.65941 0.35495 0.43769 0.67845 0.42817 
201	3	0.92020 0.78254 0.12972 0.85150 0.92545 0.11350 
202	3	0.38033 0.93145 0.11980 0.17700 0.66682 0.55118 
203	3	0.33631 0.84629 0.28922 0.20387 0.79175 0.45843 
204	3	0.92481 0.90683 0.09674 0.85950 0.95128 0.10248 
205	3	0.89512 0.69943 0.11845 0.80708 0.87951 0.14210 
206	3	0.24723 0.85699 0.09487 0.11181 0.70462 0.58500 
207	3	0.11265 0.71424 0.40756 0.05580 0.56008 0.73355 
208	3	0.22980 0.76943 0.23340 0.10347 0.72327 0.58911 
209	3	0.21923 0.79560 0.29381 0.07068 0.55128 0.73853 
210	3	0.64280 0.79198 0.11613 0.43174 0.76000 0.36950 
211	3	0.60183 0.85340 0.45311 0.37706 0.61219 0.49748 
212	3	0.06763 0.84066 0.17966 0.03387 0.51828 0.74489 
213	3	0.23660 0.89942 0.09036 0.12575 0.70585 0.56051 
214	3	0.11525 0.75541 0.40208 0.09199 0.77969 0.59577 
215	3	0.22641 0.72919 0.13518 0.11701 0.65636 0.58484 
216	3	0.10454 0.87394 0.22420 0.03549 0.45938 0.77574 
217	3	0.79211 0.81733 0.10844 0.63765 0.85026 0.25882 
218	3	0.05861 0.56618 0.57689 0.01339 0.24205 0.88247 
219	3	0.34222 0.79325 0.26556 0.20915 0.67362 0.50519 
220	3	0.09151 0.81658 0.15640 0.04577 0.59566 0.68466 
221	3	0.02701 0.60071 0.94652 0.00515 0.15036 0.96024 
222	3	0.68532 0.85141 0.06114 0.51517 0.86161 0.21722 
223	3	0.06532 0.93805 0.17265 0.02861 0.55063 0.76750 
224	3	0.31532 0.57318 0.18146 0.19503 0.70939 0.49372 
225	3	0.23552 0.92552 0.08137 0.12346 0.83243 0.51799 
226	3	0.47228 0.88838 0.16773 0.31958 0.76146 0.31490 
227	3	0.31805 0.89488 0.38620 0.14395 0.72775 0.58947 
228	3	0.15506 0.81327 0.17794 0.08204 0.69364 0.60169 
229	3	0.12737 0.81838 0.09817 0.09075 0.77122 0.57463 
230	3	0.23210 0.83646 0.21726 0.11895 0.59258 0.60154 
231	3	0.22075 0.77203 0.19940 0.09239 0.52605 0.64871 
232	3	0.20818 0.62252 0.25092 0.11899 0.75744 0.53389 
233	3	0.12026 0.68580 0.47169 0.02662 0.29008 0.85524 
234	3	0.24429 0.86748 0.12641 0.10396 0.65777 0.61251 
235	3	0.24025 0.42389 0.19635 0.11023 0.57106 0.57454 
236	3	0.27462 0.80243 0.04995 0.17148 0.83296 0.45955 
237	3	0.31906 0.82117 0.22887 0.22042 0.70814 0.49961 
238	3	0.20215 0.92218 0.25461 0.07293 0.56032 0.71119 
239	3	0.09966 0.75613 0.18855 0.04257 0.57325 0.72420 
240	3	0.10255 0.92951 0.07103 0.05017 0.64652 0.63252 
241	3	0.57124 0.93714 0.20139 0.35994 0.77604 0.39066 
242	3	0.09186 0.84353 0.13966 0.05021 0.60381 0.68316 
243	3	0.74515 0.92194 0.21954 0.57083 0.84823 0.29416 
244	3	0.64540 0.87480 0.14326 0.43390 0.74753 0.39260 
245	3	0.16114 0.94073 0.05984 0.09650 0.80732 0.57016 
246	3	0.06761 0.80426 0.21535 0.04548 0.69876 0.70476 
247	3	0.29822 0.79019 0.38985 0.10966 0.44758 0.72345 
248	3	0.12619 0.88044 0.12496 0.07553 0.76863 0.61556 
249	3	0.30269 0.77174 0.12751 0.16626 0.77813 0.50098 
250	3	0.05796 0.81172 0.15399 0.03190 0.54765 0.72887 
251	3	0.43125 0.71879 0.11029 0.26649 0.70273 0.37511 
252	3	0.39957 0.92350 0.03506 0.23090 0.95088 0.38234 
253	3	0.08827 0.65053 0.25916 0.03557 0.40356 0.75783 
254	3	0.27134 0.64189 0.11287 0.14799 0.66349 0.51556 
255	3	0.13150 0.54452 0.15302 0.08896 0.52394 0.56033 
256	3	0.19001 0.60391 0.37866 0.06935 0.54991 0.71861 
257	3	0.73354 0.90853 0.18873 0.55079 0.79509 0.32699 
258	3	0.85440 0.64763 0.10784 0.73997 0.91843 0.16152 
259	3	0.51807 0.75071 0.06552 0.30242 0.73171 0.39718 
260	3	0.09072 0.32770 0.80053 0.02826 0.28319 0.86655 
261	3	1.00000 0.37516 0.00331 1.00000 0.99590 0.00000 
262	3	0.19200 0.87518 0.06799 0.12152 0.89630 0.48210 
263	3	0.20836 0.68101 0.16522 0.09809 0.63745 0.58984 
264	3	0.26068 0.85473 0.36399 0.10876 0.60439 0.64761 
265	3	0.08408 0.71267 0.20807 0.04133 0.48080 0.73797 
266	3	0.34721 0.98276 0.17363 0.25345 0.75242 0.43443 
267	3	0.37961 0.65879 0.08559 0.26371 0.79854 0.39401 
268	3	0.72613 0.68090 0.00000 0.55456 0.87397 0.19816 
269	3	0.30512 0.91078 0.23965 0.16622 0.69339 0.54740 
270	3	0.33401 0.92269 0.21182 0.18906 0.71142 0.51486 
271	3	0.42328 0.98735 0.01240 0.25854 0.96766 0.32810 
272	3	0.35038 0.99730 0.03281 0.22364 0.89725 0.40751 
273	3	0.80303 0.92947 0.09102 0.66027 0.88635 0.20190 
274	3	0.34539 0.59456 0.07803 0.20089 0.75933 0.43739 
275	3	0.08165 0.68779 0.22682 0.04062 0.48407 0.71266 
276	3	0.28175 0.71015 0.23007 0.15904 0.69532 0.55304 
277	3	0.35577 0.66358 0.21217 0.19587 0.78495 0.50174 
278	3	0.10900 0.70006 0.21954 0.05250 0.55343 0.67351 
279	3	0.09358 0.24803 0.19202 0.05455 0.29976 0.62040 
280	3	0.42466 0.70510 0.34175 0.20300 0.52490 0.61080 
281	3	0.06811 0.86997 0.10906 0.04266 0.61184 0.68399 
282	3	0.21199 0.83882 0.06044 0.13304 0.81176 0.51200 
283	3	0.71256 0.53179 0.37384 0.52202 0.69519 0.35896 
284	3	0.21883 0.69306 0.19208 0.14190 0.73341 0.51965 
285	3	0.10063 0.62524 0.26890 0.04009 0.48239 0.74607 
286	3	0.07852 0.96017 0.03292 0.05844 0.74097 0.62080 
287	3	0.12919 0.87204 0.12727 0.09492 0.87239 0.55314 
288	3	0.17451 0.86205 0.09812 0.09402 0.73948 0.57573 
289	3	0.22403 0.48881 0.23269 0.11864 0.65231 0.59727 
290	3	0.16038 0.84099 0.07109 0.10759 0.80236 0.52035 
291	3	0.30863 0.65226 0.05790 0.16587 0.70726 0.45617 
292	3	0.12765 0.80090 0.20625 0.09264 0.83845 0.56939 
293	3	0.18816 0.67023 0.35133 0.06551 0.55528 0.73187 
294	3	0.26919 0.65739 0.09710 0.15318 0.69273 0.48763 
295	3	0.14329 0.72242 0.22422 0.09899 0.78958 0.58003 
296	3	0.16697 0.83252 0.37239 0.08947 0.67558 0.63555 
297	3	0.12188 0.94715 0.04413 0.11148 0.90225 0.47671 
298	3	0.25079 0.97729 0.02418 0.16032 0.93125 0.42339 
299	3	0.30610 0.70295 0.17271 0.21703 0.78336 0.44279 
300	4	0.38360 0.86425 0.02306 0.20762 0.80698 0.44785 
301	4	0.05646 0.41898 0.55349 0.02562 0.18969 0.82300 
302	4	0.43028 0.16096 0.18467 0.25647 0.69922 0.42766 
303	4	0.18410 0.47575 0.24999 0.07358 0.54351 0.66429 
304	4	0.13555 0.93248 0.21602 0.05975 0.58592 0.70988 
305	4	0.16011 0.86696 0.16084 0.05705 0.61842 0.68047 
306	4	0.15924 0.70601 0.71876 0.04275 0.33989 0.83973 
307	4	0.46281 0.98099 0.03834 0.23499 0.74513 0.51959 
308	4	0.13342 0.68997 0.21488 0.06240 0.60060 0.66674 
309	4	0.01087 0.26319 0.93536 0.00670 0.01855 0.94111 
310	4	0.23907 0.57532 0.55160 0.08472 0.40113 0.74806 
311	4	0.02848 0.82203 0.19270 0.01624 0.37087 0.81204 
312	4	0.04018 0.46708 0.76351 0.00628 0.06826 0.94035 
313	4	0.20526 0.65913 0.24844 0.11377 0.59839 0.62165 
314	4	0.35605 0.77691 0.10205 0.20052 0.70814 0.47930 
315	4	0.32644 0.76235 0.18155 0.18433 0.70010 0.46247 
316	4	0.12924 0.86790 0.21188 0.05325 0.62356 0.69602 
317	4	0.00651 0.88635 0.13888 0.01058 0.34879 0.82817 
318	4	0.05835 0.59946 0.31321 0.03172 0.31739 0.76014 
319	4	0.71951 0.98628 0.11016 0.53263 0.80192 0.31700 
320	4	0.15596 0.90211 0.12042 0.06563 0.48289 0.64976 
321	4	0.08198 0.64024 0.20775 0.03833 0.45520 0.73849 
322	4	0.57698 0.86666 0.27981 0.34857 0.61875 0.50365 
323	4	0.45590 0.88282 0.34378 0.22547 0.51762 0.60501 
324	4	0.22543 0.73909 0.20767 0.08698 0.54010 0.67761 
325	4	0.35524 0.52296 0.14846 0.17247 0.71271 0.51091 
326	4	0.01872 0.81995 0.21350 0.01269 0.33068 0.83697 
327	4	0.10238 0.89412 0.10426 0.04455 0.55416 0.70833 
328	4	0.55080 0.78997 0.36503 0.31872 0.53574 0.52282 
329	4	0.30812 0.65842 0.25300 0.17057 0.59935 0.56294 
330	4	0.02342 0.76926 0.16154 0.02057 0.37883 0.76484 
331	4	0.16159 0.71813 0.29111 0.05769 0.43756 0.73720 
332	4	0.10587 0.59115 0.49834 0.03512 0.38142 0.80319 
333	4	0.50940 0.64083 0.20274 0.30840 0.74074 0.40788 
334	4	0.24312 0.58099 0.18848 0.09933 0.51855 0.62047 
335	4	0.17678 0.98285 0.05787 0.07044 0.77177 0.61251 
336	4	0.29574 0.69481 0.09130 0.16619 0.71246 0.50945 
337	4	0.24467 0.68378 0.16927 0.10819 0.54031 0.60737 
338	4	0.14262 0.69654 0.36915 0.06414 0.57572 0.70335 
339	4	0.11889 0.91563 0.09002 0.05097 0.57919 0.68968 
340	4	0.29359 0.77247 0.32959 0.10964 0.48224 0.67484 
341	4	0.00720 0.59798 0.25168 0.01314 0.22800 0.81473 
342	4	0.18347 0.78320 0.22436 0.10295 0.69840 0.52516 
343	4	0.12188 0.78074 0.39641 0.06480 0.59061 0.67608 
344	4	0.02375 0.73456 0.15382 0.02324 0.40066 0.74890 
345	4	0.32722 0.52610 0.20307 0.15472 0.64542 0.52111 
346	4	0.50249 0.51036 0.11252 0.36643 0.91179 0.27430 
347	4	0.14698 0.74143 0.42697 0.09727 0.86139 0.52311 
348	4	0.00573 0.58539 0.31623 0.00953 0.14275 0.84931 
349	4	0.22329 0.50117 0.37687 0.07495 0.47911 0.72525 
350	4	0.22019 0.56793 0.24814 0.09726 0.59937 0.64259 
351	4	0.05638 0.55205 0.49615 0.01610 0.22967 0.86650 
352	4	0.36657 0.48397 0.34909 0.16556 0.58828 0.57095 
353	4	0.35772 0.77056 0.63674 0.14545 0.44222 0.69925 
354	4	0.69579 0.80550 0.06057 0.52212 0.91846 0.22539 
355	4	0.30324 0.89019 0.06755 0.13496 0.63225 0.55161 
356	4	0.15599 0.66720 0.18233 0.05592 0.44500 0.69961 
357	4	0.13080 0.41731 0.27206 0.05849 0.42204 0.66438 
358	4	0.02904 0.72570 0.34650 0.01106 0.28658 0.87359 
359	4	0.11450 0.86704 0.11616 0.05166 0.61125 0.67831 
360	4	0.38908 0.59659 0.00155 0.24125 0.76722 0.30322 
361	4	0.16786 0.80760 0.10301 0.08821 0.65925 0.60619 
362	4	0.14085 0.65884 0.15737 0.05955 0.48840 0.67412 
363	4	0.27890 0.53816 0.14265 0.19714 0.78741 0.43078 
364	4	0.04513 0.09709 0.59159 0.01926 0.14225 0.83789 
365	4	0.16266 0.76209 0.18337 0.07340 0.64245 0.61477 
366	4	0.17846 0.60401 0.43117 0.08243 0.50016 0.69776 
367	4	0.15169 0.76396 0.29402 0.06445 0.34476 0.71989 
368	4	0.35756 0.59887 0.29895 0.17977 0.67482 0.54365 
369	4	0.11047 0.70570 0.10832 0.06243 0.60424 0.62580 
370	4	0.10406 0.63291 0.81469 0.03107 0.25756 0.82681 
371	4	0.21841 0.91982 0.18889 0.07497 0.58992 0.69886 
372	4	0.00000 0.47522 0.88732 0.00000 0.00000 1.00000 
373	4	0.23636 0.74881 0.19597 0.13887 0.77616 0.50618 
374	4	0.12972 0.00747 0.88470 0.03419 0.19577 0.86074 
375	4	0.18458 0.83595 0.17294 0.07299 0.62532 0.66292 
376	4	0.38686 0.72377 0.13654 0.24096 0.85044 0.35663 
377	4	0.05427 0.69140 0.48397 0.01914 0.18704 0.85639 
378	4	0.41639 0.65309 0.01192 0.28017 0.80710 0.31762 
379	4	0.23269 0.75493 0.09674 0.15013 0.75855 0.45682 
380	4	0.24480 0.61938 0.06932 0.15533 0.67916 0.47245 
381	4	0.09998 0.79643 0.37253 0.03548 0.36849 0.81097 
382	4	0.05514 0.73124 0.20541 0.02240 0.35782 0.77361 
383	4	0.09838 0.33658 0.61738 0.04596 0.44825 0.74416 
384	4	0.20793 0.55316 0.15254 0.09791 0.59408 0.59764 
385	4	0.08179 0.78300 0.38038 0.02582 0.34372 0.80127 
386	4	0.11915 0.79299 0.09242 0.07014 0.57204 0.62577 
387	4	0.10928 0.84056 0.38420 0.05553 0.46240 0.71413 
388	4	0.12986 0.62143 0.29116 0.04628 0.35793 0.76411 
389	4	0.12440 0.82633 0.10855 0.05689 0.56384 0.67283 
390	4	0.07170 0.85560 0.11860 0.04316 0.61218 0.69083 
391	4	0.10404 0.82971 0.19059 0.03247 0.46528 0.77925 
392	4	0.24943 0.55935 0.15161 0.15920 0.77069 0.49908 
393	4	0.18473 0.71961 0.16595 0.09653 0.63953 0.58656 
394	4	0.10232 0.77946 0.08458 0.04737 0.50306 0.64977 
395	4	0.07194 0.52350 0.24377 0.03655 0.32027 0.72086 
396	4	0.19491 0.85715 0.09181 0.09069 0.56590 0.60369 
397	4	0.23051 0.84630 0.08892 0.09448 0.68039 0.58953 
398	4	0.00619 0.52091 0.38642 0.00828 0.14221 0.86570 
399	4	0.26884 0.82602 0.29065 0.10845 0.55047 0.67180 
400	5	0.81790 0.79824 0.40039 0.67700 0.78240 0.28063 
401	5	0.81845 0.79125 0.41989 0.67778 0.77429 0.28163 
402	5	0.78635 0.80688 0.40091 0.62731 0.74490 0.32204 
403	5	0.78768 0.81180 0.38863 0.62934 0.73874 0.32109 
404	5	0.81769 0.81927 0.37947 0.67653 0.77250 0.28252 
405	5	0.82151 0.83689 0.33012 0.68268 0.77853 0.27692 
406	5	0.79040 0.76210 0.41825 0.63383 0.74983 0.31066 
407	5	0.77523 0.80887 0.36516 0.61043 0.73687 0.33190 
408	5	0.78687 0.80470 0.41313 0.62829 0.75454 0.31762 
409	5	0.80196 0.83114 0.43612 0.65202 0.75602 0.29131 
410	5	0.81055 0.78946 0.41451 0.66538 0.76065 0.28776 
411	5	0.81063 0.82312 0.38681 0.66544 0.77284 0.28472 
412	5	0.79736 0.81021 0.43112 0.64463 0.74591 0.30312 
413	5	0.80968 0.82700 0.44232 0.66452 0.77049 0.27344 
414	5	0.81034 0.72367 0.51111 0.66528 0.75569 0.28319 
415	5	0.80037 0.78366 0.40061 0.64926 0.75398 0.30170 
416	5	0.79713 0.78551 0.41011 0.64447 0.75588 0.30086 
417	5	0.80626 0.78892 0.40539 0.65865 0.76668 0.29163 
418	5	0.78312 0.84715 0.36724 0.62278 0.75028 0.31369 
419	5	0.79231 0.82139 0.39184 0.63682 0.74792 0.30891 
420	5	0.81775 0.82597 0.38781 0.67702 0.78549 0.27188 
421	5	0.81995 0.77827 0.40746 0.68025 0.77008 0.27869 
422	5	0.80666 0.81077 0.35743 0.65930 0.77412 0.28821 
423	5	0.81897 0.78723 0.39491 0.67867 0.77112 0.27922 
424	5	0.72753 0.78118 0.49818 0.54083 0.68174 0.38064 
425	5	0.09804 0.47765 0.47082 0.03463 0.37094 0.79515 
426	5	0.22541 0.80993 0.32425 0.15290 0.77473 0.49014 
427	5	0.63200 0.78906 0.38576 0.44239 0.78113 0.35435 
428	5	0.68990 0.81459 0.54500 0.48946 0.68953 0.39930 
429	5	0.13082 0.74649 0.46455 0.05147 0.47119 0.76157 
430	5	0.69244 0.81538 0.53870 0.49270 0.68156 0.40288 
431	5	0.67993 0.77591 0.59216 0.47656 0.66913 0.41069 
432	5	0.12464 0.83668 0.40297 0.03561 0.50043 0.80110 
433	5	0.72745 0.79209 0.59294 0.54137 0.70731 0.36191 
434	5	0.11911 0.78267 0.44068 0.03519 0.43162 0.79392 
435	5	0.44206 0.73048 0.55875 0.26491 0.62342 0.48824 
436	5	0.70865 0.73264 0.59618 0.51521 0.68040 0.39342 
437	5	0.45838 0.69383 0.49558 0.31315 0.72351 0.43855 
438	5	0.66859 0.74458 0.33095 0.47754 0.78500 0.34204 
439	5	0.38294 0.75487 0.42905 0.29412 0.72053 0.42578 
440	5	0.51582 0.77795 0.33420 0.31747 0.74961 0.42780 
441	5	0.39485 0.76794 0.38134 0.24264 0.75384 0.45394 
442	5	0.61456 0.81231 0.40040 0.41956 0.75925 0.36857 
443	5	0.63818 0.80578 0.34226 0.44923 0.77294 0.36297 
444	5	0.66828 0.79917 0.32833 0.48134 0.78662 0.34862 
445	5	0.51851 0.87422 0.18831 0.33784 0.76338 0.38161 
446	5	0.50495 0.83525 0.40421 0.32825 0.72744 0.43482 
447	5	0.78727 0.77832 0.51315 0.62906 0.73260 0.31558 
448	5	0.72315 0.79939 0.55716 0.53504 0.68658 0.37499 
449	5	0.12561 0.76968 0.65075 0.04280 0.43813 0.78190 
450	5	0.38411 0.79909 0.45526 0.26323 0.68506 0.46921 
451	5	0.24894 0.82885 0.45996 0.10008 0.52035 0.70096 
452	5	0.47612 0.77051 0.47868 0.29648 0.67392 0.45432 
453	5	0.17362 0.86135 0.39595 0.06026 0.49333 0.70440 
454	5	0.60445 0.74180 0.35917 0.40739 0.78154 0.37247 
455	5	0.22653 0.85329 0.35495 0.12447 0.59876 0.54388 
456	5	0.31452 0.74357 0.34994 0.19205 0.72627 0.50710 
457	5	0.18757 0.78025 0.42259 0.10247 0.53490 0.59169 
458	5	0.44247 0.75450 0.35274 0.26248 0.72911 0.45640 
459	5	0.34400 0.73677 0.32127 0.23581 0.77559 0.43235 
460	5	0.28288 0.78854 0.34197 0.14786 0.61408 0.52133 
461	5	0.30671 0.73147 0.28063 0.22199 0.77190 0.45080 
462	5	0.29436 0.74024 0.31037 0.20177 0.75664 0.47293 
463	5	0.32894 0.73575 0.33466 0.22351 0.75211 0.45584 
464	5	0.44773 0.80364 0.38648 0.24205 0.65149 0.47870 
465	5	0.46841 0.75559 0.30963 0.28379 0.76900 0.42903 
466	5	0.30551 0.76042 0.34984 0.16413 0.62588 0.51033 
467	5	0.68238 0.81423 0.43621 0.48012 0.69475 0.39945 
468	5	0.42825 0.86572 0.25974 0.31222 0.80233 0.39598 
469	5	0.40735 0.88990 0.45204 0.18946 0.59408 0.60116 
470	5	0.23197 0.83642 0.56653 0.08093 0.38822 0.77248 
471	5	0.33990 0.90953 0.42375 0.21172 0.69677 0.46093 
472	5	0.40690 0.91718 0.28365 0.20666 0.71706 0.54049 
473	5	0.41665 0.92583 0.26870 0.22053 0.74217 0.51658 
474	5	0.29829 0.82374 0.33904 0.17335 0.76451 0.50510 
475	5	0.03166 0.57626 0.30362 0.02407 0.37619 0.77954 
476	5	0.04264 0.83265 0.40762 0.02209 0.47326 0.81502 
477	5	0.11070 0.72241 0.32056 0.03616 0.42900 0.79585 
478	5	0.40600 0.88468 0.34022 0.18189 0.55518 0.65355 
479	5	0.33637 0.79108 0.48601 0.12816 0.46226 0.73256 
480	5	0.17822 0.85665 0.43760 0.05709 0.48343 0.76203 
481	5	0.39432 0.85109 0.37416 0.17247 0.48406 0.65856 
482	5	0.39025 0.89535 0.44797 0.33275 0.77155 0.33359 
483	5	0.46573 0.88427 0.58145 0.30376 0.71535 0.40481 
484	5	0.46879 0.90517 0.29937 0.24519 0.66784 0.51938 
485	5	0.44306 0.91011 0.40895 0.25644 0.73104 0.45000 
486	5	0.40983 0.89842 0.50261 0.28667 0.74310 0.40030 
487	5	0.45033 0.87011 0.31711 0.22396 0.63970 0.58569 
488	5	0.39710 0.90635 0.49418 0.23687 0.73158 0.42192 
489	5	0.41132 0.91658 0.38984 0.30980 0.78865 0.33419 
490	5	0.41328 0.87750 0.55276 0.26947 0.69626 0.45446 
491	5	0.42182 0.88681 0.53096 0.26613 0.71832 0.42649 
492	5	0.45322 0.88028 0.53677 0.27828 0.69425 0.46371 
493	5	0.42117 0.85628 0.64128 0.24263 0.67229 0.44548 
494	5	0.41729 0.84378 0.63784 0.22793 0.66493 0.50640 
495	5	0.49853 0.91725 0.43631 0.34188 0.79254 0.35850 
496	5	0.08909 0.86855 0.29644 0.02475 0.40259 0.81625 
497	5	0.09773 0.78588 0.37175 0.04109 0.42693 0.76562 
498	5	0.29362 0.91350 0.17768 0.13303 0.68382 0.59729 
499	5	0.79301 0.78301 0.59918 0.63889 0.75252 0.29126 
500	6	0.52533 0.93207 0.03894 0.31625 0.83570 0.39179 
501	6	0.06123 0.91463 0.17522 0.02870 0.57480 0.76834 
502	6	0.08230 0.86960 0.17985 0.02925 0.46249 0.76788 
503	6	0.80530 0.97711 0.04201 0.66197 0.95434 0.20031 
504	6	0.51907 0.87016 0.20427 0.28841 0.65654 0.52447 
505	6	0.53749 0.81572 0.22220 0.30710 0.65612 0.51245 
506	6	0.81577 0.92777 0.06026 0.69916 0.99388 0.12095 
507	6	0.64603 1.00000 0.08517 0.44256 0.84682 0.32224 
508	6	0.56720 0.96797 0.15192 0.35324 0.77479 0.39859 
509	6	0.12072 0.94167 0.02948 0.09188 0.89058 0.52688 
510	6	0.11864 0.86902 0.22056 0.04970 0.54983 0.73195 
511	6	0.49490 0.73126 0.35403 0.26233 0.57258 0.57245 
512	6	0.67811 0.95165 0.17386 0.47591 0.80655 0.38043 
513	6	0.21432 0.88802 0.06170 0.10021 0.71737 0.57775 
514	6	0.36162 0.78362 0.35257 0.15508 0.59026 0.64344 
515	6	0.18462 0.80066 0.52942 0.05816 0.41421 0.80792 
516	6	0.32604 0.77075 0.26364 0.13952 0.58622 0.63424 
517	6	0.29360 0.90301 0.14742 0.11953 0.67990 0.61901 
518	6	0.25187 0.81138 0.48888 0.10532 0.57361 0.64578 
519	6	0.04885 0.79287 0.15298 0.03392 0.44435 0.72335 
520	6	0.61060 0.91302 0.27693 0.38879 0.73820 0.46236 
521	6	0.11999 0.76983 0.16107 0.06148 0.64910 0.66132 
522	6	0.20848 0.81940 0.15186 0.09600 0.65549 0.59068 
523	6	0.24800 0.69450 0.35583 0.09893 0.56230 0.63662 
524	6	0.04688 0.78467 0.37577 0.02000 0.48391 0.83186 
525	6	0.23217 0.90196 0.29133 0.07979 0.56107 0.72429 
526	6	0.71094 0.64804 0.36766 0.51765 0.74329 0.37972 
527	6	0.64555 0.87382 0.29158 0.43453 0.71165 0.41999 
528	6	0.34643 0.75029 0.11703 0.15590 0.69777 0.55402 
529	6	0.16736 0.87633 0.17618 0.09467 0.66054 0.62224 
530	6	0.33500 0.87126 0.27468 0.15891 0.70995 0.57308 
531	6	0.20699 0.90272 0.04300 0.09864 0.78558 0.55692 
532	6	0.18541 0.67090 0.40152 0.07736 0.57516 0.70835 
533	6	0.12248 0.79032 0.50820 0.04629 0.58944 0.76881 
534	6	0.09260 0.83155 0.16416 0.04977 0.64780 0.68518 
535	6	0.41351 0.71649 0.09633 0.19987 0.63492 0.53138 
536	6	0.02291 0.80694 0.24899 0.01500 0.37262 0.83058 
537	6	0.44158 0.66148 0.13582 0.21982 0.63705 0.53909 
538	6	0.50215 0.73913 0.05455 0.29050 0.81184 0.40486 
539	6	0.92312 0.88802 0.10059 0.85561 0.93057 0.13014 
540	6	0.37596 0.86137 0.10467 0.16790 0.66884 0.56856 
541	6	0.47783 0.85532 0.40880 0.24885 0.65212 0.56827 
542	6	0.41688 0.83068 0.45495 0.19509 0.60854 0.62070 
543	6	0.60165 0.64302 0.42371 0.37838 0.68381 0.46675 
544	6	0.55536 0.65374 0.52210 0.32441 0.62360 0.53732 
545	6	0.42483 0.50198 0.81322 0.19778 0.48959 0.65300 
546	6	0.42970 0.80088 0.66965 0.20767 0.60870 0.60132 
547	6	0.46974 0.75888 0.70563 0.24139 0.57774 0.59157 
548	6	0.62593 0.45629 0.69117 0.40703 0.63339 0.46304 
549	6	0.62931 0.63614 0.48094 0.41101 0.63690 0.46223 
550	6	0.44314 0.58034 0.55633 0.21426 0.52031 0.62286 
551	6	0.40814 0.71849 0.49012 0.18624 0.57650 0.64081 
552	6	0.44761 0.42359 0.54382 0.22194 0.53388 0.57472 
553	6	0.49581 0.84882 0.53018 0.27028 0.66519 0.53063 
554	6	0.40707 0.55124 1.00000 0.18256 0.41067 0.68774 
555	6	0.57705 0.67997 0.53247 0.34870 0.66413 0.51304 
556	6	0.49028 0.43401 0.93648 0.25866 0.51496 0.59187 
557	6	0.39355 0.56341 0.70070 0.17163 0.49349 0.68207 
558	6	0.49259 0.45852 0.65461 0.26315 0.58488 0.54959 
559	6	0.55401 0.62692 0.50555 0.32706 0.66151 0.49456 
560	6	0.46493 0.92068 0.14239 0.23474 0.64982 0.56154 
561	6	0.28817 0.87678 0.16253 0.12568 0.64285 0.59927 
562	6	0.43908 0.88833 0.13625 0.22137 0.68567 0.51662 
563	6	0.15783 0.83387 0.19654 0.06872 0.62042 0.68893 
564	6	0.23356 0.73803 0.21273 0.08820 0.57810 0.67262 
565	6	0.86872 0.99455 0.06656 0.76331 0.92199 0.15457 
566	6	0.92367 0.94218 0.08859 0.85718 0.96390 0.11719 
567	6	0.28793 0.89941 0.20035 0.10796 0.60652 0.66886 
568	6	0.33032 0.96298 0.01440 0.17021 0.84632 0.48861 
569	6	0.14384 0.83499 0.11953 0.06940 0.54621 0.62405 
570	6	0.35968 0.84691 0.23645 0.16245 0.67216 0.59561 
571	6	0.97202 0.91202 0.05443 0.94615 1.00000 0.05352 
572	6	0.33540 0.96320 0.08818 0.17186 0.81218 0.52628 
573	6	0.10202 0.79996 0.13961 0.04695 0.54647 0.68960 
574	6	0.78280 0.67434 0.27673 0.62293 0.78521 0.29242 
575	6	0.04563 0.86058 0.23303 0.02173 0.45236 0.80560 
576	6	0.54731 0.92546 0.17447 0.31702 0.73456 0.50427 
577	6	0.13118 0.71641 0.34281 0.05868 0.58081 0.71429 
578	6	0.02896 0.85278 0.29837 0.01247 0.41401 0.86007 
579	6	0.62176 0.85819 0.39585 0.40546 0.72965 0.42944 
580	6	0.46198 0.79113 0.35025 0.23232 0.61746 0.58665 
581	6	0.03730 0.90851 0.15412 0.02719 0.56861 0.76899 
582	6	0.67301 0.91122 0.16069 0.46886 0.77756 0.38589 
583	6	0.03597 0.74518 0.35348 0.02168 0.47008 0.79746 
584	6	0.10702 0.94751 0.03276 0.09045 0.90600 0.54100 
585	6	0.39734 0.85782 0.03665 0.20971 0.80301 0.46958 
586	6	0.15388 0.90488 0.18741 0.05128 0.63262 0.72109 
587	6	0.32397 0.88002 0.11657 0.13918 0.74871 0.58525 
588	6	0.24414 0.73844 0.21590 0.08655 0.59101 0.68296 
589	6	0.14255 0.96149 0.01575 0.09660 0.80411 0.52512 
590	6	0.33297 0.80407 0.59684 0.13132 0.54551 0.70279 
591	6	0.46718 0.88442 0.14834 0.24736 0.70687 0.51016 
592	6	0.57352 0.99071 0.15133 0.37641 0.91430 0.29962 
593	6	0.15043 0.83682 0.17212 0.04885 0.43621 0.74067 
594	6	0.34239 0.86851 0.26866 0.19373 0.74564 0.51691 
595	6	0.50055 0.94096 0.18775 0.29070 0.76230 0.43394 
596	6	0.72041 0.87175 0.20950 0.53330 0.82242 0.33262 
597	6	0.79436 0.90667 0.14599 0.64039 0.84938 0.28156 
598	6	0.79879 0.84921 0.16751 0.64754 0.84188 0.27212 
599	6	0.18901 0.68981 0.20275 0.12630 0.69901 0.56298 
